RKP_00100_00100_1_01.txt|432.0|0.24313430000000003|[11, 13, 20, 26, 27, 32, 34, 38, 39, 41, 77]
RKP_00100_00100_1_02.txt|685.0|0.07277140000000004|[11, 12, 19, 25, 26, 47, 54, 57, 58, 60, 66, 1]
RKP_00100_00100_1_03.txt|425.0|0.06025689999999995|[11, 12, 14, 15, 16, 20, 22, 24, 25, 44, 73, 80]
RKP_00100_00100_1_04.txt|549.0|0.06324170000000007|[12, 13, 14, 15, 17, 19, 20, 25, 53, 84]
RKP_00100_00100_1_05.txt|546.0|0.06456519999999999|[13, 21, 24, 26, 30, 32, 40, 54, 76, 89]
RKP_00100_00100_1_06.txt|674.0|0.08560239999999997|[15, 22, 26, 27, 30, 41, 44, 57, 58, 60, 65, 67, 7]
RKP_00100_00100_1_07.txt|309.0|0.05895650000000008|[15, 19, 23, 49, 56, 61, 70, 81]
RKP_00100_00100_1_08.txt|543.0|0.08002390000000004|[11, 12, 15, 16, 17, 19, 23, 28, 34, 39, 40, 86, 97, 98, 2]
RKP_00100_00100_1_09.txt|559.0|0.07507909999999995|[12, 15, 26, 28, 33, 34, 39, 52, 62, 87]
RKP_00100_00100_1_10.txt|726.0|0.0729010000000001|[11, 12, 13, 14, 15, 21, 23, 25, 28, 30, 34, 37, 43]
RKP_00100_00100_2_01.txt|359.0|0.08148730000000004|[11, 12, 16, 23, 30, 32, 37, 51, 53, 69]
RKP_00100_00100_2_02.txt|345.0|0.07179160000000007|[11, 14, 15, 18, 21, 38, 40, 50, 57, 90]
RKP_00100_00100_2_03.txt|364.0|0.059552599999999956|[11, 13, 15, 26, 41, 57, 58, 61, 69, 85]
RKP_00100_00100_2_04.txt|324.0|0.05901679999999998|[12, 18, 19, 21, 22, 28, 36, 38, 60]
RKP_00100_00100_2_05.txt|302.0|0.1118306|[13, 23, 39, 40, 42, 44, 74, 6]
RKP_00100_00100_2_06.txt|309.0|0.07344829999999991|[12, 18, 33, 57, 77, 89]
RKP_00100_00100_2_07.txt|268.0|0.07263029999999993|[13, 14, 17, 23, 25, 31, 32, 38]
RKP_00100_00100_2_08.txt|196.0|0.08699140000000005|[11, 12, 14, 16, 24, 26, 38, 39]
RKP_00100_00100_2_09.txt|289.0|0.07491380000000003|[14, 17, 19, 30, 37, 47, 85]
RKP_00100_00100_2_10.txt|325.0|0.06065340000000008|[11, 12, 24, 38, 50, 74, 75, 86, 95]
RKP_00100_00100_3_01.txt|512.0|0.06796510000000033|[11, 12, 13, 16, 18, 20, 26, 31, 39, 54, 57]
RKP_00100_00100_3_02.txt|790.0|0.08152590000000037|[11, 12, 13, 18, 27, 35, 51, 58, 62, 66, 69, 78]
RKP_00100_00100_3_03.txt|837.0|0.06931500000000002|[11, 12, 13, 14, 16, 22, 24, 25, 33, 55, 56, 74, 76, 85, 91]
RKP_00100_00100_3_04.txt|739.0|0.0582821|[12, 14, 16, 18, 19, 24, 31, 36, 44, 52, 58, 60, 82]
RKP_00100_00100_3_05.txt|563.0|0.07116270000000036|[11, 12, 16, 17, 22, 25, 32, 35, 43, 62, 80, 82]
RKP_00100_00100_3_06.txt|798.0|0.07448109999999986|[12, 13, 14, 16, 18, 20, 21, 22, 26, 37, 41, 49, 50, 76, 82]
RKP_00100_00100_3_07.txt|741.0|0.06767730000000016|[12, 14, 16, 23, 24, 37, 60, 77, 82, 93, 98, 99]
RKP_00100_00100_3_08.txt|603.0|0.0790017999999999|[11, 12, 13, 16, 17, 19, 22, 25, 28, 43, 72, 80]
RKP_00100_00100_3_09.txt|617.0|0.08742910000000004|[11, 13, 18, 26, 42, 52, 54, 58, 67, 99]
RKP_00100_00100_3_10.txt|842.0|0.057283799999999996|[11, 15, 16, 30, 44, 55, 56, 64, 70, 71, 72, 76, 77, 79, 3]
RKP_00100_00100_4_01.txt|29.0|0.05327579999999976|[7]
RKP_00100_00100_4_02.txt|99.0|0.048863099999999715|[98]
RKP_00100_00100_4_03.txt|91.0|0.04507789999999989|[94]
RKP_00100_00100_4_04.txt|26.0|0.04623350000000004|[5]
RKP_00100_00100_4_05.txt|17.0|0.05436949999999996|[5]
RKP_00100_00100_4_06.txt|10.0|0.04515689999999983|[3]
RKP_00100_00100_4_07.txt|34.0|0.04770809999999992|[8]
RKP_00100_00100_4_08.txt|11.0|0.04782459999999977|[7]
RKP_00100_00100_4_09.txt|86.0|0.06653520000000013|[99]
RKP_00100_00100_4_10.txt|49.0|0.047677699999999934|[98]
RKP_00100_00100_5_01.txt|4.0|0.05430130000000011|[8]
RKP_00100_00100_5_02.txt|22.0|0.052012300000000344|[5]
RKP_00100_00100_5_03.txt|15.0|0.045902200000000004|[10]
RKP_00100_00100_5_04.txt|20.0|0.04675610000000008|[2]
RKP_00100_00100_5_05.txt|23.0|0.045525099999999874|[8]
RKP_00100_00100_5_06.txt|46.0|0.05216900000000013|[10]
RKP_00100_00100_5_07.txt|9.0|0.04540420000000012|[7]
RKP_00100_00100_5_08.txt|19.0|0.05272319999999997|[6]
RKP_00100_00100_5_09.txt|24.0|0.05077530000000019|[6]
RKP_00100_00100_5_10.txt|172.0|0.047788699999999906|[11, 16, 96]
RKP_00500_00100_1_01.txt|1490.0|0.12640839999999987|[52, 53, 54, 55, 56, 75, 77, 88, 90, 113, 125, 170, 181, 190, 198, 208, 218, 223, 261, 272, 319, 324, 330, 334, 354, 50]
RKP_00500_00100_1_02.txt|1145.0|0.1305259999999997|[54, 63, 64, 80, 127, 137, 138, 139, 152, 159, 182, 220, 225, 255, 338, 339, 375, 401, 425, 438, 444, 483]
RKP_00500_00100_1_03.txt|1096.0|0.1370383000000004|[51, 55, 61, 65, 66, 80, 90, 94, 123, 161, 163, 173, 189, 190, 197, 208, 214, 277, 278, 376, 410, 27, 46]
RKP_00500_00100_1_04.txt|858.0|0.1688862000000002|[55, 61, 73, 91, 98, 109, 112, 114, 115, 143, 144, 171, 206, 247, 262, 295, 304, 365, 409, 17]
RKP_00500_00100_1_05.txt|1396.0|0.1357999000000003|[51, 52, 53, 55, 56, 60, 61, 63, 67, 68, 73, 74, 76, 122, 126, 154, 166, 186, 242, 253, 265, 342, 370, 413, 452]
RKP_00500_00100_1_06.txt|1588.0|0.12404560000000053|[52, 53, 55, 63, 72, 80, 84, 85, 100, 102, 103, 105, 133, 139, 157, 181, 215, 232, 239, 240, 261, 275, 280, 290, 294, 331, 461, 40]
RKP_00500_00100_1_07.txt|1588.0|0.18053270000000055|[52, 57, 66, 71, 72, 81, 90, 97, 99, 130, 139, 144, 147, 176, 183, 197, 215, 233, 242, 247, 256, 307, 372, 409, 460, 11, 19, 42]
RKP_00500_00100_1_08.txt|1092.0|0.13173780000000068|[51, 52, 53, 54, 60, 66, 79, 85, 113, 156, 172, 196, 199, 200, 206, 215, 217, 235, 275, 308, 376, 382, 407, 428]
RKP_00500_00100_1_09.txt|1267.0|0.15337950000000067|[61, 66, 69, 89, 98, 104, 106, 118, 127, 158, 198, 200, 201, 203, 213, 223, 230, 260, 264, 271, 279, 307, 357, 374, 394, 46]
RKP_00500_00100_1_10.txt|1307.0|0.0999371|[51, 53, 54, 55, 56, 58, 64, 65, 71, 80, 81, 83, 99, 109, 112, 125, 134, 160, 212, 264, 284, 327, 392, 463]
RKP_00500_00100_2_01.txt|894.0|0.12938830000000046|[53, 61, 66, 82, 89, 90, 100, 110, 138, 150, 151, 152, 187, 198, 200, 218, 268, 276, 302, 309, 491, 497]
RKP_00500_00100_2_02.txt|865.0|0.12371239999999961|[54, 56, 63, 71, 86, 109, 115, 122, 147, 150, 162, 181, 192, 206, 217, 236, 245, 349, 364, 386, 491]
RKP_00500_00100_2_03.txt|1099.0|0.1050248999999992|[52, 53, 63, 68, 71, 74, 81, 87, 88, 110, 114, 121, 150, 154, 157, 185, 192, 204, 205, 214, 216, 368, 432, 486]
RKP_00500_00100_2_04.txt|798.0|0.09302960000000038|[57, 59, 61, 64, 66, 69, 70, 72, 76, 88, 105, 108, 130, 155, 162, 175, 213, 254, 266, 356, 479]
RKP_00500_00100_2_05.txt|1204.0|0.12147290000000055|[52, 54, 55, 60, 66, 84, 88, 98, 102, 108, 127, 137, 232, 268, 310, 325, 344, 372, 467, 473, 476]
RKP_00500_00100_2_06.txt|549.0|0.12115869999999962|[51, 53, 55, 59, 65, 68, 74, 77, 85, 100, 103, 107, 120, 167, 200, 205, 253, 352]
RKP_00500_00100_2_07.txt|857.0|0.10719999999999974|[51, 53, 54, 55, 56, 59, 67, 103, 125, 133, 164, 173, 179, 212, 310, 328, 342, 358, 417, 422, 2]
RKP_00500_00100_2_08.txt|592.0|0.09559910000000027|[51, 53, 56, 57, 65, 73, 92, 95, 96, 100, 137, 146, 173, 234, 400, 45]
RKP_00500_00100_2_09.txt|635.0|0.10392089999999943|[52, 66, 88, 89, 102, 120, 137, 158, 165, 327, 354, 362, 385, 476, 483]
RKP_00500_00100_2_10.txt|725.0|0.1345205000000007|[52, 59, 64, 69, 70, 71, 90, 126, 133, 166, 168, 204, 216, 266, 326, 422, 491, 48]
RKP_00500_00100_3_01.txt|1300.0|0.11190560000000005|[51, 52, 53, 55, 58, 61, 74, 81, 83, 88, 93, 114, 127, 146, 193, 198, 208, 273, 275, 290, 298, 310, 343, 394, 451]
RKP_00500_00100_3_02.txt|1605.0|0.1079542|[51, 53, 54, 55, 57, 70, 76, 82, 88, 89, 106, 114, 123, 153, 160, 161, 202, 210, 217, 222, 229, 239, 245, 252, 253, 271, 381, 386, 401, 448, 463]
RKP_00500_00100_3_03.txt|1327.0|0.08689199999999975|[51, 55, 59, 61, 64, 72, 90, 95, 102, 121, 143, 161, 163, 168, 173, 176, 189, 192, 198, 241, 243, 248, 308, 314, 316, 342, 401, 494, 4]
RKP_00500_00100_3_04.txt|1600.0|0.11053639999999998|[51, 52, 53, 59, 61, 67, 70, 77, 81, 116, 118, 122, 153, 154, 169, 175, 192, 196, 206, 213, 218, 259, 267, 328, 330, 332, 362, 378, 395, 400]
RKP_00500_00100_3_05.txt|1901.0000000000034|0.13157599999999992|[51, 55, 57, 58, 59, 62, 80, 82, 83, 124, 134, 137, 142, 152, 156, 158, 193, 239, 246, 249, 261, 275, 302, 313, 344, 369, 390, 427, 431, 432, 442, 447, 467]
RKP_00500_00100_3_06.txt|1381.0|0.11727259999999973|[51, 52, 55, 57, 61, 62, 66, 69, 74, 95, 102, 106, 118, 123, 140, 141, 187, 236, 239, 254, 292, 331, 333, 334, 361, 483]
RKP_00500_00100_3_07.txt|1412.0|0.1292099000000002|[51, 52, 53, 54, 55, 67, 74, 80, 83, 87, 126, 149, 152, 161, 191, 207, 241, 246, 250, 266, 294, 337, 352, 358, 376, 480]
RKP_00500_00100_3_08.txt|1472.0|0.10973379999999988|[51, 54, 58, 60, 64, 69, 75, 76, 81, 82, 85, 99, 107, 108, 112, 113, 134, 140, 164, 183, 191, 194, 200, 209, 222, 264, 325, 330, 351, 352, 373, 1, 20, 34]
RKP_00500_00100_3_09.txt|1407.0|0.0870747999999999|[51, 52, 53, 54, 62, 64, 74, 104, 108, 113, 120, 133, 154, 158, 165, 172, 186, 198, 204, 219, 221, 223, 258, 271, 281, 319, 344, 365, 397, 484]
RKP_00500_00100_3_10.txt|1398.0|0.13499529999999993|[51, 53, 57, 60, 63, 64, 68, 75, 78, 88, 90, 107, 136, 149, 173, 203, 209, 215, 233, 239, 243, 267, 332, 355, 372, 375, 438, 442]
RKP_00500_00100_4_01.txt|92.0|0.08375980000000016|[484]
RKP_00500_00100_4_02.txt|80.0|0.08308299999999935|[473]
RKP_00500_00100_4_03.txt|89.0|0.08421410000000051|[484]
RKP_00500_00100_4_04.txt|100.0|0.08759620000000012|[469]
RKP_00500_00100_4_05.txt|71.0|0.08956370000000025|[471]
RKP_00500_00100_4_06.txt|95.0|0.08616829999999975|[481]
RKP_00500_00100_4_07.txt|8.0|0.0829973000000006|[17]
RKP_00500_00100_4_08.txt|100.0|0.08386510000000058|[480]
RKP_00500_00100_4_09.txt|89.0|0.08554819999999985|[490]
RKP_00500_00100_4_10.txt|4.0|0.08401969999999892|[23]
RKP_00500_00100_5_01.txt|10.0|0.0869945000000012|[22]
RKP_00500_00100_5_02.txt|4.0|0.08637850000000036|[17]
RKP_00500_00100_5_03.txt|8.0|0.08560379999999945|[31]
RKP_00500_00100_5_04.txt|18.0|0.08524200000000093|[36]
RKP_00500_00100_5_05.txt|2.0|0.08584100000000028|[29]
RKP_00500_00100_5_06.txt|4.0|0.08457579999999965|[15]
RKP_00500_00100_5_07.txt|10.0|0.09102799999999966|[27]
RKP_00500_00100_5_08.txt|1.0|0.08811520000000073|[29]
RKP_00500_00100_5_09.txt|28.0|0.0836914999999987|[28]
RKP_00500_00100_5_10.txt|37.0|0.08647559999999999|[43]
RKP_01000_00100_1_01.txt|1417.0|0.21966920000000023|[102, 108, 110, 113, 127, 136, 139, 140, 142, 147, 148, 150, 151, 164, 167, 191, 197, 216, 223, 251, 360, 361, 414, 476, 532, 565, 631, 660, 704, 746]
RKP_01000_00100_1_02.txt|1462.0|0.15060040000000008|[101, 102, 108, 109, 116, 118, 130, 138, 149, 150, 164, 172, 189, 208, 271, 282, 293, 295, 392, 394, 459, 586, 615, 619, 627, 657, 684, 794, 796, 854, 972]
RKP_01000_00100_1_03.txt|1405.0|0.21038020000000124|[101, 102, 103, 104, 116, 119, 132, 148, 150, 156, 214, 216, 221, 228, 245, 272, 274, 282, 299, 352, 426, 466, 480, 598, 635, 825, 854, 900, 913, 969]
RKP_01000_00100_1_04.txt|1802.0|0.1966719999999995|[101, 102, 103, 105, 106, 112, 114, 120, 142, 144, 153, 163, 169, 175, 191, 251, 263, 265, 272, 284, 347, 355, 366, 377, 383, 476, 529, 666, 692, 826, 832, 833, 890, 957]
RKP_01000_00100_1_05.txt|1602.0|0.1920818000000004|[101, 112, 116, 126, 129, 137, 139, 141, 149, 174, 175, 189, 201, 221, 223, 251, 259, 288, 298, 307, 322, 399, 407, 653, 682, 735, 773, 796, 876, 965, 15, 100]
RKP_01000_00100_1_06.txt|1749.0|0.19225009999999898|[101, 104, 106, 108, 110, 133, 137, 138, 144, 152, 155, 157, 158, 178, 199, 217, 220, 268, 276, 277, 310, 333, 342, 344, 350, 355, 365, 383, 449, 483, 542, 646, 732, 745, 890, 93]
RKP_01000_00100_1_07.txt|1736.0|0.17126299999999972|[102, 103, 107, 108, 118, 119, 137, 142, 149, 180, 186, 188, 190, 227, 228, 229, 230, 270, 290, 304, 326, 442, 472, 482, 536, 540, 576, 584, 656, 727, 741, 878, 974]
RKP_01000_00100_1_08.txt|1897.0|0.18745369999999895|[101, 104, 105, 106, 107, 110, 115, 116, 122, 126, 129, 168, 180, 201, 211, 218, 245, 249, 312, 323, 342, 374, 378, 394, 403, 456, 466, 490, 521, 522, 816, 880, 22]
RKP_01000_00100_1_09.txt|1579.0|0.1826553999999998|[101, 102, 114, 115, 117, 127, 131, 132, 136, 139, 148, 203, 208, 233, 268, 270, 296, 313, 348, 362, 390, 527, 613, 679, 772, 791, 882, 998, 25, 42]
RKP_01000_00100_1_10.txt|2037.0|0.1815838000000003|[101, 104, 108, 111, 119, 137, 143, 150, 155, 176, 204, 211, 258, 259, 288, 298, 321, 353, 386, 395, 431, 468, 499, 539, 566, 580, 591, 634, 718, 763, 769, 848, 854, 885, 905, 913, 31, 68]
RKP_01000_00100_2_01.txt|1104.0|0.1745757000000001|[103, 107, 112, 113, 116, 121, 124, 133, 141, 147, 173, 176, 211, 285, 286, 307, 309, 352, 353, 364, 466, 474, 475, 480, 714, 790]
RKP_01000_00100_2_02.txt|901.0|0.14892720000000104|[108, 123, 163, 169, 173, 177, 184, 279, 283, 302, 313, 411, 457, 475, 476, 485, 497, 510, 647, 683, 725, 882, 1, 54]
RKP_01000_00100_2_03.txt|1307.0|0.15514940000000088|[105, 113, 133, 155, 158, 164, 181, 184, 187, 197, 223, 224, 241, 271, 286, 356, 382, 430, 435, 447, 494, 504, 516, 517, 520, 846, 954, 997, 28]
RKP_01000_00100_2_04.txt|1021.0|0.1797816999999995|[108, 121, 124, 135, 137, 149, 158, 160, 174, 194, 211, 223, 230, 247, 284, 307, 344, 528, 543, 604, 798, 882]
RKP_01000_00100_2_05.txt|1261.0|0.13547769999999915|[102, 105, 107, 111, 112, 126, 130, 173, 184, 252, 262, 272, 314, 322, 336, 355, 399, 451, 480, 509, 520, 528, 562, 601, 612, 842, 923, 946]
RKP_01000_00100_2_06.txt|1441.0|0.1729744999999987|[101, 106, 108, 109, 116, 124, 133, 148, 152, 157, 222, 238, 252, 254, 285, 287, 333, 355, 359, 390, 403, 422, 483, 499, 690, 702, 747, 905, 927, 958, 976]
RKP_01000_00100_2_07.txt|1235.0|0.14673660000000055|[101, 102, 103, 107, 120, 161, 181, 238, 273, 308, 384, 405, 437, 478, 496, 533, 544, 557, 580, 620, 631, 782, 883, 896, 921, 50]
RKP_01000_00100_2_08.txt|1329.0|0.16954739999999902|[101, 103, 107, 109, 110, 111, 116, 121, 126, 139, 141, 144, 149, 221, 229, 231, 275, 323, 328, 350, 378, 394, 506, 511, 649, 673, 709, 761, 962]
RKP_01000_00100_2_09.txt|992.0|0.13823400000000063|[106, 109, 113, 118, 125, 130, 131, 218, 227, 276, 291, 305, 325, 335, 448, 482, 517, 536, 570, 673, 751, 756, 4, 82]
RKP_01000_00100_2_10.txt|1580.0|0.1482934999999994|[101, 104, 105, 115, 130, 156, 158, 171, 178, 189, 222, 263, 264, 284, 291, 352, 373, 382, 409, 414, 441, 509, 543, 621, 622, 648, 664, 679, 800, 810, 855]
RKP_01000_00100_3_01.txt|2162.0|0.12018220000000035|[101, 102, 111, 115, 121, 122, 132, 149, 151, 155, 165, 169, 177, 183, 194, 219, 233, 234, 257, 279, 286, 308, 340, 349, 422, 426, 437, 440, 448, 541, 556, 564, 637, 665, 667, 705, 759, 804, 840, 863, 895, 957, 62]
RKP_01000_00100_3_02.txt|1950.0|0.14889619999999937|[101, 102, 103, 107, 109, 116, 118, 119, 124, 125, 131, 137, 153, 156, 169, 170, 179, 194, 210, 220, 221, 226, 237, 238, 276, 278, 316, 386, 395, 400, 418, 477, 481, 486, 633, 686, 700, 744, 754, 78]
RKP_01000_00100_3_03.txt|2180.0|0.15756550000000047|[101, 103, 113, 117, 122, 131, 144, 146, 154, 162, 174, 184, 189, 193, 199, 242, 243, 270, 275, 280, 281, 304, 322, 356, 370, 421, 425, 478, 492, 531, 543, 630, 680, 729, 752, 792, 838, 897, 922, 936, 94]
RKP_01000_00100_3_04.txt|2170.0|0.1430258000000002|[101, 102, 103, 104, 105, 109, 110, 115, 116, 129, 131, 134, 141, 142, 144, 162, 165, 183, 242, 249, 261, 332, 335, 374, 377, 393, 405, 489, 533, 549, 580, 592, 635, 650, 658, 739, 745, 757, 840, 886]
RKP_01000_00100_3_05.txt|1656.0|0.18403840000000038|[101, 102, 105, 110, 123, 124, 129, 131, 137, 146, 157, 176, 185, 186, 200, 207, 208, 228, 241, 244, 251, 263, 272, 283, 292, 304, 408, 415, 560, 580, 650, 730, 761, 976, 10]
RKP_01000_00100_3_06.txt|1568.0|0.16748280000000015|[101, 105, 106, 107, 113, 114, 115, 116, 118, 122, 125, 128, 136, 137, 163, 166, 171, 212, 229, 253, 258, 304, 307, 317, 324, 327, 339, 342, 349, 378, 447, 571, 643, 986, 1, 70]
RKP_01000_00100_3_07.txt|2005.0|0.12780190000000147|[101, 103, 104, 105, 106, 108, 112, 116, 120, 123, 127, 131, 134, 138, 153, 156, 162, 163, 212, 224, 229, 231, 261, 269, 290, 304, 331, 382, 437, 454, 502, 507, 533, 583, 683, 691, 705, 795, 850, 922, 967, 988, 42]
RKP_01000_00100_3_08.txt|1531.0|0.1440765000000006|[101, 102, 107, 109, 111, 133, 135, 171, 189, 197, 218, 229, 230, 231, 245, 252, 254, 279, 298, 333, 350, 352, 357, 366, 392, 403, 440, 442, 572, 624, 691, 736, 755, 803, 983]
RKP_01000_00100_3_09.txt|1761.0|0.15783910000000034|[101, 102, 103, 104, 106, 109, 116, 117, 123, 126, 140, 147, 148, 177, 183, 226, 227, 241, 285, 302, 311, 316, 357, 418, 485, 503, 546, 571, 580, 678, 747, 858, 971, 985, 30]
RKP_01000_00100_3_10.txt|2005.0|0.1492690999999997|[101, 103, 110, 112, 116, 118, 122, 126, 135, 137, 141, 146, 156, 161, 172, 203, 204, 206, 213, 222, 256, 269, 287, 327, 345, 347, 364, 414, 419, 434, 539, 567, 624, 732, 777, 787, 864, 899, 64]
RKP_01000_00100_4_01.txt|99.0|0.12086310000000111|[966]
RKP_01000_00100_4_02.txt|94.0|0.11872509999999892|[958]
RKP_01000_00100_4_03.txt|91.0|0.11783460000000012|[956]
RKP_01000_00100_4_04.txt|95.0|0.12240999999999858|[928]
RKP_01000_00100_4_05.txt|71.0|0.12269739999999985|[951]
RKP_01000_00100_4_06.txt|92.0|0.12155420000000028|[978]
RKP_01000_00100_4_07.txt|97.0|0.12211530000000081|[987]
RKP_01000_00100_4_08.txt|89.0|0.11810589999999976|[947]
RKP_01000_00100_4_09.txt|49.0|0.11983990000000055|[977]
RKP_01000_00100_4_10.txt|98.0|0.12597429999999932|[943]
RKP_01000_00100_5_01.txt|1.0|0.12316549999999893|[100]
RKP_01000_00100_5_02.txt|3.0|0.1270687000000006|[47]
RKP_01000_00100_5_03.txt|2.0|0.12363750000000095|[45]
RKP_01000_00100_5_04.txt|10.0|0.1630938000000004|[47]
RKP_01000_00100_5_05.txt|36.0|0.1263267999999993|[100]
RKP_01000_00100_5_06.txt|25.0|0.12720410000000015|[33]
RKP_01000_00100_5_07.txt|23.0|0.11853489999999667|[100]
RKP_01000_00100_5_08.txt|15.0|0.12066169999999943|[52]
RKP_01000_00100_5_09.txt|18.0|0.12308609999999831|[55]
RKP_01000_00100_5_10.txt|27.0|0.12090639999999908|[39]
RKP_05000_00100_1_01.txt|3082.0|0.5024597000000028|[501, 503, 504, 505, 507, 508, 509, 513, 516, 520, 521, 522, 524, 531, 549, 551, 559, 568, 589, 599, 615, 616, 650, 655, 713, 802, 863, 965, 1040, 1053, 1089, 1142, 1301, 1347, 1352, 1404, 1681, 1707, 1713, 1768, 1775, 1777, 1866, 1873, 1906, 1982, 1985, 2068, 2200, 2223, 2339, 2503, 2591, 2606, 2898, 2978, 3005, 3048, 3056, 3192, 3911, 4145, 4233, 36, 45]
RKP_05000_00100_1_02.txt|3153.0|0.5357182000000016|[501, 502, 516, 518, 528, 531, 542, 544, 551, 560, 573, 575, 599, 604, 630, 635, 651, 671, 674, 735, 762, 775, 777, 801, 804, 838, 847, 850, 874, 920, 937, 948, 963, 1001, 1101, 1216, 1294, 1392, 1701, 1710, 1932, 2057, 2085, 2220, 2321, 2429, 2837, 3169, 3309, 3439, 3513, 3607, 3658, 3915, 4148, 4239, 4566, 4571, 4811, 4839, 4939, 151]
RKP_05000_00100_1_03.txt|3124.0|0.5143664999999977|[501, 502, 505, 506, 507, 510, 522, 526, 527, 552, 581, 614, 636, 656, 693, 703, 707, 719, 804, 826, 850, 901, 1091, 1112, 1156, 1293, 1429, 1461, 1520, 1535, 1544, 1566, 1569, 1654, 1671, 1737, 1783, 1855, 1917, 2050, 2088, 2134, 2380, 2882, 2942, 3146, 3297, 3439, 3492, 3505, 3536, 3627, 3761, 3882, 3971, 4186, 4301, 4553, 4896, 4936, 298]
RKP_05000_00100_1_04.txt|3609.0|0.5301077999999997|[502, 505, 507, 516, 520, 523, 526, 538, 541, 569, 578, 631, 635, 647, 705, 733, 878, 916, 944, 955, 1057, 1079, 1151, 1213, 1292, 1295, 1368, 1436, 1479, 1548, 1673, 1710, 1867, 2021, 2027, 2133, 2175, 2264, 2431, 2530, 2755, 2804, 3028, 3065, 3094, 3331, 3359, 3440, 3506, 3553, 3564, 3585, 3698, 3725, 3836, 3838, 3974, 3984, 4003, 4105, 4144, 4203, 4748, 4780, 4820, 4970, 414]
RKP_05000_00100_1_05.txt|3597.0|0.5566798999999989|[502, 504, 508, 514, 516, 520, 523, 530, 533, 538, 544, 553, 560, 564, 592, 596, 601, 619, 658, 674, 730, 770, 788, 806, 817, 856, 927, 928, 1007, 1027, 1041, 1042, 1108, 1144, 1160, 1407, 1477, 1588, 1669, 1749, 1809, 1932, 1933, 2259, 2847, 2947, 3037, 3049, 3350, 3386, 3422, 3495, 3660, 3954, 4356, 4679, 4751, 88, 130, 469]
RKP_05000_00100_1_06.txt|3110.0|0.5247301000000029|[502, 503, 507, 508, 509, 511, 514, 517, 518, 521, 525, 541, 544, 545, 555, 562, 571, 573, 608, 611, 615, 622, 631, 633, 639, 647, 652, 708, 719, 829, 877, 935, 957, 1069, 1145, 1152, 1194, 1201, 1245, 1247, 1307, 1360, 1366, 1396, 1412, 1420, 1531, 1759, 1779, 1819, 2012, 2042, 2106, 2299, 3010, 3108, 3342, 3667, 3739, 4071, 4325, 155]
RKP_05000_00100_1_07.txt|3334.0|0.4824346999999989|[501, 503, 504, 505, 511, 513, 530, 532, 554, 555, 579, 590, 597, 604, 618, 624, 655, 680, 688, 692, 704, 719, 744, 862, 951, 953, 957, 994, 1082, 1146, 1311, 1376, 1380, 1430, 1431, 1491, 1649, 1687, 1699, 1722, 1799, 1901, 1937, 1977, 2174, 2258, 2262, 2327, 2537, 2541, 2585, 2707, 2867, 2938, 3091, 3383, 3611, 3662, 3667, 3820, 3870, 3919, 3973, 3984, 4066, 4752, 139]
RKP_05000_00100_1_08.txt|2742.0|0.550949499999998|[501, 506, 525, 529, 548, 552, 554, 572, 582, 620, 637, 648, 654, 679, 683, 686, 715, 734, 760, 764, 766, 775, 776, 788, 800, 841, 845, 941, 1002, 1038, 1187, 1239, 1245, 1277, 1279, 1316, 1320, 1365, 1406, 1485, 1529, 1579, 1767, 1818, 1858, 2132, 2217, 2281, 2554, 2748, 2899, 3035, 3280, 3345, 3637, 3726, 3759, 4376, 4411, 4844, 4973, 138, 311, 498]
RKP_05000_00100_1_09.txt|3087.0|0.5044561000000023|[502, 503, 506, 510, 530, 542, 543, 570, 574, 583, 590, 621, 678, 690, 730, 770, 807, 825, 829, 883, 923, 947, 963, 1033, 1088, 1229, 1247, 1286, 1296, 1316, 1353, 1487, 1684, 1760, 1809, 1863, 1887, 1927, 1941, 2236, 2269, 2356, 2369, 2445, 2849, 3096, 3307, 3465, 3551, 4056, 4072, 4197, 4259, 4635, 4656, 4720, 4841, 4924]
RKP_05000_00100_1_10.txt|2720.0|0.5720434000000019|[501, 502, 508, 513, 520, 521, 525, 526, 543, 548, 560, 583, 590, 611, 634, 643, 653, 676, 680, 689, 730, 804, 821, 852, 863, 885, 929, 937, 945, 982, 984, 1064, 1129, 1154, 1162, 1214, 1280, 1295, 1305, 1430, 1452, 1456, 1591, 1721, 1842, 1850, 1895, 1922, 2017, 2304, 2561, 2620, 3116, 3458, 3565, 3586, 3676, 3873, 4234, 4685, 4869, 72, 383]
RKP_05000_00100_2_01.txt|1830.0|0.4689885999999994|[505, 525, 540, 544, 568, 577, 610, 642, 644, 648, 720, 746, 815, 1040, 1051, 1126, 1148, 1236, 1348, 1368, 1557, 1578, 1687, 1738, 1792, 2147, 2215, 2241, 2335, 2500, 2519, 2620, 2710, 2718, 2795, 3229, 3235, 3413, 3448, 3520, 4018, 4073, 4539, 120]
RKP_05000_00100_2_02.txt|2532.0|0.5003716999999988|[503, 504, 508, 510, 514, 515, 522, 529, 535, 540, 573, 601, 603, 652, 742, 775, 798, 907, 955, 1032, 1036, 1078, 1156, 1177, 1263, 1278, 1371, 1429, 1514, 1678, 1694, 1993, 2070, 2214, 2270, 2293, 2300, 2338, 2763, 2860, 2912, 2937, 2939, 3001, 3207, 3484, 3492, 3504, 3678, 3738, 4154, 4348, 4563, 4847, 4884, 478]
RKP_05000_00100_2_03.txt|2026.0|0.46347940000000065|[501, 504, 505, 506, 509, 517, 522, 539, 554, 582, 613, 685, 702, 742, 814, 888, 942, 1024, 1043, 1092, 1110, 1210, 1211, 1269, 1298, 1326, 1340, 1342, 1395, 1622, 1734, 1832, 1963, 1969, 2249, 2367, 2425, 3050, 3106, 3344, 3473, 3666, 3832, 4125, 4390, 4469, 4528, 4706, 47, 155, 306, 489]
RKP_05000_00100_2_04.txt|1922.0|0.49157510000000215|[501, 505, 512, 531, 535, 545, 554, 567, 572, 587, 599, 609, 656, 668, 725, 783, 825, 855, 887, 983, 991, 1006, 1031, 1137, 1174, 1187, 1252, 1417, 1450, 1607, 1638, 1915, 2051, 2065, 2066, 2133, 2171, 2364, 2542, 2552, 2600, 2626, 2799, 3608, 3653, 4085, 4338, 4639]
RKP_05000_00100_2_05.txt|2442.0|0.458506100000001|[505, 522, 529, 552, 569, 599, 667, 774, 855, 866, 870, 913, 926, 952, 1022, 1112, 1193, 1252, 1297, 1329, 1379, 1442, 1484, 1491, 1529, 1576, 1724, 2154, 2241, 2323, 2403, 2583, 2706, 2708, 2761, 2832, 2865, 3045, 3114, 3203, 3285, 3315, 3726, 3738, 3741, 3874, 3883, 3906, 4055, 4073, 4258]
RKP_05000_00100_2_06.txt|1955.0|0.49793470000000184|[501, 503, 506, 508, 523, 533, 562, 629, 635, 636, 682, 710, 722, 824, 826, 856, 869, 937, 966, 1102, 1139, 1258, 1316, 1353, 1525, 1609, 1693, 1708, 1788, 1883, 1933, 2081, 2188, 2417, 2540, 2544, 2575, 2618, 2648, 2822, 2908, 2922, 2953, 3474, 3581, 3847, 4182, 4905, 4978]
RKP_05000_00100_2_07.txt|1867.0|0.5058098999999991|[501, 502, 503, 507, 515, 543, 549, 555, 558, 571, 574, 579, 603, 605, 641, 677, 680, 683, 694, 716, 735, 744, 760, 761, 833, 873, 896, 929, 1016, 1095, 1149, 1189, 1244, 1438, 1563, 1603, 1889, 2449, 2608, 2664, 2746, 2823, 2832, 2919, 3028, 3141, 3251, 3729, 4055, 4366, 4683, 4827, 7]
RKP_05000_00100_2_08.txt|1965.0|0.4661137999999987|[501, 502, 507, 509, 511, 514, 515, 523, 524, 525, 541, 548, 579, 598, 599, 652, 699, 791, 842, 867, 964, 1024, 1060, 1121, 1136, 1171, 1172, 1235, 1292, 1369, 1453, 1467, 1704, 1801, 1887, 1915, 1992, 2117, 2138, 2200, 2568, 2649, 2812, 3084, 3415, 3746, 3921, 4196, 4832, 43, 158]
RKP_05000_00100_2_09.txt|2237.0|0.4852661999999981|[505, 506, 515, 518, 520, 561, 575, 586, 588, 610, 612, 642, 651, 718, 738, 744, 793, 794, 815, 855, 862, 892, 933, 1058, 1178, 1255, 1296, 1346, 1455, 1508, 1649, 1703, 1831, 1835, 1838, 1897, 2179, 2318, 2373, 2419, 2679, 2696, 2713, 2818, 2852, 2865, 3020, 3192, 3453, 3613, 4570, 4671, 278]
RKP_05000_00100_2_10.txt|1778.0|0.46595220000000026|[519, 566, 572, 574, 578, 613, 620, 636, 663, 684, 710, 750, 753, 775, 791, 802, 815, 826, 873, 977, 1002, 1160, 1418, 1435, 1478, 1753, 1813, 1959, 2047, 2273, 2432, 2522, 2633, 2783, 2818, 2845, 2935, 3255, 3268, 3302, 3505, 3577, 3800, 3821, 4512, 4924, 494]
RKP_05000_00100_3_01.txt|3677.0|0.439078600000002|[501, 502, 503, 504, 508, 510, 511, 526, 544, 548, 555, 567, 577, 580, 583, 597, 635, 645, 724, 731, 742, 779, 788, 797, 812, 834, 849, 861, 883, 895, 965, 971, 1006, 1030, 1033, 1034, 1088, 1110, 1161, 1192, 1400, 1506, 1596, 1687, 1692, 1732, 1772, 1786, 1835, 1863, 2202, 2225, 2251, 2268, 2494, 2535, 2539, 2590, 2821, 3108, 3408, 3752, 3772, 3792, 3823, 4174, 4175, 4183, 4695, 4971, 62]
RKP_05000_00100_3_02.txt|3983.0|0.4119443000000018|[501, 509, 511, 517, 519, 522, 536, 538, 555, 574, 593, 594, 597, 598, 632, 635, 645, 648, 667, 703, 719, 742, 754, 772, 780, 801, 812, 813, 830, 851, 856, 865, 873, 892, 915, 934, 953, 972, 996, 1012, 1042, 1276, 1356, 1473, 1489, 1493, 1547, 1592, 1593, 1619, 1636, 1647, 1767, 1771, 1826, 1835, 2164, 2227, 2334, 2376, 2505, 2862, 2867, 2909, 3174, 3189, 3222, 3262, 3272, 3348, 3787, 3818, 3844, 4115, 4123, 4145, 4176, 4555, 4614, 4994, 412]
RKP_05000_00100_3_03.txt|3722.0|0.45040829999999943|[501, 503, 505, 506, 514, 515, 518, 520, 521, 527, 552, 573, 576, 586, 596, 629, 640, 656, 659, 665, 691, 705, 758, 783, 841, 851, 887, 903, 1020, 1147, 1156, 1190, 1198, 1214, 1320, 1394, 1401, 1414, 1445, 1477, 1479, 1496, 1551, 1558, 1586, 1609, 1726, 1756, 1804, 1805, 1847, 1909, 1959, 1987, 2058, 2071, 2172, 2212, 2232, 2347, 2388, 2390, 2441, 3159, 3162, 3176, 3293, 3358, 3462, 3484, 3489, 3615, 4754, 4940, 20, 28, 47, 63, 374]
RKP_05000_00100_3_04.txt|3855.0|0.4109222000000017|[501, 502, 503, 505, 509, 511, 514, 516, 548, 556, 559, 568, 599, 600, 603, 633, 636, 705, 766, 782, 798, 809, 815, 818, 820, 825, 835, 865, 875, 877, 903, 946, 1078, 1188, 1208, 1259, 1269, 1270, 1308, 1398, 1484, 1491, 1524, 1682, 1693, 1727, 1764, 1783, 1838, 1847, 1848, 1933, 2070, 2239, 2257, 2288, 2317, 2405, 2656, 2731, 2774, 2840, 2886, 2933, 3100, 3134, 3264, 3310, 3611, 3884, 3899, 4139, 4283, 4351, 4636, 179, 496]
RKP_05000_00100_3_05.txt|3326.0|0.4426369000000001|[501, 507, 524, 525, 532, 547, 552, 560, 579, 581, 613, 622, 706, 720, 730, 738, 792, 795, 804, 845, 862, 935, 948, 980, 985, 986, 1013, 1042, 1063, 1073, 1083, 1088, 1114, 1138, 1156, 1169, 1405, 1409, 1436, 1450, 1473, 1494, 2026, 2168, 2260, 2310, 2358, 2540, 2837, 2956, 3096, 3171, 3214, 3337, 3359, 3377, 3428, 3614, 3635, 3992, 4253, 4563, 4573, 4707, 4898, 4923]
RKP_05000_00100_3_06.txt|3764.0|0.42201809999999895|[501, 502, 503, 504, 505, 510, 515, 524, 525, 526, 527, 529, 532, 535, 545, 558, 568, 579, 603, 604, 608, 613, 619, 621, 679, 703, 721, 744, 748, 770, 790, 852, 913, 952, 992, 1051, 1064, 1138, 1183, 1255, 1265, 1287, 1296, 1338, 1456, 1546, 1581, 1630, 1648, 1727, 1847, 1866, 1876, 1951, 1974, 1977, 2157, 2198, 2235, 2360, 2384, 2659, 2705, 2799, 2912, 2957, 3028, 3210, 3238, 3378, 3389, 3478, 3582, 3612, 3651, 4651, 4711, 4782]
RKP_05000_00100_3_07.txt|3848.0|0.4479395000000004|[501, 502, 510, 514, 516, 518, 520, 526, 530, 532, 577, 589, 593, 596, 598, 599, 614, 619, 669, 678, 685, 689, 706, 711, 713, 722, 781, 804, 855, 856, 862, 872, 916, 995, 1000, 1007, 1023, 1049, 1050, 1070, 1083, 1199, 1229, 1250, 1299, 1312, 1317, 1365, 1376, 1383, 1390, 1394, 1413, 1480, 1485, 1530, 1560, 1595, 1609, 1953, 2077, 2115, 2163, 2333, 2392, 2460, 2613, 3010, 3132, 3167, 3201, 3369, 3732, 3916, 4042, 4153, 4538, 4685, 335]
RKP_05000_00100_3_08.txt|4105.0|0.4356681000000009|[501, 505, 506, 513, 517, 521, 536, 544, 547, 559, 560, 592, 597, 600, 601, 624, 629, 661, 669, 715, 727, 738, 796, 828, 843, 846, 882, 926, 928, 991, 1025, 1057, 1063, 1072, 1111, 1145, 1185, 1200, 1307, 1388, 1425, 1469, 1527, 1576, 1708, 1738, 1740, 1744, 1855, 1914, 1978, 1997, 2002, 2017, 2089, 2302, 2473, 2591, 2654, 2776, 2813, 2930, 3072, 3202, 3501, 3830, 3835, 3910, 4189, 4216, 4294, 4321, 4549, 4562, 4678, 4725, 4853, 104, 208, 235]
RKP_05000_00100_3_09.txt|3853.0|0.4404614000000002|[501, 502, 504, 510, 518, 524, 525, 540, 555, 557, 563, 594, 601, 610, 611, 616, 637, 705, 717, 762, 771, 777, 788, 807, 855, 909, 919, 924, 966, 1085, 1100, 1136, 1162, 1196, 1289, 1327, 1339, 1481, 1486, 1567, 1574, 1661, 1710, 1828, 1999, 2032, 2058, 2183, 2413, 2532, 2533, 2548, 2727, 2872, 2953, 3095, 3109, 3118, 3346, 3362, 3397, 3425, 3571, 3620, 3627, 4000, 4062, 4096, 4103, 4227, 4487, 4848, 4959, 109, 181, 313, 402, 448]
RKP_05000_00100_3_10.txt|3786.0|0.43701039999999836|[503, 504, 505, 508, 510, 519, 521, 522, 527, 530, 547, 550, 552, 557, 563, 610, 619, 638, 641, 642, 666, 673, 716, 727, 736, 752, 783, 883, 938, 1026, 1040, 1127, 1166, 1275, 1287, 1298, 1360, 1381, 1540, 1546, 1575, 1632, 1666, 1759, 1919, 1926, 1930, 1957, 1963, 2047, 2438, 2446, 2551, 2607, 2681, 2695, 2735, 2744, 2780, 2812, 2977, 3067, 3220, 3358, 3429, 3488, 3490, 3861, 4369, 4377, 4497, 4516, 4718, 4948, 128, 283]
RKP_05000_00100_4_01.txt|2.0|0.44939899999999966|[202]
RKP_05000_00100_4_02.txt|8.0|0.4097968999999999|[222]
RKP_05000_00100_4_03.txt|17.0|0.4324565000000007|[216]
RKP_05000_00100_4_04.txt|10.0|0.40848420000000374|[200]
RKP_05000_00100_4_05.txt|24.0|0.47045389999999543|[187]
RKP_05000_00100_4_06.txt|20.0|0.4166162|[204]
RKP_05000_00100_4_07.txt|2.0|0.44411659999999387|[205]
RKP_05000_00100_4_08.txt|26.0|0.4099290999999994|[228]
RKP_05000_00100_4_09.txt|10.0|0.44522369999999967|[200]
RKP_05000_00100_4_10.txt|15.0|0.4496414999999985|[191]
RKP_05000_00100_5_01.txt|18.0|0.44974899999999707|[233]
RKP_05000_00100_5_02.txt|7.0|0.4246192000000022|[187]
RKP_05000_00100_5_03.txt|22.0|0.45095220000000324|[222]
RKP_05000_00100_5_04.txt|23.0|0.40403189999999967|[193]
RKP_05000_00100_5_05.txt|5.0|0.4428600999999972|[192]
RKP_05000_00100_5_06.txt|26.0|0.44555549999999755|[210]
RKP_05000_00100_5_07.txt|22.0|0.4590011999999959|[193]
RKP_05000_00100_5_08.txt|6.0|0.420810699999997|[221]
RKP_05000_00100_5_09.txt|22.0|0.45379699999999445|[196]
RKP_05000_00100_5_10.txt|20.0|0.41617120000000085|[146]
RKP_05000_01000_1_01.txt|48198.0|0.7716941999999989|[501, 502, 505, 508, 510, 513, 515, 516, 517, 518, 522, 523, 530, 533, 535, 553, 578, 582, 586, 596, 618, 651, 664, 712, 726, 752, 771, 828, 834, 868, 879, 899, 924, 991, 1011, 1051, 1161, 1184, 1200, 1226, 1232, 1251, 1278, 1300, 1366, 1421, 1469, 1491, 1534, 1645, 1696, 1714, 1732, 1733, 1887, 1931, 2091, 2224, 2242, 2256, 2275, 2310, 2341, 2358, 2419, 2428, 2479, 2577, 2687, 2754, 2766, 2981, 3067, 3129, 3277, 3374, 3644, 3687, 3756, 3782, 3985, 4034, 4291, 4299, 4629, 4723, 4979, 471]
RKP_05000_01000_1_02.txt|46818.0|0.8707934999999978|[503, 507, 510, 517, 522, 536, 539, 541, 578, 584, 589, 596, 609, 655, 665, 703, 707, 722, 735, 736, 782, 804, 837, 868, 906, 925, 964, 971, 1006, 1039, 1088, 1122, 1146, 1175, 1194, 1228, 1272, 1290, 1337, 1417, 1418, 1428, 1465, 1488, 1555, 1705, 1761, 1777, 1829, 1837, 1843, 1903, 1914, 1955, 2090, 2104, 2177, 2183, 2360, 2499, 2511, 2541, 2593, 2620, 2698, 2729, 2879, 3094, 3227, 3245, 3250, 3269, 3300, 3325, 3332, 3473, 3595, 3849, 4065, 4085, 4128, 4168, 4295, 4375, 4989, 461]
RKP_05000_01000_1_03.txt|43293.000000000175|0.7718715000000032|[501, 503, 513, 522, 524, 533, 560, 562, 567, 572, 576, 594, 614, 629, 635, 665, 674, 676, 686, 692, 748, 772, 839, 844, 941, 946, 979, 1015, 1033, 1149, 1249, 1310, 1352, 1375, 1382, 1433, 1440, 1488, 1506, 1527, 1539, 1646, 1650, 1719, 1839, 1864, 1915, 1975, 1978, 1983, 2034, 2105, 2114, 2219, 2315, 2322, 2354, 2479, 2516, 2580, 2610, 2625, 2661, 2701, 2814, 2968, 2971, 3182, 3188, 3348, 3694, 3732, 3776, 3892, 4182, 4335, 4420, 4604, 4691, 4693, 4716, 4783, 140]
RKP_05000_01000_1_04.txt|40628.0|0.8212891000000013|[501, 502, 505, 506, 507, 508, 509, 510, 516, 524, 525, 533, 535, 549, 550, 552, 561, 564, 571, 614, 632, 633, 635, 681, 689, 691, 710, 723, 738, 748, 770, 818, 851, 895, 913, 921, 965, 982, 998, 1022, 1033, 1046, 1094, 1170, 1187, 1216, 1224, 1292, 1294, 1386, 1452, 1521, 1607, 1642, 1674, 1718, 1775, 1811, 1895, 1916, 1950, 2046, 2097, 2189, 2401, 2416, 2523, 2547, 2560, 2677, 2820, 2970, 3050, 3080, 3149, 3422, 3499, 3523, 3551, 3555, 3771, 4426, 4732, 4777, 4829, 4897, 124, 275]
RKP_05000_01000_1_05.txt|54011.0|0.7952139000000003|[502, 504, 505, 508, 509, 514, 516, 519, 525, 527, 546, 548, 565, 567, 569, 573, 585, 591, 593, 594, 597, 619, 620, 630, 632, 657, 668, 701, 708, 731, 754, 759, 767, 779, 830, 839, 849, 852, 885, 930, 967, 1080, 1084, 1092, 1093, 1151, 1167, 1211, 1316, 1403, 1443, 1485, 1512, 1523, 1549, 1593, 1642, 1650, 1655, 1662, 1727, 1816, 1820, 1821, 1911, 1918, 1974, 2088, 2106, 2107, 2149, 2383, 2393, 2504, 2569, 2756, 2763, 2771, 2860, 2897, 3047, 3319, 3334, 3567, 3968, 4553, 4596, 4618, 4704, 4885]
RKP_05000_01000_1_06.txt|51760.0|0.7125569000000027|[501, 502, 503, 504, 506, 508, 509, 510, 513, 537, 542, 548, 551, 552, 560, 580, 590, 607, 650, 657, 659, 663, 688, 692, 717, 724, 769, 788, 792, 797, 836, 837, 843, 899, 929, 998, 1003, 1101, 1112, 1116, 1146, 1156, 1184, 1187, 1188, 1191, 1197, 1221, 1236, 1394, 1443, 1498, 1502, 1540, 1562, 1597, 1645, 1692, 1742, 1805, 1868, 1994, 2011, 2030, 2162, 2189, 2220, 2379, 2410, 2416, 2512, 2525, 2548, 2550, 2668, 2695, 2942, 2983, 3017, 3133, 3357, 3361, 3365, 3425, 3467, 3576, 3609, 4346, 4696, 103, 293]
RKP_05000_01000_1_07.txt|39822.0|0.7689600999999939|[501, 502, 508, 515, 521, 523, 527, 538, 544, 546, 565, 577, 584, 591, 594, 619, 630, 661, 688, 698, 704, 713, 726, 741, 863, 886, 893, 921, 924, 953, 1022, 1023, 1068, 1069, 1077, 1108, 1116, 1128, 1140, 1151, 1231, 1253, 1295, 1348, 1457, 1485, 1493, 1547, 1552, 1675, 1678, 1846, 1859, 1878, 1949, 1989, 2107, 2145, 2166, 2197, 2241, 2264, 2365, 2404, 2501, 2587, 2645, 2735, 2745, 3093, 3169, 3484, 3938, 3955, 4464, 4509, 4578, 4742, 4971]
RKP_05000_01000_1_08.txt|37321.0|0.7516372000000047|[503, 507, 510, 512, 515, 520, 524, 526, 529, 532, 539, 540, 543, 552, 566, 575, 579, 581, 589, 609, 615, 617, 618, 640, 651, 690, 707, 717, 735, 744, 757, 779, 889, 911, 919, 927, 930, 988, 1027, 1029, 1031, 1048, 1075, 1151, 1170, 1238, 1285, 1349, 1390, 1392, 1452, 1588, 1638, 1775, 1844, 1891, 1985, 1987, 2074, 2570, 2599, 2610, 2856, 2882, 3028, 3085, 3223, 3341, 3788, 3818, 3823, 3937, 4288, 4408, 4425, 4437, 4570, 4997, 166]
RKP_05000_01000_1_09.txt|43534.0|0.7685833999999971|[501, 502, 503, 504, 506, 507, 508, 517, 518, 525, 527, 529, 532, 539, 547, 549, 551, 573, 591, 594, 601, 604, 606, 628, 636, 653, 657, 663, 690, 691, 802, 820, 842, 859, 864, 890, 927, 973, 999, 1062, 1063, 1184, 1214, 1344, 1383, 1496, 1498, 1613, 1742, 1837, 1862, 1866, 1901, 1914, 1934, 1981, 1995, 2009, 2079, 2179, 2199, 2214, 2261, 2288, 2354, 2411, 2512, 2534, 2621, 2739, 2746, 2828, 2864, 2881, 2899, 3345, 3656, 3679, 3745, 3948, 4056, 4144, 4244, 4400, 4464, 4615]
RKP_05000_01000_1_10.txt|50064.0|0.7568172000000004|[501, 502, 504, 509, 511, 517, 528, 533, 538, 543, 547, 549, 580, 600, 603, 604, 629, 661, 680, 687, 693, 698, 712, 720, 745, 755, 761, 786, 859, 884, 945, 961, 964, 972, 986, 995, 1000, 1028, 1082, 1104, 1134, 1240, 1285, 1307, 1313, 1339, 1344, 1388, 1544, 1576, 1595, 1753, 1784, 1813, 1850, 1861, 1913, 1923, 1930, 1936, 1976, 1979, 2053, 2054, 2140, 2141, 2180, 2186, 2231, 2317, 2414, 2434, 2653, 2684, 2716, 2809, 3041, 3044, 3060, 3108, 3171, 3198, 3253, 3268, 3367, 3637, 3809, 4187, 4336, 4536, 198, 315]
RKP_05000_01000_2_01.txt|22821.0|0.9728337000000025|[502, 507, 512, 522, 528, 532, 538, 581, 588, 603, 615, 647, 653, 676, 765, 809, 839, 852, 895, 913, 983, 1041, 1104, 1187, 1224, 1261, 1447, 1451, 1497, 1511, 1546, 1600, 1673, 1973, 1987, 2141, 2230, 2344, 2398, 2500, 2557, 2668, 2781, 2851, 2900, 3069, 3081, 3171, 3560, 3895, 4264, 4419, 4666, 4993, 98]
RKP_05000_01000_2_02.txt|24359.0|1.030010499999996|[501, 502, 503, 520, 544, 562, 576, 578, 588, 594, 621, 626, 639, 699, 714, 779, 811, 817, 838, 865, 879, 962, 971, 991, 1045, 1153, 1167, 1320, 1362, 1446, 1464, 1500, 1545, 1549, 1568, 1689, 1696, 1794, 2003, 2077, 2193, 2239, 2312, 2356, 2464, 2713, 2759, 2808, 2919, 3015, 3037, 3081, 3182, 3433, 3483, 3524, 3842, 4211, 477]
RKP_05000_01000_2_03.txt|23431.0|0.9839123000000001|[551, 563, 569, 586, 588, 604, 606, 618, 631, 677, 685, 717, 735, 786, 805, 808, 841, 850, 875, 914, 965, 977, 1007, 1018, 1089, 1155, 1226, 1358, 1362, 1442, 1502, 1632, 1854, 1983, 2050, 2176, 2184, 2232, 2458, 2664, 2682, 2840, 3048, 3101, 3110, 3430, 3587, 3680, 3843, 3851, 3916, 4040, 4322, 4438, 4957, 464]
RKP_05000_01000_2_04.txt|25037.0|1.0457292000000038|[501, 503, 507, 517, 519, 522, 523, 551, 554, 557, 559, 563, 582, 584, 653, 663, 683, 747, 802, 848, 871, 900, 1009, 1045, 1047, 1057, 1067, 1085, 1162, 1167, 1203, 1258, 1268, 1416, 1565, 1586, 1636, 1709, 1710, 1819, 1898, 2039, 2172, 2240, 2299, 2406, 2489, 2737, 2745, 2749, 2908, 3018, 3428, 3489, 3683, 3998, 4030, 4372, 4736, 4924, 4954]
RKP_05000_01000_2_05.txt|22438.0|0.9513006999999973|[503, 504, 505, 508, 509, 512, 516, 523, 530, 533, 534, 543, 570, 580, 656, 687, 701, 704, 760, 773, 790, 824, 844, 860, 890, 920, 927, 953, 1026, 1234, 1237, 1275, 1376, 1457, 1552, 1564, 1632, 1658, 1769, 1835, 1924, 2076, 2122, 2172, 2180, 2262, 2425, 2508, 2533, 3013, 3048, 3186, 3443, 3821, 4715, 4833, 4985]
RKP_05000_01000_2_06.txt|25112.0|1.2190531000000036|[501, 502, 505, 510, 527, 530, 536, 559, 561, 594, 605, 609, 638, 652, 654, 659, 684, 742, 752, 782, 828, 836, 844, 886, 903, 964, 973, 981, 1170, 1172, 1183, 1207, 1214, 1239, 1293, 1362, 1400, 1425, 1564, 1634, 1869, 1977, 2069, 2119, 2246, 2352, 2398, 2433, 2448, 2491, 2701, 2782, 2787, 2828, 2946, 2976, 2984, 3138, 3190, 3611, 4631, 45, 451]
RKP_05000_01000_2_07.txt|29093.0|1.0313408000000024|[501, 505, 511, 512, 533, 544, 605, 657, 699, 707, 712, 728, 738, 757, 794, 868, 887, 1016, 1251, 1259, 1271, 1272, 1409, 1497, 1623, 1639, 1731, 1765, 1925, 1937, 1961, 2052, 2093, 2125, 2143, 2202, 2311, 2386, 2402, 2435, 2445, 2476, 2706, 2733, 2741, 2782, 2841, 2946, 2961, 3108, 3343, 3585, 3629, 3647, 3696, 3775, 4007, 4382, 4779, 4929, 4953, 4995]
RKP_05000_01000_2_08.txt|18624.0|1.077487699999999|[504, 506, 514, 517, 530, 538, 544, 559, 578, 608, 614, 674, 700, 701, 713, 736, 742, 764, 778, 798, 812, 862, 871, 885, 897, 973, 1080, 1134, 1158, 1160, 1177, 1247, 1346, 1401, 1455, 1472, 1516, 1567, 1614, 1656, 1684, 1814, 1999, 2164, 2283, 2302, 2424, 2633, 2899, 3132, 3308, 3441, 3648, 3691, 3885, 4357, 4629]
RKP_05000_01000_2_09.txt|22371.0|1.0015311999999952|[502, 503, 504, 510, 513, 515, 522, 525, 536, 544, 563, 577, 618, 628, 675, 747, 770, 810, 877, 879, 908, 919, 1036, 1061, 1079, 1177, 1284, 1321, 1397, 1435, 1497, 1632, 1726, 1759, 1928, 2056, 2083, 2127, 2286, 2467, 2492, 2505, 2537, 2594, 2640, 2817, 3137, 3289, 3387, 3613, 3797, 3978, 4083, 4474, 169, 191]
RKP_05000_01000_2_10.txt|22850.0|1.0143737000000002|[509, 515, 518, 519, 525, 529, 536, 574, 582, 595, 599, 637, 649, 691, 706, 727, 794, 805, 837, 851, 920, 1055, 1087, 1249, 1380, 1422, 1441, 1511, 1549, 1675, 1676, 1803, 1814, 1916, 1991, 1994, 2002, 2023, 2119, 2186, 2245, 2358, 2426, 2534, 2818, 3059, 3498, 3663, 4084, 4174, 4212, 4387, 4515, 4550, 4584, 4767, 309]
RKP_05000_01000_3_01.txt|46025.0|0.4678561000000059|[501, 502, 509, 512, 515, 516, 521, 523, 534, 537, 540, 545, 546, 547, 553, 560, 572, 577, 587, 597, 608, 609, 612, 614, 619, 632, 650, 676, 693, 707, 737, 741, 774, 776, 784, 805, 872, 881, 884, 887, 898, 900, 955, 1039, 1050, 1053, 1060, 1062, 1104, 1123, 1132, 1188, 1228, 1249, 1257, 1417, 1451, 1496, 1538, 1547, 1581, 1587, 1639, 1640, 1690, 1698, 1865, 1882, 2100, 2115, 2198, 2279, 2394, 2458, 2556, 2678, 2741, 2750, 2916, 2929, 2961, 3248, 3283, 3351, 3374, 3746, 3921, 4091, 4183, 4601, 4952]
RKP_05000_01000_3_02.txt|47945.0|0.4893325000000033|[501, 502, 504, 513, 525, 528, 533, 538, 539, 540, 541, 566, 568, 571, 590, 607, 616, 629, 630, 640, 669, 709, 714, 730, 735, 763, 795, 804, 805, 845, 879, 925, 936, 945, 946, 948, 1012, 1042, 1062, 1095, 1109, 1146, 1218, 1230, 1259, 1301, 1349, 1378, 1383, 1392, 1431, 1453, 1520, 1522, 1541, 1546, 1587, 1617, 1661, 1674, 1693, 1740, 1834, 1936, 1984, 1986, 1988, 1999, 2385, 2408, 2567, 2580, 2613, 2636, 2715, 2830, 2925, 3065, 3167, 3204, 3272, 3308, 3353, 3433, 3453, 3478, 3489, 3498, 3541, 3671, 3808, 3893, 4046, 4250, 4332, 4634, 4919, 7, 219]
RKP_05000_01000_3_03.txt|52629.0|0.46388659999999504|[501, 502, 503, 504, 505, 506, 511, 522, 526, 536, 538, 597, 615, 629, 653, 656, 658, 663, 690, 699, 700, 714, 715, 721, 739, 746, 786, 808, 830, 839, 860, 877, 899, 939, 965, 980, 1044, 1068, 1109, 1121, 1152, 1169, 1209, 1210, 1263, 1265, 1270, 1294, 1339, 1356, 1379, 1381, 1396, 1452, 1475, 1489, 1522, 1541, 1582, 1657, 1664, 1669, 1722, 1731, 1965, 1998, 2023, 2033, 2059, 2097, 2105, 2163, 2233, 2267, 2426, 2534, 2587, 2702, 2798, 2819, 2886, 2939, 3029, 3457, 3666, 3739, 3773, 3977, 4045, 4197, 4222, 4410, 4428, 4541, 4584, 4649, 4715, 4829, 4838, 29, 171, 195, 313]
RKP_05000_01000_3_04.txt|46982.0|0.5019797999999938|[501, 503, 504, 505, 506, 507, 509, 513, 515, 517, 518, 527, 529, 539, 545, 558, 563, 570, 582, 589, 594, 611, 632, 642, 675, 698, 705, 706, 725, 758, 761, 763, 777, 806, 821, 837, 860, 900, 948, 972, 995, 1048, 1068, 1074, 1110, 1119, 1148, 1157, 1180, 1209, 1230, 1247, 1269, 1284, 1327, 1364, 1462, 1477, 1489, 1548, 1549, 1564, 1580, 1665, 1726, 1776, 1809, 1822, 1896, 1898, 1993, 2057, 2089, 2268, 2286, 2372, 2407, 2412, 2496, 2615, 2650, 2872, 3016, 3041, 3068, 3075, 3093, 3101, 3247, 3357, 3365, 3368, 3371, 3697, 3774, 3830, 3948, 4023, 4112, 4542, 4940, 380]
RKP_05000_01000_3_05.txt|48514.0|0.473140199999996|[501, 502, 503, 504, 507, 508, 510, 511, 516, 519, 525, 526, 529, 532, 534, 537, 548, 549, 556, 570, 612, 622, 643, 662, 669, 672, 683, 684, 712, 719, 756, 785, 796, 835, 844, 848, 858, 886, 986, 1001, 1013, 1055, 1120, 1138, 1208, 1248, 1268, 1277, 1314, 1412, 1485, 1498, 1533, 1560, 1569, 1590, 1759, 1763, 1792, 1805, 2000, 2016, 2052, 2088, 2119, 2259, 2270, 2359, 2409, 2577, 2623, 2798, 2947, 2960, 3115, 3134, 3223, 3244, 3420, 3470, 3555, 3568, 3606, 3667, 3758, 3870, 3939, 3940, 3969, 4058, 4084, 4135, 4838, 4905]
RKP_05000_01000_3_06.txt|47755.0|0.5213226000000049|[501, 502, 503, 504, 506, 507, 512, 516, 539, 541, 545, 546, 555, 571, 576, 582, 585, 586, 594, 602, 606, 624, 626, 635, 641, 684, 693, 706, 713, 714, 719, 727, 749, 765, 776, 786, 787, 788, 868, 904, 918, 931, 969, 988, 990, 1073, 1103, 1123, 1165, 1186, 1202, 1234, 1260, 1267, 1301, 1313, 1359, 1389, 1431, 1446, 1530, 1535, 1619, 1712, 1721, 1781, 1796, 1859, 1966, 2022, 2051, 2110, 2140, 2197, 2417, 2478, 2491, 2526, 2638, 2751, 3123, 3241, 3256, 3299, 3714, 3764, 3824, 3890, 3933, 4033, 4351, 4500, 4758, 4815, 4822, 4924, 82, 308, 411]
RKP_05000_01000_3_07.txt|50933.0|0.46313939999999576|[501, 502, 503, 505, 506, 508, 511, 513, 518, 531, 536, 560, 573, 575, 576, 579, 584, 594, 600, 613, 625, 694, 714, 716, 718, 720, 721, 791, 793, 795, 860, 870, 893, 898, 913, 917, 922, 927, 962, 977, 987, 1027, 1039, 1093, 1108, 1140, 1158, 1214, 1262, 1327, 1349, 1383, 1384, 1391, 1396, 1491, 1503, 1544, 1555, 1590, 1623, 1673, 1679, 1762, 1868, 1907, 1970, 2044, 2064, 2209, 2283, 2289, 2292, 2498, 2543, 2604, 2611, 2857, 2860, 2948, 3087, 3216, 3400, 3466, 3585, 3635, 3646, 3902, 3938, 4109, 4128, 4216, 4231, 4354, 4631, 4733, 4956, 159]
RKP_05000_01000_3_08.txt|44606.0|0.521417999999997|[501, 502, 503, 504, 506, 507, 514, 520, 522, 528, 530, 535, 536, 573, 577, 580, 582, 618, 622, 626, 634, 652, 654, 662, 713, 717, 726, 750, 760, 764, 770, 779, 795, 801, 831, 894, 974, 989, 1025, 1056, 1154, 1156, 1160, 1175, 1186, 1207, 1225, 1383, 1395, 1401, 1411, 1444, 1453, 1509, 1514, 1536, 1550, 1577, 1617, 1634, 1635, 1659, 1773, 1864, 1895, 2013, 2088, 2136, 2233, 2270, 2310, 2467, 2470, 2476, 2519, 2525, 2588, 2864, 2902, 2984, 3358, 3477, 3517, 3587, 3714, 3737, 3784, 3846, 3896, 3945, 4057, 4071, 4308, 4522, 4692, 4963, 4987, 200, 267, 279]
RKP_05000_01000_3_09.txt|47206.0|0.4739611000000039|[501, 502, 504, 507, 508, 509, 513, 514, 526, 540, 542, 551, 557, 561, 573, 577, 581, 583, 586, 587, 599, 606, 611, 636, 652, 659, 707, 737, 742, 752, 781, 790, 810, 854, 876, 884, 912, 926, 953, 962, 992, 994, 1056, 1064, 1155, 1161, 1164, 1171, 1173, 1251, 1260, 1286, 1297, 1352, 1386, 1421, 1431, 1495, 1503, 1540, 1648, 1689, 1813, 1822, 1920, 1971, 1988, 2184, 2478, 2524, 2551, 2555, 2787, 2901, 2986, 2997, 3011, 3077, 3121, 3157, 3206, 3441, 3520, 3756, 3892, 3943, 4038, 4072, 4118, 4368, 4636, 4792]
RKP_05000_01000_3_10.txt|45359.0|0.5055255999999986|[501, 502, 503, 505, 506, 510, 514, 516, 525, 533, 550, 552, 562, 566, 569, 573, 612, 619, 645, 694, 696, 718, 719, 723, 735, 770, 772, 787, 805, 808, 812, 843, 844, 860, 869, 893, 900, 913, 917, 934, 946, 958, 990, 1002, 1127, 1192, 1281, 1289, 1308, 1311, 1376, 1407, 1444, 1519, 1593, 1597, 1625, 1684, 1779, 1829, 1843, 1998, 2030, 2121, 2135, 2285, 2303, 2347, 2354, 2639, 2689, 2724, 2822, 2958, 3111, 3249, 3264, 3313, 3377, 3394, 3415, 3440, 3564, 3619, 3627, 3650, 3734, 3740, 3751, 3935, 4089, 4379, 4552, 4727, 4966, 131, 247, 288]
RKP_05000_01000_4_01.txt|192.0|0.4263315000000034|[422]
RKP_05000_01000_4_02.txt|164.0|0.4610334999999992|[471]
RKP_05000_01000_4_03.txt|202.0|0.4354945999999984|[410]
RKP_05000_01000_4_04.txt|145.0|0.4959768000000082|[410]
RKP_05000_01000_4_05.txt|194.0|0.42501020000000267|[201]
RKP_05000_01000_4_06.txt|4.0|0.48883270000000323|[188]
RKP_05000_01000_4_07.txt|982.0|0.4256984000000017|[4993]
RKP_05000_01000_4_08.txt|227.0|0.47321439999998915|[336]
RKP_05000_01000_4_09.txt|32.0|0.4767253999999923|[213]
RKP_05000_01000_4_10.txt|139.0|0.4386997000000008|[280]
RKP_05000_01000_5_01.txt|142.0|0.4681680000000057|[465]
RKP_05000_01000_5_02.txt|323.0|0.4296276999999975|[461]
RKP_05000_01000_5_03.txt|45.0|0.4776049000000029|[465]
RKP_05000_01000_5_04.txt|198.0|0.4384124999999983|[451]
RKP_05000_01000_5_05.txt|291.0|0.4818370999999928|[469]
RKP_05000_01000_5_06.txt|182.0|0.42770799999999554|[452]
RKP_05000_01000_5_07.txt|414.0|0.4691834000000057|[493]
RKP_05000_01000_5_08.txt|362.0|0.4320651999999967|[476]
RKP_05000_01000_5_09.txt|68.0|0.4710233999999929|[495]
RKP_05000_01000_5_10.txt|385.0|0.4214829000000009|[490]
RKP_05000_05000_1_01.txt|181516.0|0.7389937000000089|[502, 503, 504, 508, 521, 530, 533, 536, 540, 541, 547, 550, 574, 575, 578, 594, 596, 600, 627, 634, 649, 668, 674, 706, 726, 734, 739, 748, 754, 755, 763, 774, 779, 790, 858, 949, 977, 996, 998, 1022, 1062, 1101, 1104, 1188, 1247, 1298, 1309, 1326, 1440, 1534, 1583, 1700, 1701, 1731, 1746, 1747, 1760, 1770, 1805, 1916, 1937, 2043, 2095, 2174, 2185, 2439, 2695, 2821, 3185, 3187, 3396, 3445, 3497, 3613, 3766, 4221, 4313, 4577, 4808, 277, 310]
RKP_05000_05000_1_02.txt|249105.99999983548|0.8021791000000036|[501, 502, 504, 508, 509, 510, 514, 518, 520, 521, 524, 538, 545, 555, 557, 559, 589, 604, 613, 617, 626, 641, 713, 731, 738, 740, 758, 769, 797, 810, 834, 841, 849, 861, 878, 896, 944, 970, 974, 1037, 1168, 1169, 1212, 1285, 1287, 1305, 1376, 1403, 1505, 1541, 1544, 1569, 1575, 1589, 1607, 1615, 1652, 1703, 1766, 1809, 1874, 1879, 1934, 1959, 2056, 2222, 2286, 2355, 2370, 2479, 2539, 2674, 2677, 2806, 2822, 3001, 3167, 3206, 3559, 4088, 4196, 4254, 4342, 4386, 4421, 4440, 4513, 4574, 4697, 4882, 4902, 212, 332]
RKP_05000_05000_1_03.txt|227773.0|0.7736703000000063|[501, 505, 507, 508, 518, 522, 525, 539, 546, 562, 578, 580, 586, 610, 615, 633, 706, 731, 733, 746, 749, 797, 818, 839, 853, 893, 926, 929, 935, 951, 981, 982, 988, 1004, 1057, 1082, 1086, 1145, 1151, 1192, 1279, 1311, 1408, 1460, 1583, 1598, 1599, 1608, 1615, 1712, 1735, 1736, 1761, 1765, 1790, 1809, 1874, 1914, 1941, 1977, 2094, 2275, 2624, 2764, 2926, 2938, 3115, 3130, 3260, 3359, 3654, 3747, 3914, 3917, 3943, 3990, 3993, 4012, 4093, 4343, 4784, 4874, 4914]
RKP_05000_05000_1_04.txt|232286.0|0.7847837000000055|[501, 503, 505, 509, 512, 518, 524, 525, 534, 538, 548, 568, 575, 576, 581, 585, 590, 596, 605, 635, 645, 648, 669, 673, 689, 697, 702, 722, 726, 740, 791, 799, 818, 826, 832, 833, 868, 876, 887, 890, 908, 922, 984, 1057, 1059, 1175, 1210, 1278, 1287, 1309, 1314, 1331, 1435, 1572, 1889, 1917, 1918, 2175, 2177, 2253, 2258, 2359, 2375, 2438, 2503, 2513, 2517, 2551, 2561, 2828, 2872, 3053, 3081, 3084, 3313, 3491, 3559, 3760, 3805, 3910, 3931, 4047, 4068, 4151, 4152, 4302, 4313, 4350, 4672, 4760, 4786, 4884, 168, 215]
RKP_05000_05000_1_05.txt|240084.0|0.7932102000000043|[501, 502, 503, 507, 508, 512, 520, 522, 523, 526, 532, 533, 538, 546, 555, 562, 627, 630, 639, 643, 646, 648, 653, 667, 710, 714, 727, 745, 761, 801, 848, 878, 903, 959, 963, 1018, 1059, 1082, 1163, 1177, 1194, 1338, 1423, 1450, 1492, 1503, 1516, 1588, 1598, 1721, 1781, 1872, 1932, 1960, 1983, 1992, 2021, 2142, 2162, 2168, 2190, 2192, 2387, 2429, 2493, 2525, 2545, 2618, 2638, 2723, 2809, 2852, 2911, 2927, 2967, 3079, 3157, 3203, 3304, 3410, 3524, 3675, 3686, 4222, 4313, 4373, 4608, 4708, 4854, 4874, 289, 346]
RKP_05000_05000_1_06.txt|238771.0|0.8026169999999979|[502, 507, 508, 518, 520, 523, 540, 543, 564, 566, 571, 576, 582, 585, 587, 606, 613, 620, 622, 736, 743, 774, 775, 799, 833, 838, 847, 863, 878, 907, 927, 945, 962, 1014, 1023, 1038, 1068, 1081, 1108, 1113, 1121, 1149, 1151, 1193, 1207, 1215, 1254, 1313, 1325, 1330, 1350, 1425, 1456, 1541, 1554, 1565, 1654, 1727, 1780, 1805, 1808, 1874, 1928, 2078, 2141, 2171, 2230, 2355, 2427, 2481, 2548, 2632, 2704, 2710, 2728, 2740, 2809, 2886, 3009, 3146, 3201, 3229, 3449, 3604, 3861, 4113, 4438, 4478, 4576, 40, 61, 192]
RKP_05000_05000_1_07.txt|205423.0|0.7214184999999986|[501, 502, 503, 504, 507, 508, 515, 516, 529, 530, 531, 544, 579, 583, 609, 619, 621, 637, 653, 675, 682, 687, 690, 715, 730, 733, 748, 749, 766, 787, 794, 803, 846, 880, 881, 957, 963, 978, 1007, 1029, 1036, 1075, 1167, 1190, 1230, 1239, 1245, 1268, 1285, 1329, 1364, 1416, 1519, 1728, 1746, 1763, 1767, 1815, 1875, 1906, 2020, 2025, 2116, 2304, 2320, 2349, 2394, 2397, 2662, 2773, 3029, 3188, 3225, 3346, 3354, 3545, 4375, 4388, 4465, 4649, 4725, 4760, 164, 251]
RKP_05000_05000_1_08.txt|218136.0|0.6839832000000001|[502, 503, 505, 507, 516, 530, 538, 551, 591, 595, 597, 615, 622, 624, 637, 638, 640, 656, 671, 692, 732, 753, 762, 775, 780, 803, 814, 842, 867, 871, 902, 951, 953, 971, 978, 1012, 1023, 1028, 1060, 1096, 1169, 1174, 1206, 1264, 1336, 1350, 1378, 1402, 1449, 1484, 1667, 1679, 1747, 1921, 1939, 2046, 2049, 2062, 2178, 2237, 2441, 2542, 2547, 2785, 2812, 2928, 3025, 3036, 3100, 3143, 3181, 3305, 3313, 4099, 4166, 4244, 4292, 4333, 4498, 4580, 4686, 4695, 4893, 27, 434]
RKP_05000_05000_1_09.txt|211679.0|0.8957596999999993|[501, 502, 503, 505, 506, 512, 517, 542, 552, 555, 566, 576, 577, 599, 604, 613, 614, 626, 639, 651, 656, 660, 670, 676, 679, 696, 721, 734, 743, 782, 799, 812, 825, 839, 855, 876, 880, 882, 885, 904, 938, 948, 960, 992, 1037, 1042, 1044, 1063, 1065, 1132, 1182, 1201, 1226, 1320, 1371, 1421, 1506, 1564, 1614, 1626, 1727, 1745, 1754, 1814, 1850, 1916, 1958, 1966, 1980, 2004, 2092, 2094, 2096, 2135, 2288, 2308, 2417, 2479, 2516, 2643, 2950, 2997, 3057, 3093, 3136, 3334, 3697, 4748, 4986, 4989, 115]
RKP_05000_05000_1_10.txt|179171.0|0.8045010000000019|[502, 507, 510, 514, 518, 524, 538, 560, 589, 592, 598, 644, 653, 685, 778, 786, 822, 880, 914, 928, 954, 967, 972, 1159, 1224, 1246, 1256, 1303, 1313, 1362, 1363, 1367, 1409, 1459, 1481, 1515, 1709, 1902, 1979, 2004, 2109, 2152, 2225, 2266, 2430, 2486, 2550, 2582, 2651, 2781, 2806, 2998, 3004, 3080, 3107, 3108, 3129, 3141, 3286, 3310, 3370, 3442, 3567, 3578, 3601, 3698, 3761, 3950, 3971, 4196, 4880, 32]
RKP_05000_05000_2_01.txt|107462.0|1.0452688999999964|[501, 508, 518, 519, 520, 521, 532, 549, 565, 570, 593, 657, 735, 750, 779, 793, 819, 835, 883, 911, 975, 1015, 1079, 1190, 1248, 1250, 1366, 1437, 1453, 1486, 1545, 1559, 1792, 1808, 1867, 1935, 1982, 1997, 2005, 2135, 2165, 2284, 2385, 2437, 2613, 2736, 2751, 2958, 3187, 3437, 3903, 4167, 4222, 4308, 4383, 44, 344]
RKP_05000_05000_2_02.txt|116030.0|1.0635812000000016|[505, 514, 515, 528, 556, 579, 591, 596, 605, 606, 631, 661, 691, 703, 708, 720, 794, 1030, 1063, 1082, 1177, 1196, 1207, 1210, 1222, 1262, 1336, 1558, 1569, 1671, 1672, 1787, 2149, 2214, 2560, 2569, 2642, 2662, 2744, 2929, 3314, 3339, 3600, 3855, 4015, 4141, 4296, 4313, 4484, 4507, 64]
RKP_05000_05000_2_03.txt|117319.0|0.9596628999999979|[501, 504, 513, 521, 538, 541, 544, 545, 549, 550, 564, 572, 594, 628, 677, 716, 806, 838, 875, 894, 911, 941, 965, 977, 1002, 1044, 1082, 1083, 1159, 1283, 1312, 1466, 1483, 1707, 1712, 1769, 1789, 1922, 1929, 1932, 1981, 2724, 2772, 3012, 3290, 3368, 3590, 3868, 3928, 4130, 4339, 4457, 4735, 65, 439]
RKP_05000_05000_2_04.txt|145754.0|1.0117396999999926|[501, 502, 503, 504, 519, 520, 521, 523, 537, 547, 549, 560, 571, 577, 578, 582, 615, 622, 626, 631, 647, 654, 665, 687, 738, 762, 764, 807, 814, 822, 846, 872, 906, 922, 955, 991, 1054, 1083, 1125, 1137, 1155, 1303, 1332, 1362, 1393, 1568, 1624, 1687, 1723, 1829, 1835, 1912, 1978, 2008, 2019, 2086, 2106, 2248, 2270, 2593, 2808, 2818, 2819, 2843, 2882, 3132, 3205, 3273, 3712, 3757, 3788, 4093, 4204]
RKP_05000_05000_2_05.txt|116252.0|0.9486287000000004|[504, 505, 508, 509, 513, 534, 566, 570, 603, 613, 628, 645, 663, 667, 720, 817, 850, 870, 981, 1001, 1013, 1051, 1095, 1106, 1126, 1162, 1234, 1356, 1358, 1374, 1432, 1462, 1476, 1511, 1522, 1534, 1603, 1653, 1675, 1732, 1742, 1760, 1894, 1989, 2003, 2088, 2268, 2313, 2557, 2993, 3069, 3178, 3194, 4123, 4298, 4592, 4682, 4830, 4910, 402]
RKP_05000_05000_2_06.txt|108624.0|0.9051718999999991|[508, 516, 517, 530, 543, 574, 606, 636, 781, 803, 826, 856, 870, 873, 911, 937, 949, 1023, 1026, 1074, 1129, 1137, 1189, 1226, 1231, 1248, 1332, 1366, 1372, 1412, 1485, 1570, 1573, 1842, 2042, 2256, 2305, 2314, 2539, 2745, 2857, 3153, 3564, 3605, 3748, 3871, 4080, 4264]
RKP_05000_05000_2_07.txt|125563.0|1.0148640000000029|[507, 516, 526, 530, 536, 572, 629, 652, 669, 699, 712, 732, 773, 883, 909, 911, 921, 928, 952, 961, 1028, 1124, 1131, 1167, 1213, 1225, 1227, 1372, 1403, 1426, 1432, 1457, 1489, 1615, 1637, 1653, 1826, 1935, 1938, 1960, 2081, 2114, 2230, 2234, 2319, 2488, 2545, 2618, 3164, 3338, 3505, 3560, 3680, 3689, 3896, 4204, 4435, 4495, 4566, 4739, 279]
RKP_05000_05000_2_08.txt|131302.0|0.9585521000000057|[502, 509, 517, 520, 527, 530, 534, 583, 593, 612, 616, 655, 660, 679, 692, 742, 759, 774, 786, 791, 815, 832, 909, 949, 961, 1051, 1103, 1159, 1224, 1246, 1260, 1282, 1311, 1399, 1419, 1444, 1453, 1564, 1739, 1762, 1964, 1973, 2020, 2097, 2192, 2214, 2334, 2335, 2524, 2578, 2719, 2850, 2890, 3098, 3314, 3356, 3407, 3539, 3619, 3774, 3835, 3856, 4117, 4191]
RKP_05000_05000_2_09.txt|107275.0|0.939596899999998|[501, 502, 503, 504, 507, 519, 526, 536, 544, 560, 561, 582, 583, 584, 605, 628, 629, 637, 652, 657, 664, 673, 678, 680, 681, 684, 721, 751, 779, 827, 860, 885, 894, 913, 923, 1019, 1134, 1329, 1393, 1399, 1420, 1473, 1512, 1586, 1677, 1679, 1684, 1713, 1731, 1808, 1878, 1962, 1978, 1982, 2055, 2187, 2271, 2302, 2312, 2629, 2868, 3055, 3389, 4241, 4730, 459]
RKP_05000_05000_2_10.txt|116446.0|0.9673142999999982|[501, 502, 514, 523, 524, 535, 542, 570, 582, 597, 617, 653, 675, 685, 705, 733, 761, 768, 811, 830, 851, 952, 965, 981, 1057, 1086, 1157, 1166, 1223, 1225, 1228, 1356, 1399, 1515, 1560, 1578, 1636, 1730, 2030, 2101, 2120, 2242, 2257, 2408, 2602, 2764, 3024, 3094, 3105, 3232, 3354, 3384, 3518, 3685, 3771, 3772, 3967, 4068, 4118, 4867, 170]
RKP_05000_05000_3_01.txt|240205.0|0.556543099999999|[501, 504, 506, 509, 510, 512, 513, 516, 517, 521, 526, 539, 545, 554, 555, 556, 558, 566, 579, 583, 588, 594, 596, 602, 606, 622, 632, 637, 657, 664, 669, 671, 698, 784, 836, 949, 952, 965, 980, 999, 1010, 1028, 1030, 1063, 1095, 1125, 1128, 1134, 1138, 1146, 1231, 1236, 1287, 1300, 1314, 1333, 1370, 1426, 1504, 1575, 1580, 1632, 1658, 1680, 1790, 1791, 1828, 1909, 1910, 1930, 2039, 2164, 2258, 2346, 2350, 2387, 2524, 2525, 2600, 2622, 2645, 2766, 2812, 2954, 3044, 3238, 3281, 3331, 3487, 3710, 3861, 4215, 4441, 4585, 4617, 4643, 4983, 23]
RKP_05000_05000_3_02.txt|241005.0|0.569203200000004|[501, 502, 505, 508, 509, 510, 523, 525, 530, 532, 533, 538, 547, 550, 551, 555, 558, 559, 585, 592, 599, 606, 615, 617, 633, 651, 655, 705, 712, 717, 721, 727, 803, 884, 889, 905, 907, 909, 993, 1007, 1009, 1058, 1068, 1097, 1101, 1107, 1269, 1273, 1369, 1385, 1467, 1469, 1485, 1593, 1632, 1651, 1698, 1699, 1720, 1729, 1732, 1957, 2009, 2175, 2263, 2293, 2414, 2470, 2525, 2538, 2618, 2759, 2845, 2892, 3001, 3029, 3056, 3089, 3326, 3592, 3596, 3730, 3782, 3978, 4217, 4243, 4279, 4422, 4634, 4675, 4721, 4838, 4988, 53, 89]
RKP_05000_05000_3_03.txt|245785.0|0.5542973999999958|[501, 502, 503, 504, 505, 506, 508, 509, 512, 513, 515, 521, 525, 538, 546, 558, 567, 579, 588, 590, 616, 627, 628, 640, 683, 685, 686, 694, 719, 723, 781, 823, 866, 872, 873, 933, 971, 989, 1023, 1042, 1053, 1054, 1118, 1136, 1182, 1203, 1263, 1277, 1326, 1353, 1356, 1437, 1450, 1463, 1470, 1511, 1529, 1561, 1599, 1629, 1687, 1738, 1755, 1778, 1784, 1995, 2005, 2016, 2047, 2177, 2191, 2196, 2203, 2215, 2229, 2277, 2300, 2355, 2375, 2411, 2460, 2643, 2647, 2774, 2797, 2920, 2930, 3085, 3213, 3250, 3268, 3612, 3713, 3885, 3889, 3952, 4319, 4409, 4532]
RKP_05000_05000_3_04.txt|241017.0|0.4948815000000053|[501, 504, 506, 511, 512, 514, 519, 527, 531, 547, 551, 561, 571, 593, 594, 601, 602, 609, 641, 655, 656, 669, 673, 677, 683, 698, 705, 708, 715, 729, 741, 749, 756, 774, 782, 784, 804, 843, 904, 912, 954, 955, 976, 979, 1005, 1047, 1085, 1099, 1140, 1142, 1148, 1218, 1220, 1279, 1343, 1368, 1388, 1407, 1436, 1533, 1619, 1630, 1708, 1776, 1804, 1933, 2064, 2089, 2246, 2293, 2300, 2304, 2518, 2581, 2646, 2843, 2928, 2941, 3188, 3204, 3227, 3354, 3415, 3565, 3643, 3891, 3954, 3997, 4023, 4043, 4125, 4341, 4356, 4370, 4372, 4604, 4607, 4670, 4843, 178, 213]
RKP_05000_05000_3_05.txt|243734.0|0.5475854000000027|[501, 502, 504, 505, 512, 513, 515, 517, 520, 524, 525, 528, 532, 534, 542, 544, 550, 558, 562, 570, 572, 575, 581, 595, 597, 615, 638, 639, 641, 650, 666, 702, 707, 742, 759, 768, 809, 817, 831, 868, 872, 875, 906, 941, 1003, 1033, 1037, 1055, 1116, 1117, 1120, 1128, 1243, 1279, 1314, 1339, 1445, 1458, 1469, 1484, 1504, 1544, 1573, 1682, 1813, 1878, 2006, 2019, 2140, 2155, 2164, 2180, 2186, 2196, 2258, 2271, 2343, 2451, 2460, 2482, 2886, 2928, 3106, 3410, 3494, 3619, 3638, 3942, 4009, 4066, 4069, 4233, 4638, 4767, 118, 207]
RKP_05000_05000_3_06.txt|234281.0|0.5404278999999974|[501, 502, 503, 506, 507, 508, 510, 518, 522, 523, 528, 530, 543, 544, 548, 555, 578, 593, 597, 615, 625, 630, 632, 665, 690, 703, 719, 733, 734, 739, 742, 762, 785, 813, 818, 877, 882, 886, 930, 980, 1042, 1107, 1116, 1117, 1123, 1145, 1171, 1192, 1237, 1317, 1339, 1345, 1409, 1424, 1434, 1477, 1485, 1505, 1615, 1623, 1691, 1823, 1879, 2178, 2245, 2439, 2467, 2489, 2535, 2600, 2615, 2669, 2800, 2834, 2838, 2912, 3037, 3040, 3126, 3197, 3224, 3293, 3368, 3565, 3714, 3751, 3825, 3827, 3859, 3941, 3948, 4190, 4357, 4371, 4446, 4629, 4680, 4800, 4883]
RKP_05000_05000_3_07.txt|232424.0|0.5119636999999955|[501, 502, 503, 504, 512, 513, 546, 561, 582, 588, 619, 624, 630, 643, 692, 717, 720, 731, 732, 783, 804, 848, 895, 912, 959, 962, 987, 990, 1025, 1044, 1098, 1099, 1109, 1119, 1152, 1156, 1184, 1217, 1218, 1223, 1239, 1266, 1296, 1313, 1317, 1335, 1366, 1397, 1424, 1505, 1549, 1560, 1590, 1627, 1713, 1779, 1823, 1875, 1903, 1905, 1920, 1997, 2079, 2164, 2221, 2228, 2318, 2354, 2414, 2439, 2464, 2593, 2701, 2787, 2845, 2879, 2899, 3011, 3051, 3143, 3155, 3247, 3324, 3536, 3795, 3847, 4003, 4487, 4788, 156, 250, 296]
RKP_05000_05000_3_08.txt|197398.0|0.5501981000000029|[501, 502, 503, 504, 506, 509, 514, 516, 518, 522, 528, 538, 539, 543, 553, 554, 560, 573, 578, 589, 591, 605, 610, 622, 628, 647, 650, 652, 692, 705, 737, 741, 751, 754, 780, 789, 794, 851, 891, 930, 933, 954, 984, 1024, 1047, 1063, 1140, 1192, 1231, 1242, 1252, 1262, 1284, 1328, 1357, 1376, 1438, 1542, 1605, 1645, 1685, 1724, 1811, 1871, 1905, 1950, 2020, 2113, 2333, 2356, 2469, 2650, 2721, 2750, 2893, 2913, 2946, 3028, 3136, 3197, 3250, 3359, 3445, 3572, 4012, 4467, 4522, 4969, 231, 305]
RKP_05000_05000_3_09.txt|264721.0|0.5337579999999917|[501, 502, 504, 507, 510, 513, 517, 519, 525, 535, 542, 543, 554, 575, 596, 611, 612, 623, 633, 640, 650, 665, 684, 733, 752, 759, 781, 799, 813, 817, 838, 844, 845, 854, 856, 887, 906, 931, 1012, 1032, 1034, 1093, 1109, 1129, 1143, 1160, 1179, 1193, 1267, 1289, 1293, 1330, 1351, 1377, 1413, 1429, 1432, 1646, 1782, 1828, 1843, 1969, 1979, 1989, 2049, 2055, 2062, 2063, 2167, 2227, 2246, 2313, 2433, 2445, 2611, 2666, 2747, 2927, 2935, 2984, 3025, 3246, 3273, 3338, 3385, 3426, 3494, 3509, 3838, 3953, 4177, 4184, 4364, 4552, 4577, 4692, 4740, 4746, 4813, 4838, 289, 325, 339]
RKP_05000_05000_3_10.txt|250574.0|0.5727633000000054|[501, 502, 503, 504, 505, 509, 510, 513, 514, 518, 523, 525, 526, 528, 544, 548, 551, 557, 559, 560, 567, 577, 598, 601, 602, 620, 637, 672, 681, 690, 727, 743, 761, 776, 778, 809, 813, 819, 855, 894, 902, 905, 981, 990, 1035, 1076, 1077, 1105, 1107, 1116, 1164, 1165, 1168, 1175, 1216, 1348, 1393, 1488, 1562, 1575, 1599, 1635, 1659, 1702, 1724, 1758, 1784, 1807, 1858, 1905, 1944, 2067, 2139, 2153, 2214, 2286, 2391, 2469, 3021, 3036, 3073, 3143, 3198, 3248, 3423, 3478, 3546, 3718, 3722, 3801, 3954, 3959, 3968, 4031, 4140, 4259, 4437, 4881, 4891, 308]
RKP_05000_05000_4_01.txt|719.0|0.44193260000000123|[158]
RKP_05000_05000_4_02.txt|956.0|0.46710379999998963|[478]
RKP_05000_05000_4_03.txt|1233.0|0.4415679999999895|[214]
RKP_05000_05000_4_04.txt|541.0|0.4849407000000099|[97]
RKP_05000_05000_4_05.txt|728.0|0.4536662000000007|[283]
RKP_05000_05000_4_06.txt|1001.0|0.4848690999999974|[125]
RKP_05000_05000_4_07.txt|1111.0|0.43842629999998906|[278]
RKP_05000_05000_4_08.txt|1673.0|0.4704267000000044|[410]
RKP_05000_05000_4_09.txt|277.0|0.43021209999999144|[270]
RKP_05000_05000_4_10.txt|155.0|0.4833887000000061|[286]
RKP_05000_05000_5_01.txt|538.0|0.4310863999999981|[490]
RKP_05000_05000_5_02.txt|1382.0|0.47605209999998976|[486]
RKP_05000_05000_5_03.txt|427.0|0.4461165999999963|[485]
RKP_05000_05000_5_04.txt|1011.0|0.4641435999999999|[493]
RKP_05000_05000_5_05.txt|1736.0|0.4392261999999931|[493]
RKP_05000_05000_5_06.txt|12050.0|0.549874900000006|[501, 566, 582, 1287, 1500, 1730, 2161]
RKP_05000_05000_5_07.txt|1288.0|0.43420180000001096|[487]
RKP_05000_05000_5_08.txt|1741.0|0.49025720000000206|[487]
RKP_05000_05000_5_09.txt|1562.0|0.48465830000000665|[497]
RKP_05000_05000_5_10.txt|895.0|0.48951569999999833|[491]
