RKP_00100_00100_1_01.txt|673.0|0.11131170000000001|[1, 10, 16, 17, 22, 24, 28, 29, 30, 31]
RKP_00100_00100_1_02.txt|767.0|0.08538710000000005|[1, 2, 9, 15, 37, 44, 47, 48, 50, 56, 91]
RKP_00100_00100_1_03.txt|743.0|0.09437600000000002|[1, 2, 4, 5, 6, 10, 12, 14, 34, 63, 70]
RKP_00100_00100_1_04.txt|689.0|0.10836239999999997|[2, 4, 5, 7, 9, 15, 43, 74, 85]
RKP_00100_00100_1_05.txt|654.0|0.07486819999999994|[6, 11, 14, 16, 20, 22, 30, 66, 79]
RKP_00100_00100_1_06.txt|979.0|0.07190999999999992|[3, 10, 12, 16, 17, 31, 34, 47, 48, 50, 55, 57, 97]
RKP_00100_00100_1_07.txt|494.0|0.05868150000000005|[4, 5, 13, 37, 39, 46, 51, 60]
RKP_00100_00100_1_08.txt|883.0|0.07269550000000002|[1, 2, 5, 6, 7, 9, 12, 13, 24, 29, 30, 76, 87, 88, 92]
RKP_00100_00100_1_09.txt|610.0|0.08450069999999998|[2, 4, 5, 16, 18, 23, 24, 29, 52, 77]
RKP_00100_00100_1_10.txt|674.0|0.07981799999999994|[1, 2, 4, 6, 11, 13, 15, 20, 24, 27, 33]
RKP_00100_00100_2_01.txt|159.0|0.09138749999999995|[2, 6, 13, 20, 22, 27, 43, 45, 59]
RKP_00100_00100_2_02.txt|164.0|0.0811172|[8, 11, 28, 30, 36, 40, 47, 80]
RKP_00100_00100_2_03.txt|162.0|0.06795339999999994|[1, 3, 5, 31, 47, 48, 59, 75, 80]
RKP_00100_00100_2_04.txt|150.0|0.07003669999999995|[2, 8, 9, 11, 26, 28, 41, 52]
RKP_00100_00100_2_05.txt|139.0|0.08730159999999998|[3, 7, 29, 32, 64, 96]
RKP_00100_00100_2_06.txt|136.0|0.08709529999999988|[2, 8, 23, 47, 67, 79]
RKP_00100_00100_2_07.txt|138.0|0.08817340000000007|[3, 4, 7, 11, 13, 15, 49]
RKP_00100_00100_2_08.txt|145.0|0.06359879999999984|[1, 2, 4, 28, 29, 48]
RKP_00100_00100_2_09.txt|145.0|0.06922779999999973|[4, 9, 20, 27, 33, 37, 42, 51, 75]
RKP_00100_00100_2_10.txt|146.0|0.0875051|[1, 2, 4, 27, 64, 65, 81, 85]
RKP_00100_00100_3_01.txt|210.0|0.08218959999999997|[1, 2, 3, 5, 6, 10, 16, 21, 24, 29, 44]
RKP_00100_00100_3_02.txt|220.0|0.08577430000000019|[1, 2, 3, 7, 8, 10, 17, 24, 41, 48, 52, 59]
RKP_00100_00100_3_03.txt|240.0|0.06776720000000003|[1, 3, 4, 6, 12, 13, 15, 19, 23, 45, 46, 49, 64, 75]
RKP_00100_00100_3_04.txt|218.0|0.08262760000000036|[1, 2, 3, 6, 8, 9, 21, 26, 34, 42, 48, 50]
RKP_00100_00100_3_05.txt|220.0|0.0671716|[1, 2, 3, 6, 7, 12, 15, 22, 25, 33, 52, 70]
RKP_00100_00100_3_06.txt|240.0|0.09751410000000016|[1, 2, 4, 6, 8, 10, 11, 12, 19, 27, 28, 31, 40, 66]
RKP_00100_00100_3_07.txt|210.0|0.08147150000000014|[2, 4, 5, 6, 7, 13, 27, 67, 72, 88, 89]
RKP_00100_00100_3_08.txt|200.0|0.07489780000000001|[1, 7, 9, 11, 12, 15, 18, 20, 58, 67]
RKP_00100_00100_3_09.txt|188.0|0.09377959999999996|[1, 2, 9, 31, 32, 44, 48, 61, 89]
RKP_00100_00100_3_10.txt|234.0|0.05907039999999997|[1, 5, 6, 20, 46, 47, 54, 55, 60, 62, 66, 67, 69, 93]
RKP_00100_00100_4_01.txt|100.0|0.0556106999999999|[97]
RKP_00100_00100_4_02.txt|100.0|0.05440630000000013|[88]
RKP_00100_00100_4_03.txt|100.0|0.05686639999999965|[84]
RKP_00100_00100_4_04.txt|100.0|0.05659779999999959|[95]
RKP_00100_00100_4_05.txt|100.0|0.05431970000000019|[95]
RKP_00100_00100_4_06.txt|98.0|0.05525789999999997|[93]
RKP_00100_00100_4_07.txt|98.0|0.053897500000000154|[98]
RKP_00100_00100_4_08.txt|100.0|0.055115299999999756|[97]
RKP_00100_00100_4_09.txt|99.0|0.05568570000000017|[89]
RKP_00100_00100_4_10.txt|98.0|0.054907599999999945|[88]
RKP_00100_00100_5_01.txt|100.0|0.07584710000000028|[1, 94]
RKP_00100_00100_5_02.txt|100.0|0.06155350000000004|[1, 42, 91]
RKP_00100_00100_5_03.txt|100.0|0.05925500000000028|[1, 87]
RKP_00100_00100_5_04.txt|100.0|0.059578800000000154|[1, 70, 81]
RKP_00100_00100_5_05.txt|100.0|0.05590459999999986|[98]
RKP_00100_00100_5_06.txt|100.0|0.05832280000000001|[1, 36, 86]
RKP_00100_00100_5_07.txt|100.0|0.057659200000000244|[1, 95]
RKP_00100_00100_5_08.txt|100.0|0.05493309999999996|[47, 52]
RKP_00100_00100_5_09.txt|100.0|0.05708979999999997|[14, 38, 71]
RKP_00100_00100_5_10.txt|100.0|0.056099699999999864|[4, 5, 38, 41, 87]
RKP_00500_00100_1_01.txt|1585.0|0.1325012999999995|[2, 3, 17, 25, 27, 40, 63, 75, 120, 140, 158, 168, 173, 211, 213, 222, 269, 274, 280, 284, 304, 500]
RKP_00500_00100_1_02.txt|1434.0000000000018|0.12319630000000004|[3, 4, 5, 10, 13, 14, 30, 77, 87, 88, 89, 102, 109, 132, 170, 175, 205, 288, 325, 351, 394, 433]
RKP_00500_00100_1_03.txt|1378.0|0.11925139999999956|[1, 5, 11, 15, 16, 23, 30, 40, 73, 111, 113, 123, 139, 140, 147, 158, 227, 228, 326, 360, 477, 496]
RKP_00500_00100_1_04.txt|1358.0|0.13150839999999953|[10, 11, 23, 41, 48, 59, 62, 64, 65, 93, 121, 156, 197, 212, 315, 359, 467]
RKP_00500_00100_1_05.txt|1665.0|0.11678030000000028|[1, 2, 3, 10, 11, 13, 17, 18, 23, 24, 26, 48, 60, 72, 76, 104, 116, 192, 203, 215, 320, 363, 382, 402]
RKP_00500_00100_1_06.txt|1801.0|0.09743890000000022|[2, 3, 5, 7, 13, 30, 34, 35, 50, 53, 55, 89, 107, 131, 165, 189, 190, 211, 230, 240, 281, 353, 411, 490, 491]
RKP_00500_00100_1_07.txt|1857.0|0.12582740000000037|[2, 5, 7, 16, 21, 22, 31, 40, 47, 49, 89, 94, 97, 133, 147, 165, 183, 192, 197, 206, 257, 359, 410, 461, 469, 492]
RKP_00500_00100_1_08.txt|1540.0|0.13865369999999988|[1, 3, 4, 10, 16, 23, 29, 40, 63, 106, 122, 146, 149, 150, 156, 167, 185, 258, 326, 332, 357, 378]
RKP_00500_00100_1_09.txt|1563.0|0.14245149999999995|[1, 2, 16, 19, 39, 48, 54, 56, 68, 77, 108, 148, 150, 151, 153, 163, 180, 210, 214, 221, 307, 344, 496]
RKP_00500_00100_1_10.txt|1536.0|0.13038609999999995|[1, 3, 4, 5, 6, 14, 15, 21, 30, 31, 33, 59, 62, 75, 84, 109, 110, 162, 214, 234, 277, 342, 413]
RKP_00500_00100_2_01.txt|235.0|0.10468089999999997|[3, 11, 16, 20, 32, 36, 40, 60, 88, 101, 102, 148, 150, 168, 226, 259, 351, 441, 447, 472]
RKP_00500_00100_2_02.txt|239.0|0.11157760000000039|[4, 6, 13, 21, 36, 65, 70, 100, 112, 131, 142, 156, 159, 167, 186, 195, 299, 314, 336, 441]
RKP_00500_00100_2_03.txt|225.0|0.11450289999999974|[3, 9, 13, 18, 21, 31, 37, 60, 64, 100, 107, 113, 135, 155, 164, 166, 318, 382, 436, 447]
RKP_00500_00100_2_04.txt|214.0|0.1050810999999996|[7, 9, 11, 14, 16, 19, 20, 22, 26, 55, 58, 80, 112, 125, 131, 163, 216, 236, 306]
RKP_00500_00100_2_05.txt|218.0|0.11323300000000014|[2, 4, 5, 10, 16, 25, 34, 38, 48, 52, 58, 77, 87, 109, 125, 173, 218, 417, 426]
RKP_00500_00100_2_06.txt|212.0|0.11791010000000046|[5, 9, 15, 18, 27, 50, 53, 70, 89, 117, 150, 155, 203, 302, 377, 452]
RKP_00500_00100_2_07.txt|212.0|0.11799999999999944|[1, 3, 5, 9, 67, 75, 83, 114, 123, 129, 162, 226, 260, 292, 308, 372, 452]
RKP_00500_00100_2_08.txt|201.0|0.1118288000000005|[1, 3, 6, 15, 23, 42, 46, 87, 96, 136, 175, 184, 350, 384, 495]
RKP_00500_00100_2_09.txt|179.0|0.1131215000000001|[2, 38, 70, 87, 115, 119, 176, 276, 304, 312, 335, 426, 433]
RKP_00500_00100_2_10.txt|202.0|0.10333490000000012|[9, 19, 20, 40, 46, 62, 76, 83, 116, 118, 154, 166, 372, 441, 498]
RKP_00500_00100_3_01.txt|340.0|0.10040340000000025|[1, 2, 3, 5, 8, 11, 31, 33, 36, 38, 43, 77, 78, 96, 140, 143, 148, 158, 223, 225, 227, 240, 260, 401]
RKP_00500_00100_3_02.txt|374.0|0.10193320000000039|[1, 4, 5, 15, 20, 26, 38, 39, 56, 64, 68, 73, 103, 110, 111, 152, 160, 162, 167, 172, 179, 181, 189, 203, 221, 331, 398, 413]
RKP_00500_00100_3_03.txt|360.0|0.10463149999999999|[1, 2, 9, 11, 22, 33, 43, 45, 52, 71, 93, 111, 113, 118, 123, 126, 139, 148, 191, 198, 258, 266, 292, 351, 444, 454]
RKP_00500_00100_3_04.txt|366.0|0.10903710000000011|[1, 2, 4, 8, 9, 20, 27, 50, 66, 68, 72, 103, 104, 125, 146, 149, 156, 159, 163, 168, 278, 280, 282, 312, 345, 350, 453]
RKP_00500_00100_3_05.txt|396.0|0.10862369999999988|[1, 7, 8, 9, 12, 32, 33, 74, 84, 87, 88, 92, 102, 106, 108, 143, 189, 196, 199, 225, 252, 263, 294, 319, 340, 373, 377, 381, 397, 417]
RKP_00500_00100_3_06.txt|330.0|0.10666650000000022|[1, 2, 4, 5, 11, 12, 16, 19, 24, 45, 52, 56, 67, 68, 90, 91, 137, 186, 199, 242, 311, 316, 330]
RKP_00500_00100_3_07.txt|328.0|0.10421309999999995|[4, 5, 17, 30, 33, 37, 76, 77, 99, 111, 141, 191, 193, 196, 200, 216, 287, 302, 308, 326, 429, 430, 487]
RKP_00500_00100_3_08.txt|401.0|0.10964520000000011|[1, 5, 14, 19, 25, 26, 31, 35, 49, 57, 58, 62, 63, 84, 90, 93, 114, 133, 141, 144, 150, 159, 172, 275, 280, 301, 302, 323, 389, 470, 484]
RKP_00500_00100_3_09.txt|361.0|0.10294049999999988|[3, 4, 12, 24, 58, 59, 63, 70, 83, 104, 108, 115, 122, 136, 148, 152, 154, 169, 171, 173, 221, 231, 269, 294, 315, 347, 434]
RKP_00500_00100_3_10.txt|350.0|0.12362919999999988|[7, 13, 14, 18, 28, 36, 38, 40, 47, 48, 57, 99, 123, 135, 153, 165, 174, 183, 189, 222, 282, 305, 322, 388, 392]
RKP_00500_00100_4_01.txt|100.0|0.07231260000000006|[434]
RKP_00500_00100_4_02.txt|100.0|0.07392410000000016|[488]
RKP_00500_00100_4_03.txt|100.0|0.07807800000000054|[497]
RKP_00500_00100_4_04.txt|100.0|0.07449249999999985|[419]
RKP_00500_00100_4_05.txt|100.0|0.07561160000000022|[455]
RKP_00500_00100_4_06.txt|100.0|0.07483310000000021|[431]
RKP_00500_00100_4_07.txt|100.0|0.07278220000000069|[495]
RKP_00500_00100_4_08.txt|100.0|0.07354139999999987|[480]
RKP_00500_00100_4_09.txt|100.0|0.0775112|[440]
RKP_00500_00100_4_10.txt|100.0|0.0746784999999992|[489]
RKP_00500_00100_5_01.txt|100.0|0.07620679999999957|[2, 74, 103, 116]
RKP_00500_00100_5_02.txt|100.0|0.07696919999999885|[111, 466]
RKP_00500_00100_5_03.txt|100.0|0.07818579999999997|[1, 480]
RKP_00500_00100_5_04.txt|100.0|0.07609740000000009|[59, 161, 318]
RKP_00500_00100_5_05.txt|100.0|0.07590059999999887|[1, 85, 326, 331]
RKP_00500_00100_5_06.txt|100.0|0.07820139999999931|[49, 102, 130, 423]
RKP_00500_00100_5_07.txt|100.0|0.07710780000000028|[1, 480]
RKP_00500_00100_5_08.txt|100.0|0.07686449999999923|[10, 29, 80, 86, 129, 291]
RKP_00500_00100_5_09.txt|100.0|0.0756130000000006|[478]
RKP_00500_00100_5_10.txt|100.0|0.07553370000000115|[19, 137, 190, 304]
RKP_01000_00100_1_01.txt|2040.9999999999998|0.1785686000000002|[2, 8, 10, 11, 13, 40, 42, 47, 48, 50, 51, 64, 67, 91, 97, 123, 151, 222, 260, 261, 347, 376, 432, 465, 531, 604, 606, 646]
RKP_01000_00100_1_02.txt|1964.0000000000002|0.18263849999999948|[1, 2, 9, 16, 18, 30, 32, 38, 49, 50, 64, 72, 89, 108, 171, 182, 195, 292, 294, 359, 486, 515, 519, 584, 599, 624, 694, 696, 754, 872]
RKP_01000_00100_1_03.txt|1889.0|0.18146160000000044|[1, 2, 4, 16, 19, 32, 48, 50, 56, 65, 116, 128, 145, 172, 174, 199, 252, 268, 330, 366, 498, 535, 704, 754, 800, 813, 869]
RKP_01000_00100_1_04.txt|2183.0|0.19292219999999993|[1, 2, 5, 6, 12, 14, 20, 36, 44, 53, 63, 69, 75, 91, 151, 163, 165, 172, 184, 204, 247, 255, 266, 283, 429, 566, 592, 726, 732, 733, 857]
RKP_01000_00100_1_05.txt|1989.0|0.21094090000000065|[1, 16, 26, 37, 39, 41, 49, 69, 74, 75, 82, 89, 101, 121, 123, 151, 159, 198, 207, 307, 340, 553, 582, 635, 673, 696, 776, 915, 1000]
RKP_01000_00100_1_06.txt|2282.0|0.2423617|[1, 4, 8, 10, 33, 37, 38, 44, 52, 55, 57, 58, 78, 83, 99, 117, 168, 177, 210, 233, 242, 244, 250, 255, 265, 349, 383, 442, 546, 645, 790, 993]
RKP_01000_00100_1_07.txt|2251.0|0.18384340000000066|[1, 2, 3, 7, 8, 18, 19, 37, 42, 49, 80, 86, 96, 127, 128, 129, 130, 151, 204, 226, 382, 436, 440, 450, 476, 484, 556, 627, 641, 778, 874]
RKP_01000_00100_1_08.txt|2088.0|0.21006060000000026|[1, 4, 5, 6, 10, 15, 16, 22, 26, 29, 51, 68, 80, 101, 118, 145, 149, 183, 223, 242, 274, 278, 303, 356, 390, 421, 422, 716, 780, 922]
RKP_01000_00100_1_09.txt|2086.0|0.20081919999999975|[1, 2, 10, 14, 15, 17, 27, 31, 32, 36, 48, 103, 108, 133, 150, 168, 196, 213, 248, 262, 427, 489, 513, 579, 672, 691, 782, 898, 925, 942]
RKP_01000_00100_1_10.txt|2312.0|0.18344019999999972|[1, 8, 11, 19, 43, 50, 55, 76, 104, 111, 159, 188, 198, 253, 286, 295, 331, 399, 439, 466, 480, 491, 534, 618, 663, 669, 724, 748, 754, 785, 805, 813, 931, 968]
RKP_01000_00100_2_01.txt|259.0|0.13565490000000047|[3, 7, 12, 13, 16, 21, 24, 33, 41, 47, 76, 183, 185, 186, 209, 252, 253, 264, 374, 380, 470, 519, 614, 690]
RKP_01000_00100_2_02.txt|255.0|0.13284360000000106|[8, 63, 69, 77, 84, 166, 179, 183, 202, 213, 311, 357, 375, 376, 385, 397, 410, 547, 583, 625, 782, 901, 954]
RKP_01000_00100_2_03.txt|300.0|0.12080190000000002|[5, 33, 55, 58, 64, 87, 97, 123, 124, 141, 149, 171, 186, 256, 282, 330, 335, 340, 394, 404, 416, 417, 420, 746, 854, 897, 928]
RKP_01000_00100_2_04.txt|260.0|0.13754770000000072|[8, 24, 35, 37, 58, 60, 74, 77, 94, 123, 130, 147, 184, 207, 244, 428, 443, 504, 698, 782]
RKP_01000_00100_2_05.txt|250.0|0.16298289999999938|[2, 5, 7, 12, 26, 30, 42, 73, 84, 152, 162, 172, 222, 255, 299, 351, 380, 409, 501, 512, 742, 823, 846]
RKP_01000_00100_2_06.txt|311.0|0.16357650000000135|[1, 6, 9, 16, 24, 33, 48, 52, 115, 122, 138, 154, 185, 187, 233, 255, 259, 290, 383, 399, 590, 602, 634, 647, 805, 827, 858, 876, 894]
RKP_01000_00100_2_07.txt|256.0|0.1332746999999994|[1, 2, 3, 7, 20, 61, 69, 81, 173, 208, 218, 284, 305, 378, 433, 444, 480, 520, 531, 682, 783, 796, 821]
RKP_01000_00100_2_08.txt|286.0|0.12249940000000059|[1, 3, 7, 9, 10, 11, 16, 21, 26, 39, 41, 44, 49, 121, 129, 131, 175, 223, 228, 278, 294, 414, 549, 573, 609, 661, 862]
RKP_01000_00100_2_09.txt|259.0|0.12304179999999931|[6, 9, 13, 18, 25, 31, 118, 127, 175, 176, 205, 225, 236, 327, 348, 382, 417, 436, 470, 573, 656, 904, 982]
RKP_01000_00100_2_10.txt|276.0|0.1310924|[5, 15, 30, 42, 56, 58, 78, 89, 122, 163, 164, 184, 191, 252, 273, 282, 309, 341, 402, 409, 412, 521, 522, 548, 564, 579, 710, 755]
RKP_01000_00100_3_01.txt|510.0|0.124035000000001|[1, 2, 11, 15, 21, 22, 28, 32, 49, 51, 65, 69, 83, 94, 119, 133, 134, 157, 179, 186, 208, 240, 249, 294, 322, 337, 340, 348, 441, 456, 464, 537, 565, 567, 605, 659, 704, 740, 763, 795, 962]
RKP_01000_00100_3_02.txt|441.0|0.12431010000000065|[1, 2, 3, 4, 9, 16, 18, 25, 31, 35, 53, 56, 79, 94, 110, 120, 121, 126, 137, 138, 176, 249, 286, 295, 300, 318, 381, 386, 533, 567, 586, 600, 644, 654, 891]
RKP_01000_00100_3_03.txt|478.0|0.12551410000000018|[1, 2, 3, 8, 13, 17, 31, 46, 54, 62, 89, 93, 142, 143, 170, 175, 180, 181, 204, 222, 256, 321, 325, 378, 382, 392, 448, 530, 542, 580, 625, 652, 692, 738, 797, 822, 836, 994]
RKP_01000_00100_3_04.txt|468.0|0.15305120000000016|[1, 2, 3, 4, 5, 9, 24, 31, 35, 41, 42, 44, 65, 83, 119, 142, 149, 154, 161, 232, 235, 293, 305, 309, 339, 389, 433, 449, 492, 535, 550, 558, 639, 645, 657, 740, 786]
RKP_01000_00100_3_05.txt|420.0|0.12878669999999914|[1, 5, 10, 21, 23, 24, 29, 31, 46, 57, 76, 85, 86, 100, 108, 141, 144, 151, 163, 183, 192, 204, 308, 315, 355, 460, 480, 630, 674, 739, 778, 851]
RKP_01000_00100_3_06.txt|428.0|0.1573519000000001|[1, 4, 5, 6, 12, 13, 14, 15, 16, 18, 22, 25, 28, 36, 37, 63, 64, 71, 98, 112, 129, 153, 158, 204, 207, 217, 224, 239, 242, 278, 543, 886, 970]
RKP_01000_00100_3_07.txt|481.0|0.1256598000000011|[4, 5, 8, 12, 16, 20, 23, 27, 31, 34, 38, 53, 56, 62, 96, 112, 124, 129, 131, 161, 169, 190, 198, 204, 231, 282, 337, 354, 402, 407, 433, 583, 591, 605, 695, 750, 822, 867, 942]
RKP_01000_00100_3_08.txt|420.0|0.14132410000000029|[1, 2, 7, 11, 33, 53, 71, 74, 89, 97, 118, 129, 130, 131, 137, 145, 152, 154, 179, 198, 252, 257, 266, 303, 340, 342, 528, 591, 600, 655, 703, 763]
RKP_01000_00100_3_09.txt|440.0|0.1246647000000003|[2, 3, 4, 6, 8, 9, 16, 17, 23, 36, 48, 77, 83, 126, 127, 141, 199, 202, 211, 216, 318, 385, 403, 446, 471, 480, 578, 630, 647, 758, 825, 871, 885, 930]
RKP_01000_00100_3_10.txt|458.0|0.1350800999999997|[3, 9, 12, 16, 18, 22, 26, 35, 37, 46, 56, 61, 90, 103, 104, 122, 156, 169, 227, 245, 247, 264, 314, 319, 334, 426, 431, 467, 524, 566, 632, 677, 687, 764, 799, 964]
RKP_01000_00100_4_01.txt|100.0|0.09639420000000065|[866]
RKP_01000_00100_4_02.txt|100.0|0.09750960000000042|[858]
RKP_01000_00100_4_03.txt|100.0|0.09838519999999917|[860]
RKP_01000_00100_4_04.txt|100.0|0.09696459999999973|[838]
RKP_01000_00100_4_05.txt|100.0|0.09781139999999944|[851]
RKP_01000_00100_4_06.txt|100.0|0.10016899999999929|[878]
RKP_01000_00100_4_07.txt|100.0|0.09655230000000081|[887]
RKP_01000_00100_4_08.txt|100.0|0.09723059999999961|[847]
RKP_01000_00100_4_09.txt|100.0|0.09509650000000036|[889]
RKP_01000_00100_4_10.txt|100.0|0.09714920000000049|[862]
RKP_01000_00100_5_01.txt|100.0|0.10370340000000056|[33, 45, 105, 109, 618, 801]
RKP_01000_00100_5_02.txt|100.0|0.10450340000000047|[14, 117, 224, 225, 258, 448, 511, 841]
RKP_01000_00100_5_03.txt|100.0|0.09722370000000069|[369, 379]
RKP_01000_00100_5_04.txt|100.0|0.1250543999999998|[147, 254, 782]
RKP_01000_00100_5_05.txt|100.0|0.09921549999999968|[165, 659]
RKP_01000_00100_5_06.txt|100.0|0.10043229999999959|[99, 117, 132, 136, 167, 176, 183, 500, 736]
RKP_01000_00100_5_07.txt|100.0|0.1006727000000005|[103, 859]
RKP_01000_00100_5_08.txt|100.0|0.09999419999999937|[21, 184, 244, 294, 311, 827]
RKP_01000_00100_5_09.txt|100.0|0.10127350000000135|[12, 55, 179, 181, 229, 400, 613]
RKP_01000_00100_5_10.txt|100.0|0.10309230000000014|[9, 56, 84, 168, 217, 348]
RKP_05000_00100_1_01.txt|4561.0|0.6184969999999996|[1, 3, 4, 5, 7, 8, 9, 13, 16, 20, 21, 22, 24, 31, 49, 51, 59, 68, 89, 99, 115, 116, 150, 155, 213, 302, 465, 518, 540, 553, 642, 801, 852, 904, 1181, 1207, 1213, 1275, 1277, 1366, 1373, 1406, 1485, 1568, 1700, 1723, 1839, 2003, 2091, 2106, 2398, 2478, 2505, 2548, 2556, 2692, 3411, 3645, 3733, 4536, 4545]
RKP_05000_00100_1_02.txt|4320.0|0.5832098000000023|[2, 16, 18, 28, 31, 42, 44, 57, 60, 65, 73, 75, 99, 104, 171, 174, 213, 235, 275, 277, 301, 304, 338, 350, 357, 374, 420, 437, 448, 463, 601, 892, 1236, 1432, 1557, 1585, 1720, 1821, 1908, 2056, 2586, 2669, 2793, 2809, 2939, 3013, 3158, 3415, 3648, 3739, 4071, 4311, 4339, 4439, 4651]
RKP_05000_00100_1_03.txt|4301.0|0.5746459000000002|[1, 2, 5, 6, 7, 10, 22, 27, 81, 136, 193, 203, 207, 208, 219, 304, 326, 350, 410, 591, 684, 793, 929, 961, 1020, 1035, 1066, 1069, 1179, 1237, 1283, 1355, 1363, 1394, 1550, 1588, 1634, 1880, 1912, 2382, 2442, 2646, 2797, 2939, 2992, 3005, 3036, 3127, 3261, 3382, 3471, 3801, 4053, 4396, 4436, 4693, 4798]
RKP_05000_00100_1_04.txt|3981.0|0.6045587000000019|[2, 5, 7, 9, 16, 23, 38, 41, 78, 104, 131, 135, 147, 233, 378, 416, 455, 557, 579, 651, 713, 795, 868, 898, 936, 979, 997, 1048, 1173, 1210, 1367, 1521, 1527, 1633, 1764, 1814, 1931, 2030, 2255, 2528, 2565, 2594, 2831, 2934, 3006, 3053, 3064, 3085, 3198, 3225, 3336, 3338, 3484, 3503, 3605, 3644, 3703, 4248, 4280, 4320]
RKP_05000_00100_1_05.txt|4217.0|0.5926055999999988|[2, 4, 8, 14, 16, 20, 23, 30, 33, 38, 44, 53, 60, 64, 92, 96, 119, 158, 174, 230, 270, 288, 306, 317, 356, 427, 507, 527, 541, 542, 608, 644, 660, 667, 907, 977, 1088, 1169, 1249, 1309, 1432, 1433, 1759, 2347, 2447, 2537, 2850, 2886, 2922, 2995, 3454, 3856, 4002, 4179, 4251, 4588, 4630, 4969]
RKP_05000_00100_1_06.txt|4240.0|0.5499993000000032|[2, 7, 8, 11, 14, 18, 21, 25, 41, 44, 45, 55, 62, 73, 108, 111, 115, 122, 131, 133, 139, 147, 152, 155, 208, 219, 238, 329, 377, 457, 569, 594, 645, 652, 694, 701, 745, 747, 807, 866, 888, 912, 920, 1031, 1186, 1259, 1279, 1319, 1512, 1542, 1799, 2000, 2077, 2608, 2842, 3239, 3571, 3825, 4655]
RKP_05000_00100_1_07.txt|4652.0|0.6148726999999994|[1, 3, 4, 5, 11, 13, 30, 32, 54, 55, 79, 90, 97, 104, 118, 124, 180, 188, 192, 204, 219, 244, 451, 453, 457, 551, 582, 646, 811, 876, 880, 930, 931, 1149, 1187, 1199, 1222, 1299, 1437, 1674, 1758, 1762, 1827, 1913, 2018, 2037, 2041, 2207, 2258, 2367, 2438, 2591, 2883, 3111, 3162, 3167, 3370, 3419, 3473, 3484, 3566, 4252]
RKP_05000_00100_1_08.txt|4008.000000000001|0.6338502000000013|[6, 29, 54, 66, 72, 82, 120, 137, 154, 179, 183, 186, 215, 234, 260, 264, 266, 275, 276, 288, 300, 345, 441, 502, 538, 745, 777, 816, 820, 906, 985, 1029, 1079, 1267, 1318, 1337, 1358, 1632, 1908, 1984, 2248, 2399, 2535, 2780, 2845, 2899, 2994, 3226, 3259, 3876, 3911, 3927, 4344, 4638, 4811, 4998]
RKP_05000_00100_1_09.txt|3934.0|0.6369146000000008|[6, 30, 42, 43, 74, 83, 90, 178, 179, 190, 230, 270, 307, 325, 329, 383, 423, 447, 463, 512, 533, 588, 593, 635, 729, 747, 786, 816, 1184, 1260, 1309, 1363, 1387, 1427, 1441, 1448, 1736, 1769, 1856, 1869, 2349, 2596, 2807, 2965, 3051, 3200, 3556, 3572, 3697, 3704, 3759, 4135, 4156, 4378, 4424]
RKP_05000_00100_1_10.txt|4476.0|0.5793862999999995|[1, 2, 8, 14, 15, 20, 25, 26, 43, 48, 60, 83, 90, 111, 131, 134, 143, 153, 176, 180, 189, 230, 272, 304, 321, 352, 363, 429, 437, 445, 482, 564, 585, 612, 629, 662, 780, 795, 805, 930, 952, 1091, 1221, 1342, 1350, 1395, 1422, 1517, 1804, 1983, 2028, 2061, 2552, 2616, 3065, 3086, 3176, 3373, 3734, 4185, 4369, 4883]
RKP_05000_00100_2_01.txt|415.0|0.47138739999999757|[3, 5, 25, 40, 44, 77, 110, 142, 144, 148, 220, 246, 315, 493, 540, 626, 736, 848, 1057, 1187, 1238, 1272, 1292, 1647, 1715, 1741, 1835, 2019, 2120, 2210, 2218, 2295, 2729, 2948, 3020, 3518, 4039, 4620, 4675]
RKP_05000_00100_2_02.txt|461.0|0.4420281999999993|[3, 4, 8, 10, 15, 22, 29, 33, 35, 40, 61, 73, 101, 103, 152, 155, 242, 275, 407, 455, 532, 536, 578, 656, 677, 763, 871, 1014, 1194, 1307, 1570, 1770, 1793, 1800, 2263, 2360, 2412, 2439, 2501, 2707, 2984, 2992, 3004, 3178, 3238, 3848, 4347, 4978]
RKP_05000_00100_2_03.txt|453.0|0.4480405999999988|[1, 5, 6, 12, 17, 22, 39, 54, 82, 113, 185, 195, 202, 242, 314, 388, 442, 500, 524, 592, 710, 711, 769, 839, 840, 842, 895, 1122, 1332, 1463, 1469, 1749, 1867, 1925, 2550, 2606, 2844, 3166, 3332, 3625, 3890, 3969, 4547, 4655, 4806, 4989]
RKP_05000_00100_2_04.txt|446.0|0.4710625999999998|[1, 5, 31, 35, 45, 54, 67, 72, 87, 99, 109, 168, 225, 283, 325, 363, 387, 483, 491, 506, 531, 674, 687, 752, 950, 1107, 1138, 1139, 1415, 1565, 1566, 1633, 1671, 1864, 2042, 2052, 2100, 2126, 2299, 3028, 3108, 3153, 3585, 3838, 4139]
RKP_05000_00100_2_05.txt|464.0|0.42366799999999927|[5, 22, 29, 31, 51, 52, 69, 99, 274, 355, 366, 413, 426, 452, 522, 612, 797, 829, 942, 984, 991, 1029, 1076, 1654, 1741, 1823, 1903, 2206, 2208, 2261, 2332, 2365, 2545, 2614, 2703, 2785, 2815, 3226, 3241, 3374, 3406, 3481, 3555, 3573, 3758, 3817]
RKP_05000_00100_2_06.txt|437.0|0.49090690000000237|[1, 3, 23, 62, 135, 136, 182, 222, 324, 326, 327, 356, 367, 369, 437, 466, 502, 602, 758, 816, 926, 1109, 1193, 1288, 1383, 1394, 1433, 1581, 1688, 1917, 2039, 2040, 2075, 2118, 2148, 2322, 2408, 2422, 2453, 3347, 3385, 3682, 4405, 4478, 4550]
RKP_05000_00100_2_07.txt|441.0|0.4314865999999995|[1, 2, 3, 7, 49, 71, 74, 79, 141, 169, 180, 194, 216, 235, 260, 261, 333, 341, 345, 373, 396, 498, 516, 595, 649, 938, 1063, 1103, 1387, 1389, 1601, 1949, 2108, 2246, 2323, 2332, 2419, 2528, 2641, 3229, 3488, 3555, 3689, 3866, 4327]
RKP_05000_00100_2_08.txt|423.0|0.41808369999999684|[1, 2, 7, 9, 14, 15, 25, 34, 41, 57, 98, 99, 152, 199, 227, 291, 342, 367, 394, 464, 524, 560, 621, 636, 671, 672, 735, 792, 869, 953, 1204, 1273, 1330, 1492, 1617, 1638, 1700, 2068, 2133, 2584, 2915, 3246, 3696, 4543, 4658]
RKP_05000_00100_2_09.txt|476.0|0.4422922000000007|[5, 6, 13, 15, 18, 20, 45, 61, 75, 88, 112, 142, 151, 218, 238, 244, 294, 315, 355, 362, 392, 433, 574, 678, 755, 846, 955, 1008, 1149, 1203, 1331, 1335, 1338, 1397, 1611, 1679, 1818, 1873, 1919, 2213, 2318, 2352, 2365, 2520, 2692, 2953, 3890, 4070, 4171, 4778]
RKP_05000_00100_2_10.txt|436.0|0.41270940000000067|[19, 66, 72, 74, 78, 113, 120, 123, 136, 163, 210, 253, 275, 291, 302, 315, 373, 387, 477, 660, 918, 935, 1313, 1459, 1547, 1576, 1773, 1932, 2022, 2133, 2283, 2318, 2435, 2456, 2755, 2768, 3005, 3077, 3123, 3300, 4012, 4424, 4994]
RKP_05000_00100_3_01.txt|750.0|0.34571610000000064|[1, 3, 4, 7, 8, 10, 11, 22, 26, 55, 58, 67, 69, 83, 97, 104, 118, 135, 231, 242, 276, 288, 312, 334, 345, 349, 361, 465, 471, 504, 506, 533, 534, 558, 588, 610, 692, 821, 900, 948, 1006, 1037, 1119, 1187, 1232, 1272, 1363, 1556, 1636, 1733, 1751, 1994, 2035, 2768, 3020, 3046, 3252, 3272, 3292, 3674, 3675, 3683, 3743, 4195, 4471]
RKP_05000_00100_3_02.txt|820.0|0.4116621000000009|[1, 3, 17, 19, 22, 31, 36, 38, 54, 55, 74, 93, 94, 98, 132, 135, 145, 148, 166, 167, 168, 219, 272, 280, 312, 313, 351, 355, 356, 392, 426, 427, 434, 453, 496, 512, 554, 776, 856, 879, 973, 989, 993, 1047, 1119, 1271, 1353, 1510, 1824, 1834, 1876, 2005, 2059, 2135, 2362, 2367, 2409, 2674, 2689, 2722, 2762, 2772, 2988, 3228, 3318, 3344, 3504, 3676, 4055, 4114, 4432, 4494]
RKP_05000_00100_3_03.txt|840.0|0.37577909999999903|[1, 3, 5, 6, 14, 15, 18, 20, 21, 24, 52, 76, 86, 96, 129, 140, 159, 191, 192, 205, 258, 283, 341, 351, 380, 387, 403, 446, 520, 546, 647, 714, 894, 901, 909, 963, 977, 979, 996, 1051, 1058, 1109, 1175, 1226, 1304, 1347, 1409, 1459, 1487, 1558, 1672, 1732, 1847, 1941, 2659, 2662, 2676, 2793, 2858, 2962, 2984, 2989, 3115, 3260, 3566, 4111, 4254, 4440, 4520, 4528, 4547, 4563, 4874, 4968]
RKP_05000_00100_3_04.txt|820.0|0.338277699999999|[2, 3, 5, 9, 11, 14, 24, 28, 47, 48, 59, 72, 99, 100, 118, 130, 133, 205, 266, 282, 298, 309, 315, 318, 320, 364, 365, 375, 411, 446, 648, 708, 759, 769, 770, 808, 819, 898, 995, 1024, 1182, 1193, 1227, 1264, 1283, 1293, 1338, 1347, 1348, 1380, 1433, 1570, 1739, 1757, 1788, 1905, 2156, 2274, 2340, 2386, 2600, 2634, 2992, 3111, 3384, 3399, 3639, 3697, 3851, 4136, 4679, 4996]
RKP_05000_00100_3_05.txt|730.0|0.38737210000000033|[1, 25, 47, 52, 60, 79, 81, 113, 122, 147, 206, 220, 230, 235, 238, 292, 295, 304, 362, 435, 448, 480, 542, 563, 573, 583, 588, 614, 638, 656, 669, 891, 905, 909, 936, 973, 994, 1088, 1259, 1491, 1668, 1810, 1858, 2337, 2456, 2596, 2671, 2714, 2837, 2859, 2877, 2928, 3114, 3135, 3492, 3753, 4063, 4073, 4118, 4182, 4207, 4398, 4423]
RKP_05000_00100_3_06.txt|820.0|0.38017779999999846|[1, 2, 3, 4, 5, 15, 25, 26, 27, 29, 35, 45, 68, 80, 86, 103, 104, 108, 119, 121, 179, 203, 221, 244, 270, 290, 352, 413, 440, 452, 492, 551, 564, 683, 700, 755, 765, 787, 796, 899, 1046, 1130, 1148, 1347, 1366, 1376, 1474, 1477, 1657, 1698, 1702, 1735, 1854, 1860, 1884, 2159, 2205, 2457, 2520, 2528, 2535, 2710, 2878, 2889, 2978, 3082, 3091, 3112, 3943, 4151, 4211, 4282]
RKP_05000_00100_3_07.txt|820.0|0.40210869999999943|[2, 9, 10, 14, 16, 18, 26, 29, 30, 32, 68, 77, 85, 89, 93, 96, 98, 99, 114, 119, 130, 166, 167, 169, 178, 185, 189, 206, 213, 222, 281, 304, 355, 356, 362, 372, 416, 485, 495, 507, 523, 549, 566, 583, 699, 719, 799, 817, 859, 883, 980, 1030, 1411, 1453, 1577, 1833, 1892, 2113, 2232, 2510, 2528, 2632, 2869, 3232, 3416, 3596, 3653, 3863, 4083, 4185, 4467, 4835]
RKP_05000_00100_3_08.txt|850.0|0.3618542999999974|[1, 4, 5, 6, 13, 17, 24, 28, 36, 47, 97, 100, 101, 108, 161, 191, 215, 227, 238, 294, 296, 328, 343, 346, 484, 491, 502, 515, 557, 572, 645, 684, 685, 700, 785, 888, 925, 940, 969, 1047, 1106, 1208, 1238, 1240, 1344, 1355, 1414, 1478, 1502, 1517, 1802, 1914, 2068, 2084, 2091, 2154, 2276, 2313, 2430, 2465, 2572, 2702, 3001, 3330, 3335, 3410, 3716, 3821, 4035, 4062, 4178, 4225, 4318, 4353, 4735]
RKP_05000_00100_3_09.txt|810.0|0.3723870999999974|[2, 3, 4, 8, 10, 24, 29, 40, 49, 55, 57, 63, 101, 111, 116, 137, 154, 205, 262, 271, 277, 350, 355, 424, 447, 466, 585, 600, 636, 662, 754, 789, 827, 839, 981, 1074, 1161, 1210, 1328, 1499, 1517, 1532, 1558, 1683, 1715, 1818, 1913, 1972, 2032, 2033, 2048, 2227, 2275, 2372, 2453, 2595, 2618, 2862, 2885, 2897, 2925, 3120, 3127, 3562, 3727, 3987, 4097, 4348, 4459, 4681, 4813]
RKP_05000_00100_3_10.txt|790.0|0.38520739999999876|[3, 4, 5, 8, 21, 22, 39, 52, 63, 110, 119, 141, 166, 216, 227, 236, 252, 283, 333, 336, 383, 526, 540, 559, 614, 666, 685, 780, 787, 793, 798, 860, 881, 933, 1040, 1046, 1075, 1111, 1166, 1259, 1323, 1426, 1430, 1457, 1547, 1688, 1928, 1938, 1946, 2051, 2107, 2195, 2235, 2244, 2280, 2312, 2567, 2583, 2720, 2816, 2929, 3361, 3506, 3869, 3877, 3997, 4448, 4628, 4783]
RKP_05000_00100_4_01.txt|100.0|0.3488433999999998|[4203]
RKP_05000_00100_4_02.txt|100.0|0.3430041000000017|[4283]
RKP_05000_00100_4_03.txt|100.0|0.39394980000000146|[4228]
RKP_05000_00100_4_04.txt|100.0|0.34607719999999986|[4218]
RKP_05000_00100_4_05.txt|100.0|0.34038520000000005|[4218]
RKP_05000_00100_4_06.txt|100.0|0.3766292|[4203]
RKP_05000_00100_4_07.txt|100.0|0.3612490999999949|[4210]
RKP_05000_00100_4_08.txt|100.0|0.34365750000000617|[4203]
RKP_05000_00100_4_09.txt|100.0|0.384004400000002|[4232]
RKP_05000_00100_4_10.txt|100.0|0.34665909999999656|[4226]
RKP_05000_00100_5_01.txt|100.0|0.372190499999995|[57, 105, 175, 819, 878, 1677, 2895]
RKP_05000_00100_5_02.txt|100.0|0.3505921000000001|[10, 336, 779, 788]
RKP_05000_00100_5_03.txt|100.0|0.34896010000000643|[324, 754, 757, 777]
RKP_05000_00100_5_04.txt|100.0|0.3824159999999992|[1, 60, 85, 335, 337, 1226, 2238, 2618, 4241]
RKP_05000_00100_5_05.txt|100.0|0.3412390000000016|[926, 958, 1211]
RKP_05000_00100_5_06.txt|100.0|0.3637625|[136, 1117, 2035, 2669, 4982]
RKP_05000_00100_5_07.txt|100.0|0.38391630000000276|[749, 776, 1077]
RKP_05000_00100_5_08.txt|100.0|0.34344910000000084|[802, 1013, 1167, 2579]
RKP_05000_00100_5_09.txt|100.0|0.3811137000000002|[206, 806, 1015, 1698]
RKP_05000_00100_5_10.txt|100.0|0.38293649999999957|[5, 7, 8, 22, 49, 209, 547, 705, 1015, 1518, 1581, 1750, 1802, 2069, 2313, 2669, 3346, 4099, 4676, 4899]
RKP_05000_01000_1_01.txt|55241.0|0.710250600000002|[1, 2, 8, 10, 13, 15, 16, 17, 18, 22, 23, 33, 35, 53, 78, 86, 96, 118, 123, 151, 164, 212, 226, 271, 328, 334, 368, 379, 399, 424, 491, 551, 661, 684, 700, 726, 732, 751, 778, 866, 969, 974, 991, 1034, 1145, 1196, 1214, 1232, 1233, 1387, 1431, 1591, 1724, 1742, 1756, 1775, 1810, 1841, 1858, 1919, 1928, 1979, 2077, 2187, 2254, 2481, 2567, 2629, 2777, 2814, 3144, 3187, 3256, 3282, 3485, 3791, 3799, 4129, 4223, 4971]
RKP_05000_01000_1_02.txt|57988.0|0.7574114000000023|[1, 3, 7, 10, 17, 22, 36, 39, 41, 65, 78, 84, 89, 109, 130, 155, 165, 222, 235, 282, 293, 304, 337, 368, 406, 425, 464, 506, 539, 588, 609, 622, 646, 675, 681, 694, 728, 772, 790, 837, 918, 928, 988, 1055, 1205, 1261, 1277, 1329, 1337, 1343, 1403, 1414, 1455, 1590, 1604, 1677, 1683, 1999, 2011, 2041, 2093, 2120, 2198, 2379, 2594, 2727, 2745, 2750, 2769, 2800, 2825, 2832, 2973, 3095, 3349, 3565, 3628, 3795, 3875, 4489, 4961]
RKP_05000_01000_1_03.txt|51577.0|0.7447804999999974|[1, 3, 8, 9, 13, 22, 24, 33, 62, 67, 94, 135, 165, 174, 176, 186, 248, 272, 339, 344, 441, 479, 533, 649, 749, 810, 852, 875, 882, 933, 940, 1006, 1027, 1039, 1128, 1150, 1219, 1248, 1339, 1364, 1384, 1415, 1475, 1478, 1483, 1534, 1605, 1614, 1673, 1719, 1822, 1854, 2016, 2080, 2110, 2125, 2161, 2468, 2471, 2682, 2688, 2848, 3194, 3232, 3276, 3392, 3682, 3835, 3920, 4191, 4193, 4216, 4283, 4640]
RKP_05000_01000_1_04.txt|53963.0|0.7729603000000012|[1, 2, 5, 7, 8, 9, 10, 16, 17, 24, 25, 35, 49, 50, 52, 61, 64, 71, 103, 105, 114, 132, 133, 135, 181, 191, 210, 223, 238, 248, 270, 304, 318, 351, 395, 465, 473, 498, 533, 547, 594, 625, 670, 687, 716, 724, 794, 886, 952, 1074, 1107, 1142, 1174, 1218, 1275, 1395, 1416, 1450, 1597, 1689, 1901, 1916, 2047, 2060, 2177, 2320, 2470, 2550, 2580, 2649, 2999, 3055, 3926, 4232, 4277, 4397, 4624, 4775]
RKP_05000_01000_1_05.txt|52562.0|0.7933236999999949|[2, 5, 8, 9, 12, 14, 16, 25, 48, 65, 69, 72, 85, 91, 93, 94, 97, 120, 130, 132, 157, 168, 208, 231, 254, 259, 267, 279, 330, 339, 349, 352, 385, 430, 467, 580, 584, 592, 593, 651, 667, 711, 816, 838, 903, 943, 985, 1049, 1093, 1142, 1150, 1155, 1162, 1227, 1316, 1320, 1411, 1576, 1588, 1606, 1607, 1649, 1708, 1883, 2004, 2069, 2256, 2263, 2271, 2350, 2360, 2397, 2547, 2570, 2819, 2834, 3067, 3468, 4053, 4096, 4118]
RKP_05000_01000_1_06.txt|53930.0|0.7137494000000046|[2, 3, 4, 6, 8, 37, 42, 48, 51, 52, 60, 80, 90, 107, 150, 157, 159, 163, 188, 192, 217, 224, 269, 288, 292, 297, 336, 343, 399, 429, 498, 503, 601, 616, 637, 646, 656, 687, 688, 691, 697, 721, 736, 883, 894, 943, 998, 1002, 1040, 1062, 1097, 1145, 1192, 1242, 1305, 1368, 1494, 1511, 1530, 1662, 1689, 1812, 1879, 1910, 1916, 2012, 2025, 2048, 2050, 2168, 2195, 2483, 2517, 2857, 2861, 2865, 2925, 3076, 3109, 3846, 4183, 4196, 4603, 4793]
RKP_05000_01000_1_07.txt|48905.0|0.7002808000000016|[1, 2, 15, 21, 27, 38, 44, 46, 65, 77, 84, 91, 119, 130, 161, 188, 198, 204, 213, 226, 241, 363, 386, 393, 421, 424, 453, 488, 523, 568, 569, 608, 628, 637, 651, 666, 753, 795, 848, 957, 985, 1052, 1175, 1178, 1198, 1346, 1359, 1378, 1433, 1489, 1605, 1607, 1645, 1659, 1666, 1697, 1741, 1764, 1865, 1904, 2001, 2145, 2235, 2245, 2593, 2669, 2984, 3402, 3438, 4009, 4242]
RKP_05000_01000_1_08.txt|51473.0|0.7821418999999992|[1, 7, 10, 12, 15, 20, 24, 29, 39, 40, 43, 66, 75, 79, 81, 89, 109, 115, 117, 118, 140, 151, 190, 207, 217, 235, 244, 279, 298, 389, 411, 427, 430, 488, 527, 531, 534, 575, 651, 670, 738, 785, 849, 890, 892, 952, 1029, 1088, 1275, 1344, 1391, 1485, 1487, 1574, 2070, 2099, 2110, 2356, 2382, 2528, 2585, 2723, 2841, 3083, 3288, 3318, 3323, 3437, 3788, 3925, 4070, 4497, 4666]
RKP_05000_01000_1_09.txt|55944.0|0.7657822999999979|[1, 2, 3, 4, 6, 7, 8, 17, 18, 25, 27, 29, 32, 39, 49, 51, 73, 94, 104, 106, 128, 136, 153, 157, 163, 190, 191, 302, 342, 359, 364, 390, 427, 451, 473, 499, 562, 563, 684, 714, 844, 883, 996, 998, 1113, 1242, 1337, 1362, 1366, 1401, 1414, 1434, 1481, 1495, 1579, 1679, 1699, 1714, 1788, 1854, 1911, 2034, 2121, 2227, 2239, 2246, 2328, 2364, 2381, 2399, 2844, 2845, 3179, 3245, 3448, 3556, 3644, 3744, 3900, 3964, 4115]
RKP_05000_01000_1_10.txt|57244.0|0.7619133000000033|[1, 2, 4, 9, 11, 17, 28, 33, 38, 43, 47, 49, 80, 100, 103, 104, 124, 129, 152, 161, 180, 187, 193, 212, 245, 255, 261, 359, 384, 461, 472, 486, 495, 500, 528, 582, 604, 634, 740, 785, 813, 839, 844, 888, 904, 1044, 1076, 1095, 1253, 1284, 1313, 1333, 1361, 1413, 1423, 1430, 1436, 1476, 1479, 1553, 1636, 1640, 1644, 1680, 1731, 1817, 1914, 2153, 2184, 2216, 2309, 2541, 2544, 2560, 2608, 2671, 2698, 2753, 2768, 2867, 3137, 4036]
RKP_05000_01000_2_01.txt|4262.0|0.9107832000000045|[2, 5, 12, 23, 26, 28, 34, 88, 103, 115, 147, 153, 165, 176, 273, 309, 339, 351, 395, 413, 478, 483, 687, 724, 761, 947, 951, 997, 1011, 1046, 1100, 1282, 1473, 1487, 1573, 1641, 1730, 1844, 1898, 2000, 2057, 2281, 2351, 2400, 2569, 2671, 3060, 3395, 3919, 4001, 4166, 4493, 4598]
RKP_05000_01000_2_02.txt|4524.0|0.912384000000003|[2, 3, 20, 44, 51, 62, 76, 78, 79, 88, 94, 121, 126, 166, 214, 279, 311, 317, 338, 365, 379, 462, 471, 491, 545, 667, 820, 862, 946, 964, 1000, 1045, 1049, 1068, 1159, 1196, 1294, 1503, 1577, 1693, 1739, 1812, 1856, 1964, 2213, 2308, 2419, 2515, 2581, 2933, 2983, 3024, 3498, 3711, 4977]
RKP_05000_01000_2_03.txt|4628.0|0.9880702999999968|[7, 15, 49, 51, 63, 69, 86, 88, 104, 106, 118, 131, 171, 177, 217, 286, 305, 308, 341, 465, 477, 507, 589, 655, 726, 858, 862, 942, 1002, 1132, 1256, 1354, 1483, 1676, 1732, 1958, 2164, 2340, 2548, 2601, 2610, 2930, 3087, 3180, 3351, 3416, 3540, 3822, 3938, 4457, 4964]
RKP_05000_01000_2_04.txt|5089.0|0.949892399999996|[1, 3, 7, 17, 19, 22, 23, 51, 54, 57, 63, 82, 84, 153, 163, 183, 247, 302, 348, 371, 509, 545, 547, 567, 585, 667, 703, 758, 768, 916, 1065, 1086, 1100, 1136, 1209, 1210, 1319, 1539, 1672, 1740, 1799, 1989, 2237, 2245, 2249, 2408, 2518, 2928, 2989, 3183, 3498, 3530, 3767, 3872, 4236, 4424, 4454]
RKP_05000_01000_2_05.txt|4704.0|0.9698416000000023|[3, 4, 5, 8, 9, 12, 16, 23, 30, 33, 34, 43, 70, 80, 156, 201, 204, 260, 269, 273, 290, 344, 360, 390, 420, 427, 453, 478, 526, 734, 737, 775, 784, 876, 957, 1052, 1064, 1132, 1158, 1223, 1256, 1424, 1576, 1622, 1672, 1680, 1762, 1839, 2008, 2513, 2548, 2686, 3321, 4215, 4485]
RKP_05000_01000_2_06.txt|4863.0|0.9950601999999975|[1, 2, 27, 30, 36, 59, 61, 63, 94, 105, 109, 114, 138, 152, 154, 184, 242, 252, 282, 328, 336, 344, 386, 464, 473, 670, 672, 683, 707, 714, 739, 862, 900, 925, 1064, 1134, 1369, 1477, 1569, 1619, 1852, 1898, 1933, 1948, 1991, 2201, 2287, 2446, 2476, 2484, 2638, 2690, 3111, 4407, 4545, 4951]
RKP_05000_01000_2_07.txt|4966.000000000003|0.9674700000000058|[1, 5, 11, 12, 33, 59, 105, 157, 193, 199, 207, 212, 228, 238, 257, 294, 368, 516, 751, 759, 771, 772, 909, 997, 1123, 1231, 1265, 1437, 1552, 1593, 1625, 1643, 1702, 1811, 1886, 1902, 1935, 1976, 2206, 2233, 2241, 2282, 2341, 2461, 2608, 2843, 2864, 3031, 3085, 3129, 3147, 3196, 3275, 3507, 3658, 3882, 3974, 4089, 4279, 4453, 4495]
RKP_05000_01000_2_08.txt|4946.0|0.9076956999999979|[6, 14, 17, 44, 59, 78, 108, 114, 174, 200, 201, 213, 236, 242, 264, 278, 298, 312, 362, 371, 385, 397, 580, 634, 658, 660, 677, 747, 823, 901, 955, 972, 1016, 1067, 1114, 1156, 1184, 1256, 1314, 1499, 1664, 1783, 1802, 1865, 1924, 2399, 2632, 2683, 2808, 2941, 3148, 3191, 3385, 3857, 4129, 4386]
RKP_05000_01000_2_09.txt|4567.0|0.977351800000001|[3, 4, 10, 13, 15, 22, 25, 36, 63, 77, 118, 128, 151, 175, 247, 270, 377, 379, 408, 536, 561, 677, 784, 821, 897, 997, 1132, 1226, 1259, 1428, 1556, 1583, 1587, 1627, 1786, 1844, 1992, 2005, 2094, 2140, 2317, 2887, 2982, 3113, 3297, 3478, 3583, 3974, 4669, 4691]
RKP_05000_01000_2_10.txt|4581.0|0.9904083999999997|[9, 15, 18, 19, 25, 29, 36, 55, 82, 95, 99, 137, 149, 191, 206, 227, 294, 337, 351, 420, 555, 587, 749, 922, 939, 941, 1011, 1049, 1175, 1176, 1303, 1491, 1494, 1502, 1523, 1619, 1745, 1926, 2034, 2318, 2559, 2998, 3163, 3584, 3674, 3712, 3887, 4015, 4050, 4057, 4084, 4267, 4809]
RKP_05000_01000_3_01.txt|9784.0|0.5072881000000038|[1, 2, 9, 12, 15, 16, 21, 23, 34, 37, 40, 45, 46, 47, 53, 60, 72, 77, 87, 97, 108, 109, 112, 114, 119, 150, 176, 193, 207, 237, 241, 274, 276, 284, 305, 372, 381, 384, 398, 400, 455, 539, 550, 553, 560, 562, 604, 623, 632, 688, 728, 749, 757, 917, 951, 996, 1038, 1047, 1081, 1087, 1139, 1140, 1190, 1198, 1365, 1369, 1382, 1600, 1615, 1698, 1779, 1894, 1958, 2056, 2178, 2241, 2250, 2429, 2461, 2608, 2748, 2783, 2851, 2874, 3246, 3591, 3683, 4101]
RKP_05000_01000_3_02.txt|10340.0|0.5591101999999992|[1, 2, 13, 25, 28, 33, 38, 39, 40, 41, 66, 68, 90, 107, 111, 129, 130, 140, 169, 209, 214, 230, 235, 263, 295, 303, 304, 305, 345, 379, 425, 436, 445, 446, 542, 562, 595, 609, 646, 718, 730, 759, 790, 801, 849, 878, 931, 1020, 1022, 1041, 1046, 1083, 1087, 1117, 1161, 1174, 1193, 1240, 1334, 1436, 1484, 1486, 1488, 1499, 1885, 1908, 2067, 2113, 2136, 2215, 2330, 2425, 2565, 2667, 2704, 2772, 2808, 2853, 2933, 2953, 2978, 2989, 2998, 3041, 3171, 3308, 3393, 3546, 3750, 3832, 4134, 4419, 4507, 4719]
RKP_05000_01000_3_03.txt|10696.0|0.48053159999999906|[1, 2, 3, 4, 5, 11, 22, 26, 36, 97, 115, 127, 129, 153, 156, 158, 163, 190, 199, 200, 214, 215, 239, 246, 286, 308, 360, 377, 399, 439, 452, 465, 480, 544, 568, 592, 609, 621, 652, 669, 709, 710, 763, 765, 794, 839, 856, 881, 896, 907, 952, 975, 1022, 1041, 1077, 1082, 1157, 1169, 1222, 1360, 1429, 1465, 1498, 1533, 1559, 1597, 1605, 1663, 1688, 1733, 1767, 1874, 1926, 2034, 2202, 2298, 2319, 2439, 2529, 2613, 2901, 2957, 3166, 3239, 3273, 3477, 3545, 3697, 3722, 3910, 4041, 4084, 4215, 4338, 4529, 4671, 4813]
RKP_05000_01000_3_04.txt|10693.0|0.5164557999999957|[1, 4, 5, 6, 7, 9, 13, 15, 17, 18, 27, 29, 35, 39, 45, 58, 63, 70, 82, 89, 94, 111, 132, 142, 175, 198, 206, 225, 258, 261, 263, 277, 306, 321, 337, 360, 362, 400, 437, 448, 456, 472, 495, 548, 568, 574, 610, 648, 650, 657, 680, 709, 747, 784, 827, 835, 864, 962, 977, 989, 1049, 1064, 1080, 1165, 1226, 1276, 1296, 1309, 1396, 1398, 1493, 1557, 1589, 1768, 1852, 1872, 1907, 1996, 2150, 2372, 2516, 2568, 2575, 2593, 2601, 2747, 2857, 2868, 2871, 3197, 3274, 3330, 3448, 3612, 3645, 4042, 4880]
RKP_05000_01000_3_05.txt|9991.0|0.5773980999999964|[1, 2, 3, 4, 6, 7, 8, 10, 11, 16, 19, 25, 26, 29, 32, 34, 37, 48, 49, 56, 112, 122, 143, 162, 169, 183, 184, 212, 283, 285, 296, 335, 344, 348, 486, 491, 501, 513, 555, 632, 638, 658, 692, 708, 748, 768, 777, 830, 912, 985, 998, 1033, 1060, 1069, 1090, 1259, 1263, 1292, 1305, 1500, 1502, 1516, 1552, 1588, 1619, 1759, 1770, 1859, 1909, 2077, 2123, 2298, 2447, 2460, 2615, 2723, 2744, 2970, 3055, 3068, 3167, 3243, 3370, 3439, 3440, 3469, 3558, 3584, 3635, 4338]
RKP_05000_01000_3_06.txt|10391.0|0.5085529000000051|[1, 3, 4, 6, 7, 12, 16, 39, 41, 45, 46, 55, 71, 76, 82, 86, 94, 102, 106, 124, 128, 135, 141, 184, 193, 206, 213, 214, 219, 227, 249, 265, 276, 287, 288, 345, 350, 368, 418, 431, 488, 490, 573, 603, 607, 623, 665, 686, 702, 734, 756, 760, 767, 801, 813, 839, 859, 889, 900, 931, 946, 1030, 1035, 1119, 1212, 1281, 1359, 1522, 1551, 1610, 1640, 1697, 1917, 2026, 2138, 2251, 2623, 2741, 2756, 2799, 3214, 3239, 3264, 3324, 3433, 3533, 4000, 4258, 4315, 4322, 4424, 4582, 4808, 4911]
RKP_05000_01000_3_07.txt|10058.0|0.5129661999999939|[1, 3, 5, 6, 8, 11, 13, 20, 31, 36, 60, 73, 75, 76, 79, 84, 94, 100, 125, 194, 214, 216, 218, 220, 221, 291, 293, 295, 319, 370, 393, 413, 417, 422, 427, 462, 477, 487, 527, 539, 593, 608, 640, 658, 707, 762, 827, 849, 883, 884, 891, 896, 991, 1003, 1055, 1066, 1090, 1123, 1173, 1179, 1262, 1407, 1470, 1544, 1564, 1709, 1783, 1789, 1792, 1825, 1998, 2043, 2104, 2111, 2357, 2360, 2448, 2587, 2716, 2900, 2966, 3085, 3135, 3146, 3402, 3438, 3609, 3628, 3716, 4131, 4456]
RKP_05000_01000_3_08.txt|10266.0|0.5353846000000004|[1, 3, 4, 6, 7, 14, 20, 22, 28, 30, 35, 36, 80, 82, 116, 118, 122, 126, 134, 152, 154, 162, 213, 217, 226, 230, 250, 264, 270, 279, 295, 301, 331, 394, 474, 489, 525, 556, 654, 656, 660, 675, 686, 725, 883, 895, 901, 911, 944, 953, 1009, 1014, 1036, 1077, 1117, 1134, 1135, 1159, 1273, 1364, 1395, 1513, 1588, 1636, 1733, 1770, 1810, 1970, 1976, 2019, 2236, 2364, 2381, 2402, 2484, 2808, 2858, 2977, 3017, 3087, 3214, 3237, 3284, 3346, 3445, 3571, 3808, 4022, 4192, 4463, 4487, 4700, 4779]
RKP_05000_01000_3_09.txt|9686.0|0.5113026000000005|[1, 2, 7, 8, 9, 13, 14, 26, 27, 40, 42, 51, 57, 61, 73, 77, 81, 86, 87, 99, 100, 106, 111, 136, 152, 159, 193, 207, 222, 237, 242, 252, 281, 310, 376, 384, 426, 462, 492, 494, 556, 564, 655, 661, 664, 671, 673, 751, 760, 786, 830, 852, 886, 921, 931, 995, 1003, 1040, 1104, 1148, 1189, 1313, 1322, 1420, 1468, 1471, 1488, 1684, 1800, 2024, 2051, 2055, 2486, 2497, 2511, 2577, 2621, 2706, 2941, 3256, 3392, 3443, 3538, 3572, 3618, 4136, 4292]
RKP_05000_01000_3_10.txt|10047.0|0.5590655000000027|[1, 2, 3, 5, 6, 10, 16, 25, 33, 50, 52, 66, 69, 73, 112, 119, 145, 191, 194, 196, 218, 219, 235, 270, 275, 287, 305, 308, 343, 344, 360, 369, 393, 413, 417, 434, 456, 458, 479, 502, 627, 692, 781, 789, 808, 811, 833, 876, 1019, 1093, 1097, 1125, 1184, 1279, 1329, 1498, 1530, 1621, 1635, 1785, 1803, 1847, 1854, 2189, 2322, 2458, 2631, 2749, 2764, 2813, 2877, 2894, 2915, 2940, 3026, 3119, 3127, 3150, 3234, 3240, 3251, 3435, 3589, 3788, 3879, 4052, 4227, 4466, 4578, 4631, 4747]
RKP_05000_01000_4_01.txt|1000.0|0.4158873000000014|[4615]
RKP_05000_01000_4_02.txt|1000.0|0.42863040000000296|[4655]
RKP_05000_01000_4_03.txt|1000.0|0.4520061999999996|[4567]
RKP_05000_01000_4_04.txt|1000.0|0.44061819999999585|[4559]
RKP_05000_01000_4_05.txt|1000.0|0.4264520999999988|[4575]
RKP_05000_01000_4_06.txt|1000.0|0.4624345000000005|[4580]
RKP_05000_01000_4_07.txt|1000.0|0.42887759999999986|[4493]
RKP_05000_01000_4_08.txt|1000.0|0.4555907000000019|[4472]
RKP_05000_01000_4_09.txt|1000.0|0.42206629999999734|[4528]
RKP_05000_01000_4_10.txt|1000.0|0.41731790000000046|[4469]
RKP_05000_01000_5_01.txt|1000.0|0.4975891000000061|[86, 268, 374, 964, 1002, 1042, 1137]
RKP_05000_01000_5_02.txt|1000.0|0.447895299999999|[110, 127, 962, 1005, 1760, 1901, 3510]
RKP_05000_01000_5_03.txt|1000.0|0.4639829999999989|[30, 71, 88, 101, 532, 1000, 1115, 1428, 1857, 3308]
RKP_05000_01000_5_04.txt|1000.0|0.4982746999999961|[1, 397, 975, 1035, 1575, 2097]
RKP_05000_01000_5_05.txt|1000.0|0.4915642999999932|[15, 100, 247, 335, 408, 484, 659, 914, 1000, 1069, 2145, 4212, 4908]
RKP_05000_01000_5_06.txt|1000.0|0.4574271999999979|[123, 176, 629, 968, 1003, 1309, 2794, 3938]
RKP_05000_01000_5_07.txt|1000.0|0.48999890000000335|[12, 1000, 3658]
RKP_05000_01000_5_08.txt|1000.0|0.45548550000000887|[10, 59, 919, 1006, 2541, 3025, 3516]
RKP_05000_01000_5_09.txt|1000.0|0.48663489999999854|[138, 1234, 2256, 2308, 3471]
RKP_05000_01000_5_10.txt|1000.0|0.4873536000000058|[1, 133, 504, 1258, 1316, 2033, 2058, 2262]
RKP_05000_05000_1_01.txt|267692.0|0.7615864999999928|[2, 3, 4, 8, 21, 25, 30, 33, 36, 40, 41, 50, 74, 75, 78, 94, 96, 100, 134, 149, 168, 174, 203, 206, 226, 234, 239, 248, 254, 255, 263, 274, 279, 290, 358, 477, 496, 498, 521, 522, 562, 604, 688, 747, 798, 809, 826, 1083, 1200, 1201, 1231, 1246, 1247, 1260, 1270, 1286, 1293, 1305, 1416, 1437, 1543, 1595, 1685, 1939, 2195, 2321, 2685, 2687, 2896, 2945, 2997, 3113, 3266, 3721, 3813, 4077, 4308, 4777, 4810]
RKP_05000_05000_1_02.txt|299550.0|0.7296968999999933|[1, 4, 5, 8, 9, 10, 14, 18, 21, 24, 38, 45, 55, 57, 89, 104, 113, 117, 126, 141, 213, 231, 238, 240, 269, 297, 310, 334, 349, 361, 365, 378, 396, 444, 474, 537, 668, 669, 712, 771, 785, 787, 805, 814, 857, 876, 903, 1005, 1041, 1044, 1069, 1075, 1107, 1115, 1152, 1309, 1374, 1379, 1459, 1722, 1786, 1842, 1855, 1870, 1979, 1987, 2089, 2174, 2403, 2667, 2706, 2786, 3059, 3538, 3588, 3696, 3754, 3842, 3921, 3940, 4074, 4197, 4382, 4402, 4712, 4832]
RKP_05000_05000_1_03.txt|276373.0|0.6748002000000071|[1, 2, 5, 7, 8, 18, 22, 25, 31, 46, 62, 63, 73, 78, 80, 86, 110, 115, 133, 206, 231, 233, 249, 318, 339, 353, 393, 426, 434, 435, 451, 481, 482, 488, 504, 557, 582, 586, 645, 651, 692, 811, 872, 908, 960, 1098, 1099, 1108, 1115, 1227, 1236, 1244, 1261, 1265, 1290, 1374, 1414, 1441, 1477, 1775, 2124, 2264, 2426, 2438, 2630, 2760, 2859, 3154, 3247, 3414, 3443, 3490, 3493, 3512, 3593, 3843, 4374, 4414]
RKP_05000_05000_1_04.txt|281066.0|0.6758087999999987|[1, 3, 5, 9, 12, 18, 24, 25, 34, 38, 68, 75, 76, 81, 85, 90, 96, 145, 148, 189, 197, 202, 222, 291, 318, 326, 332, 368, 376, 387, 390, 398, 408, 422, 468, 484, 557, 559, 778, 787, 809, 831, 865, 935, 997, 1072, 1389, 1417, 1418, 1677, 1753, 1758, 1859, 1938, 2003, 2017, 2051, 2061, 2312, 2323, 2328, 2372, 2581, 2584, 2813, 2991, 3059, 3260, 3305, 3410, 3431, 3547, 3568, 3651, 3652, 3802, 3813, 3850, 4172, 4260, 4286, 4384, 4668, 4715]
RKP_05000_05000_1_05.txt|293199.0|0.6602353999999906|[1, 2, 3, 8, 12, 20, 22, 23, 26, 31, 32, 33, 38, 43, 46, 55, 62, 127, 130, 131, 139, 143, 146, 148, 153, 210, 214, 227, 245, 261, 301, 348, 378, 403, 463, 518, 555, 559, 582, 663, 677, 694, 950, 1003, 1016, 1088, 1098, 1221, 1281, 1372, 1432, 1460, 1483, 1521, 1642, 1662, 1668, 1690, 1692, 1887, 1929, 1993, 2025, 2045, 2118, 2138, 2215, 2309, 2352, 2427, 2467, 2579, 2657, 2703, 2732, 2804, 3024, 3175, 3186, 3722, 3813, 4108, 4208, 4301, 4354, 4374, 4846]
RKP_05000_05000_1_06.txt|277627.0|0.7273614000000066|[2, 9, 18, 20, 23, 40, 43, 66, 71, 76, 79, 82, 85, 87, 113, 120, 122, 236, 243, 274, 299, 333, 338, 347, 361, 363, 378, 407, 427, 445, 462, 523, 581, 608, 613, 621, 649, 651, 693, 707, 715, 754, 813, 825, 830, 850, 925, 956, 1041, 1054, 1065, 1154, 1227, 1280, 1305, 1308, 1371, 1374, 1428, 1578, 1641, 1730, 1855, 1927, 1981, 2011, 2048, 2132, 2204, 2210, 2228, 2240, 2309, 2386, 2509, 2592, 2646, 2701, 2729, 2949, 3104, 3361, 3613, 3938, 3978, 4540, 4561, 4692]
RKP_05000_05000_1_07.txt|253409.0|0.7194430999999923|[1, 2, 3, 4, 7, 8, 15, 16, 29, 30, 31, 44, 83, 109, 119, 121, 137, 153, 175, 182, 187, 190, 215, 230, 233, 248, 249, 266, 287, 303, 346, 380, 381, 413, 457, 463, 478, 507, 529, 536, 575, 667, 690, 730, 739, 745, 768, 785, 829, 864, 916, 1019, 1228, 1246, 1263, 1267, 1375, 1406, 1525, 1616, 1820, 1849, 1894, 1897, 2273, 2529, 2688, 2725, 2846, 2854, 3045, 3875, 3888, 3965, 4149, 4225, 4260, 4664, 4751]
RKP_05000_05000_1_08.txt|257924.0|0.8414649000000054|[2, 3, 5, 7, 16, 30, 38, 41, 51, 91, 95, 97, 122, 124, 137, 138, 156, 171, 192, 253, 262, 275, 303, 314, 342, 363, 367, 371, 402, 451, 453, 471, 478, 523, 528, 560, 596, 669, 674, 764, 836, 850, 878, 902, 949, 984, 1167, 1179, 1247, 1421, 1439, 1506, 1546, 1549, 1552, 1562, 1678, 1737, 1941, 2042, 2047, 2285, 2312, 2428, 2525, 2536, 2600, 2643, 2676, 2681, 2805, 2813, 3666, 3744, 3833, 3998, 4080, 4596, 4934]
RKP_05000_05000_1_09.txt|272520.0|0.7171342000000038|[1, 2, 3, 5, 6, 12, 14, 17, 42, 52, 66, 76, 77, 104, 113, 114, 126, 139, 156, 160, 170, 177, 196, 221, 234, 243, 282, 299, 312, 325, 339, 355, 376, 382, 385, 404, 438, 448, 460, 492, 537, 542, 563, 565, 682, 701, 726, 871, 1006, 1064, 1078, 1082, 1114, 1126, 1227, 1245, 1254, 1314, 1350, 1355, 1396, 1416, 1458, 1466, 1504, 1592, 1594, 1596, 1635, 1788, 1917, 1979, 2016, 2143, 2450, 2554, 2557, 2593, 2636, 2834, 2837, 3197, 4248, 4486, 4489, 4615]
RKP_05000_05000_1_10.txt|244092.0|0.6724238999999983|[2, 7, 10, 14, 18, 24, 60, 89, 92, 131, 144, 153, 185, 278, 286, 302, 322, 380, 414, 428, 454, 467, 470, 472, 659, 724, 756, 803, 862, 867, 909, 959, 981, 1015, 1209, 1340, 1402, 1504, 1609, 1652, 1725, 1766, 1930, 1986, 2050, 2151, 2281, 2306, 2504, 2580, 2607, 2608, 2629, 2641, 2786, 2810, 2870, 3028, 3067, 3078, 3101, 3198, 3261, 3450, 3471, 3696, 4380]
RKP_05000_05000_2_01.txt|23779.0|0.9314880999999957|[1, 8, 18, 19, 20, 21, 49, 52, 65, 70, 93, 98, 106, 235, 250, 279, 293, 335, 391, 411, 475, 515, 579, 668, 690, 748, 750, 866, 953, 1045, 1059, 1308, 1367, 1435, 1497, 1505, 1635, 1639, 1665, 1885, 1937, 2113, 2191, 2236, 2687, 2937, 3667, 3722, 3808, 3883, 4544, 4833, 4844]
RKP_05000_05000_2_02.txt|20860.0|1.0053010000000029|[14, 15, 28, 56, 79, 91, 96, 105, 131, 191, 208, 220, 294, 485, 530, 563, 582, 677, 696, 710, 722, 762, 836, 857, 997, 1058, 1069, 1172, 1287, 1592, 1649, 1714, 2060, 2142, 2162, 2244, 2272, 2814, 2839, 3100, 3355, 3515, 3641, 3796, 3813, 3984, 4007, 4564]
RKP_05000_05000_2_03.txt|20996.0|1.0539184000000006|[1, 3, 5, 21, 38, 41, 44, 45, 49, 64, 72, 94, 177, 216, 306, 338, 375, 411, 441, 465, 477, 502, 582, 659, 783, 812, 966, 983, 1207, 1212, 1269, 1289, 1307, 1422, 1429, 1432, 1481, 1998, 2224, 2272, 2512, 2790, 2868, 2869, 3090, 3368, 3428, 3630, 3662, 3839, 3860, 3957, 4235, 4565, 4939]
RKP_05000_05000_2_04.txt|25534.0|0.9036313999999948|[1, 2, 4, 16, 19, 20, 21, 23, 37, 43, 47, 49, 60, 71, 77, 78, 115, 122, 126, 147, 154, 165, 187, 262, 264, 307, 314, 322, 346, 406, 422, 455, 491, 637, 655, 693, 769, 832, 862, 893, 1068, 1124, 1187, 1223, 1335, 1412, 1508, 1519, 1586, 1606, 1748, 1770, 2093, 2318, 2319, 2343, 2382, 2705, 2773, 3257, 3593, 3704]
RKP_05000_05000_2_05.txt|23165.0|0.9619205000000051|[5, 8, 9, 43, 66, 70, 96, 103, 113, 145, 163, 167, 220, 317, 350, 370, 481, 501, 513, 551, 595, 606, 662, 734, 842, 856, 874, 932, 976, 1011, 1022, 1034, 1103, 1153, 1175, 1232, 1242, 1260, 1394, 1489, 1503, 1588, 1768, 1813, 2057, 2493, 2569, 2694, 2906, 3623, 3798, 4092, 4182, 4330, 4410]
RKP_05000_05000_2_06.txt|20711.0|0.9615586000000036|[8, 16, 17, 30, 43, 74, 106, 136, 281, 303, 326, 356, 373, 437, 449, 526, 637, 689, 731, 748, 832, 872, 912, 976, 1070, 1073, 1256, 1342, 1461, 1542, 1756, 1805, 1807, 1814, 2039, 2245, 2357, 3064, 3105, 3248, 3371, 3580, 3746, 3749, 3764]
RKP_05000_05000_2_07.txt|23182.0|0.9978564999999975|[7, 12, 16, 26, 30, 36, 72, 75, 129, 152, 199, 212, 232, 301, 409, 411, 421, 428, 452, 461, 624, 631, 667, 713, 725, 781, 903, 926, 932, 957, 989, 1115, 1137, 1241, 1326, 1438, 1460, 1581, 1730, 1734, 1819, 1988, 2037, 2118, 2664, 2838, 3005, 3060, 3747, 3935, 3995, 4066, 4239, 4779, 4811]
RKP_05000_05000_2_08.txt|24593.0|1.0344638000000117|[2, 9, 17, 20, 27, 30, 34, 83, 93, 112, 116, 125, 155, 179, 242, 245, 259, 274, 286, 291, 332, 409, 449, 461, 551, 659, 724, 746, 760, 782, 811, 899, 919, 944, 953, 1064, 1239, 1262, 1464, 1520, 1597, 1683, 1692, 1714, 1822, 1834, 2024, 2219, 2390, 2598, 2814, 2856, 2906, 2907, 3039, 3119, 3274, 3335, 3356, 3617, 3691]
RKP_05000_05000_2_09.txt|24468.0|1.076777100000001|[1, 2, 3, 7, 19, 26, 33, 36, 60, 61, 82, 83, 84, 95, 105, 128, 129, 137, 152, 164, 178, 180, 181, 184, 221, 327, 360, 385, 394, 413, 423, 519, 632, 634, 893, 899, 973, 1012, 1086, 1179, 1184, 1213, 1231, 1308, 1378, 1478, 1687, 1771, 1802, 1812, 2129, 2368, 2382, 2432, 2555, 2584, 2889, 3741, 4230, 4702, 4959]
RKP_05000_05000_2_10.txt|23756.0|0.8800916999999941|[1, 2, 14, 23, 24, 42, 70, 84, 97, 117, 133, 153, 175, 185, 205, 233, 268, 294, 311, 330, 351, 424, 465, 481, 586, 608, 666, 723, 725, 728, 856, 899, 1015, 1060, 1078, 1136, 1230, 1601, 1620, 1742, 1757, 1908, 2102, 2312, 2524, 2594, 2605, 2690, 2732, 2854, 2884, 3018, 3272, 3467, 3568, 4367, 4670]
RKP_05000_05000_3_01.txt|50823.0|0.63484720000001|[1, 4, 9, 10, 12, 13, 16, 21, 26, 39, 45, 54, 55, 56, 58, 66, 79, 83, 88, 94, 96, 102, 106, 132, 137, 157, 164, 171, 284, 336, 449, 452, 465, 480, 499, 521, 528, 530, 563, 595, 628, 634, 638, 646, 731, 736, 787, 800, 801, 814, 833, 870, 926, 1004, 1013, 1075, 1080, 1158, 1180, 1223, 1290, 1291, 1328, 1409, 1410, 1430, 1539, 1758, 1846, 1850, 1887, 2024, 2025, 2100, 2122, 2145, 2266, 2296, 2312, 2544, 2738, 2781, 2831, 2987, 3210, 3361, 3941, 4085, 4117, 4143, 4483, 4523]
RKP_05000_05000_3_02.txt|50900.0|0.6608578000000023|[1, 2, 5, 8, 9, 10, 16, 23, 25, 30, 32, 33, 38, 47, 50, 51, 55, 58, 85, 92, 99, 106, 115, 117, 123, 133, 151, 212, 217, 221, 227, 303, 384, 389, 407, 409, 493, 507, 509, 558, 597, 598, 601, 607, 747, 769, 773, 869, 885, 967, 969, 970, 985, 1093, 1132, 1151, 1198, 1199, 1200, 1220, 1229, 1232, 1457, 1509, 1675, 1793, 1914, 1970, 2038, 2118, 2259, 2345, 2392, 2501, 2529, 2556, 2589, 2826, 3096, 3230, 3282, 3478, 3743, 3779, 3922, 4134, 4175, 4221, 4338, 4488, 4553, 4589]
RKP_05000_05000_3_03.txt|52238.0|0.6438222999999965|[1, 2, 3, 4, 5, 6, 8, 9, 12, 13, 21, 25, 38, 46, 58, 67, 79, 88, 90, 116, 127, 128, 136, 140, 183, 185, 186, 194, 219, 223, 281, 323, 366, 372, 373, 433, 471, 489, 523, 542, 553, 554, 592, 636, 682, 703, 742, 763, 777, 826, 856, 950, 970, 1011, 1029, 1061, 1099, 1129, 1187, 1238, 1255, 1278, 1284, 1495, 1505, 1516, 1677, 1691, 1696, 1703, 1715, 1729, 1777, 1855, 1875, 1911, 1960, 2143, 2147, 2274, 2297, 2420, 2430, 2585, 2713, 2750, 3112, 3213, 3385, 3389, 3452, 3819, 3837, 3909, 4032]
RKP_05000_05000_3_04.txt|51944.0|0.6539240999999976|[4, 6, 11, 14, 27, 31, 47, 51, 61, 71, 83, 93, 101, 102, 109, 141, 155, 156, 169, 173, 177, 183, 198, 215, 229, 236, 241, 249, 256, 282, 284, 304, 343, 375, 404, 412, 454, 455, 476, 479, 505, 547, 585, 599, 642, 648, 718, 779, 868, 888, 895, 907, 934, 936, 965, 981, 1109, 1130, 1208, 1276, 1304, 1433, 1589, 1746, 1793, 1800, 1804, 1834, 2018, 2081, 2343, 2428, 2441, 2551, 2688, 2704, 2727, 2854, 3065, 3143, 3167, 3330, 3391, 3454, 3497, 3523, 3543, 3625, 3841, 3856, 3870, 3872, 4104, 4713]
RKP_05000_05000_3_05.txt|49895.0|0.6851116999999931|[1, 2, 4, 5, 12, 13, 15, 17, 18, 20, 24, 25, 28, 32, 34, 42, 44, 50, 70, 72, 75, 81, 95, 97, 115, 139, 141, 166, 207, 242, 247, 259, 268, 309, 317, 331, 351, 368, 372, 375, 406, 442, 533, 537, 555, 616, 620, 628, 652, 729, 743, 779, 814, 945, 958, 969, 1004, 1044, 1182, 1313, 1378, 1506, 1519, 1640, 1655, 1664, 1680, 1686, 1696, 1843, 1852, 1951, 1960, 1982, 2222, 2386, 2408, 2428, 2606, 2910, 2994, 3119, 3138, 3566, 3569, 3733, 4138, 4267, 4618, 4707]
RKP_05000_05000_3_06.txt|49833.0|0.64719079999999|[1, 2, 3, 6, 7, 8, 9, 10, 22, 23, 28, 43, 48, 55, 78, 93, 97, 101, 115, 125, 130, 132, 141, 165, 190, 203, 219, 234, 237, 239, 262, 285, 313, 318, 377, 382, 386, 480, 542, 607, 616, 617, 623, 645, 671, 692, 737, 817, 924, 934, 955, 985, 1005, 1087, 1115, 1123, 1191, 1248, 1323, 1678, 1939, 1989, 2035, 2115, 2169, 2300, 2334, 2338, 2529, 2537, 2540, 2697, 2724, 2827, 2868, 3065, 3214, 3251, 3325, 3327, 3359, 3441, 3448, 3690, 3857, 3871, 3946, 4129, 4180, 4300]
RKP_05000_05000_3_07.txt|47426.0|0.6399827999999985|[1, 2, 3, 4, 12, 13, 41, 46, 50, 61, 88, 119, 124, 143, 192, 217, 220, 224, 231, 232, 283, 304, 348, 395, 412, 487, 490, 525, 544, 599, 609, 619, 652, 656, 684, 717, 718, 723, 766, 796, 813, 817, 835, 866, 897, 924, 1005, 1060, 1090, 1102, 1127, 1264, 1338, 1375, 1403, 1405, 1420, 1497, 1579, 1588, 1664, 1728, 1818, 1854, 1914, 1939, 1964, 2093, 2201, 2255, 2287, 2379, 2399, 2551, 2643, 2655, 2747, 2824, 3036, 3503, 3890, 3987, 4288, 4656, 4750]
RKP_05000_05000_3_08.txt|47365.0|0.6608491000000072|[1, 2, 3, 4, 8, 9, 14, 16, 18, 28, 38, 39, 53, 54, 60, 73, 78, 89, 105, 110, 122, 128, 147, 150, 152, 192, 237, 241, 254, 280, 289, 294, 351, 391, 430, 433, 454, 484, 524, 547, 563, 640, 731, 742, 762, 784, 828, 857, 876, 938, 1104, 1105, 1145, 1185, 1224, 1262, 1266, 1311, 1371, 1405, 1450, 1520, 1613, 1833, 1856, 1969, 2150, 2221, 2250, 2393, 2446, 2528, 2636, 2697, 2750, 2859, 2945, 2988, 3072, 3512, 4022, 4469, 4546, 4731, 4805]
RKP_05000_05000_3_09.txt|52805.0|0.716591600000001|[1, 2, 4, 7, 8, 10, 17, 19, 35, 42, 43, 54, 75, 96, 111, 123, 133, 140, 150, 165, 184, 233, 259, 281, 299, 308, 313, 317, 338, 344, 345, 354, 387, 406, 413, 431, 512, 520, 532, 533, 534, 593, 609, 629, 643, 679, 693, 767, 789, 814, 830, 851, 877, 913, 929, 932, 1146, 1162, 1282, 1328, 1343, 1469, 1479, 1489, 1549, 1555, 1562, 1667, 1746, 1813, 1933, 2111, 2166, 2247, 2435, 2484, 2746, 2748, 2773, 2838, 2885, 2926, 2994, 3009, 3338, 3677, 3684, 3864, 4052, 4240, 4246, 4313, 4338, 4789, 4825, 4839]
RKP_05000_05000_3_10.txt|50870.0|0.7419818000000049|[2, 3, 5, 10, 13, 14, 18, 23, 25, 26, 28, 44, 48, 57, 59, 60, 67, 77, 98, 119, 120, 137, 170, 172, 181, 190, 202, 227, 243, 276, 278, 313, 319, 355, 371, 394, 402, 457, 481, 490, 535, 576, 577, 605, 607, 616, 664, 665, 668, 675, 716, 722, 848, 893, 988, 1062, 1075, 1099, 1135, 1159, 1202, 1224, 1258, 1284, 1358, 1405, 1444, 1567, 1639, 1714, 1786, 1891, 2521, 2536, 2562, 2573, 2643, 2698, 2748, 2923, 2978, 3046, 3218, 3222, 3454, 3459, 3468, 3759, 3924, 3937, 4381, 4808]
RKP_05000_05000_4_01.txt|5000.0|0.5304294999999968|[4658]
RKP_05000_05000_4_02.txt|4999.0|0.5212988000000109|[4975]
RKP_05000_05000_4_03.txt|5000.0|0.5699578000000116|[4714]
RKP_05000_05000_4_04.txt|4999.0|0.5230978000000022|[4837]
RKP_05000_05000_4_05.txt|5000.0|0.5221741000000009|[4783]
RKP_05000_05000_4_06.txt|5000.0|0.5575192000000015|[4625]
RKP_05000_05000_4_07.txt|5000.0|0.5407629000000043|[4778]
RKP_05000_05000_4_08.txt|5000.0|0.5499657000000013|[4648]
RKP_05000_05000_4_09.txt|5000.0|0.5147467999999975|[4770]
RKP_05000_05000_4_10.txt|4999.0|0.5313325999999989|[4786]
RKP_05000_05000_5_01.txt|5000.0|0.5986933000000079|[10, 67, 206, 420, 950, 1002, 1004, 1053, 1088, 1337, 2505, 3011, 3014]
RKP_05000_05000_5_02.txt|5000.0|0.6214435000000122|[10, 28, 100, 112, 147, 549, 918, 935, 1335, 1445]
RKP_05000_05000_5_03.txt|5000.0|0.5803503000000063|[1, 86, 101, 116, 262, 574, 919, 962, 1955, 2549, 3022]
RKP_05000_05000_5_04.txt|5000.0|0.6289286000000089|[91, 210, 255, 994, 1249, 2474, 4759]
RKP_05000_05000_5_05.txt|5000.0|0.6424893999999881|[141, 390, 1004, 2067, 2160, 2435]
RKP_05000_05000_5_06.txt|5000.0|0.6799630999999948|[10, 577, 1649, 1777, 2326, 2349, 2406, 3277]
RKP_05000_05000_5_07.txt|5000.0|0.5800233000000077|[10, 74, 187, 544, 913, 1004, 1126]
RKP_05000_05000_5_08.txt|5000.0|0.6088643000000076|[80, 99, 164, 257, 557, 674, 1452, 2392, 2696, 2854, 3827, 4042, 4421]
RKP_05000_05000_5_09.txt|5000.0|0.6416538000000003|[4997]
RKP_05000_05000_5_10.txt|5000.0|0.559783699999997|[1, 60, 93, 1034, 1082, 1083, 1095, 1241, 1398, 2968, 3133, 4016]
