RKP_00100_00100_1_01.txt|530.0|0.2665175999999999|[76, 78, 85, 91, 92, 97, 99, 3, 4, 6, 42]
RKP_00100_00100_1_02.txt|676.0|0.0934661|[76, 77, 84, 90, 91, 12, 19, 22, 23, 25, 31, 66]
RKP_00100_00100_1_03.txt|523.0|0.08096470000000011|[76, 77, 79, 80, 81, 85, 87, 89, 90, 9, 38, 45]
RKP_00100_00100_1_04.txt|597.0|0.0845726|[77, 78, 79, 80, 82, 84, 85, 90, 18, 49]
RKP_00100_00100_1_05.txt|455.0|0.08968050000000005|[78, 86, 89, 91, 95, 97, 5, 19, 41, 54]
RKP_00100_00100_1_06.txt|800.0|0.08863850000000006|[80, 87, 91, 92, 95, 6, 9, 22, 23, 25, 30, 32, 72]
RKP_00100_00100_1_07.txt|418.0|0.09260439999999992|[80, 84, 88, 14, 21, 26, 35, 46]
RKP_00100_00100_1_08.txt|764.0|0.0966802|[76, 77, 80, 81, 82, 84, 88, 93, 99, 4, 5, 51, 62, 63, 67]
RKP_00100_00100_1_09.txt|440.0|0.0955223999999999|[77, 80, 91, 93, 98, 99, 4, 17, 27, 52]
RKP_00100_00100_1_10.txt|645.0|0.11736619999999998|[76, 77, 78, 79, 80, 86, 88, 90, 93, 95, 99, 2, 8]
RKP_00100_00100_2_01.txt|492.0|0.15999560000000002|[76, 77, 81, 88, 95, 97, 2, 16, 18, 34]
RKP_00100_00100_2_02.txt|424.0|0.09804760000000012|[76, 79, 80, 83, 86, 3, 5, 15, 22, 55]
RKP_00100_00100_2_03.txt|573.0|0.08047400000000016|[76, 78, 80, 91, 6, 22, 23, 26, 34, 50]
RKP_00100_00100_2_04.txt|565.0|0.08163110000000007|[77, 83, 84, 86, 87, 93, 1, 3, 25]
RKP_00100_00100_2_05.txt|346.0|0.09947350000000021|[78, 88, 4, 5, 7, 9, 39, 71]
RKP_00100_00100_2_06.txt|409.0|0.09620329999999999|[77, 83, 98, 22, 42, 54]
RKP_00100_00100_2_07.txt|500.0|0.09675889999999976|[78, 79, 82, 88, 90, 96, 97, 3]
RKP_00100_00100_2_08.txt|561.0|0.10390860000000002|[76, 77, 79, 81, 89, 91, 3, 4]
RKP_00100_00100_2_09.txt|412.0|0.08688390000000012|[79, 82, 84, 95, 2, 12, 50]
RKP_00100_00100_2_10.txt|434.0|0.08206469999999966|[76, 77, 89, 3, 15, 39, 40, 51, 60]
RKP_00100_00100_3_01.txt|751.0|0.08703420000000017|[76, 77, 78, 81, 83, 85, 91, 96, 4, 19, 22]
RKP_00100_00100_3_02.txt|929.0|0.1003324000000001|[76, 77, 78, 83, 92, 100, 16, 23, 27, 31, 34, 43]
RKP_00100_00100_3_03.txt|980.0|0.09444829999999982|[76, 77, 78, 79, 81, 87, 89, 90, 98, 20, 21, 39, 41, 50, 56]
RKP_00100_00100_3_04.txt|824.0|0.07846390000000003|[77, 79, 81, 83, 84, 89, 96, 1, 9, 17, 23, 25, 47]
RKP_00100_00100_3_05.txt|944.0|0.08937559999999989|[76, 77, 81, 82, 87, 90, 97, 100, 8, 27, 45, 47]
RKP_00100_00100_3_06.txt|948.0|0.08401459999999972|[77, 78, 79, 81, 83, 85, 86, 87, 91, 2, 6, 14, 15, 41, 47]
RKP_00100_00100_3_07.txt|626.0|0.08660379999999979|[77, 79, 81, 88, 89, 2, 25, 42, 47, 58, 63, 64]
RKP_00100_00100_3_08.txt|949.0|0.11459520000000012|[76, 77, 78, 81, 82, 84, 87, 90, 93, 8, 37, 45]
RKP_00100_00100_3_09.txt|628.0|0.09028990000000015|[76, 78, 83, 91, 7, 17, 19, 23, 32, 64]
RKP_00100_00100_3_10.txt|916.0|0.08233080000000026|[76, 80, 81, 95, 9, 20, 21, 29, 35, 36, 37, 41, 42, 44, 68]
RKP_00100_00100_4_01.txt|68.0|0.06720090000000001|[72]
RKP_00100_00100_4_02.txt|33.0|0.06759010000000032|[63]
RKP_00100_00100_4_03.txt|74.0|0.06908859999999972|[59]
RKP_00100_00100_4_04.txt|77.0|0.06961519999999988|[70]
RKP_00100_00100_4_05.txt|64.0|0.06927740000000027|[70]
RKP_00100_00100_4_06.txt|59.0|0.0667317999999999|[68]
RKP_00100_00100_4_07.txt|82.0|0.07302289999999978|[73]
RKP_00100_00100_4_08.txt|76.0|0.0672581000000001|[72]
RKP_00100_00100_4_09.txt|55.0|0.06778130000000004|[64]
RKP_00100_00100_4_10.txt|21.0|0.06775130000000029|[63]
RKP_00100_00100_5_01.txt|90.0|0.06805409999999945|[73]
RKP_00100_00100_5_02.txt|66.0|0.06950779999999934|[70]
RKP_00100_00100_5_03.txt|64.0|0.06823259999999998|[75]
RKP_00100_00100_5_04.txt|53.0|0.08602829999999972|[67]
RKP_00100_00100_5_05.txt|51.0|0.06766200000000033|[73]
RKP_00100_00100_5_06.txt|55.0|0.06596729999999962|[75]
RKP_00100_00100_5_07.txt|63.0|0.07023959999999985|[72]
RKP_00100_00100_5_08.txt|74.0|0.06756960000000056|[71]
RKP_00100_00100_5_09.txt|78.0|0.06972830000000041|[71]
RKP_00100_00100_5_10.txt|204.0|0.0698926000000002|[76, 81, 61]
RKP_00500_00100_1_01.txt|1130.0|0.20408880000000007|[377, 378, 379, 380, 381, 400, 402, 413, 415, 438, 450, 495, 6, 15, 23, 33, 43, 48, 86, 97, 144, 149, 155, 159, 179, 375]
RKP_00500_00100_1_02.txt|1143.0|0.1999639000000002|[379, 388, 389, 405, 452, 462, 463, 464, 477, 484, 7, 45, 50, 80, 163, 164, 200, 226, 250, 263, 269, 308]
RKP_00500_00100_1_03.txt|1247.0|0.20924379999999942|[376, 380, 386, 390, 391, 405, 415, 419, 448, 486, 488, 498, 14, 15, 22, 33, 39, 102, 103, 201, 235, 352, 371]
RKP_00500_00100_1_04.txt|864.0|0.19893369999999955|[380, 386, 398, 416, 423, 434, 437, 439, 440, 468, 469, 496, 31, 72, 87, 120, 129, 190, 234, 342]
RKP_00500_00100_1_05.txt|1444.0|0.20422489999999982|[376, 377, 378, 380, 381, 385, 386, 388, 392, 393, 398, 399, 401, 447, 451, 479, 491, 11, 67, 78, 90, 167, 195, 238, 277]
RKP_00500_00100_1_06.txt|1505.0|0.18309849999999983|[377, 378, 380, 388, 397, 405, 409, 410, 425, 427, 428, 430, 458, 464, 482, 6, 40, 57, 64, 65, 86, 100, 105, 115, 119, 156, 286, 365]
RKP_00500_00100_1_07.txt|1310.0|0.23250480000000007|[377, 382, 391, 396, 397, 406, 415, 422, 424, 455, 464, 469, 472, 1, 8, 22, 40, 58, 67, 72, 81, 132, 197, 234, 285, 336, 344, 367]
RKP_00500_00100_1_08.txt|1172.0|0.19264480000000006|[376, 377, 378, 379, 385, 391, 404, 410, 438, 481, 497, 21, 24, 25, 31, 40, 42, 60, 100, 133, 201, 207, 232, 253]
RKP_00500_00100_1_09.txt|1577.0|0.2132796999999993|[386, 391, 394, 414, 423, 429, 431, 443, 452, 483, 23, 25, 26, 28, 38, 48, 55, 85, 89, 96, 104, 132, 182, 199, 219, 371]
RKP_00500_00100_1_10.txt|992.0|0.1773757000000007|[376, 378, 379, 380, 381, 383, 389, 390, 396, 405, 406, 408, 424, 434, 437, 450, 459, 485, 37, 89, 109, 152, 217, 288]
RKP_00500_00100_2_01.txt|1291.0|0.19936799999999977|[378, 386, 391, 407, 414, 415, 425, 435, 463, 475, 476, 477, 12, 23, 25, 43, 93, 101, 127, 134, 316, 322]
RKP_00500_00100_2_02.txt|1155.0|0.18641299999999994|[379, 381, 388, 396, 411, 434, 440, 447, 472, 475, 487, 6, 17, 31, 42, 61, 70, 174, 189, 211, 316]
RKP_00500_00100_2_03.txt|1363.0|0.18024970000000007|[377, 378, 388, 393, 396, 399, 406, 412, 413, 435, 439, 446, 475, 479, 482, 10, 17, 29, 30, 39, 41, 193, 257, 311]
RKP_00500_00100_2_04.txt|1218.0|0.19627940000000077|[382, 384, 386, 389, 391, 394, 395, 397, 401, 413, 430, 433, 455, 480, 487, 500, 38, 79, 91, 181, 304]
RKP_00500_00100_2_05.txt|1106.0|0.19778819999999975|[377, 379, 380, 385, 391, 409, 413, 423, 427, 433, 452, 462, 57, 93, 135, 150, 169, 197, 292, 298, 301]
RKP_00500_00100_2_06.txt|1130.0|0.18947309999999984|[376, 378, 380, 384, 390, 393, 399, 402, 410, 425, 428, 432, 445, 492, 25, 30, 78, 177]
RKP_00500_00100_2_07.txt|1383.0|0.17458249999999964|[376, 378, 379, 380, 381, 384, 392, 428, 450, 458, 489, 498, 4, 37, 135, 153, 167, 183, 242, 247, 327]
RKP_00500_00100_2_08.txt|907.0|0.20108040000000038|[376, 378, 381, 382, 390, 398, 417, 420, 421, 425, 462, 471, 498, 59, 225, 370]
RKP_00500_00100_2_09.txt|926.0|0.17290340000000093|[377, 391, 413, 414, 427, 445, 462, 483, 490, 152, 179, 187, 210, 301, 308]
RKP_00500_00100_2_10.txt|1066.0|0.19227150000000037|[377, 384, 389, 394, 395, 396, 415, 451, 458, 491, 493, 29, 41, 91, 151, 247, 316, 373]
RKP_00500_00100_3_01.txt|1719.0|0.22386850000000003|[376, 377, 378, 380, 383, 386, 399, 406, 408, 413, 418, 439, 452, 471, 18, 23, 33, 98, 100, 115, 123, 135, 168, 219, 276]
RKP_00500_00100_3_02.txt|1857.0|0.1762788999999998|[376, 378, 379, 380, 382, 395, 401, 407, 413, 414, 431, 439, 448, 478, 485, 486, 27, 35, 42, 47, 54, 64, 70, 77, 78, 96, 206, 211, 226, 273, 288]
RKP_00500_00100_3_03.txt|2073.0|0.1526809|[376, 380, 384, 386, 389, 397, 415, 420, 427, 446, 468, 486, 488, 493, 498, 1, 14, 17, 23, 66, 68, 73, 133, 139, 141, 167, 226, 319, 329]
RKP_00500_00100_3_04.txt|1687.0|0.17693880000000028|[376, 377, 378, 384, 386, 392, 395, 402, 406, 441, 443, 447, 478, 479, 494, 500, 17, 21, 31, 38, 43, 84, 92, 153, 155, 157, 187, 203, 220, 225]
RKP_00500_00100_3_05.txt|2107.0000000000014|0.18349860000000007|[376, 380, 382, 383, 384, 387, 405, 407, 408, 449, 459, 462, 467, 477, 481, 483, 18, 64, 71, 74, 86, 100, 127, 138, 169, 194, 215, 252, 256, 257, 267, 272, 292]
RKP_00500_00100_3_06.txt|1923.0|0.1859061999999998|[376, 377, 380, 382, 386, 387, 391, 394, 399, 420, 427, 431, 443, 448, 465, 466, 12, 61, 64, 79, 117, 156, 158, 159, 186, 308]
RKP_00500_00100_3_07.txt|1747.0|0.1799495000000011|[376, 377, 378, 379, 380, 392, 399, 405, 408, 412, 451, 474, 477, 486, 16, 32, 66, 71, 75, 91, 119, 162, 177, 183, 201, 305]
RKP_00500_00100_3_08.txt|2367.0|0.17755990000000033|[376, 379, 383, 385, 389, 394, 400, 401, 406, 407, 410, 424, 432, 433, 437, 438, 459, 465, 489, 8, 16, 19, 25, 34, 47, 89, 150, 155, 176, 177, 198, 326, 345, 359]
RKP_00500_00100_3_09.txt|2019.0|0.20417910000000106|[376, 377, 378, 379, 387, 389, 399, 429, 433, 438, 445, 458, 479, 483, 490, 497, 11, 23, 29, 44, 46, 48, 83, 96, 106, 144, 169, 190, 222, 309]
RKP_00500_00100_3_10.txt|1712.0|0.1743471000000003|[376, 378, 382, 385, 388, 389, 393, 400, 403, 413, 415, 432, 461, 474, 498, 28, 34, 40, 58, 64, 68, 92, 157, 180, 197, 200, 263, 267]
RKP_00500_00100_4_01.txt|65.0|0.15157810000000005|[309]
RKP_00500_00100_4_02.txt|10.0|0.1482189999999992|[298]
RKP_00500_00100_4_03.txt|29.0|0.1498348000000007|[309]
RKP_00500_00100_4_04.txt|41.0|0.1558565999999999|[294]
RKP_00500_00100_4_05.txt|81.0|0.15134519999999974|[296]
RKP_00500_00100_4_06.txt|3.0|0.19253199999999993|[306]
RKP_00500_00100_4_07.txt|81.0|0.15015859999999925|[342]
RKP_00500_00100_4_08.txt|35.0|0.15032449999999997|[305]
RKP_00500_00100_4_09.txt|57.0|0.15504340000000028|[315]
RKP_00500_00100_4_10.txt|28.0|0.1504770999999998|[348]
RKP_00500_00100_5_01.txt|86.0|0.15272560000000013|[347]
RKP_00500_00100_5_02.txt|2.0|0.15635050000000028|[342]
RKP_00500_00100_5_03.txt|87.0|0.1941866999999995|[356]
RKP_00500_00100_5_04.txt|88.0|0.1488346000000007|[361]
RKP_00500_00100_5_05.txt|78.0|0.15108319999999864|[354]
RKP_00500_00100_5_06.txt|70.0|0.152452499999999|[340]
RKP_00500_00100_5_07.txt|17.0|0.15805179999999908|[352]
RKP_00500_00100_5_08.txt|71.0|0.15077490000000004|[354]
RKP_00500_00100_5_09.txt|50.0|0.15154029999999885|[353]
RKP_00500_00100_5_10.txt|26.0|0.15757620000000117|[368]
RKP_01000_00100_1_01.txt|1688.0|0.38184099999999965|[752, 758, 760, 763, 777, 786, 789, 790, 792, 797, 798, 800, 801, 814, 817, 841, 847, 866, 873, 901, 10, 11, 64, 126, 182, 215, 281, 310, 354, 396]
RKP_01000_00100_1_02.txt|1543.0|0.30275480000000066|[751, 752, 758, 759, 766, 768, 780, 788, 799, 800, 814, 822, 839, 858, 921, 932, 943, 945, 42, 44, 109, 236, 265, 269, 277, 307, 334, 444, 446, 504, 622]
RKP_01000_00100_1_03.txt|1226.0|0.3186638000000013|[751, 752, 753, 754, 766, 769, 782, 798, 800, 806, 864, 866, 871, 878, 895, 922, 924, 932, 949, 2, 76, 116, 130, 248, 285, 475, 504, 550, 563, 619]
RKP_01000_00100_1_04.txt|1648.0|0.38948550000000104|[751, 752, 753, 755, 756, 762, 764, 770, 792, 794, 803, 813, 819, 825, 841, 901, 913, 915, 922, 934, 997, 5, 16, 27, 33, 126, 179, 316, 342, 476, 482, 483, 540, 607]
RKP_01000_00100_1_05.txt|1688.0|0.32713200000000064|[751, 762, 766, 776, 779, 787, 789, 791, 799, 824, 825, 839, 851, 871, 873, 901, 909, 938, 948, 957, 972, 49, 57, 303, 332, 385, 423, 446, 526, 615, 665, 750]
RKP_01000_00100_1_06.txt|1735.0|0.2916571000000001|[751, 754, 756, 758, 760, 783, 787, 788, 794, 802, 805, 807, 808, 828, 849, 867, 870, 918, 926, 927, 960, 983, 992, 994, 1000, 5, 15, 33, 99, 133, 192, 296, 382, 395, 540, 743]
RKP_01000_00100_1_07.txt|1323.0|0.34649729999999934|[752, 753, 757, 758, 768, 769, 787, 792, 799, 830, 836, 838, 840, 877, 878, 879, 880, 920, 940, 954, 976, 92, 122, 132, 186, 190, 226, 234, 306, 377, 391, 528, 624]
RKP_01000_00100_1_08.txt|1691.0|0.33113150000000147|[751, 754, 755, 756, 757, 760, 765, 766, 772, 776, 779, 818, 830, 851, 861, 868, 895, 899, 962, 973, 992, 24, 28, 44, 53, 106, 116, 140, 171, 172, 466, 530, 672]
RKP_01000_00100_1_09.txt|1216.0|0.32295410000000047|[751, 752, 764, 765, 767, 777, 781, 782, 786, 789, 798, 853, 858, 883, 918, 920, 946, 963, 998, 12, 40, 177, 263, 329, 422, 441, 532, 648, 675, 692]
RKP_01000_00100_1_10.txt|2123.0|0.34776390000000035|[751, 754, 758, 761, 769, 787, 793, 800, 805, 826, 854, 861, 908, 909, 938, 948, 971, 3, 36, 45, 81, 118, 149, 189, 216, 230, 241, 284, 368, 413, 419, 498, 504, 535, 555, 563, 681, 718]
RKP_01000_00100_2_01.txt|1579.0|0.30656409999999923|[753, 757, 762, 763, 766, 771, 774, 783, 791, 797, 823, 826, 861, 935, 936, 957, 959, 2, 3, 14, 116, 124, 125, 130, 364, 440]
RKP_01000_00100_2_02.txt|1300.0|0.28015410000000074|[758, 773, 813, 819, 823, 827, 834, 929, 933, 952, 963, 61, 107, 125, 126, 135, 147, 160, 297, 333, 375, 532, 651, 704]
RKP_01000_00100_2_03.txt|1569.0|0.3181194000000005|[755, 763, 783, 805, 808, 814, 831, 834, 837, 847, 873, 874, 891, 921, 936, 6, 32, 80, 85, 97, 144, 154, 166, 167, 170, 496, 604, 647, 678]
RKP_01000_00100_2_04.txt|1488.0|0.3154874999999997|[758, 771, 774, 785, 787, 799, 808, 810, 824, 844, 861, 873, 880, 897, 934, 957, 994, 178, 193, 254, 448, 532]
RKP_01000_00100_2_05.txt|1639.0|0.2685940000000002|[752, 755, 757, 761, 762, 776, 780, 823, 834, 902, 912, 922, 964, 972, 986, 5, 49, 101, 130, 159, 170, 178, 212, 251, 262, 492, 573, 596]
RKP_01000_00100_2_06.txt|1787.0|0.3405573000000004|[751, 756, 758, 759, 766, 774, 783, 798, 802, 807, 872, 888, 902, 904, 935, 937, 983, 5, 9, 40, 53, 72, 133, 149, 340, 352, 397, 555, 577, 608, 626]
RKP_01000_00100_2_07.txt|1467.0|0.2826449000000011|[751, 752, 753, 757, 770, 811, 831, 888, 923, 958, 34, 55, 87, 128, 146, 183, 194, 207, 230, 270, 281, 432, 533, 546, 571, 700]
RKP_01000_00100_2_08.txt|1843.0|0.3144979000000028|[751, 753, 757, 759, 760, 761, 766, 771, 776, 789, 791, 794, 799, 871, 879, 881, 925, 973, 978, 1000, 28, 44, 156, 161, 299, 323, 359, 411, 612]
RKP_01000_00100_2_09.txt|1438.0|0.3234404000000026|[756, 759, 763, 768, 775, 780, 781, 868, 877, 926, 941, 955, 975, 985, 98, 132, 167, 186, 220, 323, 401, 406, 654, 732]
RKP_01000_00100_2_10.txt|1642.0|0.28655089999999817|[751, 754, 755, 765, 780, 806, 808, 821, 828, 839, 872, 913, 914, 934, 941, 2, 23, 32, 59, 64, 91, 159, 193, 271, 272, 298, 314, 329, 450, 460, 505]
RKP_01000_00100_3_01.txt|2942.0|0.26366580000000184|[751, 752, 761, 765, 771, 772, 782, 799, 801, 805, 815, 819, 827, 833, 844, 869, 883, 884, 907, 929, 936, 958, 990, 999, 72, 76, 87, 90, 98, 191, 206, 214, 287, 315, 317, 355, 409, 454, 490, 513, 545, 607, 712]
RKP_01000_00100_3_02.txt|2681.0|0.2862456000000009|[751, 752, 753, 757, 759, 766, 768, 769, 774, 775, 781, 787, 803, 806, 819, 820, 829, 844, 860, 870, 871, 876, 887, 888, 926, 928, 966, 36, 45, 50, 68, 127, 131, 136, 283, 336, 350, 394, 404, 728]
RKP_01000_00100_3_03.txt|2413.0|0.3374545999999974|[751, 753, 763, 767, 772, 781, 794, 796, 804, 812, 824, 834, 839, 843, 849, 892, 893, 920, 925, 930, 931, 954, 972, 6, 20, 71, 75, 128, 142, 181, 193, 280, 330, 379, 402, 442, 488, 547, 572, 586, 744]
RKP_01000_00100_3_04.txt|2774.0|0.31472860000000225|[751, 752, 753, 754, 755, 759, 760, 765, 766, 779, 781, 784, 791, 792, 794, 812, 815, 833, 892, 899, 911, 982, 985, 24, 27, 43, 55, 139, 183, 199, 230, 242, 285, 300, 308, 389, 395, 407, 490, 536]
RKP_01000_00100_3_05.txt|2724.0|0.28153509999999926|[751, 752, 755, 760, 773, 774, 779, 781, 787, 796, 807, 826, 835, 836, 850, 857, 858, 878, 891, 894, 901, 913, 922, 933, 942, 954, 58, 65, 210, 230, 300, 380, 411, 626, 660]
RKP_01000_00100_3_06.txt|2898.0|0.3185750999999968|[751, 755, 756, 757, 763, 764, 765, 766, 768, 772, 775, 778, 786, 787, 813, 816, 821, 862, 879, 903, 908, 954, 957, 967, 974, 977, 989, 992, 999, 28, 97, 221, 293, 636, 651, 720]
RKP_01000_00100_3_07.txt|3041.0|0.2644818999999998|[751, 753, 754, 755, 756, 758, 762, 766, 770, 773, 777, 781, 784, 788, 803, 806, 812, 813, 862, 874, 879, 881, 911, 919, 940, 954, 981, 32, 87, 104, 152, 157, 183, 233, 333, 341, 355, 445, 500, 572, 617, 638, 692]
RKP_01000_00100_3_08.txt|2422.0|0.299821399999999|[751, 752, 757, 759, 761, 783, 785, 821, 839, 847, 868, 879, 880, 881, 895, 902, 904, 929, 948, 983, 1000, 2, 7, 16, 42, 53, 90, 92, 222, 274, 341, 386, 405, 453, 633]
RKP_01000_00100_3_09.txt|2229.0|0.3830272999999984|[751, 752, 753, 754, 756, 759, 766, 767, 773, 776, 790, 797, 798, 827, 833, 876, 877, 891, 935, 952, 961, 966, 7, 68, 135, 153, 196, 221, 230, 328, 397, 508, 621, 635, 680]
RKP_01000_00100_3_10.txt|2730.0|0.28193879999999893|[751, 753, 760, 762, 766, 768, 772, 776, 785, 787, 791, 796, 806, 811, 822, 853, 854, 856, 863, 872, 906, 919, 937, 977, 995, 997, 14, 64, 69, 84, 189, 217, 274, 382, 427, 437, 514, 549, 714]
RKP_01000_00100_4_01.txt|78.0|0.2560373000000027|[616]
RKP_01000_00100_4_02.txt|12.0|0.2935185000000011|[608]
RKP_01000_00100_4_03.txt|66.0|0.25283569999999855|[606]
RKP_01000_00100_4_04.txt|25.0|0.2603584000000012|[578]
RKP_01000_00100_4_05.txt|61.0|0.2998922999999998|[601]
RKP_01000_00100_4_06.txt|22.0|0.257952600000003|[628]
RKP_01000_00100_4_07.txt|43.0|0.25953859999999906|[637]
RKP_01000_00100_4_08.txt|72.0|0.2951484999999998|[597]
RKP_01000_00100_4_09.txt|75.0|0.254169000000001|[627]
RKP_01000_00100_4_10.txt|79.0|0.25308849999999694|[593]
RKP_01000_00100_5_01.txt|74.0|0.255495100000001|[750]
RKP_01000_00100_5_02.txt|84.0|0.29860479999999967|[697]
RKP_01000_00100_5_03.txt|78.0|0.2565553999999999|[695]
RKP_01000_00100_5_04.txt|86.0|0.2608884999999965|[697]
RKP_01000_00100_5_05.txt|75.0|0.2975629999999967|[750]
RKP_01000_00100_5_06.txt|4.0|0.25457279999999827|[683]
RKP_01000_00100_5_07.txt|92.0|0.25022630000000134|[750]
RKP_01000_00100_5_08.txt|86.0|0.29062899999999914|[702]
RKP_01000_00100_5_09.txt|79.0|0.25604489999999913|[705]
RKP_01000_00100_5_10.txt|86.0|0.25837390000000227|[689]
RKP_05000_00100_1_01.txt|3416.0|1.2221272999999968|[3751, 3753, 3754, 3755, 3757, 3758, 3759, 3763, 3766, 3770, 3771, 3772, 3774, 3781, 3799, 3801, 3809, 3818, 3839, 3849, 3865, 3866, 3900, 3905, 3963, 4052, 4113, 4215, 4290, 4303, 4339, 4392, 4551, 4597, 4602, 4654, 4931, 4957, 4963, 18, 25, 27, 116, 123, 156, 232, 235, 318, 450, 473, 589, 753, 841, 856, 1148, 1228, 1255, 1298, 1306, 1442, 2161, 2395, 2483, 3286, 3295]
RKP_05000_00100_1_02.txt|3239.0|1.2830396999999998|[3751, 3752, 3766, 3768, 3778, 3781, 3792, 3794, 3801, 3810, 3823, 3825, 3849, 3854, 3880, 3885, 3901, 3921, 3924, 3985, 4012, 4025, 4027, 4051, 4054, 4088, 4097, 4100, 4124, 4170, 4187, 4198, 4213, 4251, 4351, 4466, 4544, 4642, 4951, 4960, 182, 307, 335, 470, 571, 679, 1087, 1419, 1559, 1689, 1763, 1857, 1908, 2165, 2398, 2489, 2816, 2821, 3061, 3089, 3189, 3401]
RKP_05000_00100_1_03.txt|3289.0|1.289099799999999|[3751, 3752, 3755, 3756, 3757, 3760, 3772, 3776, 3777, 3802, 3831, 3864, 3886, 3906, 3943, 3953, 3957, 3969, 4054, 4076, 4100, 4151, 4341, 4362, 4406, 4543, 4679, 4711, 4770, 4785, 4794, 4816, 4819, 4904, 4921, 4987, 33, 105, 167, 300, 338, 384, 630, 1132, 1192, 1396, 1547, 1689, 1742, 1755, 1786, 1877, 2011, 2132, 2221, 2436, 2551, 2803, 3146, 3186, 3548]
RKP_05000_00100_1_04.txt|3285.0|1.2468664999999959|[3752, 3755, 3757, 3766, 3770, 3773, 3776, 3788, 3791, 3819, 3828, 3881, 3885, 3897, 3955, 3983, 4128, 4166, 4194, 4205, 4307, 4329, 4401, 4463, 4542, 4545, 4618, 4686, 4729, 4798, 4923, 4960, 117, 271, 277, 383, 425, 514, 681, 780, 1005, 1054, 1278, 1315, 1344, 1581, 1609, 1690, 1756, 1803, 1814, 1835, 1948, 1975, 2086, 2088, 2224, 2234, 2253, 2355, 2394, 2453, 2998, 3030, 3070, 3220, 3664]
RKP_05000_00100_1_05.txt|3377.0|1.3357862000000011|[3752, 3754, 3758, 3764, 3766, 3770, 3773, 3780, 3783, 3788, 3794, 3803, 3810, 3814, 3842, 3846, 3851, 3869, 3908, 3924, 3980, 4020, 4038, 4056, 4067, 4106, 4177, 4178, 4257, 4277, 4291, 4292, 4358, 4394, 4410, 4657, 4727, 4838, 4919, 4999, 59, 182, 183, 509, 1097, 1197, 1287, 1299, 1600, 1636, 1672, 1745, 1910, 2204, 2606, 2929, 3001, 3338, 3380, 3719]
RKP_05000_00100_1_06.txt|2851.0|1.2572357000000025|[3752, 3753, 3757, 3758, 3759, 3761, 3764, 3767, 3768, 3771, 3775, 3791, 3794, 3795, 3805, 3812, 3821, 3823, 3858, 3861, 3865, 3872, 3881, 3883, 3889, 3897, 3902, 3958, 3969, 4079, 4127, 4185, 4207, 4319, 4395, 4402, 4444, 4451, 4495, 4497, 4557, 4610, 4616, 4646, 4662, 4670, 4781, 9, 29, 69, 262, 292, 356, 549, 1260, 1358, 1592, 1917, 1989, 2321, 2575, 3405]
RKP_05000_00100_1_07.txt|2965.0|1.2840256999999937|[3751, 3753, 3754, 3755, 3761, 3763, 3780, 3782, 3804, 3805, 3829, 3840, 3847, 3854, 3868, 3874, 3905, 3930, 3938, 3942, 3954, 3969, 3994, 4112, 4201, 4203, 4207, 4244, 4332, 4396, 4561, 4626, 4630, 4680, 4681, 4741, 4899, 4937, 4949, 4972, 49, 151, 187, 227, 424, 508, 512, 577, 787, 791, 835, 957, 1117, 1188, 1341, 1633, 1861, 1912, 1917, 2070, 2120, 2169, 2223, 2234, 2316, 3002, 3389]
RKP_05000_00100_1_08.txt|3479.0|1.2506328000000053|[3751, 3756, 3775, 3779, 3798, 3802, 3804, 3822, 3832, 3870, 3887, 3898, 3904, 3929, 3933, 3936, 3965, 3984, 4010, 4014, 4016, 4025, 4026, 4038, 4050, 4091, 4095, 4191, 4252, 4288, 4437, 4489, 4495, 4527, 4529, 4566, 4570, 4615, 4656, 4735, 4779, 4829, 17, 68, 108, 382, 467, 531, 804, 998, 1149, 1285, 1530, 1595, 1887, 1976, 2009, 2626, 2661, 3094, 3223, 3388, 3561, 3748]
RKP_05000_00100_1_09.txt|2820.0|1.3472542000000018|[3752, 3753, 3756, 3760, 3780, 3792, 3793, 3820, 3824, 3833, 3840, 3871, 3928, 3940, 3980, 4020, 4057, 4075, 4079, 4133, 4173, 4197, 4213, 4283, 4338, 4479, 4497, 4536, 4546, 4566, 4603, 4737, 4934, 10, 59, 113, 137, 177, 191, 486, 519, 606, 619, 695, 1099, 1346, 1557, 1715, 1801, 2306, 2322, 2447, 2509, 2885, 2906, 2970, 3091, 3174]
RKP_05000_00100_1_10.txt|3345.0|1.2932572000000064|[3751, 3752, 3758, 3763, 3770, 3771, 3775, 3776, 3793, 3798, 3810, 3833, 3840, 3861, 3884, 3893, 3903, 3926, 3930, 3939, 3980, 4054, 4071, 4102, 4113, 4135, 4179, 4187, 4195, 4232, 4234, 4314, 4379, 4404, 4412, 4464, 4530, 4545, 4555, 4680, 4702, 4706, 4841, 4971, 92, 100, 145, 172, 267, 554, 811, 870, 1366, 1708, 1815, 1836, 1926, 2123, 2484, 2935, 3119, 3322, 3633]
RKP_05000_00100_2_01.txt|2227.0|1.2693174000000056|[3755, 3775, 3790, 3794, 3818, 3827, 3860, 3892, 3894, 3898, 3970, 3996, 4065, 4290, 4301, 4376, 4398, 4486, 4598, 4618, 4807, 4828, 4937, 4988, 42, 397, 465, 491, 585, 750, 769, 870, 960, 968, 1045, 1479, 1485, 1663, 1698, 1770, 2268, 2323, 2789, 3370]
RKP_05000_00100_2_02.txt|3167.0|1.2314421999999965|[3753, 3754, 3758, 3760, 3764, 3765, 3772, 3779, 3785, 3790, 3823, 3851, 3853, 3902, 3992, 4025, 4048, 4157, 4205, 4282, 4286, 4328, 4406, 4427, 4513, 4528, 4621, 4679, 4764, 4928, 4944, 243, 320, 464, 520, 543, 550, 588, 1013, 1110, 1162, 1187, 1189, 1251, 1457, 1734, 1742, 1754, 1928, 1988, 2404, 2598, 2813, 3097, 3134, 3728]
RKP_05000_00100_2_03.txt|2932.0|1.287323800000003|[3751, 3754, 3755, 3756, 3759, 3767, 3772, 3789, 3804, 3832, 3863, 3935, 3952, 3992, 4064, 4138, 4192, 4274, 4293, 4342, 4360, 4460, 4461, 4519, 4548, 4576, 4590, 4592, 4645, 4872, 4984, 82, 213, 219, 499, 617, 675, 1300, 1356, 1594, 1723, 1916, 2082, 2375, 2640, 2719, 2778, 2956, 3297, 3405, 3556, 3739]
RKP_05000_00100_2_04.txt|2729.0|1.2387085000000013|[3751, 3755, 3762, 3781, 3785, 3795, 3804, 3817, 3822, 3837, 3849, 3859, 3906, 3918, 3975, 4033, 4075, 4105, 4137, 4233, 4241, 4256, 4281, 4387, 4424, 4437, 4502, 4667, 4700, 4857, 4888, 165, 301, 315, 316, 383, 421, 614, 792, 802, 850, 876, 1049, 1858, 1903, 2335, 2588, 2889]
RKP_05000_00100_2_05.txt|2864.0|1.212767399999997|[3755, 3772, 3779, 3802, 3819, 3849, 3917, 4024, 4105, 4116, 4120, 4163, 4176, 4202, 4272, 4362, 4443, 4502, 4547, 4579, 4629, 4692, 4734, 4741, 4779, 4826, 4974, 404, 491, 573, 653, 833, 956, 958, 1011, 1082, 1115, 1295, 1364, 1453, 1535, 1565, 1976, 1988, 1991, 2124, 2133, 2156, 2305, 2323, 2508]
RKP_05000_00100_2_06.txt|2823.0|1.2255891999999946|[3751, 3753, 3756, 3758, 3773, 3783, 3812, 3879, 3885, 3886, 3932, 3960, 3972, 4074, 4076, 4106, 4119, 4187, 4216, 4352, 4389, 4508, 4566, 4603, 4775, 4859, 4943, 4958, 38, 133, 183, 331, 438, 667, 790, 794, 825, 868, 898, 1072, 1158, 1172, 1203, 1724, 1831, 2097, 2432, 3155, 3228]
RKP_05000_00100_2_07.txt|3020.0|1.278661200000002|[3751, 3752, 3753, 3757, 3765, 3793, 3799, 3805, 3808, 3821, 3824, 3829, 3853, 3855, 3891, 3927, 3930, 3933, 3944, 3966, 3985, 3994, 4010, 4011, 4083, 4123, 4146, 4179, 4266, 4345, 4399, 4439, 4494, 4688, 4813, 4853, 139, 699, 858, 914, 996, 1073, 1082, 1169, 1278, 1391, 1501, 1979, 2305, 2616, 2933, 3077, 3257]
RKP_05000_00100_2_08.txt|3032.0|1.2413282999999993|[3751, 3752, 3757, 3759, 3761, 3764, 3765, 3773, 3774, 3775, 3791, 3798, 3829, 3848, 3849, 3902, 3949, 4041, 4092, 4117, 4214, 4274, 4310, 4371, 4386, 4421, 4422, 4485, 4542, 4619, 4703, 4717, 4954, 51, 137, 165, 242, 367, 388, 450, 818, 899, 1062, 1334, 1665, 1996, 2171, 2446, 3082, 3293, 3408]
RKP_05000_00100_2_09.txt|3225.0|1.2365275000000011|[3755, 3756, 3765, 3768, 3770, 3811, 3825, 3836, 3838, 3860, 3862, 3892, 3901, 3968, 3988, 3994, 4043, 4044, 4065, 4105, 4112, 4142, 4183, 4308, 4428, 4505, 4546, 4596, 4705, 4758, 4899, 4953, 81, 85, 88, 147, 429, 568, 623, 669, 929, 946, 963, 1068, 1102, 1115, 1270, 1442, 1703, 1863, 2820, 2921, 3528]
RKP_05000_00100_2_10.txt|2614.0|1.224931600000005|[3769, 3816, 3822, 3824, 3828, 3863, 3870, 3886, 3913, 3934, 3960, 4000, 4003, 4025, 4041, 4052, 4065, 4076, 4123, 4227, 4252, 4410, 4668, 4685, 4728, 3, 63, 209, 297, 523, 682, 772, 883, 1033, 1068, 1095, 1185, 1505, 1518, 1552, 1755, 1827, 2050, 2071, 2762, 3174, 3744]
RKP_05000_00100_3_01.txt|4832.0|1.2244256999999976|[3751, 3752, 3753, 3754, 3758, 3760, 3761, 3776, 3794, 3798, 3805, 3817, 3827, 3830, 3833, 3847, 3885, 3895, 3974, 3981, 3992, 4029, 4038, 4047, 4062, 4084, 4099, 4111, 4133, 4145, 4215, 4221, 4256, 4280, 4283, 4284, 4338, 4360, 4411, 4442, 4650, 4756, 4846, 4937, 4942, 4982, 22, 36, 85, 113, 452, 475, 501, 518, 744, 785, 789, 840, 1071, 1358, 1658, 2002, 2022, 2042, 2073, 2424, 2425, 2433, 2945, 3221, 3312]
RKP_05000_00100_3_02.txt|5386.0|1.187662699999997|[3751, 3759, 3761, 3767, 3769, 3772, 3786, 3788, 3805, 3824, 3843, 3844, 3847, 3848, 3882, 3885, 3895, 3898, 3917, 3953, 3969, 3992, 4004, 4022, 4030, 4051, 4062, 4063, 4080, 4101, 4106, 4115, 4123, 4142, 4165, 4184, 4203, 4222, 4246, 4262, 4292, 4526, 4606, 4723, 4739, 4743, 4797, 4842, 4843, 4869, 4886, 4897, 17, 21, 76, 85, 414, 477, 584, 626, 755, 1112, 1117, 1159, 1424, 1439, 1472, 1512, 1522, 1598, 2037, 2068, 2094, 2365, 2373, 2395, 2426, 2805, 2864, 3244, 3662]
RKP_05000_00100_3_03.txt|5138.0|1.2090463999999983|[3751, 3753, 3755, 3756, 3764, 3765, 3768, 3770, 3771, 3777, 3802, 3823, 3826, 3836, 3846, 3879, 3890, 3906, 3909, 3915, 3941, 3955, 4008, 4033, 4091, 4101, 4137, 4153, 4270, 4397, 4406, 4440, 4448, 4464, 4570, 4644, 4651, 4664, 4695, 4727, 4729, 4746, 4801, 4808, 4836, 4859, 4976, 6, 54, 55, 97, 159, 209, 237, 308, 321, 422, 462, 482, 597, 638, 640, 691, 1409, 1412, 1426, 1543, 1608, 1712, 1734, 1739, 1865, 3004, 3190, 3270, 3278, 3297, 3313, 3624]
RKP_05000_00100_3_04.txt|5332.0|1.1637422000000015|[3751, 3752, 3753, 3755, 3759, 3761, 3764, 3766, 3798, 3806, 3809, 3818, 3849, 3850, 3853, 3883, 3886, 3955, 4016, 4032, 4048, 4059, 4065, 4068, 4070, 4075, 4085, 4115, 4125, 4127, 4153, 4196, 4328, 4438, 4458, 4509, 4519, 4520, 4558, 4648, 4734, 4741, 4774, 4932, 4943, 4977, 14, 33, 88, 97, 98, 183, 320, 489, 507, 538, 567, 655, 906, 981, 1024, 1090, 1136, 1183, 1350, 1384, 1514, 1560, 1861, 2134, 2149, 2389, 2533, 2601, 2886, 3429, 3746]
RKP_05000_00100_3_05.txt|4683.0|1.2331749000000016|[3751, 3757, 3774, 3775, 3782, 3797, 3802, 3810, 3829, 3831, 3863, 3872, 3956, 3970, 3980, 3988, 4042, 4045, 4054, 4095, 4112, 4185, 4198, 4230, 4235, 4236, 4263, 4292, 4313, 4323, 4333, 4338, 4364, 4388, 4406, 4419, 4655, 4659, 4686, 4700, 4723, 4744, 276, 418, 510, 560, 608, 790, 1087, 1206, 1346, 1421, 1464, 1587, 1609, 1627, 1678, 1864, 1885, 2242, 2503, 2813, 2823, 2957, 3148, 3173]
RKP_05000_00100_3_06.txt|5144.0|1.1660599000000005|[3751, 3752, 3753, 3754, 3755, 3760, 3765, 3774, 3775, 3776, 3777, 3779, 3782, 3785, 3795, 3808, 3818, 3829, 3853, 3854, 3858, 3863, 3869, 3871, 3929, 3953, 3971, 3994, 3998, 4020, 4040, 4102, 4163, 4202, 4242, 4301, 4314, 4388, 4433, 4505, 4515, 4537, 4546, 4588, 4706, 4796, 4831, 4880, 4898, 4977, 97, 116, 126, 201, 224, 227, 407, 448, 485, 610, 634, 909, 955, 1049, 1162, 1207, 1278, 1460, 1488, 1628, 1639, 1728, 1832, 1862, 1901, 2901, 2961, 3032]
RKP_05000_00100_3_07.txt|6042.0|1.1744094000000018|[3751, 3752, 3760, 3764, 3766, 3768, 3770, 3776, 3780, 3782, 3827, 3839, 3843, 3846, 3848, 3849, 3864, 3869, 3919, 3928, 3935, 3939, 3956, 3961, 3963, 3972, 4031, 4054, 4105, 4106, 4112, 4122, 4166, 4245, 4250, 4257, 4273, 4299, 4300, 4320, 4333, 4449, 4479, 4500, 4549, 4562, 4567, 4615, 4626, 4633, 4640, 4644, 4663, 4730, 4735, 4780, 4810, 4845, 4859, 203, 327, 365, 413, 583, 642, 710, 863, 1260, 1382, 1417, 1451, 1619, 1982, 2166, 2292, 2403, 2788, 2935, 3585]
RKP_05000_00100_3_08.txt|5549.0|1.2399118000000016|[3751, 3755, 3756, 3763, 3767, 3771, 3786, 3794, 3797, 3809, 3810, 3842, 3847, 3850, 3851, 3874, 3879, 3911, 3919, 3965, 3977, 3988, 4046, 4078, 4093, 4096, 4132, 4176, 4178, 4241, 4275, 4307, 4313, 4322, 4361, 4395, 4435, 4450, 4557, 4638, 4675, 4719, 4777, 4826, 4958, 4988, 4990, 4994, 105, 164, 228, 247, 252, 267, 339, 552, 723, 841, 904, 1026, 1063, 1180, 1322, 1452, 1751, 2080, 2085, 2160, 2439, 2466, 2544, 2571, 2799, 2812, 2928, 2975, 3103, 3354, 3458, 3485]
RKP_05000_00100_3_09.txt|5395.0|1.1883048999999986|[3751, 3752, 3754, 3760, 3768, 3774, 3775, 3790, 3805, 3807, 3813, 3844, 3851, 3860, 3861, 3866, 3887, 3955, 3967, 4012, 4021, 4027, 4038, 4057, 4105, 4159, 4169, 4174, 4216, 4335, 4350, 4386, 4412, 4446, 4539, 4577, 4589, 4731, 4736, 4817, 4824, 4911, 4960, 78, 249, 282, 308, 433, 663, 782, 783, 798, 977, 1122, 1203, 1345, 1359, 1368, 1596, 1612, 1647, 1675, 1821, 1870, 1877, 2250, 2312, 2346, 2353, 2477, 2737, 3098, 3209, 3359, 3431, 3563, 3652, 3698]
RKP_05000_00100_3_10.txt|5112.0|1.245190000000008|[3753, 3754, 3755, 3758, 3760, 3769, 3771, 3772, 3777, 3780, 3797, 3800, 3802, 3807, 3813, 3860, 3869, 3888, 3891, 3892, 3916, 3923, 3966, 3977, 3986, 4002, 4033, 4133, 4188, 4276, 4290, 4377, 4416, 4525, 4537, 4548, 4610, 4631, 4790, 4796, 4825, 4882, 4916, 9, 169, 176, 180, 207, 213, 297, 688, 696, 801, 857, 931, 945, 985, 994, 1030, 1062, 1227, 1317, 1470, 1608, 1679, 1738, 1740, 2111, 2619, 2627, 2747, 2766, 2968, 3198, 3378, 3533]
RKP_05000_00100_4_01.txt|48.0|1.2152068000000043|[3452]
RKP_05000_00100_4_02.txt|72.0|1.193833799999993|[3472]
RKP_05000_00100_4_03.txt|62.0|1.1753789999999924|[3466]
RKP_05000_00100_4_04.txt|83.0|1.224548800000008|[3450]
RKP_05000_00100_4_05.txt|72.0|1.2122212000000019|[3437]
RKP_05000_00100_4_06.txt|80.0|1.1996721999999949|[3454]
RKP_05000_00100_4_07.txt|75.0|1.1687241000000057|[3455]
RKP_05000_00100_4_08.txt|83.0|1.221291899999997|[3478]
RKP_05000_00100_4_09.txt|68.0|1.1954994999999968|[3450]
RKP_05000_00100_4_10.txt|40.0|1.2030984000000018|[3441]
RKP_05000_00100_5_01.txt|56.0|1.1755165999999946|[3483]
RKP_05000_00100_5_02.txt|65.0|1.220426500000002|[3437]
RKP_05000_00100_5_03.txt|52.0|1.1949988000000076|[3472]
RKP_05000_00100_5_04.txt|45.0|1.2168977999999981|[3443]
RKP_05000_00100_5_05.txt|54.0|1.1626136999999943|[3442]
RKP_05000_00100_5_06.txt|83.0|1.2110279000000048|[3460]
RKP_05000_00100_5_07.txt|47.0|1.1925028999999938|[3443]
RKP_05000_00100_5_08.txt|87.0|1.1717603999999966|[3471]
RKP_05000_00100_5_09.txt|50.0|1.1659136000000103|[3446]
RKP_05000_00100_5_10.txt|81.0|1.2190915000000047|[3396]
RKP_05000_01000_1_01.txt|42438.0|1.5177802000000042|[3751, 3752, 3755, 3758, 3760, 3763, 3765, 3766, 3767, 3768, 3772, 3773, 3780, 3783, 3785, 3803, 3828, 3832, 3836, 3846, 3868, 3901, 3914, 3962, 3976, 4002, 4021, 4078, 4084, 4118, 4129, 4149, 4174, 4241, 4261, 4301, 4411, 4434, 4450, 4476, 4482, 4501, 4528, 4550, 4616, 4671, 4719, 4741, 4784, 4895, 4946, 4964, 4982, 4983, 137, 181, 341, 474, 492, 506, 525, 560, 591, 608, 669, 678, 729, 827, 937, 1004, 1016, 1231, 1317, 1379, 1527, 1624, 1894, 1937, 2006, 2032, 2235, 2284, 2541, 2549, 2879, 2973, 3229, 3721]
RKP_05000_01000_1_02.txt|41667.0|1.6291963999999979|[3753, 3757, 3760, 3767, 3772, 3786, 3789, 3791, 3828, 3834, 3839, 3846, 3859, 3905, 3915, 3953, 3957, 3972, 3985, 3986, 4032, 4054, 4087, 4118, 4156, 4175, 4214, 4221, 4256, 4289, 4338, 4372, 4396, 4425, 4444, 4478, 4522, 4540, 4587, 4667, 4668, 4678, 4715, 4738, 4805, 4955, 11, 27, 79, 87, 93, 153, 164, 205, 340, 354, 427, 433, 610, 749, 761, 791, 843, 870, 948, 979, 1129, 1344, 1477, 1495, 1500, 1519, 1550, 1575, 1582, 1723, 1845, 2099, 2315, 2335, 2378, 2418, 2545, 2625, 3239, 3711]
RKP_05000_01000_1_03.txt|40136.00000000007|1.5061567000000053|[3751, 3753, 3763, 3772, 3774, 3783, 3810, 3812, 3817, 3822, 3826, 3844, 3864, 3879, 3885, 3915, 3924, 3926, 3936, 3942, 3998, 4022, 4089, 4094, 4191, 4196, 4229, 4265, 4283, 4399, 4499, 4560, 4602, 4625, 4632, 4683, 4690, 4738, 4756, 4777, 4789, 4896, 4900, 4969, 89, 114, 165, 225, 228, 233, 284, 355, 364, 469, 565, 572, 604, 729, 766, 830, 860, 875, 911, 951, 1064, 1218, 1221, 1432, 1438, 1598, 1944, 1982, 2026, 2142, 2432, 2585, 2670, 2854, 2941, 2943, 2966, 3033, 3390]
RKP_05000_01000_1_04.txt|45030.0|1.568356300000005|[3751, 3752, 3755, 3756, 3757, 3758, 3759, 3760, 3766, 3774, 3775, 3783, 3785, 3799, 3800, 3802, 3811, 3814, 3821, 3864, 3882, 3883, 3885, 3931, 3939, 3941, 3960, 3973, 3988, 3998, 4020, 4068, 4101, 4145, 4163, 4171, 4215, 4232, 4248, 4272, 4283, 4296, 4344, 4420, 4437, 4466, 4474, 4542, 4544, 4636, 4702, 4771, 4857, 4892, 4924, 4968, 25, 61, 145, 166, 200, 296, 347, 439, 651, 666, 773, 797, 810, 927, 1070, 1220, 1300, 1330, 1399, 1672, 1749, 1773, 1801, 1805, 2021, 2676, 2982, 3027, 3079, 3147, 3374, 3525]
RKP_05000_01000_1_05.txt|38501.0|1.601643800000005|[3752, 3754, 3755, 3758, 3759, 3764, 3766, 3769, 3775, 3777, 3796, 3798, 3815, 3817, 3819, 3823, 3835, 3841, 3843, 3844, 3847, 3869, 3870, 3880, 3882, 3907, 3918, 3951, 3958, 3981, 4004, 4009, 4017, 4029, 4080, 4089, 4099, 4102, 4135, 4180, 4217, 4330, 4334, 4342, 4343, 4401, 4417, 4461, 4566, 4653, 4693, 4735, 4762, 4773, 4799, 4843, 4892, 4900, 4905, 4912, 4977, 66, 70, 71, 161, 168, 224, 338, 356, 357, 399, 633, 643, 754, 819, 1006, 1013, 1021, 1110, 1147, 1297, 1569, 1584, 1817, 2218, 2803, 2846, 2868, 2954, 3135]
RKP_05000_01000_1_06.txt|50512.0|1.4479459000000077|[3751, 3752, 3753, 3754, 3756, 3758, 3759, 3760, 3763, 3787, 3792, 3798, 3801, 3802, 3810, 3830, 3840, 3857, 3900, 3907, 3909, 3913, 3938, 3942, 3967, 3974, 4019, 4038, 4042, 4047, 4086, 4087, 4093, 4149, 4179, 4248, 4253, 4351, 4362, 4366, 4396, 4406, 4434, 4437, 4438, 4441, 4447, 4471, 4486, 4644, 4693, 4748, 4752, 4790, 4812, 4847, 4895, 4942, 4992, 55, 118, 244, 261, 280, 412, 439, 470, 629, 660, 666, 762, 775, 798, 800, 918, 945, 1192, 1233, 1267, 1383, 1607, 1611, 1615, 1675, 1717, 1826, 1859, 2596, 2946, 3353, 3543]
RKP_05000_01000_1_07.txt|37315.0|1.529973599999991|[3751, 3752, 3758, 3765, 3771, 3773, 3777, 3788, 3794, 3796, 3815, 3827, 3834, 3841, 3844, 3869, 3880, 3911, 3938, 3948, 3954, 3963, 3976, 3991, 4113, 4136, 4143, 4171, 4174, 4203, 4272, 4273, 4318, 4319, 4327, 4358, 4366, 4378, 4390, 4401, 4481, 4503, 4545, 4598, 4707, 4735, 4743, 4797, 4802, 4925, 4928, 96, 109, 128, 199, 239, 357, 395, 416, 447, 491, 514, 615, 654, 751, 837, 895, 985, 995, 1343, 1419, 1734, 2188, 2205, 2714, 2759, 2828, 2992, 3221]
RKP_05000_01000_1_08.txt|40785.0|1.5075970999999981|[3753, 3757, 3760, 3762, 3765, 3770, 3774, 3776, 3779, 3782, 3789, 3790, 3793, 3802, 3816, 3825, 3829, 3831, 3839, 3859, 3865, 3867, 3868, 3890, 3901, 3940, 3957, 3967, 3985, 3994, 4007, 4029, 4139, 4161, 4169, 4177, 4180, 4238, 4277, 4279, 4281, 4298, 4325, 4401, 4420, 4488, 4535, 4599, 4640, 4642, 4702, 4838, 4888, 25, 94, 141, 235, 237, 324, 820, 849, 860, 1106, 1132, 1278, 1335, 1473, 1591, 2038, 2068, 2073, 2187, 2538, 2658, 2675, 2687, 2820, 3247, 3416]
RKP_05000_01000_1_09.txt|42226.0|1.602795999999998|[3751, 3752, 3753, 3754, 3756, 3757, 3758, 3767, 3768, 3775, 3777, 3779, 3782, 3789, 3797, 3799, 3801, 3823, 3841, 3844, 3851, 3854, 3856, 3878, 3886, 3903, 3907, 3913, 3940, 3941, 4052, 4070, 4092, 4109, 4114, 4140, 4177, 4223, 4249, 4312, 4313, 4434, 4464, 4594, 4633, 4746, 4748, 4863, 4992, 87, 112, 116, 151, 164, 184, 231, 245, 259, 329, 429, 449, 464, 511, 538, 604, 661, 762, 784, 871, 989, 996, 1078, 1114, 1131, 1149, 1595, 1906, 1929, 1995, 2198, 2306, 2394, 2494, 2650, 2714, 2865]
RKP_05000_01000_1_10.txt|46630.0|1.524744400000003|[3751, 3752, 3754, 3759, 3761, 3767, 3778, 3783, 3788, 3793, 3797, 3799, 3830, 3850, 3853, 3854, 3879, 3911, 3930, 3937, 3943, 3948, 3962, 3970, 3995, 4005, 4011, 4036, 4109, 4134, 4195, 4211, 4214, 4222, 4236, 4245, 4250, 4278, 4332, 4354, 4384, 4490, 4535, 4557, 4563, 4589, 4594, 4638, 4794, 4826, 4845, 3, 34, 63, 100, 111, 163, 173, 180, 186, 226, 229, 303, 304, 390, 391, 430, 436, 481, 567, 664, 684, 903, 934, 966, 1059, 1291, 1294, 1310, 1358, 1421, 1448, 1503, 1518, 1617, 1887, 2059, 2437, 2586, 2786, 3448, 3565]
RKP_05000_01000_2_01.txt|31473.0|1.775749900000008|[3752, 3757, 3762, 3772, 3778, 3782, 3788, 3831, 3838, 3853, 3865, 3897, 3903, 3926, 4015, 4059, 4089, 4102, 4145, 4163, 4233, 4291, 4354, 4437, 4474, 4511, 4697, 4701, 4747, 4761, 4796, 4850, 4923, 223, 237, 391, 480, 594, 648, 750, 807, 918, 1031, 1101, 1150, 1319, 1331, 1421, 1810, 2145, 2514, 2669, 2916, 3243, 3348]
RKP_05000_01000_2_02.txt|34126.0|1.798630899999992|[3751, 3752, 3753, 3770, 3794, 3812, 3826, 3828, 3838, 3844, 3871, 3876, 3889, 3949, 3964, 4029, 4061, 4067, 4088, 4115, 4129, 4212, 4221, 4241, 4295, 4403, 4417, 4570, 4612, 4696, 4714, 4750, 4795, 4799, 4818, 4939, 4946, 44, 253, 327, 443, 489, 562, 606, 714, 963, 1009, 1058, 1169, 1265, 1287, 1331, 1432, 1683, 1733, 1774, 2092, 2461, 3727]
RKP_05000_01000_2_03.txt|30243.0|1.789199400000001|[3801, 3813, 3819, 3836, 3838, 3854, 3856, 3868, 3881, 3927, 3935, 3967, 3985, 4036, 4055, 4058, 4091, 4100, 4125, 4164, 4215, 4227, 4257, 4268, 4339, 4405, 4476, 4608, 4612, 4692, 4752, 4882, 104, 233, 300, 426, 434, 482, 708, 914, 932, 1090, 1298, 1351, 1360, 1680, 1837, 1930, 2093, 2101, 2166, 2290, 2572, 2688, 3207, 3714]
RKP_05000_01000_2_04.txt|33727.0|1.7750153000000068|[3751, 3753, 3757, 3767, 3769, 3772, 3773, 3801, 3804, 3807, 3809, 3813, 3832, 3834, 3903, 3913, 3933, 3997, 4052, 4098, 4121, 4150, 4259, 4295, 4297, 4307, 4317, 4335, 4412, 4417, 4453, 4508, 4518, 4666, 4815, 4836, 4886, 4959, 4960, 69, 148, 289, 422, 490, 549, 656, 739, 987, 995, 999, 1158, 1268, 1678, 1739, 1933, 2248, 2280, 2622, 2986, 3174, 3204]
RKP_05000_01000_2_05.txt|31976.0|1.722606600000006|[3753, 3754, 3755, 3758, 3759, 3762, 3766, 3773, 3780, 3783, 3784, 3793, 3820, 3830, 3906, 3937, 3951, 3954, 4010, 4023, 4040, 4074, 4094, 4110, 4140, 4170, 4177, 4203, 4276, 4484, 4487, 4525, 4626, 4707, 4802, 4814, 4882, 4908, 19, 85, 174, 326, 372, 422, 430, 512, 675, 758, 783, 1263, 1298, 1436, 1693, 2071, 2965, 3083, 3235]
RKP_05000_01000_2_06.txt|36040.0|1.8689566999999982|[3751, 3752, 3755, 3760, 3777, 3780, 3786, 3809, 3811, 3844, 3855, 3859, 3888, 3902, 3904, 3909, 3934, 3992, 4002, 4032, 4078, 4086, 4094, 4136, 4153, 4214, 4223, 4231, 4420, 4422, 4433, 4457, 4464, 4489, 4543, 4612, 4650, 4675, 4814, 4884, 119, 227, 319, 369, 496, 602, 648, 683, 698, 741, 951, 1032, 1037, 1078, 1196, 1226, 1234, 1388, 1440, 1861, 2881, 3295, 3701]
RKP_05000_01000_2_07.txt|29740.0|1.8082756000000018|[3751, 3755, 3761, 3762, 3783, 3794, 3855, 3907, 3949, 3957, 3962, 3978, 3988, 4007, 4044, 4118, 4137, 4266, 4501, 4509, 4521, 4522, 4659, 4747, 4873, 4889, 4981, 15, 175, 187, 211, 302, 343, 375, 393, 452, 561, 636, 652, 685, 695, 726, 956, 983, 991, 1032, 1091, 1196, 1211, 1358, 1593, 1835, 1879, 1897, 1946, 2025, 2257, 2632, 3029, 3179, 3203, 3245]
RKP_05000_01000_2_08.txt|35997.0|1.8614852999999982|[3754, 3756, 3764, 3767, 3780, 3788, 3794, 3809, 3828, 3858, 3864, 3924, 3950, 3951, 3963, 3986, 3992, 4014, 4028, 4048, 4062, 4112, 4121, 4135, 4147, 4223, 4330, 4384, 4408, 4410, 4427, 4497, 4596, 4651, 4705, 4722, 4766, 4817, 4864, 4906, 4934, 64, 249, 414, 533, 552, 674, 883, 1149, 1382, 1558, 1691, 1898, 1941, 2135, 2607, 2879]
RKP_05000_01000_2_09.txt|34344.0|1.7599641999999989|[3752, 3753, 3754, 3760, 3763, 3765, 3772, 3775, 3786, 3794, 3813, 3827, 3868, 3878, 3925, 3997, 4020, 4060, 4127, 4129, 4158, 4169, 4286, 4311, 4329, 4427, 4534, 4571, 4647, 4685, 4747, 4882, 4976, 9, 178, 306, 333, 377, 536, 717, 742, 755, 787, 844, 890, 1067, 1387, 1539, 1637, 1863, 2047, 2228, 2333, 2724, 3419, 3441]
RKP_05000_01000_2_10.txt|27633.0|1.819710999999998|[3759, 3765, 3768, 3769, 3775, 3779, 3786, 3824, 3832, 3845, 3849, 3887, 3899, 3941, 3956, 3977, 4044, 4055, 4087, 4101, 4170, 4305, 4337, 4499, 4630, 4672, 4691, 4761, 4799, 4925, 4926, 53, 64, 166, 241, 244, 252, 273, 369, 436, 495, 608, 676, 784, 1068, 1309, 1748, 1913, 2334, 2424, 2462, 2637, 2765, 2800, 2834, 3017, 3559]
RKP_05000_01000_3_01.txt|63671.0|1.2443614000000025|[3751, 3752, 3759, 3762, 3765, 3766, 3771, 3773, 3784, 3787, 3790, 3795, 3796, 3797, 3803, 3810, 3822, 3827, 3837, 3847, 3858, 3859, 3862, 3864, 3869, 3882, 3900, 3926, 3943, 3957, 3987, 3991, 4024, 4026, 4034, 4055, 4122, 4131, 4134, 4137, 4148, 4150, 4205, 4289, 4300, 4303, 4310, 4312, 4354, 4373, 4382, 4438, 4478, 4499, 4507, 4667, 4701, 4746, 4788, 4797, 4831, 4837, 4889, 4890, 4940, 4948, 115, 132, 350, 365, 448, 529, 644, 708, 806, 928, 991, 1000, 1166, 1179, 1211, 1498, 1533, 1601, 1624, 1996, 2171, 2341, 2433, 2851, 3202]
RKP_05000_01000_3_02.txt|72920.0|1.2515536000000083|[3751, 3752, 3754, 3763, 3775, 3778, 3783, 3788, 3789, 3790, 3791, 3816, 3818, 3821, 3840, 3857, 3866, 3879, 3880, 3890, 3919, 3959, 3964, 3980, 3985, 4013, 4045, 4054, 4055, 4095, 4129, 4175, 4186, 4195, 4196, 4198, 4262, 4292, 4312, 4345, 4359, 4396, 4468, 4480, 4509, 4551, 4599, 4628, 4633, 4642, 4681, 4703, 4770, 4772, 4791, 4796, 4837, 4867, 4911, 4924, 4943, 4990, 84, 186, 234, 236, 238, 249, 635, 658, 817, 830, 863, 886, 965, 1080, 1175, 1315, 1417, 1454, 1522, 1558, 1603, 1683, 1703, 1728, 1739, 1748, 1791, 1921, 2058, 2143, 2296, 2500, 2582, 2884, 3169, 3257, 3469]
RKP_05000_01000_3_03.txt|67423.0|1.229280700000004|[3751, 3752, 3753, 3754, 3755, 3756, 3761, 3772, 3776, 3786, 3788, 3847, 3865, 3879, 3903, 3906, 3908, 3913, 3940, 3949, 3950, 3964, 3965, 3971, 3989, 3996, 4036, 4058, 4080, 4089, 4110, 4127, 4149, 4189, 4215, 4230, 4294, 4318, 4359, 4371, 4402, 4419, 4459, 4460, 4513, 4515, 4520, 4544, 4589, 4606, 4629, 4631, 4646, 4702, 4725, 4739, 4772, 4791, 4832, 4907, 4914, 4919, 4972, 4981, 215, 248, 273, 283, 309, 347, 355, 413, 483, 517, 676, 784, 837, 952, 1048, 1069, 1136, 1189, 1279, 1707, 1916, 1989, 2023, 2227, 2295, 2447, 2472, 2660, 2678, 2791, 2834, 2899, 2965, 3079, 3088, 3279, 3421, 3445, 3563]
RKP_05000_01000_3_04.txt|66242.0|1.275979200000009|[3751, 3753, 3754, 3755, 3756, 3757, 3759, 3763, 3765, 3767, 3768, 3777, 3779, 3789, 3795, 3808, 3813, 3820, 3832, 3839, 3844, 3861, 3882, 3892, 3925, 3948, 3955, 3956, 3975, 4008, 4011, 4013, 4027, 4056, 4071, 4087, 4110, 4150, 4198, 4222, 4245, 4298, 4318, 4324, 4360, 4369, 4398, 4407, 4430, 4459, 4480, 4497, 4519, 4534, 4577, 4614, 4712, 4727, 4739, 4798, 4799, 4814, 4830, 4915, 4976, 26, 59, 72, 146, 148, 243, 307, 339, 518, 536, 622, 657, 662, 746, 865, 900, 1122, 1266, 1291, 1318, 1325, 1343, 1351, 1497, 1607, 1615, 1618, 1621, 1947, 2024, 2080, 2198, 2273, 2362, 2792, 3190, 3630]
RKP_05000_01000_3_05.txt|60130.0|1.231618200000014|[3751, 3752, 3753, 3754, 3757, 3758, 3760, 3761, 3766, 3769, 3775, 3776, 3779, 3782, 3784, 3787, 3798, 3799, 3806, 3820, 3862, 3872, 3893, 3912, 3919, 3922, 3933, 3934, 3962, 3969, 4006, 4035, 4046, 4085, 4094, 4098, 4108, 4136, 4236, 4251, 4263, 4305, 4370, 4388, 4458, 4498, 4518, 4527, 4564, 4662, 4735, 4748, 4783, 4810, 4819, 4840, 9, 13, 42, 55, 250, 266, 302, 338, 369, 509, 520, 609, 659, 827, 873, 1048, 1197, 1210, 1365, 1384, 1473, 1494, 1670, 1720, 1805, 1818, 1856, 1917, 2008, 2120, 2189, 2190, 2219, 2308, 2334, 2385, 3088, 3155]
RKP_05000_01000_3_06.txt|70792.0|1.243609599999985|[3751, 3752, 3753, 3754, 3756, 3757, 3762, 3766, 3789, 3791, 3795, 3796, 3805, 3821, 3826, 3832, 3835, 3836, 3844, 3852, 3856, 3874, 3876, 3885, 3891, 3934, 3943, 3956, 3963, 3964, 3969, 3977, 3999, 4015, 4026, 4036, 4037, 4038, 4118, 4154, 4168, 4181, 4219, 4238, 4240, 4323, 4353, 4373, 4415, 4436, 4452, 4484, 4510, 4517, 4551, 4563, 4609, 4639, 4681, 4696, 4780, 4785, 4869, 4962, 4971, 31, 46, 109, 216, 272, 301, 360, 390, 447, 667, 728, 741, 776, 888, 1001, 1373, 1491, 1506, 1549, 1964, 2014, 2074, 2140, 2183, 2283, 2601, 2750, 3008, 3065, 3072, 3174, 3332, 3558, 3661]
RKP_05000_01000_3_07.txt|67903.0|1.2902624000000174|[3751, 3752, 3753, 3755, 3756, 3758, 3761, 3763, 3768, 3781, 3786, 3810, 3823, 3825, 3826, 3829, 3834, 3844, 3850, 3863, 3875, 3944, 3964, 3966, 3968, 3970, 3971, 4041, 4043, 4045, 4110, 4120, 4143, 4148, 4163, 4167, 4172, 4177, 4212, 4227, 4237, 4277, 4289, 4343, 4358, 4390, 4408, 4464, 4512, 4577, 4599, 4633, 4634, 4641, 4646, 4741, 4753, 4794, 4805, 4840, 4873, 4923, 4929, 12, 118, 157, 220, 294, 314, 459, 533, 539, 542, 748, 793, 854, 861, 1107, 1110, 1198, 1337, 1466, 1650, 1716, 1835, 1885, 1896, 2152, 2188, 2359, 2378, 2466, 2481, 2604, 2881, 2983, 3206, 3409]
RKP_05000_01000_3_08.txt|65964.0|1.2561541999999974|[3751, 3752, 3753, 3754, 3756, 3757, 3764, 3770, 3772, 3778, 3780, 3785, 3786, 3823, 3827, 3830, 3832, 3868, 3872, 3876, 3884, 3902, 3904, 3912, 3963, 3967, 3976, 4000, 4010, 4014, 4020, 4029, 4045, 4051, 4081, 4144, 4224, 4239, 4275, 4306, 4404, 4406, 4410, 4425, 4436, 4457, 4475, 4633, 4645, 4651, 4661, 4694, 4703, 4759, 4764, 4786, 4800, 4827, 4867, 4884, 4885, 4909, 23, 114, 145, 263, 338, 386, 483, 520, 560, 717, 720, 726, 769, 775, 838, 1114, 1152, 1234, 1608, 1727, 1767, 1837, 1964, 1987, 2034, 2096, 2146, 2195, 2307, 2321, 2558, 2772, 2942, 3213, 3237, 3450, 3517, 3529]
RKP_05000_01000_3_09.txt|64889.0|1.2942880999999886|[3751, 3752, 3754, 3757, 3758, 3759, 3763, 3764, 3776, 3790, 3792, 3801, 3807, 3811, 3823, 3827, 3831, 3833, 3836, 3837, 3849, 3856, 3861, 3886, 3902, 3909, 3957, 3987, 3992, 4002, 4031, 4040, 4060, 4104, 4126, 4134, 4162, 4176, 4203, 4212, 4242, 4244, 4306, 4314, 4405, 4411, 4414, 4421, 4423, 4501, 4510, 4536, 4547, 4602, 4636, 4671, 4681, 4745, 4753, 4790, 4898, 4939, 63, 72, 170, 221, 238, 434, 728, 774, 801, 805, 1037, 1151, 1236, 1247, 1261, 1327, 1371, 1407, 1456, 1691, 1770, 2006, 2142, 2193, 2288, 2322, 2368, 2618, 2886, 3042]
RKP_05000_01000_3_10.txt|69238.0|1.2444063999999742|[3751, 3752, 3753, 3755, 3756, 3760, 3764, 3766, 3775, 3783, 3800, 3802, 3812, 3816, 3819, 3823, 3862, 3869, 3895, 3944, 3946, 3968, 3969, 3973, 3985, 4020, 4022, 4037, 4055, 4058, 4062, 4093, 4094, 4110, 4119, 4143, 4150, 4163, 4167, 4184, 4196, 4208, 4240, 4252, 4377, 4442, 4531, 4539, 4558, 4561, 4626, 4657, 4694, 4769, 4843, 4847, 4875, 4934, 29, 79, 93, 248, 280, 371, 385, 535, 553, 597, 604, 889, 939, 974, 1072, 1208, 1361, 1499, 1514, 1563, 1627, 1644, 1665, 1690, 1814, 1869, 1877, 1900, 1984, 1990, 2001, 2185, 2339, 2629, 2802, 2977, 3216, 3381, 3497, 3538]
RKP_05000_01000_4_01.txt|581.0|1.224981100000008|[3672]
RKP_05000_01000_4_02.txt|489.0|1.2033131000000026|[3721]
RKP_05000_01000_4_03.txt|534.0|1.2534735000000126|[3660]
RKP_05000_01000_4_04.txt|784.0|1.2179998000000012|[3660]
RKP_05000_01000_4_05.txt|392.0|1.218807599999991|[3451]
RKP_05000_01000_4_06.txt|685.0|1.2035161999999957|[3438]
RKP_05000_01000_4_07.txt|289.0|1.247141499999998|[3243]
RKP_05000_01000_4_08.txt|849.0|1.234482799999995|[3586]
RKP_05000_01000_4_09.txt|484.0|1.2252060000000142|[3463]
RKP_05000_01000_4_10.txt|448.0|1.182589500000006|[3530]
RKP_05000_01000_5_01.txt|898.0|1.2431308000000172|[3715]
RKP_05000_01000_5_02.txt|927.0|1.2514757999999802|[3711]
RKP_05000_01000_5_03.txt|476.0|1.2267750000000035|[3715]
RKP_05000_01000_5_04.txt|816.0|1.1881723000000193|[3701]
RKP_05000_01000_5_05.txt|686.0|1.2520230000000083|[3719]
RKP_05000_01000_5_06.txt|96.0|1.2352164999999786|[3702]
RKP_05000_01000_5_07.txt|281.0|1.2135280999999907|[3743]
RKP_05000_01000_5_08.txt|916.0|1.2009849000000088|[3726]
RKP_05000_01000_5_09.txt|829.0|1.2680765000000065|[3745]
RKP_05000_01000_5_10.txt|872.0|1.2381882999999902|[3740]
RKP_05000_05000_1_01.txt|225532.0|1.5041004999999927|[3752, 3753, 3754, 3758, 3771, 3780, 3783, 3786, 3790, 3791, 3797, 3800, 3824, 3825, 3828, 3844, 3846, 3850, 3877, 3884, 3899, 3918, 3924, 3956, 3976, 3984, 3989, 3998, 4004, 4005, 4013, 4024, 4029, 4040, 4108, 4199, 4227, 4246, 4248, 4272, 4312, 4351, 4354, 4438, 4497, 4548, 4559, 4576, 4690, 4784, 4833, 4950, 4951, 4981, 4996, 4997, 10, 20, 55, 166, 187, 293, 345, 424, 435, 689, 945, 1071, 1435, 1437, 1646, 1695, 1747, 1863, 2016, 2471, 2563, 2827, 3058, 3527, 3560]
RKP_05000_05000_1_02.txt|232662.99999983638|1.5346648000000016|[3751, 3752, 3754, 3758, 3759, 3760, 3764, 3768, 3770, 3771, 3774, 3788, 3795, 3805, 3807, 3809, 3839, 3854, 3863, 3867, 3876, 3891, 3963, 3981, 3988, 3990, 4008, 4019, 4047, 4060, 4084, 4091, 4099, 4111, 4128, 4146, 4194, 4220, 4224, 4287, 4418, 4419, 4462, 4535, 4537, 4555, 4626, 4653, 4755, 4791, 4794, 4819, 4825, 4839, 4857, 4865, 4902, 4953, 16, 59, 124, 129, 184, 209, 306, 472, 536, 605, 620, 729, 789, 924, 927, 1056, 1072, 1251, 1417, 1456, 1809, 2338, 2446, 2504, 2592, 2636, 2671, 2690, 2763, 2824, 2947, 3132, 3152, 3462, 3582]
RKP_05000_05000_1_03.txt|184162.0|1.6099892999999952|[3751, 3755, 3757, 3758, 3768, 3772, 3775, 3789, 3796, 3812, 3828, 3830, 3836, 3860, 3865, 3883, 3956, 3981, 3983, 3996, 3999, 4047, 4068, 4089, 4103, 4143, 4176, 4179, 4185, 4201, 4231, 4232, 4238, 4254, 4307, 4332, 4336, 4395, 4401, 4442, 4529, 4561, 4658, 4710, 4833, 4848, 4849, 4858, 4865, 4962, 4985, 4986, 11, 15, 40, 59, 124, 164, 191, 227, 344, 525, 874, 1014, 1176, 1188, 1365, 1380, 1510, 1609, 1904, 1997, 2164, 2167, 2193, 2240, 2243, 2262, 2343, 2593, 3034, 3124, 3164]
RKP_05000_05000_1_04.txt|235124.0|1.5505045999999822|[3751, 3753, 3755, 3759, 3762, 3768, 3774, 3775, 3784, 3788, 3798, 3818, 3825, 3826, 3831, 3835, 3840, 3846, 3855, 3885, 3895, 3898, 3919, 3923, 3939, 3947, 3952, 3972, 3976, 3990, 4041, 4049, 4068, 4076, 4082, 4083, 4118, 4126, 4137, 4140, 4158, 4172, 4234, 4307, 4309, 4425, 4460, 4528, 4537, 4559, 4564, 4581, 4685, 4822, 139, 167, 168, 425, 427, 503, 508, 609, 625, 688, 753, 763, 767, 801, 811, 1078, 1122, 1303, 1331, 1334, 1563, 1741, 1809, 2010, 2055, 2160, 2181, 2297, 2318, 2401, 2402, 2552, 2563, 2600, 2922, 3010, 3036, 3134, 3418, 3465]
RKP_05000_05000_1_05.txt|209163.0|1.5010509999999897|[3751, 3752, 3753, 3757, 3758, 3762, 3770, 3772, 3773, 3776, 3782, 3783, 3788, 3796, 3805, 3812, 3877, 3880, 3889, 3893, 3896, 3898, 3903, 3917, 3960, 3964, 3977, 3995, 4011, 4051, 4098, 4128, 4153, 4209, 4213, 4268, 4309, 4332, 4413, 4427, 4444, 4588, 4673, 4700, 4742, 4753, 4766, 4838, 4848, 4971, 31, 122, 182, 210, 233, 242, 271, 392, 412, 418, 440, 442, 637, 679, 743, 775, 795, 868, 888, 973, 1059, 1102, 1161, 1177, 1217, 1329, 1407, 1453, 1554, 1660, 1774, 1925, 1936, 2472, 2563, 2623, 2858, 2958, 3104, 3124, 3539, 3596]
RKP_05000_05000_1_06.txt|244198.0|1.5442943000000184|[3752, 3757, 3758, 3768, 3770, 3773, 3790, 3793, 3814, 3816, 3821, 3826, 3832, 3835, 3837, 3856, 3863, 3870, 3872, 3986, 3993, 4024, 4025, 4049, 4083, 4088, 4097, 4113, 4128, 4157, 4177, 4195, 4212, 4264, 4273, 4288, 4318, 4331, 4358, 4363, 4371, 4399, 4401, 4443, 4457, 4465, 4504, 4563, 4575, 4580, 4600, 4675, 4706, 4791, 4804, 4815, 4904, 4977, 30, 55, 58, 124, 178, 328, 391, 421, 480, 605, 677, 731, 798, 882, 954, 960, 978, 990, 1059, 1136, 1259, 1396, 1451, 1479, 1699, 1854, 2111, 2363, 2688, 2728, 2826, 3290, 3311, 3442]
RKP_05000_05000_1_07.txt|200721.0|1.5168773999999985|[3751, 3752, 3753, 3754, 3757, 3758, 3765, 3766, 3779, 3780, 3781, 3794, 3829, 3833, 3859, 3869, 3871, 3887, 3903, 3925, 3932, 3937, 3940, 3965, 3980, 3983, 3998, 3999, 4016, 4037, 4044, 4053, 4096, 4130, 4131, 4207, 4213, 4228, 4257, 4279, 4286, 4325, 4417, 4440, 4480, 4489, 4495, 4518, 4535, 4579, 4614, 4666, 4769, 4978, 4996, 13, 17, 65, 125, 156, 270, 275, 366, 554, 570, 599, 644, 647, 912, 1023, 1279, 1438, 1475, 1596, 1604, 1795, 2625, 2638, 2715, 2899, 2975, 3010, 3414, 3501]
RKP_05000_05000_1_08.txt|205353.0|1.4760778999999786|[3752, 3753, 3755, 3757, 3766, 3780, 3788, 3801, 3841, 3845, 3847, 3865, 3872, 3874, 3887, 3888, 3890, 3906, 3921, 3942, 3982, 4003, 4012, 4025, 4030, 4053, 4064, 4092, 4117, 4121, 4152, 4201, 4203, 4221, 4228, 4262, 4273, 4278, 4310, 4346, 4419, 4424, 4456, 4514, 4586, 4600, 4628, 4652, 4699, 4734, 4917, 4929, 4997, 171, 189, 296, 299, 312, 428, 487, 691, 792, 797, 1035, 1062, 1178, 1275, 1286, 1350, 1393, 1431, 1555, 1563, 2349, 2416, 2494, 2542, 2583, 2748, 2830, 2936, 2945, 3143, 3277, 3684]
RKP_05000_05000_1_09.txt|226305.0|1.7006636000000128|[3751, 3752, 3753, 3755, 3756, 3762, 3767, 3792, 3802, 3805, 3816, 3826, 3827, 3849, 3854, 3863, 3864, 3876, 3889, 3901, 3906, 3910, 3920, 3926, 3929, 3946, 3971, 3984, 3993, 4032, 4049, 4062, 4075, 4089, 4105, 4126, 4130, 4132, 4135, 4154, 4188, 4198, 4210, 4242, 4287, 4292, 4294, 4313, 4315, 4382, 4432, 4451, 4476, 4570, 4621, 4671, 4756, 4814, 4864, 4876, 4977, 4995, 4, 64, 100, 166, 208, 216, 230, 254, 342, 344, 346, 385, 538, 558, 667, 729, 766, 893, 1200, 1247, 1307, 1343, 1386, 1584, 1947, 2998, 3236, 3239, 3365]
RKP_05000_05000_1_10.txt|185217.0|1.4989640000000009|[3752, 3757, 3760, 3764, 3768, 3774, 3788, 3810, 3839, 3842, 3848, 3894, 3903, 3935, 4028, 4036, 4072, 4130, 4164, 4178, 4204, 4217, 4222, 4409, 4474, 4496, 4506, 4553, 4563, 4612, 4613, 4617, 4659, 4709, 4731, 4765, 4959, 152, 229, 254, 359, 402, 475, 516, 680, 736, 800, 832, 901, 1031, 1056, 1248, 1254, 1330, 1357, 1358, 1379, 1391, 1536, 1560, 1620, 1692, 1817, 1828, 1851, 1948, 2011, 2200, 2221, 2446, 3130, 3282]
RKP_05000_05000_2_01.txt|150038.0|1.8546604000000002|[3751, 3758, 3768, 3769, 3770, 3771, 3782, 3799, 3815, 3820, 3843, 3907, 3985, 4000, 4029, 4043, 4069, 4085, 4133, 4161, 4225, 4265, 4329, 4440, 4498, 4500, 4616, 4687, 4703, 4736, 4795, 4809, 42, 58, 117, 185, 232, 247, 255, 385, 415, 534, 635, 687, 863, 986, 1001, 1208, 1437, 1687, 2153, 2417, 2472, 2558, 2633, 3294, 3594]
RKP_05000_05000_2_02.txt|130304.0|1.8194455999999946|[3755, 3764, 3765, 3778, 3806, 3829, 3841, 3846, 3855, 3856, 3881, 3911, 3941, 3953, 3958, 3970, 4044, 4280, 4313, 4332, 4427, 4446, 4457, 4460, 4472, 4512, 4586, 4808, 4819, 4921, 4922, 37, 399, 464, 810, 819, 892, 912, 994, 1179, 1564, 1589, 1850, 2105, 2265, 2391, 2546, 2563, 2734, 2757, 3314]
RKP_05000_05000_2_03.txt|162813.0|1.7147798000000023|[3751, 3754, 3763, 3771, 3788, 3791, 3794, 3795, 3799, 3800, 3814, 3822, 3844, 3878, 3927, 3966, 4056, 4088, 4125, 4144, 4161, 4191, 4215, 4227, 4252, 4294, 4332, 4333, 4409, 4533, 4562, 4716, 4733, 4957, 4962, 19, 39, 172, 179, 182, 231, 974, 1022, 1262, 1540, 1618, 1840, 2118, 2178, 2380, 2589, 2707, 2985, 3315, 3689]
RKP_05000_05000_2_04.txt|202870.0|1.7855758999999978|[3751, 3752, 3753, 3754, 3769, 3770, 3771, 3773, 3787, 3797, 3799, 3810, 3821, 3827, 3828, 3832, 3865, 3872, 3876, 3881, 3897, 3904, 3915, 3937, 3988, 4012, 4014, 4057, 4064, 4072, 4096, 4122, 4156, 4172, 4205, 4241, 4304, 4333, 4375, 4387, 4405, 4553, 4582, 4612, 4643, 4818, 4874, 4937, 4973, 79, 85, 162, 228, 258, 269, 336, 356, 498, 520, 843, 1058, 1068, 1069, 1093, 1132, 1382, 1455, 1523, 1962, 2007, 2038, 2343, 2454]
RKP_05000_05000_2_05.txt|166384.0|1.7492497000000071|[3754, 3755, 3758, 3759, 3763, 3784, 3816, 3820, 3853, 3863, 3878, 3895, 3913, 3917, 3970, 4067, 4100, 4120, 4231, 4251, 4263, 4301, 4345, 4356, 4376, 4412, 4484, 4606, 4608, 4624, 4682, 4712, 4726, 4761, 4772, 4784, 4853, 4903, 4925, 4982, 4992, 10, 144, 239, 253, 338, 518, 563, 807, 1243, 1319, 1428, 1444, 2373, 2548, 2842, 2932, 3080, 3160, 3652]
RKP_05000_05000_2_06.txt|141842.0|1.685905900000023|[3758, 3766, 3767, 3780, 3793, 3824, 3856, 3886, 4031, 4053, 4076, 4106, 4120, 4123, 4161, 4187, 4199, 4273, 4276, 4324, 4379, 4387, 4439, 4476, 4481, 4498, 4582, 4616, 4622, 4662, 4735, 4820, 4823, 92, 292, 506, 555, 564, 789, 995, 1107, 1403, 1814, 1855, 1998, 2121, 2330, 2514]
RKP_05000_05000_2_07.txt|177919.0|1.7587153999999998|[3757, 3766, 3776, 3780, 3786, 3822, 3879, 3902, 3919, 3949, 3962, 3982, 4023, 4133, 4159, 4161, 4171, 4178, 4202, 4211, 4278, 4374, 4381, 4417, 4463, 4475, 4477, 4622, 4653, 4676, 4682, 4707, 4739, 4865, 4887, 4903, 76, 185, 188, 210, 331, 364, 480, 484, 569, 738, 795, 868, 1414, 1588, 1755, 1810, 1930, 1939, 2146, 2454, 2685, 2745, 2816, 2989, 3529]
RKP_05000_05000_2_08.txt|187821.0|1.7436738000000105|[3752, 3759, 3767, 3770, 3777, 3780, 3784, 3833, 3843, 3862, 3866, 3905, 3910, 3929, 3942, 3992, 4009, 4024, 4036, 4041, 4065, 4082, 4159, 4199, 4211, 4301, 4353, 4409, 4474, 4496, 4510, 4532, 4561, 4649, 4669, 4694, 4703, 4814, 4989, 12, 214, 223, 270, 347, 442, 464, 584, 585, 774, 828, 969, 1100, 1140, 1348, 1564, 1606, 1657, 1789, 1869, 2024, 2085, 2106, 2367, 2441]
RKP_05000_05000_2_09.txt|210118.0|1.809985700000027|[3751, 3752, 3753, 3754, 3757, 3769, 3776, 3786, 3794, 3810, 3811, 3832, 3833, 3834, 3855, 3878, 3879, 3887, 3902, 3907, 3914, 3923, 3928, 3930, 3931, 3934, 3971, 4001, 4029, 4077, 4110, 4135, 4144, 4163, 4173, 4269, 4384, 4579, 4643, 4649, 4670, 4723, 4762, 4836, 4927, 4929, 4934, 4963, 4981, 58, 128, 212, 228, 232, 305, 437, 521, 552, 562, 879, 1118, 1305, 1639, 2491, 2980, 3709]
RKP_05000_05000_2_10.txt|170743.0|1.7081872999999916|[3751, 3752, 3764, 3773, 3774, 3785, 3792, 3820, 3832, 3847, 3867, 3903, 3925, 3935, 3955, 3983, 4011, 4018, 4061, 4080, 4101, 4202, 4215, 4231, 4307, 4336, 4407, 4416, 4473, 4475, 4478, 4606, 4649, 4765, 4810, 4828, 4886, 4980, 280, 351, 370, 492, 507, 658, 852, 1014, 1274, 1344, 1355, 1482, 1604, 1634, 1768, 1935, 2021, 2022, 2217, 2318, 2368, 3117, 3420]
RKP_05000_05000_3_01.txt|340903.0|1.2904542999999933|[3751, 3754, 3756, 3759, 3760, 3762, 3763, 3766, 3767, 3771, 3776, 3789, 3795, 3804, 3805, 3806, 3808, 3816, 3829, 3833, 3838, 3844, 3846, 3852, 3856, 3872, 3882, 3887, 3907, 3914, 3919, 3921, 3948, 4034, 4086, 4199, 4202, 4215, 4230, 4249, 4260, 4278, 4280, 4313, 4345, 4375, 4378, 4384, 4388, 4396, 4481, 4486, 4537, 4550, 4564, 4583, 4620, 4676, 4754, 4825, 4830, 4882, 4908, 4930, 40, 41, 78, 159, 160, 180, 289, 414, 508, 596, 600, 637, 774, 775, 850, 872, 895, 1016, 1062, 1204, 1294, 1488, 1531, 1581, 1737, 1960, 2111, 2465, 2691, 2835, 2867, 2893, 3233, 3273]
RKP_05000_05000_3_02.txt|330345.0|1.272611100000006|[3751, 3752, 3755, 3758, 3759, 3760, 3773, 3775, 3780, 3782, 3783, 3788, 3797, 3800, 3801, 3805, 3808, 3809, 3835, 3842, 3849, 3856, 3865, 3867, 3883, 3901, 3905, 3955, 3962, 3967, 3971, 3977, 4053, 4134, 4139, 4155, 4157, 4159, 4243, 4257, 4259, 4308, 4318, 4347, 4351, 4357, 4519, 4523, 4619, 4635, 4717, 4719, 4735, 4843, 4882, 4901, 4948, 4949, 4970, 4979, 4982, 207, 259, 425, 513, 543, 664, 720, 775, 788, 868, 1009, 1095, 1142, 1251, 1279, 1306, 1339, 1576, 1842, 1846, 1980, 2032, 2228, 2467, 2493, 2529, 2672, 2884, 2925, 2971, 3088, 3238, 3303, 3339]
RKP_05000_05000_3_03.txt|327268.0|1.3066847999999993|[3751, 3752, 3753, 3754, 3755, 3756, 3758, 3759, 3762, 3763, 3765, 3771, 3775, 3788, 3796, 3808, 3817, 3829, 3838, 3840, 3866, 3877, 3878, 3890, 3933, 3935, 3936, 3944, 3969, 3973, 4031, 4073, 4116, 4122, 4123, 4183, 4221, 4239, 4273, 4292, 4303, 4304, 4368, 4386, 4432, 4453, 4513, 4527, 4576, 4603, 4606, 4687, 4700, 4713, 4720, 4761, 4779, 4811, 4849, 4879, 4937, 4988, 5, 28, 34, 245, 255, 266, 297, 427, 441, 446, 453, 465, 479, 527, 550, 605, 625, 661, 710, 893, 897, 1024, 1047, 1170, 1180, 1335, 1463, 1500, 1518, 1862, 1963, 2135, 2139, 2202, 2569, 2659, 2782]
RKP_05000_05000_3_04.txt|336326.0|1.2897484999999733|[3751, 3754, 3756, 3761, 3762, 3764, 3769, 3777, 3781, 3797, 3801, 3811, 3821, 3843, 3844, 3851, 3852, 3859, 3891, 3905, 3906, 3919, 3923, 3927, 3933, 3948, 3955, 3958, 3965, 3979, 3991, 3999, 4006, 4024, 4032, 4034, 4054, 4093, 4154, 4162, 4204, 4205, 4226, 4229, 4255, 4297, 4335, 4349, 4390, 4392, 4398, 4468, 4470, 4529, 4593, 4618, 4638, 4657, 4686, 4783, 4869, 4880, 4958, 26, 54, 183, 314, 339, 496, 543, 550, 554, 768, 831, 896, 1093, 1178, 1191, 1438, 1454, 1477, 1604, 1665, 1815, 1893, 2141, 2204, 2247, 2273, 2293, 2375, 2591, 2606, 2620, 2622, 2854, 2857, 2920, 3093, 3428, 3463]
RKP_05000_05000_3_05.txt|327837.0|1.2807774000000052|[3751, 3752, 3754, 3755, 3762, 3763, 3765, 3767, 3770, 3774, 3775, 3778, 3782, 3784, 3792, 3794, 3800, 3808, 3812, 3820, 3822, 3825, 3831, 3845, 3847, 3865, 3888, 3889, 3891, 3900, 3916, 3952, 3957, 3992, 4009, 4018, 4059, 4067, 4081, 4118, 4122, 4125, 4156, 4191, 4253, 4283, 4287, 4305, 4366, 4367, 4370, 4378, 4493, 4529, 4564, 4589, 4695, 4708, 4719, 4734, 4754, 4794, 4823, 4932, 63, 128, 256, 269, 390, 405, 414, 430, 436, 446, 508, 521, 593, 701, 710, 732, 1136, 1178, 1356, 1660, 1744, 1869, 1888, 2192, 2259, 2316, 2319, 2483, 2888, 3017, 3368, 3457]
RKP_05000_05000_3_06.txt|343365.0|1.318692800000008|[3751, 3752, 3753, 3756, 3757, 3758, 3760, 3768, 3772, 3773, 3778, 3780, 3793, 3794, 3798, 3805, 3828, 3843, 3847, 3865, 3875, 3880, 3882, 3915, 3940, 3953, 3969, 3983, 3984, 3989, 3992, 4012, 4035, 4063, 4068, 4127, 4132, 4136, 4180, 4230, 4292, 4357, 4366, 4367, 4373, 4395, 4421, 4442, 4487, 4567, 4589, 4595, 4659, 4674, 4684, 4727, 4735, 4755, 4865, 4873, 4941, 73, 129, 428, 495, 689, 717, 739, 785, 850, 865, 919, 1050, 1084, 1088, 1162, 1287, 1290, 1376, 1447, 1474, 1543, 1618, 1815, 1964, 2001, 2075, 2077, 2109, 2191, 2198, 2440, 2607, 2621, 2696, 2879, 2930, 3050, 3133]
RKP_05000_05000_3_07.txt|308187.0|1.2951649000000032|[3751, 3752, 3753, 3754, 3762, 3763, 3796, 3811, 3832, 3838, 3869, 3874, 3880, 3893, 3942, 3967, 3970, 3981, 3982, 4033, 4054, 4098, 4145, 4162, 4209, 4212, 4237, 4240, 4275, 4294, 4348, 4349, 4359, 4369, 4402, 4406, 4434, 4467, 4468, 4473, 4489, 4516, 4546, 4563, 4567, 4585, 4616, 4647, 4674, 4755, 4799, 4810, 4840, 4877, 4963, 29, 73, 125, 153, 155, 170, 247, 329, 414, 471, 478, 568, 604, 664, 689, 714, 843, 951, 1037, 1095, 1129, 1149, 1261, 1301, 1393, 1405, 1497, 1574, 1786, 2045, 2097, 2253, 2737, 3038, 3406, 3500, 3546]
RKP_05000_05000_3_08.txt|291531.0|1.3276665999999864|[3751, 3752, 3753, 3754, 3756, 3759, 3764, 3766, 3768, 3772, 3778, 3788, 3789, 3793, 3803, 3804, 3810, 3823, 3828, 3839, 3841, 3855, 3860, 3872, 3878, 3897, 3900, 3902, 3942, 3955, 3987, 3991, 4001, 4004, 4030, 4039, 4044, 4101, 4141, 4180, 4183, 4204, 4234, 4274, 4297, 4313, 4390, 4442, 4481, 4492, 4502, 4512, 4534, 4578, 4607, 4626, 4688, 4792, 4855, 4895, 4935, 4974, 61, 121, 155, 200, 270, 363, 583, 606, 719, 900, 971, 1000, 1143, 1163, 1196, 1278, 1386, 1447, 1500, 1609, 1695, 1822, 2262, 2717, 2772, 3219, 3481, 3555]
RKP_05000_05000_3_09.txt|357403.0|1.3075139000000036|[3751, 3752, 3754, 3757, 3760, 3763, 3767, 3769, 3775, 3785, 3792, 3793, 3804, 3825, 3846, 3861, 3862, 3873, 3883, 3890, 3900, 3915, 3934, 3983, 4002, 4009, 4031, 4049, 4063, 4067, 4088, 4094, 4095, 4104, 4106, 4137, 4156, 4181, 4262, 4282, 4284, 4343, 4359, 4379, 4393, 4410, 4429, 4443, 4517, 4539, 4543, 4580, 4601, 4627, 4663, 4679, 4682, 4896, 32, 78, 93, 219, 229, 239, 299, 305, 312, 313, 417, 477, 496, 563, 683, 695, 861, 916, 997, 1177, 1185, 1234, 1275, 1496, 1523, 1588, 1635, 1676, 1744, 1759, 2088, 2203, 2427, 2434, 2614, 2802, 2827, 2942, 2990, 2996, 3063, 3088, 3539, 3575, 3589]
RKP_05000_05000_3_10.txt|359744.0|1.3259319000000005|[3751, 3752, 3753, 3754, 3755, 3759, 3760, 3763, 3764, 3768, 3773, 3775, 3776, 3778, 3794, 3798, 3801, 3807, 3809, 3810, 3817, 3827, 3848, 3851, 3852, 3870, 3887, 3922, 3931, 3940, 3977, 3993, 4011, 4026, 4028, 4059, 4063, 4069, 4105, 4144, 4152, 4155, 4231, 4240, 4285, 4326, 4327, 4355, 4357, 4366, 4414, 4415, 4418, 4425, 4466, 4598, 4643, 4738, 4812, 4825, 4849, 4885, 4909, 4952, 4974, 8, 34, 57, 108, 155, 194, 317, 389, 403, 464, 536, 641, 719, 1271, 1286, 1323, 1393, 1448, 1498, 1673, 1728, 1796, 1968, 1972, 2051, 2204, 2209, 2218, 2281, 2390, 2509, 2687, 3131, 3141, 3558]
RKP_05000_05000_4_01.txt|3634.0|1.2081223000000136|[3408]
RKP_05000_05000_4_02.txt|3926.0|1.2788169000000096|[3728]
RKP_05000_05000_4_03.txt|3927.0|1.2499713999999926|[3464]
RKP_05000_05000_4_04.txt|4061.0|1.2425915999999972|[3347]
RKP_05000_05000_4_05.txt|3664.0|1.2048216000000025|[3533]
RKP_05000_05000_4_06.txt|1429.0|1.2663961000000086|[3375]
RKP_05000_05000_4_07.txt|3917.0|1.2393227999999965|[3528]
RKP_05000_05000_4_08.txt|25.0|1.2437400999999966|[3660]
RKP_05000_05000_4_09.txt|465.0|1.2109540000000152|[3520]
RKP_05000_05000_4_10.txt|3823.0|1.2485804000000087|[3536]
RKP_05000_05000_5_01.txt|4341.0|1.2458431000000019|[3740]
RKP_05000_05000_5_02.txt|3879.0|1.240556099999992|[3736]
RKP_05000_05000_5_03.txt|799.0|1.1899094999999988|[3735]
RKP_05000_05000_5_04.txt|3628.0|1.2744801999999993|[3743]
RKP_05000_05000_5_05.txt|3858.0|1.2285052000000007|[3743]
RKP_05000_05000_5_06.txt|21664.0|1.2934531999999876|[3751, 3816, 3832, 4537, 4750, 4980, 411]
RKP_05000_05000_5_07.txt|4445.0|1.2242382999999961|[3737]
RKP_05000_05000_5_08.txt|4420.0|1.256696699999992|[3737]
RKP_05000_05000_5_09.txt|3702.0|1.2347225999999978|[3747]
RKP_05000_05000_5_10.txt|4463.0|1.2433120999999971|[3741]
