RKP_00100_00100_1_01.txt|675.83|761|0.0005466840000000051|[17, 1, 28, 3, 29, 31, 22, 16, 24, 66]
RKP_00100_00100_1_02.txt|762.96|849|0.0005458780000000018|[50, 37, 48, 91, 9, 1, 47, 56, 44, 23, 2, 16]
RKP_00100_00100_1_03.txt|637.84|709|0.0005856199999999979|[1, 4, 10, 2, 14, 63, 5, 6, 70, 12, 15]
RKP_00100_00100_1_04.txt|663.93|728|0.0005358679999999993|[15, 7, 9, 74, 43, 3, 10, 4, 5, 16]
RKP_00100_00100_1_05.txt|668.15|730|0.0005283210000000038|[79, 20, 22, 16, 30, 44, 66, 6, 1, 14]
RKP_00100_00100_1_06.txt|891.32|1017|0.0005591710000000006|[57, 97, 48, 47, 16, 31, 55, 20, 17, 34, 5, 50, 83, 3]
RKP_00100_00100_1_07.txt|461.48|529|0.0005140879999999992|[39, 46, 60, 51, 9, 5, 13, 71]
RKP_00100_00100_1_08.txt|777.3|836|0.0005749850000000156|[87, 6, 30, 1, 7, 2, 76, 13, 88, 9, 12, 5, 29, 24]
RKP_00100_00100_1_09.txt|571.01|652|0.0005313460000000114|[23, 24, 18, 5, 16, 52, 29, 42, 2, 8]
RKP_00100_00100_1_10.txt|647.36|720|0.0005528530000000087|[27, 11, 4, 1, 2, 13, 18, 24, 20, 5, 12]
RKP_00100_00100_2_01.txt|147.47|173|0.0005098100000000128|[6, 20, 1, 2, 43, 22, 13, 57, 68]
RKP_00100_00100_2_02.txt|152.03|170|0.0005160429999999927|[30, 28, 80, 8, 5, 40, 47, 1, 36]
RKP_00100_00100_2_03.txt|151.57|174|0.0005140279999999908|[75, 48, 59, 51, 31, 1, 5, 47, 16, 64]
RKP_00100_00100_2_04.txt|146.93|162|0.0004998690000000105|[11, 18, 50, 2, 8, 9, 28, 26]
RKP_00100_00100_2_05.txt|139.9|155|0.0004945459999999868|[96, 64, 34, 13, 30, 32, 36]
RKP_00100_00100_2_06.txt|122.28|142|0.0004863849999999892|[47, 2, 3, 23, 8]
RKP_00100_00100_2_07.txt|132.66|154|0.0004970059999999976|[7, 22, 28, 15, 3, 13, 4, 21]
RKP_00100_00100_2_08.txt|128.93|148|0.0004893150000000012|[2, 16, 1, 28, 48, 29, 5]
RKP_00100_00100_2_09.txt|127.66|144|0.000493557|[75, 9, 42, 20, 7, 38, 33]
RKP_00100_00100_2_10.txt|141.12|157|0.0005030310000000115|[65, 64, 2, 40, 1, 85, 14, 28]
RKP_00100_00100_3_01.txt|205.74|225|0.0005312079999999897|[5, 8, 3, 6, 29, 44, 2, 47, 10, 21, 16, 1]
RKP_00100_00100_3_02.txt|206.98|232|0.0005314869999999972|[1, 2, 17, 3, 59, 24, 52, 8, 56, 25, 41, 48, 68]
RKP_00100_00100_3_03.txt|230.31|252|0.0005587940000000202|[4, 3, 46, 6, 49, 12, 45, 75, 64, 2, 23, 66, 1, 19, 81]
RKP_00100_00100_3_04.txt|211.82|230|0.0005351480000000053|[34, 8, 21, 26, 6, 9, 42, 4, 48, 50, 2, 31, 14]
RKP_00100_00100_3_05.txt|209.74|221|0.0005249689999999929|[1, 12, 52, 7, 25, 2, 22, 70, 33, 72, 10, 31]
RKP_00100_00100_3_06.txt|237.13|251|0.0005629950000000017|[40, 11, 2, 3, 72, 8, 27, 66, 6, 4, 12, 1, 19, 28, 10]
RKP_00100_00100_3_07.txt|195.46|210|0.0005334500000000108|[2, 14, 89, 27, 7, 50, 5, 4, 6, 67, 88]
RKP_00100_00100_3_08.txt|201.53|222|0.0005352479999999971|[1, 9, 12, 7, 18, 3, 33, 15, 58, 6, 70, 2]
RKP_00100_00100_3_09.txt|184.17|201|0.0005167690000000036|[1, 89, 32, 57, 8, 42, 4, 44, 3, 5]
RKP_00100_00100_3_10.txt|222.68|252|0.0005496700000000043|[62, 60, 67, 66, 69, 5, 20, 1, 61, 93, 47, 34, 45, 54, 6]
RKP_00100_00100_4_01.txt|99.57|100|0.0004444919999999808|[97]
RKP_00100_00100_4_02.txt|99.67|100|0.000445611999999973|[88]
RKP_00100_00100_4_03.txt|99.79|100|0.0004470200000000313|[84]
RKP_00100_00100_4_04.txt|99.79|100|0.00044636499999995305|[95]
RKP_00100_00100_4_05.txt|99.78|100|0.00044323099999997505|[95]
RKP_00100_00100_4_06.txt|97.7|98|0.00044060099999998937|[93]
RKP_00100_00100_4_07.txt|97.86|98|0.00044275699999999583|[98]
RKP_00100_00100_4_08.txt|99.51|100|0.00044088800000001703|[97]
RKP_00100_00100_4_09.txt|98.73|99|0.0004647839999999714|[89]
RKP_00100_00100_4_10.txt|97.62|98|0.0004561569999999815|[88]
RKP_00100_00100_5_01.txt|95.42|118|0.0004973019999999995|[2, 4, 5, 6, 7, 8]
RKP_00100_00100_5_02.txt|84.93|106|0.0005066410000000144|[2, 4, 5, 6, 9, 10]
RKP_00100_00100_5_03.txt|98.1|108|0.0004882269999999478|[1, 2, 3, 4, 5, 6]
RKP_00100_00100_5_04.txt|93.23|106|0.0005213000000000178|[1, 2, 5, 6, 7, 8]
RKP_00100_00100_5_05.txt|92.05|103|0.0004951880000000219|[1, 4, 6, 7, 8, 11]
RKP_00100_00100_5_06.txt|89.92|109|0.00047335599999998035|[1, 3, 4, 7]
RKP_00100_00100_5_07.txt|87.76|116|0.0004907109999999815|[3, 4, 6, 8, 9]
RKP_00100_00100_5_08.txt|91.68|102|0.0005003659999999809|[1, 2, 4, 6, 7, 8, 11]
RKP_00100_00100_5_09.txt|93.2|116|0.0004718829999999796|[1, 4, 6, 9]
RKP_00100_00100_5_10.txt|86.96|110|0.0005113419999999857|[1, 2, 3, 4, 5, 6, 7, 8, 11, 15]
RKP_00500_00100_1_01.txt|1573.76|1688|0.0024749399999999923|[304, 211, 75, 140, 500, 3, 40, 2, 284, 148, 222, 120, 173, 6, 131, 269, 274, 4, 38, 5, 280, 63, 17, 158]
RKP_00500_00100_1_02.txt|1386.97|1490|0.002455141000000012|[77, 87, 175, 13, 102, 89, 205, 288, 351, 289, 388, 132, 433, 4, 30, 394, 14, 170, 88, 62, 3]
RKP_00500_00100_1_03.txt|1289.51|1374|0.002487303999999999|[496, 11, 5, 113, 16, 111, 228, 147, 1, 139, 40, 123, 360, 30, 140, 477, 158, 15, 227, 326, 73, 164]
RKP_00500_00100_1_04.txt|1517.21|1630|0.00244955099999999|[359, 156, 315, 65, 64, 41, 93, 197, 59, 94, 48, 11, 254, 121, 467, 62, 245, 5, 23, 151]
RKP_00500_00100_1_05.txt|1596.98|1725|0.002480116999999913|[11, 10, 72, 215, 402, 26, 192, 24, 2, 23, 116, 17, 18, 203, 5, 13, 76, 136, 363, 104, 3, 60, 292, 382]
RKP_00500_00100_1_06.txt|1806.42|1970|0.002529174999999979|[34, 13, 165, 3, 240, 35, 190, 89, 22, 211, 182, 490, 5, 281, 225, 50, 83, 131, 230, 244, 55, 411, 53, 2, 52, 353, 107]
RKP_00500_00100_1_07.txt|1843.65|1963|0.0025187790000000287|[97, 22, 31, 461, 40, 492, 2, 126, 80, 322, 469, 206, 21, 7, 410, 192, 165, 89, 49, 16, 94, 147, 133, 47, 183, 5, 257, 4]
RKP_00500_00100_1_08.txt|1545.19|1708|0.002531539999999959|[29, 4, 146, 10, 258, 156, 1, 378, 106, 165, 3, 16, 2, 450, 225, 332, 185, 326, 150, 149, 122, 167, 357, 35, 254]
RKP_00500_00100_1_09.txt|1549.01|1650|0.0024876990000000185|[19, 307, 221, 39, 77, 108, 148, 180, 16, 153, 163, 496, 151, 54, 344, 229, 324, 210, 48, 56, 68, 214, 11, 2, 1, 257]
RKP_00500_00100_1_10.txt|1458.79|1556|0.002497127999999993|[75, 62, 5, 14, 4, 3, 162, 6, 234, 214, 84, 277, 31, 21, 30, 33, 342, 8, 110, 15, 49, 413, 78]
RKP_00500_00100_2_01.txt|232.67|250|0.0024333549999999526|[168, 226, 259, 16, 148, 39, 441, 447, 32, 137, 60, 102, 40, 3, 50, 101, 88, 100, 351, 36, 472]
RKP_00500_00100_2_02.txt|230.57|248|0.002445821000000041|[336, 131, 112, 6, 72, 97, 167, 314, 156, 195, 13, 142, 4, 441, 186, 299, 100, 65, 141, 7]
RKP_00500_00100_2_03.txt|224.24|244|0.0024356040000000157|[166, 107, 436, 135, 155, 164, 71, 100, 154, 2, 31, 382, 142, 64, 3, 104, 18, 24, 60, 318, 13, 151, 113]
RKP_00500_00100_2_04.txt|220.79|237|0.0025075260000000463|[14, 58, 112, 105, 204, 26, 55, 11, 125, 429, 306, 7, 9, 80, 20, 22, 38, 19, 85]
RKP_00500_00100_2_05.txt|221.08|242|0.002443343999999943|[5, 260, 426, 10, 38, 48, 218, 294, 4, 87, 2, 16, 58, 77, 275, 322, 417, 34, 182, 52, 240]
RKP_00500_00100_2_06.txt|207.64|224|0.002548120000000029|[18, 9, 155, 1, 35, 27, 150, 117, 57, 15, 47, 302, 50, 203, 452, 53, 24]
RKP_00500_00100_2_07.txt|209.82|226|0.0024443489999999546|[1, 17, 260, 75, 292, 452, 53, 114, 5, 83, 3, 308, 123, 129, 4, 9, 162, 278, 67]
RKP_00500_00100_2_08.txt|191.11|210|0.0024437100000000277|[87, 45, 96, 15, 1, 3, 6, 7, 50, 123, 42, 23, 184, 495, 350, 46]
RKP_00500_00100_2_09.txt|175.91|189|0.002366410999999955|[335, 2, 108, 304, 70, 87, 433, 52, 39, 115, 176, 426, 16]
RKP_00500_00100_2_10.txt|195.91|215|0.0025434070000000908|[20, 9, 14, 372, 2, 118, 21, 40, 166, 19, 154, 216, 276, 498, 83, 46, 76]
RKP_00500_00100_3_01.txt|320.99|340|0.0024741230000000767|[1, 5, 11, 33, 96, 260, 143, 43, 401, 2, 31, 38, 148, 158, 240, 64, 344, 77, 223, 225, 248, 55, 78, 140]
RKP_00500_00100_3_02.txt|378.56|400|0.002479684999999936|[5, 56, 152, 160, 189, 1, 4, 73, 103, 110, 167, 172, 20, 26, 32, 221, 64, 111, 202, 203, 3, 38, 179, 195, 413, 15, 68, 162, 331, 351]
RKP_00500_00100_3_03.txt|358.42|380|0.0024897550000001446|[9, 71, 93, 113, 148, 1, 351, 444, 454, 11, 22, 258, 264, 142, 193, 198, 266, 292, 14, 40, 45, 126, 191, 5, 118, 139, 2, 43]
RKP_00500_00100_3_04.txt|370.0|390|0.00249460500000005|[2, 168, 209, 278, 280, 282, 350, 68, 104, 312, 345, 1, 142, 163, 72, 103, 119, 146, 156, 328, 125, 217, 453, 4, 8, 9, 11, 50, 159]
RKP_00500_00100_3_05.txt|385.95|410|0.002513822000000001|[12, 225, 377, 417, 1, 74, 92, 106, 143, 319, 381, 8, 84, 87, 108, 211, 294, 9, 32, 102, 196, 199, 340, 392, 7, 30, 88, 252, 263, 397, 167]
RKP_00500_00100_3_06.txt|335.12|359|0.00245924699999998|[52, 5, 24, 45, 189, 242, 311, 16, 204, 56, 91, 281, 433, 283, 12, 73, 90, 1, 2, 4, 137, 199, 7, 67, 404, 186]
RKP_00500_00100_3_07.txt|332.39|360|0.002500422999999934|[5, 17, 30, 33, 196, 200, 1, 2, 4, 141, 157, 308, 3, 76, 302, 326, 37, 99, 102, 111, 216, 430, 24, 244, 287, 7]
RKP_00500_00100_3_08.txt|404.6|430|0.0025507280000000242|[14, 57, 63, 90, 114, 275, 301, 19, 58, 62, 84, 144, 150, 172, 451, 49, 8, 25, 133, 159, 302, 323, 35, 484, 4, 26, 280, 470, 1, 5, 32, 93, 141]
RKP_00500_00100_3_09.txt|371.07|390|0.002476925999999935|[4, 58, 70, 169, 231, 104, 148, 171, 347, 434, 154, 2, 115, 221, 1, 3, 24, 54, 108, 63, 269, 315, 83, 136, 173, 208, 14, 59, 294]
RKP_00500_00100_3_10.txt|357.6|380|0.002510713000000031|[153, 189, 322, 13, 18, 165, 305, 183, 1, 40, 325, 3, 7, 10, 25, 32, 99, 123, 193, 388, 14, 28, 38, 57, 392, 9, 36, 47]
RKP_00500_00100_4_01.txt|100.0|100|0.0023113759999999497|[434]
RKP_00500_00100_4_02.txt|100.0|100|0.0022620040000001216|[423]
RKP_00500_00100_4_03.txt|100.0|100|0.0022393989999999774|[434]
RKP_00500_00100_4_04.txt|100.0|100|0.0022871419999999885|[456]
RKP_00500_00100_4_05.txt|100.0|100|0.0023831050000000255|[440]
RKP_00500_00100_4_06.txt|99.96|100|0.0022668299999999953|[431]
RKP_00500_00100_4_07.txt|99.97|100|0.0022533439999999237|[495]
RKP_00500_00100_4_08.txt|100.0|100|0.002293953000000002|[430]
RKP_00500_00100_4_09.txt|100.0|100|0.00228109000000007|[440]
RKP_00500_00100_4_10.txt|100.0|100|0.002285362000000077|[489]
RKP_00500_00100_5_01.txt|95.27|103|0.0023702370000001417|[1, 3, 4, 5, 6, 8, 9, 10, 11, 13, 14, 15, 16, 17]
RKP_00500_00100_5_02.txt|95.45|106|0.002335095000000056|[1, 2, 3, 4, 5, 6, 8, 9, 10, 11]
RKP_00500_00100_5_03.txt|93.12|103|0.002305755000000076|[3, 5, 6, 7, 8, 9, 10, 11, 12, 13]
RKP_00500_00100_5_04.txt|94.11|103|0.00231470900000005|[3, 4, 7, 8, 9, 10, 11, 12, 13, 15, 17, 19]
RKP_00500_00100_5_05.txt|92.47|102|0.0024398099999999446|[1, 3, 4, 6, 7, 8, 9, 10, 11, 12, 13, 14, 15, 18]
RKP_00500_00100_5_06.txt|97.32|106|0.0023300019999999933|[1, 4, 5, 6, 7, 9, 10, 12, 13, 14, 15, 16, 17]
RKP_00500_00100_5_07.txt|93.97|106|0.0022886549999999594|[2, 3, 4, 6, 8, 10, 11, 12, 14]
RKP_00500_00100_5_08.txt|94.04|105|0.002328495000000057|[3, 4, 5, 6, 7, 8, 9, 10, 12, 13, 14]
RKP_00500_00100_5_09.txt|92.49|103|0.002318892000000066|[2, 3, 4, 5, 6, 9, 10, 11, 12, 13, 15]
RKP_00500_00100_5_10.txt|90.97|103|0.0023450010000000176|[3, 6, 7, 8, 11, 12, 13, 14, 15, 16, 17, 19]
RKP_01000_00100_1_01.txt|2070.59|2220|0.00585294699999995|[51, 91, 151, 97, 47, 50, 260, 2, 64, 123, 465, 314, 13, 432, 42, 67, 27, 39, 10, 261, 604, 646, 8, 560, 40, 531, 222, 376, 116, 36, 606]
RKP_01000_00100_1_02.txt|1938.08|2042|0.005860836999999837|[294, 30, 696, 171, 16, 754, 182, 195, 486, 584, 9, 557, 72, 38, 193, 359, 1, 49, 8, 2, 50, 108, 515, 89, 64, 694, 872, 18, 81, 599, 624]
RKP_01000_00100_1_03.txt|1921.85|2104|0.005866967000000045|[199, 128, 172, 116, 535, 174, 32, 114, 800, 50, 2, 869, 4, 48, 56, 1, 326, 182, 252, 19, 3, 16, 725, 145, 754, 813, 65, 330, 121]
RKP_01000_00100_1_04.txt|2196.67|2286|0.0059113709999997965|[429, 733, 726, 247, 283, 44, 566, 14, 165, 1, 20, 732, 255, 2, 163, 3, 857, 75, 184, 790, 151, 63, 6, 69, 5, 42, 592, 277, 91, 172, 53, 376, 758]
RKP_01000_00100_1_05.txt|2069.69|2177|0.0058593330000000065|[75, 41, 89, 915, 123, 207, 1, 635, 49, 696, 307, 673, 37, 776, 39, 222, 16, 12, 553, 188, 582, 26, 74, 865, 151, 299, 29, 82, 198, 1000, 340]
RKP_01000_00100_1_06.txt|2308.02|2417|0.006016767999999999|[168, 10, 790, 33, 1, 99, 38, 78, 242, 250, 993, 442, 645, 6, 120, 349, 52, 632, 44, 58, 176, 4, 177, 8, 283, 265, 57, 255, 244, 55, 37, 117, 233, 236, 210]
RKP_01000_00100_1_07.txt|2360.71|2467|0.005972555999999827|[128, 382, 86, 436, 226, 3, 7, 204, 874, 440, 130, 778, 129, 190, 90, 476, 342, 19, 170, 88, 372, 484, 80, 627, 641, 556, 1, 18, 42, 8, 127, 96]
RKP_01000_00100_1_08.txt|2098.91|2245|0.00587412799999985|[356, 4, 68, 145, 149, 80, 6, 223, 716, 22, 303, 242, 922, 274, 366, 26, 118, 15, 422, 10, 5, 421, 7, 29, 390, 101, 294, 278, 1, 16, 111, 202, 2]
RKP_01000_00100_1_09.txt|2005.77|2132|0.005961771999999925|[31, 672, 103, 782, 168, 14, 213, 27, 290, 17, 513, 48, 691, 1, 898, 32, 262, 196, 579, 489, 2, 108, 925, 942, 170, 427, 133, 39, 248, 405]
RKP_01000_00100_1_10.txt|2368.26|2467|0.006072472000000068|[19, 76, 618, 1, 748, 253, 111, 8, 534, 669, 55, 491, 968, 159, 785, 37, 43, 480, 813, 931, 805, 50, 221, 188, 286, 331, 158, 399, 104, 295, 4, 11, 30, 198, 754, 439, 825, 724]
RKP_01000_00100_2_01.txt|250.7|265|0.006064840999999994|[264, 47, 209, 12, 374, 7, 13, 16, 111, 253, 366, 73, 380, 690, 185, 186, 21, 375, 252, 33, 41, 76, 183, 614]
RKP_01000_00100_2_02.txt|245.83|268|0.005924251000000034|[84, 385, 202, 375, 782, 311, 63, 73, 179, 410, 547, 357, 583, 183, 213, 69, 8, 397, 77, 954, 625, 3, 23, 166, 376]
RKP_01000_00100_2_03.txt|293.08|308|0.005928339999999999|[5, 97, 171, 123, 87, 84, 58, 417, 124, 141, 330, 81, 335, 897, 33, 64, 13, 746, 420, 928, 282, 55, 404, 256, 347, 340, 854, 186]
RKP_01000_00100_2_04.txt|252.21|275|0.00587487599999978|[443, 37, 94, 35, 21, 60, 123, 428, 698, 184, 58, 504, 130, 8, 49, 782, 24, 207, 244, 158, 553]
RKP_01000_00100_2_05.txt|246.09|262|0.005801526000000088|[152, 299, 7, 420, 742, 380, 84, 428, 236, 26, 73, 409, 30, 501, 162, 2, 512, 5, 11, 12, 214, 255, 351, 462, 823, 172, 846]
RKP_01000_00100_2_06.txt|295.57|312|0.005894826999999872|[122, 6, 138, 647, 858, 590, 33, 1, 16, 602, 805, 259, 24, 255, 52, 152, 154, 187, 9, 57, 8, 48, 383, 399, 827, 322, 185, 115, 894, 46]
RKP_01000_00100_2_07.txt|252.73|271|0.00583313300000011|[208, 173, 796, 81, 457, 7, 396, 950, 3, 378, 2, 61, 444, 531, 520, 783, 821, 433, 20, 337, 480, 305, 731]
RKP_01000_00100_2_08.txt|285.47|301|0.005883623999999976|[39, 121, 661, 7, 129, 609, 862, 9, 26, 11, 1, 406, 10, 250, 41, 49, 573, 175, 131, 228, 21, 278, 294, 223, 3, 16, 54, 133]
RKP_01000_00100_2_09.txt|250.21|270|0.0059030340000000335|[205, 382, 417, 436, 18, 348, 191, 235, 904, 656, 13, 651, 573, 982, 31, 30, 225, 9, 118, 1, 25, 176, 470, 175]
RKP_01000_00100_2_10.txt|270.37|288|0.005894380000000155|[163, 191, 341, 521, 1, 56, 5, 15, 164, 4, 122, 710, 564, 548, 282, 579, 252, 30, 89, 273, 314, 700, 58, 71, 78, 184, 755, 196, 402]
RKP_01000_00100_3_01.txt|490.1|510|0.005911720000000109|[32, 51, 65, 119, 133, 249, 337, 537, 659, 763, 857, 1, 11, 15, 186, 340, 348, 456, 464, 704, 740, 795, 2, 94, 134, 208, 322, 326, 441, 565, 567, 962, 21, 22, 69, 77, 83, 179, 240, 294, 72]
RKP_01000_00100_3_02.txt|460.14|490|0.005923661000000031|[18, 120, 137, 138, 654, 3, 37, 69, 79, 94, 126, 176, 300, 318, 533, 644, 9, 295, 1, 2, 16, 19, 24, 31, 53, 56, 70, 110, 121, 216, 386, 586, 600, 286, 381, 567, 978, 4, 35]
RKP_01000_00100_3_03.txt|480.75|510|0.00591853700000005|[1, 17, 31, 54, 93, 325, 431, 692, 836, 3, 84, 143, 170, 175, 204, 222, 270, 392, 530, 580, 652, 994, 378, 46, 62, 74, 99, 321, 443, 738, 822, 22, 44, 142, 180, 181, 256, 382, 448, 720, 797]
RKP_01000_00100_3_04.txt|473.26|490|0.005972965999999786|[1, 42, 142, 277, 305, 389, 449, 645, 740, 786, 4, 5, 16, 44, 65, 235, 558, 639, 3, 149, 274, 2, 10, 29, 31, 41, 83, 161, 293, 15, 492, 657, 24, 35, 58, 62, 148, 201, 232]
RKP_01000_00100_3_05.txt|416.09|440|0.005999254999999977|[57, 630, 2, 5, 23, 24, 29, 31, 46, 108, 144, 163, 172, 183, 661, 10, 86, 100, 141, 151, 480, 1, 37, 107, 128, 204, 308, 315, 876, 910, 21, 50, 76, 145]
RKP_01000_00100_3_06.txt|426.49|450|0.006036595000000062|[5, 242, 249, 6, 7, 16, 22, 37, 224, 347, 471, 886, 970, 14, 36, 204, 15, 28, 63, 71, 129, 207, 217, 278, 543, 25, 153, 239, 901, 4, 18, 66, 158, 330, 3]
RKP_01000_00100_3_07.txt|493.99|520|0.006020969000000101|[12, 23, 53, 112, 169, 190, 231, 591, 822, 888, 1, 4, 5, 27, 38, 354, 433, 605, 750, 867, 20, 31, 129, 695, 3, 56, 62, 131, 282, 337, 402, 407, 483, 8, 34, 124, 161, 204, 942, 17, 63, 96]
RKP_01000_00100_3_08.txt|415.59|449|0.005882654000000045|[35, 1, 2, 71, 89, 97, 129, 131, 266, 303, 179, 198, 340, 7, 11, 53, 130, 145, 252, 257, 292, 524, 591, 636, 703, 33, 118, 152, 154, 233, 342, 472, 655, 883, 13]
RKP_01000_00100_3_09.txt|422.8|440|0.005950121999999922|[23, 141, 647, 17, 211, 216, 318, 385, 403, 578, 758, 871, 480, 1, 6, 9, 16, 26, 48, 77, 2, 3, 4, 36, 47, 126, 127, 199, 446, 471, 825, 885, 930, 5]
RKP_01000_00100_3_10.txt|457.73|480|0.0059711950000000515|[10, 122, 156, 245, 677, 764, 3, 16, 18, 22, 35, 46, 106, 169, 227, 334, 467, 632, 12, 524, 37, 56, 104, 187, 319, 439, 964, 1, 61, 103, 247, 264, 314, 687, 799, 2, 4, 5]
RKP_01000_00100_4_01.txt|100.0|100|0.005540455999999736|[882]
RKP_01000_00100_4_02.txt|100.0|100|0.0055332869999996604|[866]
RKP_01000_00100_4_03.txt|100.0|100|0.005576399999999993|[856]
RKP_01000_00100_4_04.txt|100.0|100|0.005581252999999933|[845]
RKP_01000_00100_4_05.txt|100.0|100|0.0055604540000002345|[851]
RKP_01000_00100_4_06.txt|100.0|100|0.0056555080000003245|[878]
RKP_01000_00100_4_07.txt|100.0|100|0.005537889999999806|[888]
RKP_01000_00100_4_08.txt|100.0|100|0.005520775999999401|[847]
RKP_01000_00100_4_09.txt|100.0|100|0.005613909999999436|[889]
RKP_01000_00100_4_10.txt|100.0|100|0.005500090999999898|[843]
RKP_01000_00100_5_01.txt|97.06|104|0.005613418000000152|[2, 5, 6, 7, 8, 9, 10, 11, 14, 15, 16, 18]
RKP_01000_00100_5_02.txt|93.4|102|0.005762472000000471|[1, 2, 5, 7, 8, 9, 11, 13, 14, 17, 18, 22]
RKP_01000_00100_5_03.txt|97.56|105|0.005678412000000322|[1, 3, 4, 5, 6, 8, 9, 10, 11, 12, 13, 14, 15, 16]
RKP_01000_00100_5_04.txt|97.11|105|0.0056349929999998235|[4, 7, 8, 9, 11, 12, 13, 15, 16, 18, 19, 21, 22, 23, 24]
RKP_01000_00100_5_05.txt|96.43|102|0.005667895999999999|[4, 6, 7, 8, 9, 11, 12, 13, 14, 17, 18, 19, 20]
RKP_01000_00100_5_06.txt|95.94|104|0.005606382999999795|[1, 3, 4, 5, 8, 9, 10, 11, 13, 14, 16, 17, 19, 20]
RKP_01000_00100_5_07.txt|96.8|105|0.005703803000000107|[3, 4, 5, 6, 7, 8, 9, 10, 11, 12, 14, 15, 17, 18, 19, 20, 21, 22, 24]
RKP_01000_00100_5_08.txt|96.54|106|0.0056780699999995935|[2, 3, 4, 6, 8, 9, 10, 11, 12, 13, 14, 16, 17]
RKP_01000_00100_5_09.txt|92.99|105|0.005879710000000173|[2, 10, 11, 12, 15, 17, 18, 19, 20]
RKP_01000_00100_5_10.txt|92.99|101|0.00574032200000012|[1, 2, 5, 6, 7, 8, 9, 10, 12, 13, 15, 16]
RKP_05000_00100_1_01.txt|4577.99|4770|0.07741757400000032|[302, 1839, 465, 3, 2556, 4, 5, 553, 2091, 8, 20, 3645, 1406, 642, 2106, 1268, 540, 116, 589, 51, 3411, 904, 49, 1485, 150, 1700, 1482, 68, 2398, 1366, 3733, 4536, 59, 852, 89, 213, 1277, 155, 1181, 31, 24, 115, 1373, 99, 2478, 2692, 21, 1723, 847, 9, 801, 1, 1568, 2505, 1213, 2003, 22, 7, 363, 4545, 13, 16, 1021, 343, 518]
RKP_05000_00100_1_02.txt|4459.63|4598|0.07732718700000013|[3648, 3415, 60, 171, 31, 1821, 275, 892, 350, 2, 4439, 1210, 2337, 104, 716, 1201, 501, 16, 3013, 1, 347, 338, 601, 135, 374, 18, 235, 304, 151, 2809, 3107, 51, 1720, 1929, 2939, 277, 3739, 2669, 99, 28, 75, 420, 448, 4066, 437, 4339, 3158, 1585, 44, 794, 1557, 73, 1432, 4311, 4651, 57, 357, 1908, 174, 2056]
RKP_05000_00100_1_03.txt|4436.93|4581|0.07693807100000008|[6, 2646, 22, 591, 929, 961, 1355, 1069, 4798, 81, 4396, 4053, 136, 193, 1588, 10, 2992, 3261, 27, 3127, 3471, 26, 1880, 1417, 3801, 1634, 4436, 3036, 114, 1171, 612, 203, 3005, 7, 2382, 5, 326, 1550, 304, 156, 2797, 793, 1, 2939, 1020, 207, 3382, 219, 1066, 350, 1237, 656, 1363, 1154, 401, 52, 1035, 1283, 1179, 436, 4693]
RKP_05000_00100_1_04.txt|4204.08|4313|0.07750247599999895|[795, 2, 41, 2565, 38, 1048, 147, 2594, 7, 4320, 1931, 69, 378, 713, 23, 2528, 1521, 5, 3064, 135, 4470, 2030, 444, 4280, 3644, 3336, 3198, 16, 868, 1633, 1367, 579, 3338, 233, 2859, 78, 3225, 3474, 1764, 205, 2255, 416, 2304, 3703, 1527, 3605, 455, 651, 557, 792, 1173, 4914, 3053, 979, 26, 3006, 936, 2940, 3085, 3484, 4248, 337, 1814, 104, 9]
RKP_05000_00100_1_05.txt|4143.77|4312|0.07793200500000026|[64, 541, 542, 4588, 2, 8, 1759, 1433, 2850, 3856, 20, 16, 4, 1309, 174, 306, 1432, 33, 53, 2447, 2549, 2995, 288, 60, 4969, 119, 96, 92, 4179, 44, 507, 527, 356, 1088, 23, 644, 270, 2347, 38, 230, 3160, 427, 977, 4630, 158, 14, 2922, 428, 608, 4251, 907, 660, 2886, 317, 2537, 4002, 30, 667, 2097]
RKP_05000_00100_1_06.txt|4273.44|4487|0.07755933599999892|[45, 41, 208, 219, 569, 25, 457, 3167, 152, 3825, 9, 807, 133, 645, 62, 1279, 896, 860, 3, 122, 329, 1512, 8, 1319, 435, 21, 701, 14, 17, 1606, 11, 147, 2, 55, 71, 920, 1259, 2608, 111, 866, 108, 2510, 44, 1542, 1799, 747, 652, 2842, 1031, 18, 3571, 131, 912, 377, 73, 4655, 139, 694, 6, 1186, 238, 888]
RKP_05000_00100_1_07.txt|4688.72|4897|0.07736330799999848|[30, 3473, 219, 880, 180, 244, 55, 1149, 3419, 118, 1437, 582, 188, 2037, 204, 2883, 1762, 124, 4, 11, 931, 32, 1222, 54, 1758, 79, 90, 451, 2591, 991, 1401, 453, 13, 3111, 3370, 3, 2367, 1199, 3162, 155, 362, 104, 1, 97, 646, 457, 2085, 1477, 1299, 1827, 930, 5, 2207, 3167, 2438, 1187, 3484, 4252, 4639, 876, 494, 192, 35, 811, 3320, 551]
RKP_05000_00100_1_08.txt|4319.94|4457|0.07697476600000058|[2845, 6, 186, 441, 906, 264, 266, 816, 2054, 300, 82, 276, 288, 3259, 4344, 275, 4811, 148, 154, 179, 687, 985, 1267, 739, 48, 3226, 120, 52, 3137, 4473, 2780, 215, 1781, 183, 3911, 820, 1358, 4638, 745, 1632, 4998, 538, 2535, 341, 777, 54, 137, 29, 779, 72, 3876, 2399, 1079, 2248, 260, 345, 1029, 2994, 865, 234, 1186, 502]
RKP_05000_00100_1_09.txt|3993.72|4130|0.07724598200000074|[2965, 2596, 270, 4135, 3051, 30, 3, 4424, 1184, 1441, 1363, 3759, 3697, 4341, 10, 121, 2, 70, 3572, 74, 423, 463, 6, 42, 853, 230, 2349, 2807, 325, 447, 307, 729, 383, 1260, 4156, 588, 83, 1309, 1769, 796, 816, 747, 3556, 1427, 90, 1387, 329, 43, 1736, 1945, 4220, 1869, 178, 4062, 635, 179, 430]
RKP_05000_00100_1_10.txt|4418.65|4551|0.07857281999999984|[1804, 1395, 3373, 437, 2061, 230, 952, 3176, 25, 3086, 83, 564, 429, 176, 321, 2958, 143, 482, 1091, 111, 3065, 1422, 352, 4572, 780, 1342, 2, 2616, 4369, 8, 60, 1, 4883, 26, 153, 795, 3734, 662, 654, 445, 43, 21, 180, 363, 1221, 956, 385, 484, 4185, 20, 1517, 304, 15, 134, 714, 805, 930, 189, 629, 612, 2028, 14, 2552]
RKP_05000_00100_2_01.txt|424.99|445|0.07882007799999968|[540, 44, 110, 144, 2729, 2218, 551, 1057, 2019, 3518, 3020, 77, 648, 868, 1292, 2000, 2210, 1078, 68, 148, 220, 736, 25, 626, 848, 1187, 1238, 4039, 1835, 2120, 2295, 2913, 1741, 2948, 3573, 40, 4620, 4675, 5, 142, 246, 315, 3]
RKP_05000_00100_2_02.txt|475.84|495|0.07795134199999922|[407, 871, 4347, 152, 677, 1014, 455, 656, 1793, 3238, 1570, 4063, 4978, 4, 73, 1493, 2707, 10, 35, 1178, 1770, 3, 14, 298, 3178, 3654, 778, 763, 1800, 2437, 8, 15, 22, 40, 103, 1194, 1838, 2992, 3004, 2439, 532, 101, 2263, 2360, 2984, 536, 29, 275, 155, 242, 292, 929, 1307, 1714, 2320]
RKP_05000_00100_2_03.txt|452.72|472|0.07722155600000122|[3625, 1463, 1867, 4547, 5, 242, 1122, 1234, 17, 39, 4, 388, 826, 2844, 4806, 442, 840, 895, 1925, 2550, 3332, 3969, 2606, 6, 3890, 4206, 769, 314, 1332, 3166, 9, 185, 202, 524, 1469, 2973, 4028, 1, 22, 82, 543, 113, 592, 1749, 710, 4989, 12, 54, 195]
RKP_05000_00100_2_04.txt|444.99|461|0.07705753899999877|[674, 1, 2126, 4139, 168, 3153, 387, 531, 45, 283, 1864, 5, 483, 491, 687, 917, 99, 1415, 1565, 1633, 752, 1551, 506, 35, 1107, 1671, 31, 67, 225, 325, 1138, 1566, 2299, 3108, 3585, 3838, 72, 109, 637, 2042, 2052, 2100, 13, 3028, 3572, 12]
RKP_05000_00100_2_05.txt|469.99|488|0.0769756209999997|[3758, 522, 355, 1029, 2365, 3238, 3555, 991, 2083, 5, 22, 52, 942, 1224, 1654, 2332, 2545, 3226, 366, 752, 879, 3406, 2785, 3383, 984, 1823, 3374, 69, 693, 29, 99, 370, 1076, 1741, 1903, 2614, 426, 3241, 274, 2703, 167, 2206, 2208, 2261, 2815, 3573, 413, 51, 434]
RKP_05000_00100_2_06.txt|443.11|457|0.07708007500000263|[326, 3682, 1109, 1288, 2453, 4405, 23, 466, 135, 816, 1581, 2118, 2148, 3347, 62, 136, 324, 758, 6, 2040, 2408, 437, 129, 369, 2044, 4478, 1688, 3081, 1, 853, 1433, 210, 3, 182, 926, 1917, 222, 1383, 8, 33, 602, 1193, 2039, 2974, 327, 367]
RKP_05000_00100_2_07.txt|457.77|487|0.07725875900000005|[1, 79, 2, 7, 516, 3, 71, 333, 2751, 43, 58, 180, 235, 938, 1389, 2246, 2419, 141, 260, 595, 1949, 2323, 15, 105, 373, 4183, 183, 261, 689, 2108, 3866, 396, 177, 194, 3229, 3555, 55, 74, 244, 2164, 2332, 4327, 103, 649, 4507, 2641, 49, 216, 429, 169, 11, 28]
RKP_05000_00100_2_08.txt|437.47|454|0.07676431499999752|[792, 342, 199, 1204, 14, 99, 152, 953, 2584, 2915, 11, 24, 1638, 2149, 2068, 3421, 2, 41, 636, 1387, 1617, 48, 98, 23, 621, 4658, 1, 79, 524, 560, 671, 735, 1415, 4543, 15, 291, 869, 1492, 25, 7, 672, 967, 3246, 1273, 3365, 1301, 1330, 2831, 34]
RKP_05000_00100_2_09.txt|471.9|492|0.07704385399999979|[6, 5, 1149, 1331, 2692, 2520, 4778, 86, 433, 1873, 2352, 2953, 3113, 293, 294, 88, 112, 392, 846, 1338, 2179, 2318, 4070, 110, 142, 75, 2196, 2365, 218, 755, 18, 151, 362, 1203, 1335, 1397, 1818, 61, 238, 315, 1008, 1679, 2213, 15, 4171, 796, 13, 66, 558, 574, 673, 747, 1400]
RKP_05000_00100_2_10.txt|439.87|469|0.0768328960000008|[120, 1773, 275, 2435, 3300, 477, 250, 502, 918, 1932, 2345, 2755, 2802, 3321, 113, 2283, 2318, 2768, 4994, 19, 74, 136, 326, 2133, 291, 315, 2022, 184, 210, 253, 1459, 78, 163, 373, 978, 1313, 3005, 3077, 4424, 660, 4012, 72, 302, 3123, 66, 935]
RKP_05000_00100_3_01.txt|758.02|789|0.07736886000000026|[1, 8, 10, 11, 26, 48, 83, 97, 145, 224, 231, 279, 288, 312, 334, 349, 361, 465, 471, 588, 610, 661, 692, 900, 1006, 1096, 1192, 1272, 1725, 1751, 1768, 2039, 2321, 2608, 3252, 3272, 3292, 3674, 3675, 2, 5, 7, 18, 22, 28, 44, 55, 58, 80, 104, 109, 118, 188, 276, 297, 322, 383, 395, 410, 504, 506, 530, 533, 534, 558, 676, 948, 995, 1187]
RKP_05000_00100_3_02.txt|839.56|870|0.07652313199999895|[1, 22, 36, 55, 94, 98, 132, 135, 145, 148, 167, 203, 219, 254, 272, 301, 312, 313, 351, 356, 373, 392, 415, 434, 472, 512, 542, 776, 856, 973, 989, 1047, 1119, 1267, 1271, 1335, 1664, 1834, 1876, 2362, 2409, 2674, 2689, 2722, 2762, 2772, 2848, 3287, 3318, 3344, 3615, 3645, 4055, 4114, 3, 11, 17, 19, 31, 40, 74, 89, 97, 166, 175, 242, 304, 330, 365, 426, 427, 796, 863, 917, 993, 1093, 1147]
RKP_05000_00100_3_03.txt|826.04|860|0.0772562279999994|[1, 6, 15, 18, 20, 21, 27, 52, 76, 86, 129, 140, 156, 159, 191, 205, 258, 283, 341, 387, 403, 520, 820, 894, 914, 945, 977, 1058, 1109, 1226, 1256, 1304, 1305, 1409, 1459, 1571, 1712, 1847, 1888, 1941, 2676, 2858, 2962, 2984, 2989, 3115, 4254, 4440, 4528, 4547, 4563, 4874, 14, 24, 73, 124, 155, 165, 192, 380, 397, 459, 546, 647, 656, 690, 698, 721, 780, 901, 963, 979, 996, 1051, 1086, 1175]
RKP_05000_00100_3_04.txt|808.98|849|0.07772183000000268|[1, 9, 11, 16, 48, 56, 59, 298, 318, 320, 325, 335, 365, 375, 446, 578, 688, 708, 759, 770, 808, 898, 984, 1024, 1182, 1193, 1227, 1264, 1283, 1338, 1348, 1433, 1570, 1739, 1757, 1788, 1905, 2156, 2274, 2340, 2386, 2433, 2600, 2634, 2810, 3111, 3384, 3639, 3851, 4679, 4996, 28, 51, 66, 68, 72, 103, 118, 122, 130, 133, 205, 266, 282, 309, 315, 364, 377, 403, 411, 473, 991, 995, 1162, 1293]
RKP_05000_00100_3_05.txt|721.93|740|0.07758565600000139|[7, 52, 238, 362, 480, 485, 513, 573, 669, 909, 936, 950, 1668, 2040, 2456, 2596, 2714, 2928, 3114, 4073, 4398, 4423, 1, 24, 25, 47, 60, 76, 113, 147, 220, 304, 345, 435, 448, 486, 563, 583, 588, 769, 891, 1088, 1259, 1526, 1529, 1760, 1764, 1810, 2471, 2671, 2837, 2859, 2877, 3492, 3753, 4063, 4074, 4110, 79, 122, 292, 295, 638, 905]
RKP_05000_00100_3_06.txt|815.3|850|0.07689627199999989|[1, 10, 15, 24, 25, 26, 32, 35, 58, 68, 79, 103, 113, 119, 121, 179, 203, 244, 248, 270, 352, 452, 492, 638, 683, 755, 796, 838, 956, 1046, 1148, 1376, 1451, 1477, 1657, 1698, 1735, 1860, 1884, 2205, 2457, 2528, 2710, 2738, 2878, 2889, 2978, 3082, 3112, 4282, 3, 4, 5, 6, 12, 29, 45, 80, 82, 86, 104, 108, 157, 207, 221, 278, 290, 413, 434, 440, 460, 588, 700, 775, 787]
RKP_05000_00100_3_07.txt|822.79|850|0.07778538799999865|[1, 10, 14, 18, 20, 30, 77, 93, 98, 99, 114, 119, 169, 206, 213, 222, 281, 304, 362, 372, 416, 495, 500, 507, 523, 550, 699, 729, 750, 817, 876, 883, 890, 980, 1030, 1095, 1453, 1615, 1833, 1892, 1960, 2113, 2510, 2667, 2701, 2869, 3232, 3416, 3653, 4835, 9, 26, 29, 167, 178, 211, 485, 526, 566, 570, 583, 719, 799, 859, 865, 894, 913, 985, 1060, 1109, 1411, 1663, 2232, 3509, 3542]
RKP_05000_00100_3_08.txt|835.04|870|0.07737492000000543|[1, 6, 17, 28, 47, 92, 97, 100, 101, 129, 169, 215, 238, 328, 343, 346, 382, 428, 491, 557, 563, 572, 645, 700, 925, 969, 1076, 1208, 1238, 1244, 1355, 1414, 1478, 1502, 1517, 1589, 1973, 2091, 2154, 2430, 2572, 2702, 3001, 3330, 3335, 3410, 3716, 3821, 4062, 4178, 4225, 4353, 4604, 4735, 2, 4, 21, 24, 44, 60, 89, 115, 216, 273, 309, 426, 502, 611, 684, 685, 785, 807, 888, 1017, 1028, 1047, 1106]
RKP_05000_00100_3_09.txt|811.48|840|0.07769644100000107|[1, 4, 24, 40, 55, 63, 94, 111, 137, 205, 217, 262, 271, 288, 355, 409, 466, 585, 600, 662, 696, 839, 981, 986, 1067, 1532, 1558, 1683, 1913, 2033, 2048, 2227, 2372, 2453, 2595, 2609, 2862, 2925, 3120, 3562, 3603, 3727, 3987, 4348, 4681, 4813, 4902, 4948, 3, 8, 10, 18, 25, 29, 49, 57, 101, 110, 116, 119, 154, 229, 274, 307, 373, 424, 447, 501, 610, 754, 973, 1004, 1074, 1163]
RKP_05000_00100_3_10.txt|804.85|840|0.07710032499999614|[3, 19, 21, 22, 27, 30, 52, 63, 119, 173, 216, 236, 252, 283, 383, 438, 627, 666, 775, 787, 881, 1046, 1075, 1166, 1419, 1426, 1430, 1463, 1547, 1938, 1946, 2107, 2181, 2195, 2235, 2244, 2312, 2477, 2567, 2929, 2988, 2990, 3869, 3877, 3997, 4448, 4628, 4783, 1, 2, 5, 10, 11, 50, 57, 79, 109, 110, 138, 141, 142, 166, 211, 227, 333, 336, 526, 540, 559, 614, 685, 798, 933, 1040]
RKP_05000_00100_4_01.txt|100.0|100|0.07648294899999826|[4203]
RKP_05000_00100_4_02.txt|100.0|100|0.07610105400000179|[4283]
RKP_05000_00100_4_03.txt|100.0|100|0.07734522999999967|[4228]
RKP_05000_00100_4_04.txt|100.0|100|0.0762880419999999|[4263]
RKP_05000_00100_4_05.txt|100.0|100|0.07672584599999936|[4218]
RKP_05000_00100_4_06.txt|100.0|100|0.07598626300000035|[4203]
RKP_05000_00100_4_07.txt|100.0|100|0.07645518100000118|[4210]
RKP_05000_00100_4_08.txt|100.0|100|0.0764762039999988|[4203]
RKP_05000_00100_4_09.txt|100.0|100|0.07632580699999324|[4209]
RKP_05000_00100_4_10.txt|100.0|100|0.07627157599999464|[4213]
RKP_05000_00100_5_01.txt|96.74|100|0.0765328360000035|[1, 3, 4, 5, 6, 7, 8, 11, 13, 15, 16, 17, 18, 19, 20, 21, 23, 24, 25, 26, 27, 28, 29]
RKP_05000_00100_5_02.txt|98.51|104|0.07615862300000004|[3, 4, 5, 6, 7, 8, 9, 10, 13, 14, 15, 16, 19, 22, 23, 24, 25, 26, 28, 29]
RKP_05000_00100_5_03.txt|97.17|101|0.0765440050000035|[1, 2, 4, 5, 6, 8, 9, 12, 14, 15, 16, 17, 18, 19, 20, 21, 22, 23, 24, 25, 27, 28, 29, 30, 32]
RKP_05000_00100_5_04.txt|97.23|102|0.07626263500000448|[2, 4, 5, 8, 9, 10, 11, 12, 13, 14, 15, 16, 17, 18, 19, 20, 21, 22]
RKP_05000_00100_5_05.txt|97.64|102|0.07594527299999526|[3, 4, 6, 7, 9, 10, 11, 12, 14, 16, 17, 18, 19, 20, 21, 22, 23, 24, 25, 27]
RKP_05000_00100_5_06.txt|98.5|102|0.07692783900000051|[1, 2, 3, 4, 5, 7, 10, 11, 13, 14, 15, 16, 17, 18, 19, 20, 21, 22, 27, 28, 29, 31, 33, 34, 35, 36]
RKP_05000_00100_5_07.txt|97.22|102|0.0762658220000003|[2, 4, 5, 6, 7, 8, 10, 12, 13, 15, 16, 17, 18, 19, 20, 21, 23, 25, 26, 27, 28, 30, 31]
RKP_05000_00100_5_08.txt|96.78|104|0.07594235799999866|[4, 5, 7, 9, 10, 12, 13, 14, 15, 16, 17, 18, 20, 21, 22, 23, 25, 26, 28, 32, 33, 35, 36, 37, 38, 39]
RKP_05000_00100_5_09.txt|96.45|101|0.07607613600000036|[2, 4, 5, 7, 9, 10, 12, 14, 15, 16, 17, 18, 19, 20, 21, 22, 23, 24, 25, 26, 28, 29, 30, 31, 32, 33, 34]
RKP_05000_00100_5_10.txt|98.97|103|0.07600337499999568|[3, 4, 6, 7, 8, 10, 12, 13, 14, 15, 16, 17, 18, 19, 20, 21, 22, 23, 24, 25]
RKP_05000_01000_1_01.txt|56288.5|58339|0.079697311999999|[424, 164, 2254, 53, 1232, 732, 18, 226, 4971, 3791, 1742, 23, 15, 751, 700, 1034, 1858, 2481, 1724, 1756, 778, 1591, 2077, 1841, 328, 1, 334, 13, 379, 866, 1431, 4223, 4479, 78, 1214, 661, 2777, 2, 1919, 1979, 151, 3534, 3799, 491, 2629, 96, 17, 86, 8, 10, 3256, 2266, 368, 16, 399, 2567, 684, 3187, 1233, 2874, 1145, 33, 22, 5, 271, 1196, 969, 252, 800, 30, 921, 118, 212, 82, 511, 1387, 4129, 3144, 1775, 3282, 35, 1810, 2814, 726, 59, 974]
RKP_05000_01000_1_02.txt|59114.42|60778|0.07870599000000653|[918, 2800, 89, 304, 1590, 36, 675, 728, 3565, 2379, 588, 1205, 1337, 109, 622, 3, 4961, 1055, 539, 78, 222, 988, 22, 41, 3875, 2832, 2825, 10, 282, 235, 4489, 7, 1403, 1455, 2011, 425, 1999, 3349, 2769, 17, 772, 155, 837, 1677, 39, 1329, 337, 965, 368, 3795, 3628, 236, 1261, 1604, 1277, 2973, 694, 3668, 2745, 790, 2727, 96, 207, 3585, 1414, 464, 928, 2120, 1343, 2198, 3095, 2041, 1860, 506, 2750, 471, 293, 2594, 165, 2093, 646, 130, 65, 1]
RKP_05000_01000_1_03.txt|54409.15|55989|0.0788903369999963|[1614, 882, 1039, 24, 1534, 3194, 3276, 22, 1854, 1150, 2688, 135, 1822, 852, 1415, 272, 940, 933, 176, 339, 1027, 67, 533, 2016, 1364, 1, 2471, 344, 3392, 174, 649, 3920, 479, 76, 3682, 248, 165, 4104, 3232, 72, 1605, 1483, 2201, 3835, 2080, 2125, 114, 60, 2848, 1478, 749, 62, 1719, 1475, 3, 1219, 129, 1815, 515, 1006, 1146, 988, 2161, 4640, 4193, 810, 192, 1979, 94, 875, 13, 2682, 4283, 441, 4191, 2468, 33, 1262, 4216, 400]
RKP_05000_01000_1_04.txt|55985.84|57414|0.07907270299999937|[1218, 135, 61, 4624, 223, 1450, 4775, 716, 35, 16, 952, 594, 498, 794, 9, 4277, 1275, 2060, 49, 4397, 10, 114, 64, 1107, 181, 3926, 318, 2470, 1142, 191, 52, 3055, 687, 546, 3023, 351, 2320, 482, 724, 3051, 533, 5, 2023, 33, 1174, 413, 50, 2999, 189, 1311, 25, 133, 1416, 2, 248, 1021, 24, 7, 1689, 2047, 270, 2649, 395, 8, 132, 2580, 4329, 886, 6, 71, 1597, 1, 1074, 1395, 2550, 1901, 792, 210, 105, 2177, 2922, 421, 103, 2269, 547]
RKP_05000_01000_1_05.txt|55277.34|56680|0.07891096500000287|[1649, 91, 385, 2069, 2, 14, 97, 1606, 93, 430, 1411, 1588, 132, 985, 2547, 4053, 2834, 1227, 2271, 1093, 94, 1607, 4118, 467, 254, 3468, 65, 279, 352, 339, 259, 46, 4385, 1316, 119, 1418, 667, 4, 1155, 1162, 3067, 267, 168, 816, 1320, 157, 651, 9, 711, 8, 580, 1321, 1883, 1049, 4096, 16, 73, 943, 593, 130, 120, 2819, 2004, 19, 2263, 85, 1893, 4204, 2397, 5, 584, 25, 201, 592, 231, 67, 903, 2360, 72, 27, 208, 1012, 349, 69, 838, 12, 1708]
RKP_05000_01000_1_06.txt|53810.46|55769|0.07946060699999805|[736, 4603, 51, 336, 2050, 52, 498, 80, 2517, 1689, 269, 8, 159, 1097, 697, 1916, 1511, 3109, 1242, 943, 1879, 48, 297, 2865, 288, 188, 3076, 107, 2195, 998, 3846, 2, 3, 217, 10, 503, 399, 1368, 1530, 9, 6, 150, 90, 343, 2925, 616, 1002, 1192, 42, 13, 2483, 612, 292, 157, 646, 894, 1062, 429, 656, 1040, 1662, 601, 688, 163, 4793, 1, 2857, 2012, 1494, 37, 2025, 687, 2442, 192, 224, 4, 337, 1145, 1720, 684, 60, 883, 4183, 1910, 637, 594]
RKP_05000_01000_1_07.txt|50391.46|52386|0.07891136199999892|[4009, 1741, 15, 226, 753, 1904, 2, 568, 161, 1359, 130, 2669, 213, 77, 1865, 204, 1697, 1, 65, 91, 84, 957, 44, 1175, 421, 188, 2087, 523, 23, 21, 628, 1764, 3455, 46, 795, 198, 386, 2245, 616, 651, 4242, 8, 569, 1607, 848, 731, 4471, 985, 1047, 2984, 2145, 1378, 241, 2593, 453, 608, 3438, 1346, 393, 1666, 4078, 2235, 119, 38, 94, 1052, 363, 1449, 1659, 1605, 488, 522, 577, 1433, 637, 2537, 80, 1198]
RKP_05000_01000_1_08.txt|52072.35|53648|0.0787047629999995|[140, 427, 20, 89, 2585, 651, 2382, 2356, 24, 81, 1487, 430, 2528, 279, 785, 952, 527, 109, 235, 3925, 575, 2841, 488, 15, 1138, 7, 3318, 115, 26, 1574, 738, 3, 151, 3937, 849, 12, 66, 118, 890, 419, 40, 39, 411, 75, 1275, 1088, 892, 29, 32, 531, 52, 190, 2099, 207, 3788, 79, 389, 2110, 1344, 10, 3437, 43, 217, 117, 1391, 529, 3323, 3908, 670, 1029, 1485, 534, 1, 78, 298]
RKP_05000_01000_1_09.txt|55231.91|57773|0.07935170399999493|[4115, 1714, 3179, 1434, 157, 3964, 1, 1362, 128, 104, 2, 684, 2381, 51, 1366, 427, 364, 6, 163, 4, 1242, 3744, 883, 191, 3245, 390, 1481, 1679, 17, 47, 499, 1854, 563, 1788, 1761, 3, 562, 2121, 190, 2328, 996, 2845, 998, 18, 1579, 29, 302, 714, 342, 473, 1113, 1414, 844, 2399, 7, 2012, 2364, 3556, 3900, 1401, 73, 3156, 1699, 94, 106, 25, 1509, 1337, 359, 1495, 2034, 3448, 153, 49, 32, 2239, 1911, 136, 39, 320, 2844, 8, 91, 2651]
RKP_05000_01000_1_10.txt|59682.62|61460|0.0789465730000029|[129, 528, 1044, 47, 104, 500, 785, 888, 1479, 486, 11, 1914, 2671, 1, 461, 2184, 2867, 2216, 844, 384, 245, 261, 180, 1361, 1680, 1253, 2153, 2753, 359, 1076, 1095, 49, 100, 1313, 2309, 9, 286, 2, 4815, 1284, 807, 2544, 1554, 38, 2698, 839, 3137, 43, 33, 212, 2541, 3309, 187, 2560, 740, 1436, 472, 1476, 2608, 634, 1553, 4698, 28, 1731, 4036, 1430, 604, 193, 103, 582, 4, 1934, 161, 813, 2768, 220, 1817, 3836, 1423, 255, 495, 17, 80, 464, 152, 1636, 124, 1644]
RKP_05000_01000_2_01.txt|4304.57|4500|0.07868693500000574|[176, 4166, 103, 2000, 339, 1473, 951, 1844, 761, 413, 3919, 2671, 2, 1173, 88, 2400, 1730, 2057, 1100, 1641, 541, 265, 2351, 1898, 1487, 3764, 309, 2281, 3060, 1046, 32, 7, 81, 604, 395, 4493, 997, 153, 147, 3395, 687, 115, 4598, 12, 2569, 38, 483, 22, 1011, 352, 23, 1154]
RKP_05000_01000_2_02.txt|4568.01|4734|0.07762689000000819|[2, 88, 1045, 1577, 317, 365, 1294, 1693, 44, 1068, 4977, 862, 1189, 2682, 3, 462, 1, 2581, 545, 62, 121, 3024, 126, 1739, 311, 471, 667, 76, 2983, 653, 78, 491, 1049, 2308, 94, 946, 214, 1856, 1196, 2259, 1964, 1000, 379, 2515, 2419, 2537, 3342, 139, 2933, 2213, 820, 3711, 964, 1159, 1503]
RKP_05000_01000_2_03.txt|4624.07|4832|0.07807899200000179|[51, 305, 465, 726, 1002, 69, 3351, 3416, 4964, 3938, 655, 3540, 86, 286, 235, 862, 3180, 2182, 1958, 507, 4457, 308, 3343, 131, 518, 104, 1354, 942, 2548, 3087, 118, 1550, 341, 1732, 858, 3822, 375, 1132, 2164, 2610, 106, 1483, 63, 414, 2930, 185, 477, 589, 350, 171, 88, 1684]
RKP_05000_01000_2_04.txt|5067.2|5229|0.07796192299999688|[17, 1740, 2518, 585, 2408, 4454, 2928, 63, 1672, 1989, 2245, 153, 82, 758, 348, 3, 4424, 400, 2989, 1906, 3530, 2237, 3498, 1086, 54, 2249, 3872, 302, 1, 183, 768, 4236, 22, 567, 7, 1136, 916, 1398, 1319, 247, 557, 662, 1210, 1539, 51, 163, 1209, 59, 703, 84, 3183, 547, 371, 667, 1100, 2242, 23, 1065, 3767, 545]
RKP_05000_01000_2_05.txt|4584.06|4780|0.07868798500001162|[734, 420, 34, 204, 8, 1064, 201, 33, 4485, 3, 273, 1158, 1680, 4215, 3321, 526, 5, 4, 70, 2513, 1132, 2943, 1762, 427, 1925, 1269, 260, 2008, 344, 16, 876, 390, 2548, 187, 453, 80, 23, 9, 1052, 30, 775, 1424, 737, 290, 2686, 324, 1335, 1672, 156, 360, 4333, 807, 1576, 1622, 1223]
RKP_05000_01000_2_06.txt|4820.98|4977|0.07830560599999785|[473, 464, 1933, 61, 1477, 900, 105, 672, 2638, 2476, 242, 27, 2, 1569, 30, 1, 344, 1991, 1948, 793, 36, 1619, 1134, 386, 282, 403, 154, 152, 683, 138, 59, 707, 1898, 2446, 3111, 2282, 739, 2287, 159, 1064, 714, 862, 4951, 94, 1852, 328, 4131, 2690, 2201, 2484, 109, 336, 10, 4545, 670, 184, 1369, 1746, 5, 252, 114, 1317]
RKP_05000_01000_2_07.txt|4918.62|5096|0.07887704300000678|[759, 2282, 4495, 4279, 909, 1643, 2206, 1625, 3129, 771, 2608, 157, 1902, 1437, 1811, 12, 4453, 11, 1552, 368, 2233, 1123, 772, 1265, 516, 238, 3147, 199, 212, 3882, 2461, 294, 2843, 2241, 5, 1935, 3275, 1945, 2341, 387, 44, 257, 3196, 1425, 3085, 105, 1886, 1139, 1702, 1976, 228, 1461, 751, 997, 3507, 2864, 33, 1231]
RKP_05000_01000_2_08.txt|4892.23|5105|0.07868915300000254|[1499, 298, 312, 972, 59, 1184, 264, 44, 3148, 236, 2399, 580, 3385, 6, 30, 213, 78, 1067, 371, 658, 4, 846, 1783, 677, 3191, 2808, 747, 634, 242, 2941, 1314, 200, 660, 1114, 2632, 2133, 1156, 1924, 3857, 201, 14, 174, 1802, 108, 385, 473, 955, 362, 397, 901, 4386, 278, 17, 1016, 2683, 823, 137]
RKP_05000_01000_2_09.txt|4612.89|4856|0.0783622629999968|[1226, 3478, 1556, 408, 4, 379, 897, 1132, 128, 1967, 2140, 10, 3, 2789, 15, 1786, 25, 22, 175, 821, 13, 2637, 3297, 63, 2317, 997, 1992, 536, 419, 36, 118, 2887, 310, 1259, 784, 1583, 1627, 2, 561, 4691, 935, 3113, 3974, 1428, 579, 3583, 377, 2094, 2005, 4669, 1587, 77, 44, 677, 2037]
RKP_05000_01000_2_10.txt|4456.27|4668|0.07850223400000346|[4267, 4015, 9, 137, 420, 1494, 18, 191, 1502, 227, 1686, 3712, 36, 1926, 4084, 1619, 922, 294, 2998, 749, 4050, 2559, 1491, 1049, 1523, 3674, 1011, 1303, 4809, 555, 3584, 1858, 95, 1745, 82, 587, 206, 99, 74, 351, 941, 2318, 29, 3163, 149, 25, 880, 1175, 2034, 1176, 4057, 15, 337, 2452, 55]
RKP_05000_01000_3_01.txt|9596.47|9799|0.07857503600000541|[46, 2461, 3246, 562, 1615, 2851, 1, 34, 1698, 1958, 108, 237, 455, 1081, 2416, 2783, 40, 112, 372, 550, 21, 114, 728, 996, 77, 917, 2748, 207, 284, 1198, 1779, 3421, 2250, 1038, 1894, 2056, 2178, 2874, 2241, 119, 150, 276, 688, 384, 749, 60, 87, 398, 3683, 72, 97, 132, 757, 1382, 2429, 12, 23, 1190, 53, 381, 604, 623, 4452, 560, 1140, 1365, 45, 241, 632, 951, 1087, 16, 539, 1139, 4101, 274, 305, 1369, 3591, 2, 109, 400, 176, 13, 140, 1021, 2640, 3545]
RKP_05000_01000_3_02.txt|10381.76|10600|0.07956439599999954|[129, 230, 1041, 1087, 1499, 2113, 28, 849, 2067, 3308, 2425, 39, 90, 379, 425, 542, 562, 2330, 2853, 446, 878, 3041, 13, 1046, 1885, 2978, 209, 1161, 1436, 2215, 1, 25, 40, 107, 214, 1908, 436, 883, 892, 1020, 4134, 305, 445, 609, 730, 2772, 1486, 2704, 1117, 2989, 4507, 801, 2136, 2565, 4, 41, 66, 1022, 1174, 3393, 2080, 2933, 2998, 4719, 2953, 3171, 71, 931, 1240, 1334, 3832, 2, 33, 3750, 1193, 38, 130, 295, 646, 759, 448, 304, 953, 1484, 2808, 4419, 303, 595, 1083, 111, 624, 1243, 169, 3546, 652, 727]
RKP_05000_01000_3_03.txt|10768.51|11000|0.07896551099999898|[5, 286, 881, 1498, 3273, 4215, 158, 399, 621, 3166, 4813, 36, 2, 215, 568, 652, 4041, 609, 2319, 3, 4, 199, 1663, 975, 11, 22, 129, 239, 439, 710, 856, 1597, 4529, 989, 2386, 3910, 4695, 360, 709, 2439, 3545, 465, 896, 4671, 1, 38, 156, 330, 339, 763, 794, 1022, 1041, 1523, 1559, 2202, 2957, 246, 952, 3928, 115, 214, 1465, 4338, 200, 221, 1082, 1533, 2087, 6, 190, 2034, 1605, 1733, 3722, 308, 480, 544, 1222, 97, 907, 2298, 377, 770, 879, 1169, 1926, 2529, 2901, 3239, 3697, 4149, 4329, 452, 592, 1077, 1231, 1360, 1429, 1688]
RKP_05000_01000_3_04.txt|10733.21|10998|0.07963646000000381|[132, 198, 206, 448, 680, 1872, 2150, 2372, 2868, 6, 111, 619, 1080, 548, 63, 261, 610, 989, 9, 70, 4880, 1, 495, 709, 1049, 1064, 1276, 1396, 2516, 2568, 657, 337, 574, 2747, 45, 3197, 3448, 4, 18, 306, 3523, 58, 864, 1786, 3330, 5, 7, 142, 2541, 4042, 769, 1226, 4440, 225, 747, 1907, 2865, 15, 962, 1322, 205, 263, 977, 1589, 1768, 2593, 3612, 3, 17, 94, 1996, 2857, 13, 648, 1398, 2575, 321, 360, 472, 730, 1309, 1912, 3274, 89, 827, 2871, 784, 1165, 1557, 1852, 2115, 2601, 27, 277, 362, 413, 437, 835, 3645, 35]
RKP_05000_01000_3_05.txt|10054.89|10300|0.0786880939999969|[26, 7, 344, 985, 1759, 1859, 2460, 16, 34, 48, 1516, 1588, 1619, 3635, 2123, 3439, 1, 143, 11, 501, 1305, 3106, 1552, 2634, 2744, 1909, 1069, 3440, 3558, 29, 285, 513, 620, 37, 184, 2920, 3469, 162, 1060, 56, 555, 32, 49, 348, 912, 2970, 708, 748, 998, 1263, 219, 3584, 8, 112, 1033, 1090, 2615, 70, 212, 296, 335, 358, 122, 183, 814, 2077, 2298, 638, 1500, 2, 256, 486, 777, 1770, 3068, 3370, 3, 10, 2723, 4, 6, 25, 283, 386, 491, 692, 1292, 2447, 2610, 3258, 4405, 19, 4338]
RKP_05000_01000_3_06.txt|10398.53|10598|0.07835162999999624|[4, 227, 488, 46, 288, 760, 801, 4808, 6, 813, 4258, 213, 2251, 3214, 7, 45, 55, 734, 1522, 1551, 1917, 2026, 1, 41, 1119, 2741, 4322, 94, 603, 368, 623, 1359, 85, 931, 206, 276, 889, 1978, 3324, 3533, 4315, 3, 286, 287, 469, 573, 665, 946, 2799, 4000, 1466, 1640, 4911, 124, 184, 418, 1030, 1296, 3264, 82, 102, 249, 404, 431, 859, 702, 3390, 135, 193, 219, 265, 2623, 76, 141, 490, 767, 4582, 686, 1035, 1212, 4424, 39, 71, 214, 839, 3851, 1991, 2138, 2756, 106, 126, 37, 84, 350, 607, 3095]
RKP_05000_01000_3_07.txt|10225.64|10591|0.07828466000000275|[79, 291, 293, 762, 827, 1783, 1792, 60, 413, 593, 1470, 13, 1003, 427, 884, 896, 1998, 36, 849, 84, 891, 73, 76, 3628, 1789, 2448, 3146, 2, 125, 295, 398, 417, 1123, 2357, 2900, 3731, 4131, 214, 360, 883, 1055, 2587, 3854, 477, 18, 75, 218, 527, 4233, 3, 11, 220, 370, 608, 714, 1044, 2104, 2966, 3438, 5, 658, 1262, 1544, 3609, 2716, 113, 393, 1709, 3135, 3716, 1, 251, 640, 1179, 100, 216, 194, 221, 422, 1564, 6, 8, 31, 4659, 462, 539, 1066, 1090, 1173, 2360, 3402, 4456, 20, 33, 2111, 3836]
RKP_05000_01000_3_08.txt|10431.15|10700|0.07912149999999542|[1588, 3808, 217, 394, 1976, 4022, 14, 80, 525, 1036, 3087, 28, 152, 953, 1135, 1733, 4, 77, 270, 1970, 2364, 2402, 3237, 134, 331, 883, 1009, 2088, 2484, 154, 301, 901, 3571, 489, 556, 686, 1159, 1395, 4192, 36, 279, 474, 654, 1967, 3396, 250, 2977, 944, 1077, 4463, 6, 30, 1273, 1636, 725, 1117, 1134, 260, 2019, 7, 22, 162, 911, 2025, 3346, 118, 126, 675, 1050, 1770, 3017, 3284, 3445, 4767, 4779, 20, 1014, 1810, 3557, 4487, 4700, 1, 2, 226, 264, 656, 707, 1364, 35, 73, 82, 213, 660, 895, 3, 34, 1502]
RKP_05000_01000_3_09.txt|9670.44|9999|0.07868141599999262|[655, 1322, 2051, 2621, 556, 1189, 2511, 152, 242, 384, 661, 2486, 3256, 4292, 51, 664, 671, 852, 3443, 281, 310, 376, 2024, 2401, 73, 1471, 87, 3392, 136, 492, 751, 1148, 3868, 4136, 786, 2497, 3538, 237, 252, 1978, 462, 1684, 2055, 2941, 14, 26, 40, 77, 83, 99, 159, 453, 494, 995, 207, 886, 2287, 3618, 1, 8, 797, 2577, 13, 290, 1003, 1313, 4, 61, 111, 354, 931, 921, 106, 1104, 2706, 222, 830, 42, 57, 81, 412, 673, 1488, 2657, 3020, 7, 9, 3572, 564, 1872]
RKP_05000_01000_3_10.txt|10293.98|10599|0.07864929299999744|[16, 119, 196, 219, 1125, 2322, 2764, 2894, 50, 270, 393, 1329, 3150, 3435, 3589, 4466, 369, 1, 3, 25, 1785, 2940, 3240, 145, 413, 692, 811, 1019, 1184, 3234, 876, 2, 2189, 14, 2915, 434, 1530, 3251, 62, 69, 1854, 3127, 4052, 6, 287, 907, 2224, 2749, 2813, 52, 1093, 1498, 4227, 112, 223, 789, 808, 1621, 1635, 4747, 4788, 1803, 4631, 343, 344, 2139, 1097, 1847, 2877, 3119, 305, 446, 458, 1279, 73, 191, 781, 1343, 2458, 3064, 308, 312, 417, 502, 627, 3879, 5, 66, 275, 353, 360, 1317, 3788, 37, 389, 456]
RKP_05000_01000_4_01.txt|999.95|1000|0.07781913200000076|[4615]
RKP_05000_01000_4_02.txt|999.96|1000|0.07647123299999863|[4655]
RKP_05000_01000_4_03.txt|1000.0|1000|0.07732000899999888|[4567]
RKP_05000_01000_4_04.txt|999.99|1000|0.07760108699999818|[4559]
RKP_05000_01000_4_05.txt|1000.0|1000|0.0778656140000021|[4575]
RKP_05000_01000_4_06.txt|1000.0|1000|0.07767749500000833|[4580]
RKP_05000_01000_4_07.txt|1000.0|1000|0.0771319880000101|[4493]
RKP_05000_01000_4_08.txt|1000.0|1000|0.07848029399999064|[4472]
RKP_05000_01000_4_09.txt|1000.0|1000|0.07711119600000985|[4528]
RKP_05000_01000_4_10.txt|1000.0|1000|0.07752154099999643|[4469]
RKP_05000_01000_5_01.txt|973.4|1009|0.07793891499999177|[4, 7, 8, 9, 10, 14, 15, 16, 17, 18, 20, 21, 22, 23, 25, 26, 27, 28, 30, 31, 32, 33, 34, 35, 36, 37, 38]
RKP_05000_01000_5_02.txt|977.51|1012|0.07655213899999466|[2, 3, 4, 5, 6, 7, 9, 10, 11, 13, 14, 15, 16, 17, 18, 19, 20, 21, 22, 24, 26, 27, 28, 29, 30, 31, 33, 34, 35]
RKP_05000_01000_5_03.txt|973.78|1008|0.07685329800000432|[1, 3, 4, 6, 7, 8, 9, 10, 11, 12, 13, 14, 15, 17, 18, 19, 20, 21, 24, 25, 27, 28, 29, 30, 31, 33, 34, 35]
RKP_05000_01000_5_04.txt|969.39|1012|0.07777452800000333|[3, 4, 5, 6, 7, 9, 10, 11, 12, 13, 14, 15, 16, 17, 18, 19, 20, 21, 22, 23, 25, 26, 27, 28, 31, 32]
RKP_05000_01000_5_05.txt|969.31|1010|0.0776611800000046|[1, 4, 5, 8, 10, 11, 12, 17, 18, 19, 20, 21, 22, 23, 24, 25, 26, 27, 28, 29, 30, 31, 32, 33, 34]
RKP_05000_01000_5_06.txt|961.36|1002|0.07721312299999795|[1, 4, 6, 7, 8, 9, 10, 11, 14, 15, 17, 19, 20, 21, 22, 23, 24, 26, 27, 28, 29, 30, 31, 32, 33, 34, 35, 36]
RKP_05000_01000_5_07.txt|973.06|1007|0.07732525400000213|[2, 4, 5, 6, 7, 8, 9, 10, 11, 14, 16, 17, 18, 19, 20, 21, 24, 25, 26, 27, 28, 29, 30, 31, 32, 33, 34, 35]
RKP_05000_01000_5_08.txt|974.68|1011|0.07723636799999894|[1, 3, 5, 7, 8, 9, 10, 11, 12, 13, 14, 15, 16, 17, 18, 19, 20, 21, 22, 23, 25, 26, 27, 28, 29, 30]
RKP_05000_01000_5_09.txt|978.52|1017|0.07744220999999583|[1, 2, 3, 4, 5, 8, 9, 11, 12, 13, 14, 15, 16, 17, 18, 19, 20, 22, 23, 24, 26, 28, 29, 30, 31, 32, 33, 36]
RKP_05000_01000_5_10.txt|971.61|1013|0.07923178900000494|[1, 3, 4, 5, 6, 7, 8, 9, 12, 13, 14, 15, 16, 17, 18, 19, 20, 22, 23, 24, 28, 29, 31, 32]
RKP_05000_05000_1_01.txt|261596.5|271437|0.07804546199999778|[2195, 1201, 226, 1260, 134, 1200, 74, 239, 2685, 254, 263, 2997, 826, 255, 688, 75, 477, 1939, 36, 2945, 3721, 149, 168, 1595, 1416, 1437, 496, 2321, 2687, 3, 279, 100, 498, 1543, 78, 1247, 174, 1674, 940, 4810, 358, 747, 290, 21, 127, 1231, 8, 522, 2896, 4, 41, 601, 206, 3266, 3813, 94, 40, 4308, 234, 562, 4777, 1083, 1246, 33, 604, 96, 248, 274, 4077, 3113, 1270, 809, 47, 1685, 521, 50, 1286, 1293, 30, 1999]
RKP_05000_05000_1_02.txt|315083.11|323797|0.07946856399999888|[2706, 1005, 787, 3921, 24, 297, 2174, 113, 45, 537, 1115, 4402, 361, 2667, 10, 1855, 238, 269, 805, 3940, 55, 1044, 117, 712, 1374, 1, 334, 396, 1107, 3754, 3059, 903, 240, 3842, 444, 1152, 21, 310, 1041, 378, 785, 2177, 8, 2322, 2501, 104, 1459, 4, 2, 470, 4832, 4712, 4382, 1870, 1069, 1075, 2306, 668, 1556, 20, 3588, 3696, 3886, 213, 258, 1722, 4197, 1309, 4013, 669, 1203, 341, 2039, 126, 4074, 89, 1434, 1786, 9, 1266, 59, 1089, 814, 38, 2089, 2403, 14, 5]
RKP_05000_05000_1_03.txt|282645.18|292444|0.07729461500000412|[3247, 557, 435, 426, 233, 78, 1, 2859, 3493, 2760, 2630, 249, 115, 1098, 1265, 1477, 1261, 1115, 25, 1414, 3414, 4414, 318, 482, 1441, 811, 582, 586, 1775, 231, 39, 1099, 4284, 2264, 451, 86, 7, 3512, 3443, 2438, 3490, 1309, 206, 62, 8, 1235, 339, 3593, 1236, 429, 2426, 297, 481, 2124, 779, 5, 2615, 1108, 22, 18, 1290, 353, 4374, 651, 393, 46, 504, 110, 488, 3154, 133, 908, 1212, 692, 1227, 31, 872, 1244, 2, 2957, 80, 1897]
RKP_05000_05000_1_04.txt|299567.49|309532|0.07794134100000746|[4668, 3850, 90, 332, 34, 484, 1072, 376, 291, 9, 2581, 3, 557, 148, 2372, 5, 1677, 145, 75, 2328, 368, 25, 1418, 2003, 408, 1, 2061, 1859, 1389, 3813, 787, 222, 189, 1758, 390, 2991, 422, 559, 85, 2051, 3651, 240, 831, 1417, 1753, 4260, 675, 76, 4172, 814, 48, 135, 38, 2813, 318, 169, 4715, 3568, 2013, 4384, 173, 1675, 226, 809, 12, 710, 105, 2584, 1875, 326, 4286, 778, 299, 2553, 3431, 3059, 3305, 333, 2017, 387, 18, 81, 202, 68, 24, 2312, 96, 197, 3547, 1938, 2323]
RKP_05000_05000_1_05.txt|299918.87|309714|0.07989498400000457|[130, 3722, 2352, 378, 2467, 301, 694, 227, 2579, 403, 1, 4208, 3024, 1929, 2, 2309, 62, 210, 46, 1668, 582, 214, 559, 55, 1460, 3186, 950, 2657, 1662, 38, 143, 2804, 153, 32, 2411, 4846, 2045, 1432, 1088, 1993, 2118, 2025, 992, 1098, 923, 3, 33, 22, 1281, 12, 463, 348, 1887, 459, 1492, 2703, 7, 3873, 1692, 245, 2910, 2427, 838, 518, 4789, 1003, 1483, 261, 1016, 1372, 127, 1642, 20, 4108, 1521, 2223, 1221, 26, 4301, 1690, 148, 167, 3813, 3175, 663, 139, 4374, 2732, 31, 131, 156]
RKP_05000_05000_1_06.txt|277000.8|286423|0.07950065499999141|[651, 1730, 1154, 693, 1227, 1981, 2701, 1065, 581, 23, 925, 621, 4540, 87, 378, 2, 2729, 3361, 40, 120, 2309, 1927, 4692, 2204, 363, 82, 3978, 407, 2048, 813, 850, 715, 2509, 707, 613, 2210, 956, 113, 1280, 649, 71, 825, 2132, 608, 66, 2240, 4561, 338, 4076, 514, 43, 2386, 1308, 568, 3613, 85, 2646, 7, 1305, 445, 3938, 274, 333, 1054, 1671, 523, 1374, 2228, 275, 76, 1041, 64, 830, 538, 1855, 236, 20, 347, 754, 299, 427, 2949, 1578, 106, 18, 2592, 122, 2011, 1641]
RKP_05000_05000_1_07.txt|254529.23|262997|0.08063737300000753|[730, 1, 31, 2688, 2854, 1616, 457, 15, 3045, 829, 248, 380, 3, 182, 44, 536, 864, 2, 1228, 1263, 4664, 29, 1267, 739, 785, 4149, 8, 381, 1820, 575, 2725, 529, 294, 1849, 190, 4, 2529, 478, 1897, 1315, 4260, 83, 249, 153, 287, 1520, 1894, 7, 175, 215, 303, 3888, 4225, 187, 2273, 230, 121, 4751, 667, 30, 233, 745, 1019, 1375, 109, 16, 266, 3965, 1246, 916, 690, 1525, 768, 346, 2162, 413, 137, 3875, 2846, 6, 332, 237, 640]
RKP_05000_05000_1_08.txt|260961.29|271369|0.08026674799999568|[95, 674, 253, 124, 156, 596, 38, 523, 91, 1421, 2525, 2536, 342, 3, 451, 1941, 371, 2047, 1167, 97, 2428, 836, 1549, 122, 560, 4195, 3744, 3998, 171, 30, 764, 3599, 1546, 3666, 280, 2312, 1439, 984, 16, 2, 3833, 1562, 1247, 471, 232, 275, 402, 138, 303, 1737, 1678, 367, 140, 3792, 4934, 478, 850, 262, 706, 115, 878, 2600, 4527, 51, 2042, 1179, 2285, 4393, 2813, 949, 669, 2643, 4186, 137, 41, 453, 2681, 528, 314, 5, 902, 7, 363]
RKP_05000_05000_1_09.txt|279848.37|288418|0.07904631800000515|[66, 170, 448, 5, 339, 542, 1458, 325, 4486, 565, 871, 1635, 4248, 682, 4615, 2636, 537, 3197, 460, 4489, 1314, 1350, 1416, 1, 1227, 113, 196, 701, 77, 1006, 3, 1245, 438, 632, 1254, 234, 6, 820, 1917, 921, 2593, 221, 55, 2016, 160, 2834, 1788, 126, 492, 299, 114, 1808, 2, 382, 1979, 1592, 312, 52, 17, 12, 563, 139, 1114, 156, 355, 726, 2557, 544, 99, 1480, 1596, 376, 1466, 385, 404, 151, 282, 1064, 42, 1504, 1126, 1594, 243, 1078, 2554, 14, 2450, 1510, 176]
RKP_05000_05000_1_10.txt|247068.75|255693|0.0778502380000043|[3078, 7, 414, 2580, 1609, 1652, 153, 2629, 472, 756, 659, 3067, 2050, 803, 4380, 3261, 959, 2870, 2151, 286, 185, 144, 467, 2281, 1504, 2608, 38, 1766, 3101, 1402, 909, 2641, 981, 60, 92, 89, 278, 746, 813, 428, 2786, 2, 2306, 2607, 18, 24, 1479, 2498, 1209, 4532, 1986, 867, 1930, 1725, 2504, 2942, 10, 3198, 863, 14, 322, 3696, 1015, 724, 454, 862, 3229, 2810, 131]
RKP_05000_05000_2_01.txt|23329.14|24527|0.07862748899999929|[2236, 293, 515, 411, 1045, 866, 18, 475, 235, 4844, 1367, 2937, 1059, 1308, 1505, 2251, 986, 4544, 20, 2687, 279, 1885, 3883, 250, 1784, 1635, 21, 690, 3403, 750, 1482, 579, 65, 70, 335, 3667, 32, 49, 2113, 1665, 2458, 8, 748, 1435, 1497, 93, 19, 3722, 3808, 937, 1292, 319, 106, 52]
RKP_05000_05000_2_02.txt|20935.38|22151|0.0775323279999975|[3100, 1649, 530, 14, 4007, 710, 563, 3641, 220, 56, 3796, 2429, 1172, 1058, 208, 5, 15, 2162, 707, 161, 2244, 91, 4564, 677, 79, 2060, 294, 836, 2814, 762, 2069, 28, 3355, 131, 3984, 2142, 696, 722, 1714, 203, 3813, 3515, 1069, 191, 2272, 2839, 1171, 582, 106, 973]
RKP_05000_05000_2_03.txt|20608.01|21631|0.0770881840000004|[3630, 983, 1269, 3839, 1429, 1, 4565, 1422, 477, 3090, 44, 177, 502, 1432, 3428, 375, 3957, 394, 2272, 4, 4235, 1207, 583, 441, 2224, 94, 1481, 306, 50, 38, 783, 1289, 3368, 21, 4939, 72, 1212, 812, 41, 659, 544, 2790, 64, 49, 13, 338, 411, 465, 45, 582, 2868, 729, 2512, 387, 2869]
RKP_05000_05000_2_04.txt|27009.62|28091|0.07810610500000052|[307, 455, 37, 832, 2382, 23, 21, 122, 3257, 187, 4, 1124, 1586, 2705, 1606, 126, 637, 1223, 78, 2, 1, 2632, 554, 2308, 238, 147, 893, 1329, 115, 655, 322, 625, 346, 1412, 583, 131, 165, 372, 49, 71, 82, 2318, 2093, 491, 3288, 2773, 3212, 406, 3593, 60, 47, 19, 3704, 154, 262, 77, 264, 1335, 862, 1748, 1508, 1519, 314, 20, 2343, 2319, 43, 1068, 1187]
RKP_05000_05000_2_05.txt|23122.3|24142|0.07711910500001182|[1022, 113, 1813, 1011, 932, 513, 1103, 1588, 163, 1153, 128, 4330, 1232, 481, 858, 4182, 34, 5, 317, 13, 220, 606, 4410, 1768, 874, 1242, 595, 1394, 3623, 2678, 1175, 4, 2694, 962, 4902, 3798, 2569, 662, 167, 4092, 1503, 9, 1034, 350, 1489, 976, 551, 856, 734, 8, 2906, 2057, 66, 501, 370, 842]
RKP_05000_05000_2_06.txt|20349.22|21211|0.07768047199998478|[303, 731, 3580, 832, 1073, 1070, 30, 629, 136, 912, 3064, 3764, 437, 449, 2245, 574, 866, 637, 2357, 1756, 74, 985, 373, 370, 726, 411, 1342, 689, 1814, 3371, 1542, 2039, 3248, 8, 17, 523, 356, 1807, 748, 106, 1638, 1461, 976, 51, 872]
RKP_05000_05000_2_07.txt|23637.43|24559|0.07771404699999834|[2118, 129, 1137, 1734, 725, 4066, 932, 1115, 30, 903, 411, 36, 926, 1460, 1438, 1819, 989, 1326, 1730, 3935, 3396, 152, 2045, 273, 199, 3005, 4239, 452, 624, 1614, 421, 7, 631, 3180, 3704, 26, 461, 4779, 528, 72, 1988, 957, 3060, 2664, 2838, 16, 1435, 383, 713, 3189, 212, 667, 301, 12, 3690, 4720]
RKP_05000_05000_2_08.txt|24328.43|25203|0.07868037400000731|[116, 3617, 3356, 449, 659, 1262, 3119, 760, 286, 1834, 2024, 1692, 179, 17, 1520, 899, 2598, 603, 746, 274, 953, 811, 919, 2, 332, 155, 1239, 1835, 192, 782, 3335, 2907, 20, 724, 83, 3039, 1064, 1597, 2856, 9, 160, 2390, 30, 409, 34, 93, 3691, 1473, 259, 3274, 112, 461, 291, 944, 315, 2078, 2219, 1822, 668, 245, 1277]
RKP_05000_05000_2_09.txt|25435.13|26782|0.07792973799999117|[83, 3, 1231, 82, 105, 1308, 1179, 3741, 385, 7, 36, 1, 129, 893, 2129, 4959, 634, 423, 899, 1378, 2, 394, 2555, 164, 327, 973, 1478, 1213, 128, 519, 157, 180, 1482, 2889, 1771, 61, 1802, 413, 137, 60, 920, 279, 1687, 1462, 84, 26, 173, 1555, 1177, 4230, 152, 181, 1012, 1812, 1086, 360, 221, 19, 2382, 829, 251, 2368, 2584, 184, 178, 74]
RKP_05000_05000_2_10.txt|23990.13|24915|0.07858109300000365|[2884, 666, 1620, 70, 725, 1, 330, 311, 42, 1136, 23, 899, 2, 3568, 97, 3467, 2524, 261, 856, 1908, 3618, 82, 185, 14, 2732, 2854, 1530, 1230, 1078, 3271, 723, 1060, 2264, 35, 24, 175, 3185, 3272, 586, 233, 117, 268, 1742, 728, 2102, 452, 1601, 153, 4670, 3018, 657, 2594, 2312, 465, 294, 205, 2690, 351, 102]
RKP_05000_05000_3_01.txt|51911.22|52995|0.08005410200000483|[1430, 88, 1410, 106, 2024, 1075, 1328, 1409, 39, 449, 1004, 2100, 21, 54, 2544, 528, 45, 926, 2987, 1887, 79, 2831, 736, 814, 3210, 16, 94, 1664, 638, 55, 800, 4143, 132, 563, 628, 6, 870, 1846, 2454, 521, 530, 1850, 2266, 480, 3715, 83, 787, 17, 452, 625, 4, 1132, 164, 510, 3361, 171, 13, 2738, 1758, 3941, 833, 4483, 58, 646, 1080, 1, 595, 1180, 1291, 12, 465, 731, 66, 634, 96, 284, 102, 137, 2025, 2122, 122, 2781, 4085, 9, 26, 56, 169, 1539, 499, 4117, 289, 801, 1223, 2296, 1019, 2836]
RKP_05000_05000_3_02.txt|50009.75|51483|0.07934606799999756|[2345, 773, 2392, 2826, 969, 2038, 509, 4488, 407, 601, 38, 1509, 99, 133, 3922, 507, 32, 51, 3779, 2259, 4134, 4221, 151, 885, 3230, 2529, 1914, 217, 30, 1220, 4553, 221, 303, 50, 25, 4589, 58, 9, 1093, 1675, 1198, 970, 985, 1151, 1, 55, 227, 1232, 1763, 59, 1970, 3743, 5, 115, 2025, 1199, 1793, 3282, 117, 2, 607, 85, 409, 106, 389, 47, 33, 4338, 2501, 568, 92, 967, 1229, 558, 3478, 3717, 597, 2556, 769, 1132, 8, 405, 2118, 10, 1457, 16, 2589, 23, 205, 869, 3092, 123, 747]
RKP_05000_05000_3_03.txt|52239.49|53486|0.07834411099999784|[3112, 636, 2585, 13, 3385, 1029, 523, 3909, 1129, 194, 950, 3819, 3452, 185, 1960, 682, 856, 90, 67, 1677, 323, 1255, 1, 219, 2297, 763, 2430, 1696, 127, 4, 1729, 281, 2713, 366, 1099, 1187, 2, 1505, 88, 1011, 1875, 970, 963, 489, 1715, 2750, 79, 542, 1911, 3389, 826, 21, 1061, 1278, 1703, 1516, 6, 471, 46, 618, 1691, 1238, 433, 1495, 777, 5, 116, 703, 1547, 2420, 223, 554, 1800, 372, 15, 1855, 373, 38, 128, 183, 2274, 3213, 9, 1284, 2768, 25, 186, 937, 8, 553, 2147, 4032, 136, 742, 1128, 2439, 764]
RKP_05000_05000_3_04.txt|53110.94|54497|0.08016968199999837|[936, 779, 3625, 476, 479, 61, 868, 454, 156, 2428, 27, 343, 2854, 3856, 4, 505, 3391, 404, 3143, 2704, 3454, 1589, 183, 585, 109, 642, 1033, 4104, 173, 3841, 51, 412, 304, 1208, 14, 71, 3543, 3870, 4678, 1, 1276, 101, 229, 965, 2441, 3065, 12, 1564, 1800, 2915, 455, 102, 3872, 169, 198, 3497, 843, 241, 718, 4343, 2727, 94, 208, 547, 640, 888, 1433, 256, 19, 907, 155, 1804, 2146, 720, 1746, 2081, 1119, 11, 282, 1793, 141, 4713, 215, 2688, 47, 274, 3523, 31, 599, 1304, 205, 2343, 177, 9, 32, 236, 2551, 3330, 934]
RKP_05000_05000_3_05.txt|50957.26|51998|0.0804099359999941|[81, 72, 97, 331, 368, 2910, 1044, 406, 537, 1680, 2428, 50, 1771, 3138, 139, 2606, 259, 969, 207, 13, 3566, 1506, 1664, 4138, 628, 12, 1640, 555, 4707, 372, 1843, 1758, 2994, 44, 20, 4618, 1951, 5, 75, 617, 958, 141, 945, 15, 115, 1004, 4267, 1960, 1686, 3569, 34, 202, 3442, 1182, 28, 166, 2, 779, 1313, 1696, 2386, 4, 58, 268, 814, 242, 1, 150, 616, 95, 309, 839, 32, 42, 25, 317, 620, 984, 1073, 138, 533, 1378, 743, 375, 3119, 3733, 1745, 8, 247, 351, 3993, 652, 2222, 1519]
RKP_05000_05000_3_06.txt|52169.86|53987|0.07938637600000334|[313, 2697, 234, 1191, 3441, 480, 645, 924, 1678, 2537, 28, 1989, 2724, 78, 1005, 3251, 1123, 2338, 737, 4300, 2300, 671, 386, 22, 2115, 6, 30, 55, 1115, 607, 2334, 115, 377, 382, 845, 3065, 285, 839, 8, 43, 239, 617, 2793, 1, 130, 4180, 262, 1939, 44, 977, 2626, 4129, 242, 909, 48, 101, 125, 623, 934, 2169, 4383, 10, 1379, 1967, 318, 2412, 2, 7, 93, 3946, 97, 985, 165, 3214, 3325, 817, 3, 190, 203, 430, 1745, 2540, 219, 3448, 18, 1323, 3359, 3327, 692, 2868, 542, 616, 132, 3871, 23, 141, 403, 955]
RKP_05000_05000_3_07.txt|49050.04|50497|0.07973457999999255|[217, 2, 1664, 1728, 718, 796, 304, 924, 88, 2201, 609, 684, 817, 525, 4656, 2093, 835, 348, 490, 220, 766, 1338, 4, 82, 813, 1818, 3987, 143, 1721, 2643, 487, 866, 2747, 2824, 1049, 2345, 1, 459, 1279, 462, 1213, 3347, 2399, 2511, 1497, 897, 232, 544, 1403, 3, 130, 723, 1854, 119, 3503, 656, 1005, 599, 619, 1405, 192, 3036, 2287, 46, 4288, 739, 1375, 412, 598, 4796, 4750, 13, 2551, 1579, 395, 1939, 283, 1060, 652, 12, 61, 3295, 1090, 1420, 124, 1914, 1323, 476, 3890, 1102, 2255]
RKP_05000_05000_3_08.txt|48212.87|49497|0.07959320099999559|[433, 4469, 1833, 2446, 938, 147, 1969, 150, 640, 18, 1104, 1105, 1, 2750, 54, 391, 39, 752, 1450, 2393, 857, 2528, 22, 784, 241, 4022, 4805, 351, 1311, 2, 14, 2221, 762, 1145, 1042, 2413, 876, 524, 1371, 4731, 294, 2250, 28, 1613, 43, 110, 205, 122, 484, 742, 53, 1224, 73, 2150, 430, 1520, 152, 105, 828, 89, 454, 60, 254, 16, 3967, 731, 280, 692, 9, 192, 91, 547, 237, 563, 2697, 3072, 3, 6, 289, 2859, 251, 1185, 1405, 4, 1262, 66, 2988, 3102, 8]
RKP_05000_05000_3_09.txt|54443.31|55489|0.07793589999999767|[42, 1667, 1282, 609, 17, 851, 629, 932, 1343, 3677, 317, 2885, 2994, 345, 643, 913, 3338, 4313, 19, 877, 1945, 4246, 259, 1328, 1813, 4338, 4825, 13, 789, 2838, 2435, 2484, 431, 660, 3684, 387, 1933, 233, 4052, 2166, 133, 313, 8, 252, 1549, 111, 406, 532, 1146, 4, 123, 512, 1727, 2926, 693, 1489, 7, 150, 354, 3864, 4789, 4240, 534, 593, 679, 3453, 929, 1469, 767, 299, 338, 1555, 25, 140, 1746, 2773, 4192, 2, 54, 2746, 112, 43, 1563, 3009, 2427, 344, 793, 35, 184, 1479, 2525, 10, 4839, 26, 533, 413, 1162, 3, 814, 2748, 308]
RKP_05000_05000_3_10.txt|52429.04|53987|0.07839159699999527|[1284, 1202, 3, 1258, 3454, 59, 313, 577, 2698, 402, 2643, 490, 120, 1062, 3222, 2748, 1135, 3759, 4808, 44, 13, 4, 405, 1075, 675, 2521, 3468, 1224, 2536, 535, 576, 1307, 10, 48, 2573, 1786, 51, 607, 2923, 1714, 4381, 2, 1567, 1653, 3531, 60, 1358, 1099, 278, 14, 716, 3046, 172, 1639, 665, 243, 664, 1891, 3640, 102, 1444, 276, 4391, 57, 5, 202, 227, 28, 9, 25, 1969, 3301, 1405, 1159, 23, 67, 616, 309, 77, 3218, 605, 319, 2978, 190, 481, 137, 848, 893, 101, 3459, 41, 371, 26, 722, 2562, 3824, 1, 457]
RKP_05000_05000_4_01.txt|4999.74|5000|0.07584097399999791|[4658]
RKP_05000_05000_4_02.txt|4999.7|5000|0.07621132099999159|[4978]
RKP_05000_05000_4_03.txt|4999.97|5000|0.07777827499998466|[4795]
RKP_05000_05000_4_04.txt|4999.82|5000|0.07881538199999114|[4597]
RKP_05000_05000_4_05.txt|5000.0|5000|0.0762158540000064|[4783]
RKP_05000_05000_4_06.txt|4999.71|5000|0.07616429700000936|[4625]
RKP_05000_05000_4_07.txt|4999.63|5000|0.07630086999999776|[4778]
RKP_05000_05000_4_08.txt|4999.98|5000|0.07764914600001475|[4648]
RKP_05000_05000_4_09.txt|4999.99|5000|0.07617105400000128|[4988]
RKP_05000_05000_4_10.txt|4998.65|4999|0.07669721200000368|[4786]
RKP_05000_05000_5_01.txt|4818.99|4999|0.07783470099999931|[3, 4, 5, 6, 7, 9, 10, 12, 13, 14, 15, 17, 18, 19, 21, 22, 23, 24, 25, 27, 28, 29, 30, 31, 34, 35]
RKP_05000_05000_5_02.txt|4816.9|5057|0.07762826700000232|[2, 3, 4, 5, 6, 7, 8, 9, 10, 11, 12, 13, 15, 16, 17, 18, 19, 20, 21, 23, 24, 25, 26, 27, 28, 29, 30, 31]
RKP_05000_05000_5_03.txt|4885.87|5028|0.07817102599999316|[1, 3, 5, 6, 7, 8, 9, 10, 11, 12, 13, 15, 16, 18, 19, 20, 21, 22, 23, 26, 29, 32, 33, 34]
RKP_05000_05000_5_04.txt|4812.96|5035|0.0773017309999932|[2, 4, 5, 7, 8, 10, 11, 12, 13, 14, 15, 16, 17, 19, 20, 21, 22, 23, 24, 25, 26, 27, 29, 30]
RKP_05000_05000_5_05.txt|4951.25|5101|0.07670962099997951|[1, 3, 6, 7, 8, 9, 10, 11, 12, 14, 15, 16, 17, 18, 19, 20, 21, 22, 23, 24, 26, 27, 28, 29, 30, 31, 33]
RKP_05000_05000_5_06.txt|4784.53|5030|0.07634890799999539|[3, 4, 7, 8, 9, 10, 11, 13, 14, 16, 17, 18, 20, 22, 23, 24, 25, 26, 27, 28]
RKP_05000_05000_5_07.txt|4882.65|5092|0.076433698000003|[4, 5, 6, 7, 8, 9, 10, 11, 12, 13, 16, 17, 19, 21, 22, 23, 24, 25, 26, 27, 28, 29, 30, 31]
RKP_05000_05000_5_08.txt|4890.49|5060|0.0762973010000087|[3, 5, 6, 9, 10, 11, 12, 13, 14, 16, 17, 18, 19, 20, 21, 22, 23, 24, 26, 27, 29, 30, 31, 32, 33, 34, 35, 36]
RKP_05000_05000_5_09.txt|4794.08|5019|0.07777065600000015|[3, 4, 5, 6, 7, 8, 9, 10, 11, 12, 13, 14, 15, 16, 17, 18, 19, 21, 24, 25, 27, 28, 29, 30]
RKP_05000_05000_5_10.txt|4825.92|5009|0.07754125700000031|[1, 2, 3, 4, 5, 6, 7, 8, 9, 10, 11, 12, 13, 14, 15, 16, 17, 18, 19, 20, 21, 22, 23, 24, 25, 26, 28, 29]
