RKP_00100_00100_1_01.txt|638.42|744|0.0005910440000000062|[17, 31, 22, 1, 16, 24, 28, 3, 7, 29]
RKP_00100_00100_1_02.txt|742.72|884|0.0005983209999999994|[48, 91, 1, 50, 56, 37, 23, 2, 9, 31, 15, 47, 44]
RKP_00100_00100_1_03.txt|607.0|709|0.000587820999999995|[1, 5, 12, 15, 4, 10, 2, 14, 63, 6, 70]
RKP_00100_00100_1_04.txt|599.57|700|0.0005883079999999963|[15, 7, 9, 5, 6, 74, 43, 3, 10, 4]
RKP_00100_00100_1_05.txt|617.87|730|0.0005896400000000057|[79, 20, 30, 44, 14, 3, 22, 11, 16, 66]
RKP_00100_00100_1_06.txt|817.45|954|0.0006038220000000083|[57, 97, 48, 47, 16, 17, 31, 83, 10, 62, 55, 20, 34]
RKP_00100_00100_1_07.txt|404.39|507|0.000553833000000008|[60, 39, 51, 5, 13, 46, 1, 71]
RKP_00100_00100_1_08.txt|763.82|869|0.0006173690000000087|[6, 87, 30, 92, 2, 76, 1, 7, 9, 29, 24, 11, 13]
RKP_00100_00100_1_09.txt|486.64|592|0.000574647999999991|[23, 18, 16, 52, 42, 2, 24, 13, 5]
RKP_00100_00100_1_10.txt|626.19|723|0.0005992759999999819|[4, 1, 27, 11, 13, 6, 2, 33, 18, 24, 20]
RKP_00100_00100_2_01.txt|112.46|153|0.0005473049999999846|[6, 20, 1, 2, 22, 27, 64]
RKP_00100_00100_2_02.txt|111.45|147|0.0005437840000000204|[80, 30, 8, 5, 40, 26, 92]
RKP_00100_00100_2_03.txt|123.83|157|0.0005621919999999858|[48, 51, 1, 75, 5, 59, 64, 7, 93]
RKP_00100_00100_2_04.txt|113.83|153|0.0005373030000000157|[11, 18, 2, 8, 28, 62]
RKP_00100_00100_2_05.txt|102.6|161|0.0005345939999999993|[32, 36, 8, 7, 16]
RKP_00100_00100_2_06.txt|100.21|140|0.0005397019999999952|[47, 2, 8, 38, 32]
RKP_00100_00100_2_07.txt|107.77|144|0.0005341530000000039|[22, 28, 15, 36, 21]
RKP_00100_00100_2_08.txt|110.8|149|0.0005442720000000034|[2, 16, 1, 28, 6, 15, 29]
RKP_00100_00100_2_09.txt|105.04|143|0.0005635639999999986|[27, 88, 32]
RKP_00100_00100_2_10.txt|106.54|151|0.0005451250000000085|[65, 2, 1, 85, 64, 14, 81]
RKP_00100_00100_3_01.txt|153.4|185|0.0005477849999999962|[5, 8, 29, 2, 22, 52, 33, 53]
RKP_00100_00100_3_02.txt|164.07|202|0.000560283000000017|[1, 59, 24, 8, 56, 25, 41, 2, 49, 21]
RKP_00100_00100_3_03.txt|193.51|222|0.0005846549999999961|[75, 6, 4, 64, 66, 19, 3, 14, 46, 13, 22, 7]
RKP_00100_00100_3_04.txt|173.38|201|0.0005746900000000043|[34, 21, 6, 8, 42, 14, 37, 3, 26, 77]
RKP_00100_00100_3_05.txt|166.36|200|0.0005704789999999859|[1, 7, 12, 2, 22, 70, 59, 18, 27, 14]
RKP_00100_00100_3_06.txt|198.05|239|0.0005948870000000062|[40, 8, 31, 6, 11, 12, 16, 1, 2, 3, 72, 14, 35, 27]
RKP_00100_00100_3_07.txt|165.45|190|0.0005695259999999979|[72, 89, 27, 83, 5, 6, 88, 3, 9]
RKP_00100_00100_3_08.txt|153.52|185|0.0006760680000000141|[12, 3, 1, 70, 2, 11, 23, 19]
RKP_00100_00100_3_09.txt|153.34|181|0.0005566929999999726|[89, 32, 48, 42, 35, 9, 61, 43]
RKP_00100_00100_3_10.txt|175.68|216|0.0005721649999999867|[5, 67, 66, 46, 20, 62, 1, 47, 34, 45, 9, 3]
RKP_00100_00100_4_01.txt|96.02|100|0.0005047479999999904|[97]
RKP_00100_00100_4_02.txt|95.41|100|0.000508598000000009|[88]
RKP_00100_00100_4_03.txt|98.62|100|0.0005057569999999956|[84]
RKP_00100_00100_4_04.txt|96.41|100|0.0005083460000000261|[95]
RKP_00100_00100_4_05.txt|95.22|100|0.0005076270000000127|[95]
RKP_00100_00100_4_06.txt|94.18|98|0.0005336010000000169|[93]
RKP_00100_00100_4_07.txt|95.98|98|0.0005066509999999979|[98]
RKP_00100_00100_4_08.txt|96.09|100|0.0005044729999999964|[97]
RKP_00100_00100_4_09.txt|95.54|99|0.0004988899999999985|[90]
RKP_00100_00100_4_10.txt|94.1|98|0.0004969389999999895|[88]
RKP_00100_00100_5_01.txt|92.54|134|0.0005728300000000441|[9, 17, 18, 19, 20]
RKP_00100_00100_5_02.txt|91.38|139|0.0005323349999999971|[12, 14, 18, 20, 22]
RKP_00100_00100_5_03.txt|92.49|121|0.0005267709999999814|[13, 18, 22]
RKP_00100_00100_5_04.txt|89.42|143|0.0005273559999999966|[10, 12, 14]
RKP_00100_00100_5_05.txt|89.19|129|0.000535521000000001|[9, 10, 18, 23, 24]
RKP_00100_00100_5_06.txt|98.02|144|0.0005251019999999951|[7, 9, 10]
RKP_00100_00100_5_07.txt|93.72|130|0.0005725960000000319|[9, 11, 13, 16]
RKP_00100_00100_5_08.txt|87.06|129|0.000531858999999999|[13, 14, 19]
RKP_00100_00100_5_09.txt|94.76|124|0.000535581000000005|[6, 8, 9, 10]
RKP_00100_00100_5_10.txt|85.13|114|0.0005490820000000118|[2, 9, 10, 18, 20]
RKP_00500_00100_1_01.txt|1454.13|1653|0.003537612000000019|[500, 304, 284, 173, 131, 27, 38, 211, 75, 140, 3, 89, 40, 18, 15, 25, 2, 148, 359, 222, 120, 6, 269, 274, 4]
RKP_00500_00100_1_02.txt|1244.3|1408|0.003643574000000007|[13, 77, 87, 288, 388, 325, 175, 4, 30, 394, 14, 102, 88, 89, 205, 376, 22, 236, 351]
RKP_00500_00100_1_03.txt|1199.61|1330|0.0035656779999999966|[11, 5, 496, 1, 113, 30, 16, 111, 227, 228, 164, 147, 139, 40, 123, 360, 22, 140, 477, 158, 15, 326]
RKP_00500_00100_1_04.txt|1434.21|1580|0.0034695629999999954|[64, 315, 359, 93, 197, 156, 59, 48, 11, 65, 467, 41, 62, 245, 5, 151, 212, 45, 94, 1, 8]
RKP_00500_00100_1_05.txt|1536.76|1698|0.003484168000000016|[24, 10, 72, 11, 2, 17, 18, 13, 215, 363, 402, 26, 292, 320, 192, 6, 48, 23, 116, 203, 5, 53, 76, 136]
RKP_00500_00100_1_06.txt|1815.47|1971|0.003564537000000012|[165, 13, 240, 35, 34, 89, 182, 230, 244, 55, 3, 411, 52, 353, 7, 115, 190, 22, 211, 490, 5, 189, 281, 225, 50, 83, 131, 30]
RKP_00500_00100_1_07.txt|1767.0|1954|0.003639360999999992|[461, 97, 40, 2, 47, 322, 469, 21, 22, 31, 492, 183, 126, 80, 257, 100, 197, 206, 7, 278, 410, 192, 165, 89, 49, 16, 94, 359]
RKP_00500_00100_1_08.txt|1452.89|1607|0.0036225980000000302|[29, 10, 258, 156, 378, 4, 146, 332, 185, 1, 150, 63, 254, 22, 106, 40, 165, 3, 16, 2, 450, 363, 225]
RKP_00500_00100_1_09.txt|1443.76|1608|0.003523351999999971|[19, 148, 180, 307, 221, 39, 77, 324, 210, 56, 68, 214, 2, 1, 108, 16, 153, 163, 3, 496, 151, 54, 344, 229, 48]
RKP_00500_00100_1_10.txt|1383.82|1510|0.0035165160000000294|[277, 5, 14, 75, 234, 62, 31, 8, 413, 155, 2, 4, 38, 456, 3, 162, 6, 1, 214, 84, 21, 30, 33, 59]
RKP_00500_00100_2_01.txt|189.05|217|0.003439485999999974|[259, 168, 11, 226, 16, 148, 137, 60, 40, 3, 88, 100, 23, 10, 187, 39, 14]
RKP_00500_00100_2_02.txt|196.0|223|0.00345157900000002|[336, 131, 112, 167, 314, 156, 13, 4, 59, 65, 6, 36, 83, 120, 72, 97, 15]
RKP_00500_00100_2_03.txt|192.38|227|0.003469718000000004|[100, 107, 155, 164, 2, 31, 382, 142, 3, 104, 318, 13, 436, 38, 135, 97, 15]
RKP_00500_00100_2_04.txt|179.42|212|0.0034951409999999417|[204, 26, 11, 14, 163, 429, 58, 306, 7, 80, 38, 19, 112, 234, 99, 236, 105]
RKP_00500_00100_2_05.txt|182.21|218|0.0034446139999999657|[10, 48, 294, 4, 5, 16, 77, 275, 322, 52, 260, 55, 80, 21, 173, 423, 426]
RKP_00500_00100_2_06.txt|168.35|212|0.003550569000000081|[70, 9, 18, 155, 1, 35, 3, 150, 57, 15, 302, 50, 5, 53, 24, 358]
RKP_00500_00100_2_07.txt|172.12|205|0.003436608999999944|[114, 5, 1, 17, 123, 162, 260, 67, 2, 75, 459, 367, 292, 427, 176, 452]
RKP_00500_00100_2_08.txt|166.39|199|0.003477981999999997|[45, 96, 15, 1, 6, 50, 123, 495, 46, 136, 54, 87, 40, 402, 167]
RKP_00500_00100_2_09.txt|146.13|180|0.0033752410000001554|[108, 70, 87, 277, 335, 52, 312, 176, 72, 183, 76, 431]
RKP_00500_00100_2_10.txt|161.99|193|0.0035756329999999358|[9, 14, 118, 20, 166, 19, 216, 498, 105, 116, 157, 308, 37]
RKP_00500_00100_3_01.txt|275.64|301|0.003605274999999999|[260, 3, 5, 11, 143, 2, 31, 148, 8, 24, 33, 96, 78, 39, 50, 12, 245, 13, 43, 401]
RKP_00500_00100_3_02.txt|332.99|370|0.0035331949999999777|[5, 172, 20, 39, 152, 160, 189, 26, 32, 221, 203, 336, 68, 162, 351, 18, 143, 398, 405, 1, 4, 73, 103, 110, 167, 164, 386]
RKP_00500_00100_3_03.txt|309.27|348|0.0035747810000000156|[52, 454, 1, 9, 93, 113, 148, 444, 11, 22, 193, 198, 266, 292, 40, 126, 191, 118, 139, 2, 49, 74, 75, 351, 46]
RKP_00500_00100_3_04.txt|323.61|369|0.0035630169999999774|[68, 280, 282, 2, 66, 104, 168, 312, 345, 142, 163, 103, 156, 125, 217, 453, 8, 9, 50, 159, 17, 221, 301, 209, 278, 350, 219]
RKP_00500_00100_3_05.txt|325.75|361|0.003668272000000137|[377, 74, 12, 33, 225, 417, 8, 211, 32, 196, 189, 5, 1, 92, 106, 143, 319, 381, 6, 17, 105, 47, 383, 84, 87, 108]
RKP_00500_00100_3_06.txt|296.78|325|0.003546618999999929|[204, 186, 242, 311, 16, 52, 56, 281, 433, 283, 12, 90, 1, 11, 199, 316, 5, 24, 45, 189, 70, 49, 270]
RKP_00500_00100_3_07.txt|273.68|311|0.0035623369999999888|[33, 4, 141, 302, 37, 102, 111, 216, 77, 244, 287, 7, 57, 91, 191, 335, 17, 30, 196, 200, 69]
RKP_00500_00100_3_08.txt|358.51|400|0.0035474350000000675|[62, 172, 14, 31, 49, 57, 63, 90, 114, 275, 301, 8, 133, 302, 484, 4, 1, 5, 32, 19, 58, 144, 150, 451, 23, 27, 315, 25, 159, 323]
RKP_00500_00100_3_09.txt|322.21|351|0.0034808040000000417|[58, 148, 171, 294, 4, 12, 70, 154, 169, 231, 115, 1, 24, 54, 315, 122, 14, 104, 347, 434, 152, 17, 38, 31, 73]
RKP_00500_00100_3_10.txt|306.52|349|0.0035632039999999245|[189, 305, 153, 159, 183, 322, 40, 325, 3, 25, 32, 123, 388, 14, 38, 9, 47, 222, 52, 13, 18, 165, 63, 474, 30]
RKP_00500_00100_4_01.txt|99.78|100|0.003368246000000106|[434]
RKP_00500_00100_4_02.txt|99.65|100|0.003272830000000013|[423]
RKP_00500_00100_4_03.txt|99.81|100|0.0032972309999999895|[436]
RKP_00500_00100_4_04.txt|99.6|100|0.0032894470000000807|[469]
RKP_00500_00100_4_05.txt|99.94|100|0.0033685890000000464|[447]
RKP_00500_00100_4_06.txt|98.99|100|0.0033249930000000738|[431]
RKP_00500_00100_4_07.txt|99.49|100|0.0033394379999999836|[497]
RKP_00500_00100_4_08.txt|99.46|100|0.0035015960000002264|[480]
RKP_00500_00100_4_09.txt|99.86|100|0.003388431999999888|[471]
RKP_00500_00100_4_10.txt|99.64|100|0.0033255780000002134|[473]
RKP_00500_00100_5_01.txt|92.6|110|0.003382268000000188|[12, 16, 21, 23, 28, 29, 36]
RKP_00500_00100_5_02.txt|95.28|115|0.0034527809999999447|[10, 12, 15, 21, 26, 30]
RKP_00500_00100_5_03.txt|92.96|119|0.0033595510000000318|[17, 28, 31, 32, 33, 38]
RKP_00500_00100_5_04.txt|91.2|108|0.003505206000000065|[19, 22, 25, 26, 28, 34]
RKP_00500_00100_5_05.txt|93.29|107|0.003443667000000019|[2, 8, 16, 18, 21, 24, 26]
RKP_00500_00100_5_06.txt|95.2|109|0.003354542000000151|[10, 13, 26, 30, 34, 37]
RKP_00500_00100_5_07.txt|91.61|106|0.0033315990000000895|[9, 10, 11, 17, 23, 24, 25, 30, 34]
RKP_00500_00100_5_08.txt|90.29|108|0.0033438939999999207|[14, 25, 28, 29, 36, 38]
RKP_00500_00100_5_09.txt|92.3|116|0.00336968499999994|[16, 20, 21, 33, 41, 44]
RKP_00500_00100_5_10.txt|91.04|121|0.0033940810000000353|[19, 23, 30, 34]
RKP_01000_00100_1_01.txt|1893.16|2093|0.009895759999999925|[51, 2, 123, 432, 261, 560, 91, 151, 97, 116, 47, 50, 260, 64, 465, 314, 44, 13, 42, 27, 39, 10, 604, 646, 8, 40, 531]
RKP_01000_00100_1_02.txt|1826.65|1998|0.010104490000000119|[292, 696, 16, 182, 195, 486, 584, 294, 193, 1, 30, 527, 519, 171, 515, 754, 81, 9, 557, 905, 72, 38, 25, 359, 201, 326, 49, 8, 2, 44, 50, 108]
RKP_01000_00100_1_03.txt|1830.56|1994|0.010223832999999943|[174, 199, 114, 2, 869, 56, 1, 326, 128, 172, 182, 252, 19, 16, 725, 116, 535, 366, 380, 32, 800, 50, 555, 498, 39, 4, 48, 875, 62]
RKP_01000_00100_1_04.txt|2116.68|2264|0.010164616000000102|[12, 429, 165, 5, 733, 1, 726, 247, 255, 283, 75, 44, 184, 566, 14, 151, 69, 42, 592, 277, 91, 20, 376, 732, 758, 263, 2, 163, 19, 7, 3, 857]
RKP_01000_00100_1_05.txt|1911.04|2162|0.009973389000000204|[123, 75, 635, 121, 41, 89, 696, 915, 673, 776, 39, 207, 1, 26, 49, 82, 198, 1000, 307, 101, 9, 37, 172, 828, 222, 16, 12, 553, 188, 582, 424, 74, 865]
RKP_01000_00100_1_06.txt|2227.76|2420|0.00995648199999998|[1, 99, 38, 168, 383, 78, 242, 10, 790, 349, 58, 177, 33, 57, 244, 117, 83, 773, 250, 993, 56, 442, 645, 108, 6, 120, 720, 52, 632, 44, 160, 176, 4, 8, 283]
RKP_01000_00100_1_07.txt|2246.89|2436|0.010115574999999986|[86, 7, 128, 204, 440, 37, 382, 90, 170, 372, 436, 484, 80, 3, 627, 641, 556, 1, 127, 874, 130, 147, 49, 450, 628, 368, 778, 129, 190, 476, 342, 19, 108]
RKP_01000_00100_1_08.txt|1990.05|2142|0.01016782700000018|[68, 145, 223, 356, 22, 303, 922, 366, 422, 10, 4, 421, 7, 29, 294, 278, 1, 16, 149, 80, 6, 183, 716, 210, 132, 242, 274, 706, 26, 118, 128, 15]
RKP_01000_00100_1_09.txt|1942.75|2068|0.009972035999999953|[672, 31, 36, 17, 103, 691, 196, 782, 579, 168, 108, 14, 213, 942, 27, 409, 290, 513, 135, 48, 1, 8, 88, 898, 32, 262, 779, 489, 2]
RKP_01000_00100_1_10.txt|2236.42|2402|0.010058981000000067|[466, 669, 55, 104, 19, 968, 76, 618, 785, 43, 1, 748, 813, 805, 50, 253, 188, 111, 286, 8, 331, 158, 534, 399, 295, 4, 11, 491, 58, 35, 656, 71, 159, 37, 80]
RKP_01000_00100_2_01.txt|216.86|254|0.009994609999999859|[209, 374, 7, 13, 3, 264, 16, 111, 380, 690, 24, 47, 186, 21, 252, 12, 183, 470, 37, 90, 221, 195]
RKP_01000_00100_2_02.txt|194.58|224|0.009886078999999697|[73, 410, 547, 583, 183, 84, 385, 8, 202, 3, 901, 13, 718, 109, 262, 366, 375, 782, 126]
RKP_01000_00100_2_03.txt|249.47|287|0.010044070000000148|[416, 84, 5, 97, 171, 123, 81, 87, 335, 64, 13, 55, 256, 854, 186, 187, 24, 58, 417, 7, 411, 124, 141, 330]
RKP_01000_00100_2_04.txt|219.16|244|0.009786955999999734|[35, 21, 60, 428, 443, 37, 8, 49, 94, 782, 74, 207, 150, 553, 246, 106, 15]
RKP_01000_00100_2_05.txt|221.38|243|0.009850120999999632|[299, 380, 152, 222, 236, 73, 2, 7, 5, 420, 462, 742, 172, 84, 42, 237, 311, 545, 141, 428]
RKP_01000_00100_2_06.txt|252.9|284|0.009968653999999404|[122, 33, 876, 805, 259, 255, 6, 138, 154, 187, 57, 399, 647, 322, 185, 233, 115, 858, 894, 46, 590, 537, 112, 149]
RKP_01000_00100_2_07.txt|211.17|240|0.010086147999999896|[284, 208, 7, 3, 378, 2, 444, 531, 821, 173, 796, 305, 271, 597, 405, 81, 457, 463, 21]
RKP_01000_00100_2_08.txt|238.42|271|0.010224328000000043|[39, 1, 10, 121, 661, 3, 129, 862, 9, 26, 406, 250, 41, 175, 549, 7, 198, 414, 485, 597, 76, 618, 609]
RKP_01000_00100_2_09.txt|206.92|245|0.01020310099999989|[127, 436, 18, 235, 904, 205, 656, 13, 382, 982, 225, 9, 118, 176, 470, 759, 414, 11, 417, 728]
RKP_01000_00100_2_10.txt|239.01|267|0.010170506000000117|[163, 341, 15, 4, 122, 309, 564, 548, 252, 191, 314, 58, 71, 412, 443, 521, 755, 196, 155, 1, 75, 356, 56, 55]
RKP_01000_00100_3_01.txt|444.05|490|0.010153153999999774|[249, 55, 456, 704, 740, 32, 49, 51, 65, 119, 133, 337, 537, 659, 763, 857, 2, 134, 208, 326, 441, 565, 567, 962, 21, 69, 294, 143, 351, 297, 431, 774, 1, 11, 15, 186, 340, 348, 464]
RKP_01000_00100_3_02.txt|406.71|441|0.01020787800000022|[138, 37, 69, 300, 9, 18, 25, 120, 137, 295, 654, 1, 24, 56, 121, 216, 586, 286, 567, 978, 891, 8, 42, 77, 357, 170, 751, 3, 79, 94, 126, 176, 318, 533]
RKP_01000_00100_3_03.txt|439.8|471|0.00991002800000011|[54, 3, 175, 204, 530, 1, 13, 17, 31, 93, 325, 378, 431, 692, 836, 443, 738, 89, 382, 720, 797, 184, 305, 542, 5, 7, 675, 84, 143, 170, 222, 270, 392, 580, 652, 994, 174]
RKP_01000_00100_3_04.txt|426.42|460|0.010036086999999938|[42, 645, 5, 65, 1, 3, 9, 142, 274, 277, 305, 389, 449, 740, 786, 10, 31, 41, 83, 293, 433, 492, 53, 154, 309, 579, 32, 12, 34, 4, 16, 44, 235, 558, 639, 8]
RKP_01000_00100_3_05.txt|374.58|410|0.010072227999999938|[2, 144, 163, 57, 183, 460, 630, 661, 10, 100, 151, 37, 85, 204, 315, 876, 21, 50, 76, 674, 12, 72, 246, 5, 23, 29, 31, 46, 108, 172, 169]
RKP_01000_00100_3_06.txt|387.64|411|0.010175693000000123|[249, 7, 22, 37, 224, 5, 14, 36, 112, 204, 242, 15, 71, 129, 217, 153, 330, 3, 98, 237, 1, 6, 16, 347, 471, 886, 970, 174, 271, 349, 854]
RKP_01000_00100_3_07.txt|440.36|480|0.010172616999999846|[12, 53, 888, 5, 605, 20, 23, 31, 112, 129, 169, 190, 231, 591, 695, 822, 62, 131, 483, 34, 124, 204, 583, 191, 529, 11, 15, 130, 300, 177, 1, 4, 27, 38, 354, 433, 750, 867]
RKP_01000_00100_3_08.txt|358.86|391|0.010198847000000058|[89, 179, 198, 340, 7, 145, 524, 591, 636, 703, 152, 472, 655, 883, 74, 528, 265, 72, 158, 1, 2, 71, 97, 129, 131, 266, 303, 255, 279]
RKP_01000_00100_3_09.txt|373.44|401|0.010076708999999937|[23, 403, 871, 83, 141, 480, 647, 6, 77, 202, 4, 47, 446, 885, 66, 228, 563, 8, 72, 215, 824, 11, 238, 17, 211, 216, 318, 385, 578, 758]
RKP_01000_00100_3_10.txt|417.51|450|0.010076874000000373|[122, 18, 22, 72, 106, 632, 10, 12, 26, 156, 245, 524, 677, 764, 319, 964, 103, 264, 314, 687, 799, 9, 11, 255, 352, 686, 3, 16, 35, 46, 169, 227, 334, 467, 17]
RKP_01000_00100_4_01.txt|99.68|100|0.009843789999999828|[882]
RKP_01000_00100_4_02.txt|99.69|100|0.009750423000000197|[858]
RKP_01000_00100_4_03.txt|100.0|100|0.009726316999999724|[887]
RKP_01000_00100_4_04.txt|99.97|100|0.009741764999999845|[841]
RKP_01000_00100_4_05.txt|100.0|100|0.009694066999999862|[872]
RKP_01000_00100_4_06.txt|99.77|100|0.00972539999999995|[940]
RKP_01000_00100_4_07.txt|99.78|100|0.009923266000000056|[980]
RKP_01000_00100_4_08.txt|99.98|100|0.00972727099999986|[847]
RKP_01000_00100_4_09.txt|99.89|100|0.009590054999999964|[979]
RKP_01000_00100_4_10.txt|99.97|100|0.009796477000000366|[884]
RKP_01000_00100_5_01.txt|94.96|108|0.009894506999999919|[5, 6, 13, 17, 22, 25, 29, 31, 34, 37, 40]
RKP_01000_00100_5_02.txt|95.0|112|0.009791030000000376|[9, 12, 13, 15, 18, 27, 31, 36]
RKP_01000_00100_5_03.txt|93.36|110|0.009736970999999811|[16, 17, 19, 22, 23, 25, 31, 34, 35]
RKP_01000_00100_5_04.txt|93.57|105|0.009748522999999877|[7, 9, 12, 19, 20, 22, 23, 31, 34, 35, 37, 41, 45, 51]
RKP_01000_00100_5_05.txt|92.96|106|0.010154024000000988|[11, 13, 16, 18, 29, 39, 51, 54, 56]
RKP_01000_00100_5_06.txt|94.44|106|0.009780022999999574|[3, 12, 13, 19, 20, 22, 25, 28, 30, 32, 34]
RKP_01000_00100_5_07.txt|93.75|105|0.00988019599999859|[3, 24, 25, 26, 29, 30, 31, 38, 48, 52]
RKP_01000_00100_5_08.txt|95.72|107|0.00988465299999902|[7, 14, 16, 17, 23, 24, 27, 32, 35, 39, 44]
RKP_01000_00100_5_09.txt|94.57|107|0.00967071399999938|[2, 6, 9, 11, 13, 14, 25, 33, 42, 55, 56]
RKP_01000_00100_5_10.txt|92.15|108|0.009998935999999362|[8, 9, 11, 22, 25, 26, 28, 29]
RKP_05000_00100_1_01.txt|4205.53|4375|0.1740851560000007|[302, 2556, 5, 1, 2106, 3411, 49, 68, 4536, 59, 31, 1207, 1839, 1373, 465, 99, 2478, 3, 847, 4, 9, 801, 553, 2091, 1213, 2003, 7, 8, 13, 16, 20, 3645, 1406, 518, 4758, 1465, 299, 642, 1268, 540, 116, 589, 51, 33, 904, 2947, 1485, 150, 1700, 1129, 1482, 2237, 951, 2398, 1366, 3733, 852, 275, 89]
RKP_05000_00100_1_02.txt|4111.15|4375|0.17248594799999964|[3415, 275, 350, 501, 135, 18, 3107, 3648, 463, 130, 2939, 301, 60, 31, 277, 1821, 892, 28, 4066, 73, 1432, 4311, 4651, 357, 174, 1099, 2, 3592, 2793, 4439, 1210, 2337, 104, 83, 169, 42, 716, 1201, 101, 229, 16, 3013, 1, 347, 338, 601, 374, 235, 304, 837, 151, 2809, 51, 1720, 1929, 1190, 3739, 2669]
RKP_05000_00100_1_03.txt|4074.86|4269|0.17413507399999928|[6, 193, 1588, 2992, 27, 3801, 7, 2, 2646, 22, 5, 591, 929, 326, 1550, 961, 304, 1355, 156, 793, 1, 2939, 1069, 1020, 207, 3382, 2442, 4798, 1363, 1154, 401, 81, 52, 4396, 4053, 4693, 338, 10, 1958, 3261, 1006, 312, 3127, 3471, 495, 26, 1520, 358, 1880, 1417, 3686, 38, 315, 1634, 4436, 3036, 114]
RKP_05000_00100_1_04.txt|3773.51|4072|0.1725675439999992|[795, 378, 4470, 3336, 16, 3338, 233, 3225, 1764, 205, 2255, 416, 2, 41, 2565, 1527, 38, 651, 1048, 147, 2594, 7, 4320, 1931, 69, 713, 3006, 2940, 3085, 4248, 23, 2528, 1521, 898, 997, 5, 1659, 1309, 3064, 135, 1, 2030, 444, 4280, 3644, 722, 2046, 3198, 868, 1633, 1367, 789, 579, 905, 268, 131, 2859, 78, 3474, 3503]
RKP_05000_00100_1_05.txt|3792.64|3946|0.173383936999999|[38, 4588, 8, 1433, 306, 53, 2995, 288, 64, 1169, 644, 270, 2347, 230, 541, 542, 2, 4630, 14, 2922, 1759, 2537, 2850, 3454, 3856, 30, 667, 20, 16, 1024, 4, 1309, 1809, 4331, 174, 2229, 1432, 33, 2447, 2549, 370, 101, 3806, 60, 4969, 1121, 119, 96, 92, 4179, 44, 507]
RKP_05000_00100_1_06.txt|3974.95|4125|0.1726198880000001|[45, 219, 807, 62, 1319, 435, 701, 14, 147, 55, 71, 920, 2608, 111, 866, 108, 41, 208, 1799, 747, 569, 25, 18, 131, 912, 73, 457, 4655, 3239, 2000, 3167, 152, 3825, 2055, 9, 1485, 3718, 338, 133, 467, 645, 1279, 896, 860, 3, 122, 30, 329, 1512, 8, 21, 430, 4016, 1064, 17, 1606]
RKP_05000_00100_1_07.txt|4438.63|4640|0.17273376899999932|[3473, 453, 3111, 3566, 30, 1674, 219, 1, 97, 880, 180, 244, 55, 457, 1149, 3419, 118, 1477, 1437, 582, 188, 2438, 1187, 2037, 4252, 4639, 876, 204, 2883, 1762, 8, 2258, 124, 4, 568, 11, 76, 931, 32, 3521, 459, 2816, 54, 1758, 79, 90, 194, 451, 2591, 392, 991, 1401, 62, 13, 3370, 3, 2367, 892, 1199, 3162, 155, 362, 104]
RKP_05000_00100_1_08.txt|4009.45|4197|0.17298982399999915|[186, 288, 4344, 4811, 154, 179, 739, 2780, 2845, 1318, 820, 1358, 4638, 745, 6, 441, 341, 777, 779, 3876, 2399, 264, 266, 816, 2248, 260, 345, 2054, 2994, 865, 300, 502, 2899, 1337, 82, 2337, 1, 217, 276, 1717, 359, 1636, 3259, 4109, 24, 1518, 275, 148, 687, 985, 1267, 2770, 48, 3226, 120, 52, 3137, 798, 4473, 215]
RKP_05000_00100_1_09.txt|3641.71|3878|0.17274014400000198|[30, 121, 6, 325, 447, 307, 1260, 4156, 2965, 987, 786, 2596, 270, 816, 4135, 747, 1387, 3051, 329, 43, 1736, 1869, 178, 3, 445, 4424, 1448, 593, 559, 1184, 3816, 473, 1363, 3759, 1710, 3697, 4341, 10, 2, 70, 3572, 74, 423, 1856, 463, 42, 853, 230, 133, 894, 951, 2349, 2807]
RKP_05000_00100_1_10.txt|4092.03|4294|0.17266827800000129|[1395, 3086, 83, 2958, 482, 111, 8, 4883, 26, 795, 662, 1804, 445, 43, 48, 3373, 437, 230, 952, 3176, 2120, 25, 564, 1517, 429, 134, 805, 930, 176, 189, 321, 612, 143, 1091, 2149, 1350, 17, 4651, 79, 2163, 2274, 490, 3065, 1422, 352, 4572, 780, 1089, 1342, 2, 2616, 4369, 60, 62, 1, 1010, 153, 3734, 13]
RKP_05000_00100_2_01.txt|362.7|389|0.17284865199999955|[540, 3020, 77, 2000, 1647, 68, 220, 736, 25, 44, 110, 144, 848, 2729, 2735, 2913, 2218, 2948, 40, 5, 1715, 204, 551, 1057, 2019, 3518, 4335, 273, 587, 92, 4913, 36, 1441, 648, 868, 4551, 207]
RKP_05000_00100_2_02.txt|420.11|457|0.17214298400000133|[656, 14, 298, 3178, 778, 407, 578, 871, 4347, 763, 22, 152, 677, 1014, 1838, 2992, 2439, 455, 532, 1793, 3238, 2263, 2984, 29, 275, 1570, 4063, 4978, 292, 3917, 4, 25, 73, 1493, 2707, 1674, 199, 1540, 10, 35, 1178, 1770, 612, 3173, 2274, 3]
RKP_05000_00100_2_03.txt|408.82|442|0.1734790390000006|[769, 39, 3332, 842, 3625, 314, 3166, 9, 185, 2973, 4655, 1463, 1867, 4547, 1, 22, 543, 1749, 5, 242, 710, 1122, 1234, 4989, 12, 195, 610, 1184, 2655, 3003, 639, 367, 3701, 4, 388, 826, 2844, 4806, 2038, 442, 840, 895, 1925, 2550, 3969]
RKP_05000_00100_2_04.txt|373.01|414|0.17301646300000187|[12, 1565, 1633, 506, 1107, 225, 325, 674, 950, 1138, 1, 2126, 4139, 109, 2042, 2052, 2100, 3572, 168, 3153, 840, 2568, 101, 387, 531, 10, 25, 272, 340, 45, 283, 1864, 37, 573, 1339, 5, 42, 483, 491, 687, 917]
RKP_05000_00100_2_05.txt|417.58|444|0.17272931000000313|[452, 942, 1224, 2332, 879, 3383, 984, 1823, 3374, 3758, 693, 99, 522, 1076, 1741, 1903, 274, 355, 1029, 2365, 2703, 3238, 3555, 829, 2206, 2261, 3573, 413, 3817, 991, 31, 1735, 2083, 295, 5, 22, 52, 73, 908, 1654, 1921, 2545, 3226, 47, 12]
RKP_05000_00100_2_06.txt|390.62|424|0.17303075799999987|[326, 1288, 2453, 2148, 3347, 758, 356, 2040, 369, 2044, 2322, 3081, 1, 853, 1109, 1433, 4405, 23, 466, 182, 926, 222, 2075, 8, 602, 1193, 2039, 2974, 502, 135, 816, 1581, 2118, 332, 3054, 62, 136, 324, 126, 1093, 392, 168, 6]
RKP_05000_00100_2_07.txt|394.6|435|0.17327342100000237|[333, 141, 260, 595, 15, 4183, 261, 689, 3866, 1, 396, 2528, 1063, 3229, 79, 244, 2164, 2332, 2, 2641, 429, 169, 7, 516, 341, 1073, 1387, 1485, 3, 71, 2751, 100, 690, 2172, 2583, 4372, 43, 58, 180, 235, 938, 1389, 2246]
RKP_05000_00100_2_08.txt|375.82|402|0.17282615099999987|[98, 1638, 2149, 41, 636, 1387, 792, 1700, 4658, 1, 79, 342, 560, 671, 367, 25, 199, 9, 2312, 1301, 2831, 1204, 34, 227, 394, 723, 2522, 14, 99, 152, 953, 2584, 2915, 38, 21, 62, 943, 24, 123, 1005, 52, 2068]
RKP_05000_00100_2_09.txt|431.21|451|0.17302063199999965|[5, 2318, 110, 142, 218, 755, 6, 18, 355, 1149, 1331, 1397, 2692, 238, 2520, 4778, 796, 86, 433, 1873, 2352, 2953, 3113, 1400, 1611, 1617, 175, 293, 294, 420, 2027, 256, 772, 1723, 88, 112, 392, 846, 1338, 2179, 4070, 37, 896]
RKP_05000_00100_2_10.txt|386.13|422|0.17403870799999765|[275, 502, 1932, 2755, 3321, 19, 74, 136, 291, 315, 120, 210, 1459, 163, 1313, 1547, 1773, 3005, 4424, 2435, 3300, 660, 935, 2456, 477, 2497, 22, 9, 111, 1466, 250, 918, 2345, 2802, 2665, 1260, 113, 2283, 2318, 2768, 4994]
RKP_05000_00100_3_01.txt|755.0|780|0.17334885300000166|[3, 231, 334, 588, 610, 1006, 1272, 2321, 3292, 4195, 4, 58, 67, 69, 77, 80, 104, 109, 118, 821, 1037, 1119, 1286, 1335, 1363, 1556, 1636, 1994, 2090, 2691, 3020, 4835, 1, 8, 11, 26, 48, 83, 97, 135, 145, 224, 279, 288, 312, 349, 361, 465, 471, 661, 692, 900, 1096, 1192, 1725, 1751, 1768, 2039, 2608, 3252, 3272, 3674, 3675, 6, 39, 90, 301, 305]
RKP_05000_00100_3_02.txt|880.83|900|0.17384415399999967|[9, 434, 1047, 1267, 1335, 1876, 2409, 2674, 2772, 3287, 4114, 11, 31, 54, 74, 168, 242, 330, 426, 796, 879, 917, 1093, 1322, 2059, 2988, 3093, 3504, 3623, 1, 22, 36, 38, 55, 93, 94, 98, 132, 135, 145, 148, 167, 203, 219, 254, 272, 301, 312, 313, 351, 356, 373, 392, 472, 496, 512, 542, 776, 856, 973, 989, 1092, 1119, 1136, 1271, 1664, 1834, 2362, 2689, 2722, 2762, 2848, 3318, 3344, 3615, 3645, 4055, 4494, 4912, 12]
RKP_05000_00100_3_03.txt|846.4|870|0.17581136300000083|[5, 86, 156, 387, 1058, 1256, 1459, 1487, 1941, 2793, 2984, 3115, 4254, 42, 124, 165, 351, 397, 446, 690, 698, 714, 1086, 1525, 1672, 2079, 2351, 2659, 3260, 4968, 1, 6, 15, 18, 20, 21, 52, 76, 96, 129, 140, 159, 191, 205, 258, 283, 341, 403, 520, 820, 894, 914, 945, 977, 1109, 1226, 1304, 1305, 1409, 1558, 1571, 1712, 1847, 1888, 2676, 2858, 2962, 2989, 4440, 4520, 4528, 4547, 4563, 4874, 78, 566, 1080]
RKP_05000_00100_3_04.txt|824.95|850|0.17425511900000118|[1, 325, 1024, 1182, 1227, 1264, 1757, 2156, 2340, 2386, 2433, 2810, 3639, 2, 14, 24, 28, 47, 72, 122, 130, 136, 266, 648, 991, 1293, 1399, 1455, 2992, 3105, 3697, 4136, 5, 9, 11, 16, 48, 56, 59, 100, 318, 320, 335, 365, 375, 446, 578, 688, 708, 759, 769, 770, 808, 898, 984, 1193, 1283, 1338, 1348, 1433, 1570, 1739, 1788, 1905, 2274, 2600, 2634, 3111, 3384, 3851, 4679, 4996, 61, 227, 272]
RKP_05000_00100_3_05.txt|667.93|700|0.17382283000000143|[238, 909, 950, 4398, 1, 25, 109, 147, 220, 304, 448, 486, 590, 614, 656, 1259, 1529, 1760, 2837, 3753, 4118, 4182, 7, 32, 52, 79, 122, 292, 295, 362, 480, 485, 513, 573, 638, 669, 936, 973, 1668, 2040, 2337, 2456, 2596, 2714, 2928, 3114, 3135, 4073, 4423, 9, 115, 120, 184, 269, 497, 920, 1335, 1376, 2353, 2510]
RKP_05000_00100_3_06.txt|837.65|870|0.1739641890000013|[10, 119, 179, 203, 248, 352, 452, 755, 796, 1130, 1148, 1698, 2889, 3082, 3112, 3, 6, 12, 82, 108, 157, 207, 278, 588, 700, 765, 787, 1347, 1366, 1702, 1727, 2206, 2299, 3091, 3095, 3943, 1, 2, 15, 24, 25, 26, 27, 32, 35, 58, 68, 79, 103, 121, 244, 270, 492, 551, 564, 638, 683, 838, 956, 1046, 1376, 1451, 1477, 1657, 1735, 1860, 1884, 2159, 2205, 2457, 2528, 2710, 2738, 2878, 2978, 4282, 7]
RKP_05000_00100_3_07.txt|844.11|870|0.17323928600000954|[93, 114, 222, 372, 729, 817, 883, 980, 1453, 1577, 1615, 2510, 2632, 4835, 29, 32, 85, 96, 167, 185, 355, 485, 526, 570, 583, 913, 1411, 2232, 2528, 3596, 4467, 1, 2, 10, 14, 16, 18, 20, 30, 77, 89, 98, 119, 169, 189, 206, 213, 281, 304, 356, 362, 416, 495, 500, 507, 523, 550, 699, 750, 812, 876, 890, 1030, 1095, 1833, 1892, 1960, 2113, 2667, 2701, 2869, 3232, 3416, 3653, 3, 8, 22]
RKP_05000_00100_3_08.txt|877.44|900|0.1728609149999943|[92, 428, 645, 1502, 2091, 3821, 4178, 21, 24, 44, 59, 216, 273, 296, 611, 685, 785, 807, 888, 1027, 1028, 1666, 2313, 3429, 3476, 3642, 4708, 1, 5, 6, 13, 17, 28, 47, 97, 100, 101, 129, 161, 169, 215, 238, 328, 343, 346, 382, 491, 557, 563, 572, 700, 925, 969, 1076, 1208, 1238, 1240, 1244, 1355, 1414, 1478, 1517, 1589, 1802, 1973, 2154, 2276, 2430, 2572, 2702, 3001, 3330, 3335, 3410, 3716, 4062, 4225, 4353, 4604, 4735]
RKP_05000_00100_3_09.txt|843.88|869|0.17418047899999806|[63, 355, 409, 585, 827, 1532, 2846, 2897, 3120, 4902, 4948, 3, 10, 29, 57, 119, 229, 274, 277, 447, 882, 1004, 1163, 1210, 1328, 1517, 1715, 1972, 3071, 3477, 3596, 4425, 4459, 1, 2, 4, 24, 40, 55, 94, 111, 205, 217, 262, 271, 288, 466, 600, 636, 662, 696, 789, 839, 981, 986, 1067, 1161, 1558, 1683, 1913, 2033, 2048, 2227, 2372, 2453, 2595, 2609, 2862, 2925, 3500, 3562, 3603, 3727, 3987, 4348, 4681, 4813]
RKP_05000_00100_3_10.txt|818.01|840|0.17414122399998747|[21, 52, 627, 659, 775, 787, 2107, 2235, 4448, 1, 4, 39, 110, 113, 211, 333, 336, 526, 540, 559, 685, 780, 798, 933, 1040, 2051, 4218, 3, 8, 19, 27, 30, 47, 63, 119, 173, 216, 236, 252, 283, 383, 438, 666, 860, 881, 1046, 1075, 1166, 1419, 1426, 1430, 1463, 1547, 1938, 1946, 2181, 2195, 2244, 2312, 2477, 2567, 2929, 2988, 2990, 3361, 3869, 3877, 3997, 4628, 4783, 17, 589, 1026, 1338]
RKP_05000_00100_4_01.txt|100.0|100|0.17271881200000053|[4279]
RKP_05000_00100_4_02.txt|100.0|100|0.17213629999999852|[4283]
RKP_05000_00100_4_03.txt|100.0|100|0.1726050460000056|[4292]
RKP_05000_00100_4_04.txt|100.0|100|0.17155855000000086|[4224]
RKP_05000_00100_4_05.txt|100.0|100|0.17178817599999888|[4227]
RKP_05000_00100_4_06.txt|100.0|100|0.17218262699999287|[4251]
RKP_05000_00100_4_07.txt|100.0|100|0.1711666109999976|[4238]
RKP_05000_00100_4_08.txt|100.0|100|0.17211519099999692|[4211]
RKP_05000_00100_4_09.txt|100.0|100|0.1727420769999992|[4232]
RKP_05000_00100_4_10.txt|100.0|100|0.17117132399999946|[4213]
RKP_05000_00100_5_01.txt|96.01|103|0.17165037300000335|[7, 10, 11, 12, 16, 18, 20, 21, 32, 33, 42, 43, 49, 51, 53, 55, 60, 66]
RKP_05000_00100_5_02.txt|96.85|106|0.1725874010000007|[15, 16, 20, 22, 23, 26, 27, 31, 35, 44, 50, 51, 58, 59, 62]
RKP_05000_00100_5_03.txt|96.64|103|0.17211829599999645|[6, 11, 13, 15, 17, 19, 31, 33, 35, 39, 41, 46, 47, 49, 54, 60, 62]
RKP_05000_00100_5_04.txt|96.93|106|0.17361111899999856|[7, 8, 10, 14, 15, 19, 25, 31, 32, 36, 37, 45, 58, 67, 71, 72, 80, 82, 88, 92, 95]
RKP_05000_00100_5_05.txt|96.5|104|0.1735426680000046|[4, 7, 14, 15, 16, 24, 28, 29, 33, 34, 38, 41, 44, 49, 53]
RKP_05000_00100_5_06.txt|95.53|103|0.17343615699999304|[2, 12, 14, 15, 21, 26, 27, 34, 38, 39, 42, 43, 46, 49, 51]
RKP_05000_00100_5_07.txt|95.68|105|0.17294604599999502|[13, 15, 20, 25, 30, 34, 35, 40, 43, 44, 45, 47, 61, 62]
RKP_05000_00100_5_08.txt|95.73|102|0.1710153460000015|[17, 18, 27, 42, 43, 45, 46, 53, 57, 58, 68, 73, 74, 76, 78, 79]
RKP_05000_00100_5_09.txt|95.95|104|0.17398756499999535|[4, 8, 9, 13, 15, 16, 20, 21, 22, 27, 30, 38, 39, 40, 45, 46, 47, 49]
RKP_05000_00100_5_10.txt|96.36|104|0.1706012150000015|[4, 7, 8, 13, 16, 17, 27, 30, 31, 34, 41, 46, 50, 53, 64, 66]
RKP_05000_01000_1_01.txt|52929.78|55261|0.1770706749999988|[3485, 53, 424, 164, 4971, 1742, 15, 2254, 700, 1232, 1724, 2077, 328, 732, 18, 334, 13, 379, 226, 1214, 2777, 1919, 3791, 151, 3534, 23, 2629, 17, 751, 3256, 1034, 2874, 1858, 22, 991, 5, 2481, 1196, 1756, 778, 1591, 30, 1841, 1, 1387, 4129, 3144, 35, 866, 1431, 4223, 2814, 726, 4479, 78, 2187, 123, 661, 2, 202, 1979, 304, 32, 1564, 3799, 318, 491, 96, 86, 8, 10, 2266, 368, 16, 399, 2567, 684, 43, 3187, 1035, 1233]
RKP_05000_01000_1_02.txt|56377.63|58660|0.18044365999999853|[406, 918, 4489, 728, 588, 2800, 1337, 89, 622, 304, 1055, 1261, 1414, 78, 1590, 222, 36, 675, 3875, 2594, 10, 282, 7, 3565, 2379, 1205, 425, 109, 837, 3, 4961, 1604, 1277, 3668, 2745, 790, 539, 3585, 988, 2120, 1683, 22, 2198, 41, 1860, 506, 471, 2832, 293, 2825, 2093, 235, 65, 153, 1403, 1455, 1687, 1698, 2011, 3955, 1999, 3349, 2769, 17, 54, 338, 772, 47, 155, 1677, 39, 1329, 337, 965, 620, 368, 3795, 1610, 1542, 3628, 236, 4020, 917, 2973]
RKP_05000_01000_1_03.txt|50965.31|52951|0.17826714899999843|[1614, 3276, 882, 1039, 24, 1534, 940, 933, 3194, 22, 1854, 1150, 649, 2688, 135, 248, 165, 4104, 1822, 1605, 852, 1415, 272, 60, 1478, 749, 1475, 176, 3, 339, 1219, 129, 1815, 1027, 1146, 67, 533, 13, 2016, 1364, 1, 4283, 2471, 33, 344, 1262, 4216, 3392, 1384, 1339, 1673, 174, 3920, 2779, 678, 449, 35, 479, 76, 209, 3682, 56, 4457, 3232, 72, 1483, 59, 2201, 3835, 2080, 2125, 114, 2848, 2314]
RKP_05000_01000_1_04.txt|53178.81|56126|0.17881847500000161|[61, 223, 1218, 238, 135, 952, 4624, 1450, 9, 4775, 1275, 716, 35, 64, 16, 181, 594, 2470, 498, 794, 546, 533, 413, 4277, 133, 2060, 49, 1689, 4397, 395, 10, 886, 6, 71, 114, 1107, 1, 3926, 318, 2550, 792, 1142, 210, 191, 52, 17, 103, 3055, 687, 547, 882, 84, 3023, 351, 100, 2320, 482, 724, 3051, 1546, 939, 77, 5, 2023, 4232, 33, 1174, 1916, 50, 4, 2999, 189, 1311, 25, 465, 1416, 2, 248, 1021, 486, 24, 7]
RKP_05000_01000_1_05.txt|52031.78|53988|0.18164796899999602|[385, 1649, 254, 1142, 91, 2069, 430, 1411, 168, 4053, 2, 94, 1607, 14, 65, 279, 352, 339, 259, 46, 1316, 97, 1606, 93, 1588, 132, 1162, 985, 267, 2547, 1474, 8, 2834, 1227, 2271, 130, 120, 2004, 2263, 1093, 5, 2256, 4118, 467, 67, 2360, 72, 3468, 1012, 69, 2570, 12, 1319, 4385, 119, 189, 1418, 667, 440, 4, 1155, 334, 876, 3067, 2058, 4363, 816, 308, 1320, 157, 651, 9, 1023, 711, 580, 1321, 1883, 1049, 2200, 4096, 16, 73, 13, 943]
RKP_05000_01000_1_06.txt|51030.47|53578|0.1795310779999977|[4603, 736, 691, 1879, 51, 269, 8, 894, 2857, 1511, 3109, 943, 48, 1910, 336, 2967, 2050, 52, 498, 503, 80, 2517, 343, 1689, 1192, 42, 159, 1062, 1097, 697, 688, 163, 1916, 1242, 687, 224, 337, 1145, 297, 684, 2865, 288, 637, 188, 3076, 107, 2195, 998, 3846, 2, 2028, 3, 1360, 217, 10, 20, 858, 399, 1368, 1530, 468, 9, 6, 478, 150, 90, 2925, 616, 1002, 2343, 13, 2483, 612, 292, 157, 646, 1076, 429, 656, 2633, 1040, 721]
RKP_05000_01000_1_07.txt|47159.03|49181|0.18150020799998173|[4009, 1741, 753, 1904, 15, 226, 213, 1865, 1, 2, 568, 44, 161, 23, 2001, 1359, 130, 2669, 77, 569, 1607, 204, 1697, 65, 4471, 1047, 91, 2145, 1378, 2593, 608, 84, 1666, 4078, 2235, 119, 1645, 957, 1052, 1449, 488, 522, 577, 637, 2537, 1175, 421, 188, 1231, 2087, 205, 633, 523, 21, 628, 1764, 2281, 506, 3455, 46, 795, 198, 4091, 2041, 386, 1207, 2245, 616, 651, 3184, 4242, 649, 3105, 8]
RKP_05000_01000_1_08.txt|48617.16|52285|0.1796998189999931|[140, 2585, 4497, 427, 24, 89, 2110, 651, 2528, 952, 575, 1138, 7, 2382, 2356, 151, 849, 890, 1275, 1088, 81, 32, 531, 548, 190, 207, 1487, 430, 10, 3437, 279, 785, 1391, 3323, 527, 109, 235, 670, 8, 3925, 1065, 2841, 488, 15, 36, 257, 3318, 115, 338, 26, 2723, 1574, 3364, 738, 3, 3937, 4666, 12, 66, 118, 419, 40, 39, 625, 2070, 411, 75, 892, 29, 52, 4241, 2099, 3788]
RKP_05000_01000_1_09.txt|51418.5|53905|0.1772558949999848|[157, 4115, 1434, 128, 1714, 684, 2381, 51, 3179, 3964, 996, 163, 1, 1362, 104, 2, 17, 1366, 427, 1788, 364, 562, 6, 2845, 18, 342, 473, 2364, 3556, 4, 1401, 1699, 25, 1242, 3744, 3644, 883, 191, 2034, 3245, 136, 39, 390, 1481, 2844, 1679, 451, 897, 429, 47, 499, 107, 42, 3707, 3332, 1854, 563, 1761, 680, 3, 2860, 2121, 827, 190, 2328, 998, 310, 27, 1579, 29, 302, 714, 1113, 1414, 844, 2399, 7]
RKP_05000_01000_1_10.txt|57244.74|59178|0.17738932899999327|[129, 104, 888, 528, 1479, 1914, 2671, 2184, 2867, 245, 1044, 180, 1361, 1680, 103, 2753, 359, 47, 100, 500, 785, 486, 2, 11, 1, 33, 461, 740, 2608, 2216, 844, 384, 261, 4036, 1430, 604, 193, 1253, 2153, 582, 4, 1076, 1095, 1817, 3836, 3687, 1641, 255, 49, 1313, 2309, 9, 124, 286, 1617, 4815, 1284, 807, 2544, 1554, 38, 2698, 6, 839, 3137, 43, 1435, 212, 2541, 1686, 3309, 187, 2560, 1436, 472, 1476, 3880, 198, 408, 842, 201, 634, 1553, 4698, 28]
RKP_05000_01000_2_01.txt|3757.83|3994|0.1797565029999805|[176, 1844, 761, 3919, 483, 1173, 4166, 103, 2400, 1730, 2000, 1641, 541, 339, 1473, 2281, 3060, 951, 604, 395, 4493, 997, 3395, 4598, 413, 38, 23, 1154, 2581, 2671, 1573, 2, 26, 88, 131, 555, 11, 2057, 2815, 1100, 2444, 1716, 2431, 265, 2351]
RKP_05000_01000_2_02.txt|4002.73|4278|0.17893313000001398|[88, 2, 279, 1045, 1856, 2682, 462, 1577, 317, 545, 121, 311, 365, 667, 2983, 78, 491, 2308, 946, 1294, 1000, 379, 2419, 1693, 2537, 3342, 338, 2933, 2213, 3711, 964, 44, 1068, 4977, 862, 1189, 3, 162, 1112, 1342, 444, 340, 1, 938, 1130]
RKP_05000_01000_2_03.txt|4092.23|4332|0.17921445199999197|[217, 51, 726, 1002, 305, 86, 465, 3416, 69, 3351, 507, 4457, 308, 3343, 518, 942, 4964, 2548, 118, 3938, 2601, 655, 1732, 3540, 414, 2930, 589, 350, 171, 2617, 286, 235, 541, 862, 3180, 2064, 207, 2468, 2340, 193, 42, 2182, 73, 2567, 690, 1958]
RKP_05000_01000_2_04.txt|4450.29|4751|0.1812445330000014|[63, 3, 4454, 17, 1740, 183, 2518, 585, 2408, 2928, 2237, 1672, 1989, 2245, 768, 4236, 1136, 153, 916, 82, 758, 1398, 1319, 247, 557, 1799, 348, 163, 1209, 703, 371, 667, 1100, 4424, 400, 2989, 3767, 545, 124, 1906, 3530, 857, 41, 1996, 3498, 1086, 54, 146, 2249, 4036, 1918, 563, 3872]
RKP_05000_01000_2_05.txt|3892.52|4219|0.17788013200000022|[734, 4485, 273, 4215, 12, 420, 34, 204, 8, 1064, 201, 33, 3, 1132, 1158, 427, 1680, 344, 876, 187, 453, 80, 775, 1424, 3321, 290, 2686, 324, 360, 526, 43, 1622, 5, 269, 1839, 1478, 93, 2179, 2834, 449, 541, 4, 4386, 4632, 684, 2811, 2652, 228, 70]
RKP_05000_01000_2_06.txt|4106.64|4368|0.17946406600000728|[473, 464, 1933, 2638, 4951, 61, 27, 1, 344, 1477, 900, 105, 154, 925, 683, 138, 59, 707, 672, 2287, 2476, 159, 1064, 714, 862, 242, 328, 2484, 10, 2, 1369, 5, 252, 114, 63, 1569, 4407, 30, 470, 1896, 790, 2204, 431, 1991, 2997, 188, 722, 4838, 2404]
RKP_05000_01000_2_07.txt|4315.54|4563|0.17816018200000827|[1, 2282, 4279, 1643, 759, 2608, 1902, 1811, 4495, 909, 2206, 11, 1625, 1552, 3129, 771, 157, 772, 3147, 1437, 212, 2843, 5, 3275, 1945, 2341, 387, 12, 3196, 1425, 4453, 105, 1976, 228, 368, 751, 997, 2233, 3031, 3278, 1123, 1800, 420, 747, 4530, 731, 3840, 1732, 1265, 516]
RKP_05000_01000_2_08.txt|4272.18|4561|0.18030686000001425|[1499, 298, 312, 972, 59, 6, 1184, 264, 78, 44, 3148, 3191, 2808, 634, 242, 2941, 660, 236, 2399, 1114, 2133, 580, 3857, 174, 108, 385, 473, 955, 3385, 362, 397, 278, 17, 1016, 2683, 3623, 413, 30, 1766, 213, 987, 1067, 371, 3205, 658, 670, 219, 1645]
RKP_05000_01000_2_09.txt|4137.66|4394|0.18042004300001055|[1226, 1556, 10, 897, 3478, 128, 408, 677, 25, 4, 270, 3297, 379, 1992, 536, 419, 1132, 118, 2887, 1583, 2, 4691, 1967, 3974, 579, 3583, 377, 2140, 3, 2005, 2789, 77, 44, 15, 1786, 17, 107, 709, 3399, 22, 137, 669, 9, 175, 821, 13, 2637, 20, 63]
RKP_05000_01000_2_10.txt|3889.07|4119|0.17884660399999347|[4015, 137, 4267, 1926, 4084, 2998, 420, 4050, 1049, 1523, 1303, 4809, 1494, 3584, 18, 191, 82, 1502, 587, 206, 99, 351, 227, 2318, 3887, 3163, 149, 880, 1686, 3712, 2034, 36, 1619, 2227, 850, 2292, 3629, 939, 922, 1818, 196, 1328, 19, 294, 1713, 217]
RKP_05000_01000_3_01.txt|8577.83|8890|0.1800324410000053|[2461, 21, 562, 2851, 1, 34, 46, 47, 1698, 1958, 3246, 40, 97, 372, 1615, 728, 108, 207, 284, 1779, 1038, 237, 455, 1081, 2241, 2416, 2783, 119, 9, 60, 87, 398, 72, 112, 550, 132, 2429, 12, 114, 996, 560, 1047, 45, 632, 15, 77, 917, 2748, 387, 1369, 176, 1198, 3421, 1021, 3545, 2250, 3188, 4, 2082, 1894, 2056, 2178, 2874, 1658, 890, 150, 276, 688, 310, 579, 2195, 366, 2707, 3247, 317, 384, 749, 1600, 1996]
RKP_05000_01000_3_02.txt|9502.77|9901|0.1799007969999957|[1041, 3308, 129, 140, 230, 1087, 1499, 2113, 2425, 90, 379, 425, 2330, 1046, 28, 849, 2067, 39, 542, 562, 2853, 214, 305, 445, 730, 446, 878, 1486, 2704, 3041, 41, 66, 718, 1174, 13, 2080, 2998, 235, 2953, 3171, 71, 1240, 2, 33, 1885, 2978, 3750, 263, 1488, 130, 209, 1161, 1436, 2215, 1484, 595, 1083, 111, 1, 25, 40, 107, 169, 1908, 3546, 652, 843, 10, 60, 436, 883, 892, 1020, 2667, 4134, 609, 2772, 509, 2609, 422, 1621, 2896, 522, 723, 1117, 2989, 4507, 288, 1843]
RKP_05000_01000_3_03.txt|9961.68|10395|0.18188774499999227|[881, 5, 26, 36, 286, 1498, 4215, 609, 199, 158, 399, 621, 975, 3166, 4813, 4529, 1164, 4695, 2, 215, 360, 568, 652, 4041, 465, 246, 2319, 952, 115, 1465, 4084, 4338, 200, 3, 4, 1663, 2034, 1605, 308, 11, 22, 129, 239, 439, 710, 856, 1597, 669, 907, 3477, 377, 770, 1169, 2529, 3239, 452, 1360, 1874, 2613, 989, 2386, 3910, 3175, 3508, 10, 709, 2439, 3545, 18, 2965, 280, 3837, 896, 4671, 1439, 1102, 3003, 1907, 2665, 1, 38, 156, 163, 330, 339, 763, 794, 1022, 1041, 1523, 1559, 2202, 2957, 3928]
RKP_05000_01000_3_04.txt|9763.26|10201|0.18016962100000683|[2372, 111, 132, 175, 198, 206, 448, 548, 680, 1872, 2150, 2868, 70, 495, 709, 1049, 1064, 6, 619, 657, 1080, 360, 45, 277, 3448, 4, 63, 261, 610, 989, 18, 864, 3330, 4042, 9, 4880, 1, 1276, 1396, 2516, 2568, 82, 263, 1589, 1768, 2593, 3612, 3, 1996, 1398, 321, 337, 574, 2747, 568, 1309, 89, 1493, 1852, 2115, 2601, 27, 3197, 35, 456, 109, 144, 1296, 306, 3523, 2506, 683, 1511, 1244, 1755, 4935, 29, 58, 1786, 50, 1265, 3135, 5, 7, 142, 2541, 1731, 251, 3505, 769, 1226, 4440]
RKP_05000_01000_3_05.txt|8955.03|9495|0.17832935800000085|[26, 143, 16, 48, 1588, 162, 1060, 219, 1, 7, 344, 985, 1759, 1859, 2460, 2744, 34, 1516, 1619, 1909, 3635, 513, 32, 49, 348, 169, 708, 748, 1263, 2123, 3439, 3584, 8, 1033, 1090, 70, 296, 814, 11, 501, 638, 1305, 1500, 3106, 1259, 3068, 3370, 2723, 4, 25, 386, 1292, 3258, 19, 1552, 2634, 4338, 830, 1502, 1068, 2381, 91, 1069, 3440, 3558, 202, 224, 1996, 2539, 29, 285, 620, 203, 87, 2212, 37, 184, 2920, 3469, 5, 1372, 56, 555, 768, 374]
RKP_05000_01000_3_06.txt|9527.23|9881|0.18263020200000255|[4322, 6, 12, 227, 488, 813, 4258, 45, 46, 288, 760, 801, 4808, 1359, 85, 213, 931, 2251, 3214, 206, 1978, 3324, 3533, 3, 286, 287, 946, 7, 55, 734, 1522, 1551, 1917, 2026, 1466, 1640, 86, 124, 184, 418, 1030, 102, 249, 859, 1, 41, 1119, 2741, 193, 265, 76, 94, 603, 1035, 1212, 1697, 39, 71, 214, 839, 1281, 368, 623, 2138, 2756, 37, 84, 900, 3239, 276, 889, 4315, 540, 88, 1726, 128, 175, 469, 573, 1610, 3433, 9, 25, 1209, 665, 2799, 4000, 1221, 1096]
RKP_05000_01000_3_07.txt|9334.7|9800|0.1809008140000037|[291, 413, 13, 79, 94, 293, 762, 827, 1003, 1783, 1792, 60, 593, 1470, 427, 884, 896, 1998, 2, 398, 3085, 36, 849, 220, 2104, 5, 658, 1544, 3609, 84, 891, 2716, 113, 1, 251, 640, 73, 76, 100, 216, 3628, 194, 422, 462, 1789, 2448, 3146, 33, 319, 1407, 3836, 919, 991, 65, 91, 707, 975, 2095, 125, 295, 417, 1123, 2357, 2900, 3731, 4131, 265, 55, 4578, 655, 214, 360, 487, 883, 1055, 2587, 3854, 145, 477, 1579, 18, 75, 218, 527, 4233, 42, 289, 2922]
RKP_05000_01000_3_08.txt|9403.61|9897|0.17980596099999274|[3214, 394, 1588, 3808, 4022, 14, 3571, 28, 1733, 2977, 134, 217, 1976, 331, 1009, 2858, 80, 525, 1036, 3087, 1395, 654, 152, 250, 953, 1135, 944, 30, 1273, 1636, 1117, 4, 77, 260, 270, 1970, 2019, 2364, 2402, 3237, 7, 162, 3346, 1050, 1770, 3284, 20, 3557, 4700, 883, 2088, 2484, 2, 226, 656, 707, 73, 1502, 154, 301, 901, 571, 2381, 4467, 2812, 3324, 489, 1729, 1040, 1924, 2479, 556, 686, 1159, 4192, 36, 279, 474, 1513, 1967, 3396, 1077, 4463, 1688, 247, 3034, 2602, 6, 733]
RKP_05000_01000_3_09.txt|8602.66|8981|0.18125820799999245|[655, 2621, 1189, 1322, 2051, 2511, 51, 556, 664, 671, 281, 310, 376, 2024, 73, 152, 242, 384, 661, 1471, 2486, 3256, 4292, 3392, 3572, 751, 1148, 786, 2497, 3538, 237, 1684, 2055, 77, 83, 159, 494, 995, 2, 2287, 8, 852, 1313, 3443, 4, 931, 921, 106, 2401, 1104, 2706, 193, 830, 42, 57, 81, 7, 9, 87, 564, 1872, 2450, 46, 100, 1153, 1468, 1800, 1311, 136, 492, 3868, 4136, 196, 36, 417, 836, 252, 1978, 21, 110]
RKP_05000_01000_3_10.txt|9484.45|9901|0.18171032400000742|[33, 50, 1329, 16, 119, 196, 219, 1125, 2322, 2764, 2894, 369, 270, 393, 876, 3150, 3435, 3589, 4466, 434, 69, 4052, 2224, 1, 3, 25, 1785, 2813, 2940, 3240, 1093, 1498, 808, 4788, 4631, 145, 413, 692, 811, 1019, 1184, 3234, 2139, 1847, 10, 2, 2189, 944, 2611, 73, 312, 400, 479, 14, 2915, 360, 2030, 342, 2061, 3012, 1530, 3251, 300, 615, 62, 1854, 3127, 3194, 6, 287, 907, 2749, 2141, 55, 151, 444, 52, 235, 4227, 155, 2265, 4834, 807, 112, 223, 789, 1621, 1635, 4747]
RKP_05000_01000_4_01.txt|999.11|1000|0.18099695599999677|[4615]
RKP_05000_01000_4_02.txt|999.34|1000|0.18243725700000368|[4971]
RKP_05000_01000_4_03.txt|999.64|1000|0.1815328320000117|[4910]
RKP_05000_01000_4_04.txt|999.68|1000|0.18127896800000143|[4910]
RKP_05000_01000_4_05.txt|999.91|1000|0.18123474400000533|[4662]
RKP_05000_01000_4_06.txt|999.83|1000|0.177888475999996|[4682]
RKP_05000_01000_4_07.txt|999.52|1000|0.18267780599999697|[4589]
RKP_05000_01000_4_08.txt|999.89|1000|0.17961142199998903|[4686]
RKP_05000_01000_4_09.txt|999.89|1000|0.18137344100000063|[4528]
RKP_05000_01000_4_10.txt|999.82|1000|0.17888688799998817|[4520]
RKP_05000_01000_5_01.txt|964.15|1028|0.1807539789999987|[6, 7, 9, 10, 12, 16, 21, 22, 23, 28, 34, 35, 39, 40, 41, 46, 48, 49, 51]
RKP_05000_01000_5_02.txt|956.48|1026|0.17919941400000652|[6, 11, 14, 16, 23, 25, 27, 34, 35, 50, 52, 58, 59, 64, 65, 67, 74, 75, 82]
RKP_05000_01000_5_03.txt|970.43|1022|0.17845420399999967|[7, 12, 13, 14, 20, 21, 28, 29, 33, 38, 43, 46, 50, 52, 54, 57, 61, 63]
RKP_05000_01000_5_04.txt|949.15|1031|0.17940662100000054|[12, 13, 19, 21, 30, 33, 37, 43, 44, 47, 54, 56, 59, 67, 75]
RKP_05000_01000_5_05.txt|971.72|1029|0.17935025099999166|[5, 7, 9, 16, 17, 19, 24, 29, 31, 33, 38, 42, 46, 58, 66, 70, 79, 82, 87, 95]
RKP_05000_01000_5_06.txt|952.59|1026|0.18147699599999897|[7, 11, 14, 17, 18, 20, 22, 24, 29, 30, 33, 35, 38, 40, 54, 61, 64, 65, 74, 77]
RKP_05000_01000_5_07.txt|956.79|1020|0.17965931000000182|[2, 4, 5, 11, 16, 18, 22, 25, 26, 34, 37, 38, 39, 40, 41, 46, 47, 48, 49, 54, 57, 63]
RKP_05000_01000_5_08.txt|964.08|1029|0.18007016099999418|[7, 9, 13, 14, 18, 19, 23, 26, 28, 29, 30, 34, 44, 47, 49, 53, 54, 55]
RKP_05000_01000_5_09.txt|958.59|1023|0.17676745799998117|[10, 22, 23, 28, 32, 34, 35, 37, 38, 44, 46, 51, 52, 62, 71, 78]
RKP_05000_01000_5_10.txt|960.37|1036|0.17601229499999818|[11, 22, 30, 33, 41, 47, 48, 51, 53, 62, 63, 69, 70, 71, 78, 80, 84, 85]
RKP_05000_05000_1_01.txt|243441.54|254951|0.18286776700000246|[2195, 1201, 226, 74, 1260, 134, 2685, 254, 1200, 1247, 239, 2945, 263, 2997, 826, 1595, 255, 1416, 688, 496, 75, 3, 2, 4810, 1305, 21, 477, 1939, 4, 36, 94, 4308, 1246, 3721, 149, 168, 4077, 1685, 1437, 91, 267, 137, 1617, 2321, 2687, 1173, 86, 363, 279, 100, 498, 9, 1543, 78, 3937, 174, 1674, 917, 1781, 2723, 940, 358, 747, 2826, 290, 127, 1231, 8, 522, 2896, 41, 601, 206, 3266]
RKP_05000_05000_1_02.txt|301360.5|311874|0.18456380400000852|[1005, 2706, 474, 2174, 113, 787, 3921, 903, 24, 1855, 269, 297, 3940, 55, 1044, 1374, 45, 537, 1115, 3754, 4402, 444, 361, 21, 785, 2667, 8, 2322, 104, 10, 238, 805, 4832, 1870, 1075, 668, 1556, 117, 712, 1, 1979, 334, 4197, 396, 4013, 1107, 669, 1203, 3059, 141, 240, 3842, 1786, 38, 1152, 349, 310, 1041, 14, 378, 2313, 2177, 1390, 2501, 1459, 4, 2, 470, 25, 108, 4712, 4382, 1002, 1069, 2306, 20, 3588, 3696, 2514, 560, 246, 3886, 4122, 213, 231, 258]
RKP_05000_05000_1_03.txt|264160.33|277946|0.18318232399999715|[3247, 233, 78, 557, 4414, 2859, 2760, 249, 426, 1265, 1261, 1115, 1, 3493, 2630, 582, 115, 1098, 1477, 1099, 2264, 86, 25, 1414, 3443, 3414, 318, 482, 1441, 811, 1236, 1083, 2426, 22, 18, 393, 46, 110, 586, 399, 1775, 872, 1244, 231, 39, 69, 73, 80, 250, 4284, 3326, 2850, 1594, 1042, 451, 7, 164, 3512, 2438, 3490, 1309, 85, 206, 62, 8, 1235, 339, 3593, 429, 246, 297, 481, 960, 2440, 2124, 779, 5]
RKP_05000_05000_1_04.txt|284217.95|296657|0.18205037300002233|[4668, 3850, 557, 90, 291, 332, 1, 34, 2372, 5, 484, 145, 1072, 376, 2328, 9, 1418, 2003, 2581, 3, 148, 2584, 787, 1677, 189, 81, 75, 1417, 4260, 675, 368, 25, 135, 38, 408, 169, 4715, 3568, 2061, 1859, 226, 809, 12, 1389, 3813, 105, 326, 222, 3431, 1758, 3305, 390, 2991, 333, 422, 3410, 2017, 387, 68, 559, 85, 197, 3652, 3547, 1938, 865, 2051, 3651, 240, 831, 1753, 2543, 417, 161, 239, 3260, 182, 76, 4172, 814, 48, 2813, 2, 318, 791, 2013]
RKP_05000_05000_1_05.txt|284992.99|295253|0.18325558900001623|[130, 3722, 2352, 378, 2467, 301, 694, 227, 2579, 62, 403, 559, 55, 950, 127, 2657, 1, 4208, 3024, 153, 32, 1929, 2411, 4354, 2045, 2, 1088, 2309, 2118, 2025, 33, 22, 210, 46, 348, 1668, 582, 214, 1460, 459, 7, 3873, 245, 2427, 838, 3186, 518, 1483, 261, 1662, 1690, 148, 23, 38, 167, 3813, 3175, 663, 143, 139, 2804, 1008, 43, 4846, 1432, 575, 1797, 1993, 992, 1098, 923, 3, 162, 2138, 1281, 12, 4306, 463, 3495, 60, 407, 1887, 1492, 2703, 1692, 2910]
RKP_05000_05000_1_06.txt|260422.1|272525|0.18319098100000247|[651, 1154, 693, 1730, 2701, 581, 23, 925, 378, 1227, 2, 2729, 3361, 1981, 4692, 3978, 1065, 621, 4540, 715, 87, 2210, 113, 40, 120, 2309, 1927, 4561, 338, 2204, 363, 82, 274, 333, 407, 64, 538, 2048, 813, 299, 850, 2949, 106, 18, 2592, 2509, 2011, 707, 361, 613, 956, 243, 2003, 1280, 649, 71, 825, 2132, 608, 66, 2240, 329, 4076, 514, 373, 43, 2386, 1308, 568, 3613, 85, 2646, 645, 8, 7, 1305, 445, 3938, 1054, 1671, 523, 3104, 1374, 1108, 2228]
RKP_05000_05000_1_07.txt|237598.65|245901|0.1798812850000172|[1, 2688, 730, 2854, 3045, 829, 3, 1616, 457, 44, 536, 864, 15, 1263, 248, 1267, 380, 785, 381, 182, 190, 4, 478, 83, 2, 1228, 4664, 29, 1520, 7, 215, 303, 4225, 739, 4751, 667, 4149, 8, 30, 745, 1820, 16, 266, 575, 3965, 2725, 690, 529, 79, 768, 294, 346, 1849, 3875, 119, 2529, 1897, 640, 1315, 10, 1406, 4260, 3094, 415, 249, 2017, 153, 287, 436, 366, 1894, 2143, 1664, 175, 537, 772, 3888, 187, 432]
RKP_05000_05000_1_08.txt|244127.82|257066|0.1840665320000153|[95, 674, 156, 253, 124, 91, 596, 1421, 38, 523, 451, 836, 1549, 122, 560, 3998, 2525, 2536, 30, 764, 3599, 1546, 342, 3, 984, 1562, 471, 1941, 371, 2047, 1167, 97, 3792, 478, 2428, 262, 115, 878, 2600, 2042, 1179, 2285, 2643, 2805, 314, 4195, 3744, 902, 7, 171, 3166, 1, 1506, 2100, 1757, 164, 3666, 280, 2312, 1439, 129, 16, 908, 4080, 247, 2, 3833, 1247, 333, 498, 232, 275, 402, 192, 138, 303, 1737, 584, 561, 1678]
RKP_05000_05000_1_09.txt|254542.51|264755|0.18335285900000828|[170, 66, 1458, 448, 4248, 339, 4615, 1006, 542, 2636, 325, 3197, 4486, 565, 871, 1314, 1635, 682, 299, 196, 42, 537, 438, 460, 4489, 234, 820, 1917, 921, 2593, 2016, 1350, 1416, 160, 2143, 1, 126, 492, 2, 1979, 1227, 113, 1592, 701, 77, 12, 563, 139, 2557, 380, 3, 544, 76, 1596, 1466, 404, 1504, 1594, 1245, 1355, 1078, 3551, 2450, 1082, 1396, 50, 2837, 475, 4194, 632, 1254, 6, 27, 43, 986, 221, 181, 10, 2127, 55]
RKP_05000_05000_1_10.txt|224771.18|236845|0.1795164889999978|[3078, 7, 2629, 414, 2050, 803, 2580, 1609, 1652, 959, 153, 472, 185, 756, 659, 3067, 467, 2608, 4380, 981, 60, 3261, 746, 428, 2786, 2306, 18, 24, 1479, 2870, 1209, 2151, 867, 286, 863, 14, 724, 144, 454, 131, 1304, 1998, 2281, 1861, 1504, 852, 596, 70, 101, 38, 1766, 6, 1538, 609, 3224, 3101, 1402, 909, 380, 2641, 656, 92, 1409, 89, 278]
RKP_05000_05000_2_01.txt|19717.72|21067|0.18172531999999364|[2236, 515, 1045, 866, 1665, 293, 986, 4544, 2687, 279, 250, 1784, 21, 70, 411, 335, 2113, 748, 18, 93, 475, 235, 391, 2191, 82, 4844, 2030, 3091, 702, 1367, 2937, 81, 1643, 1059, 1100, 2788, 1308, 1505, 2251, 12, 20, 824, 1885, 3883]
RKP_05000_05000_2_02.txt|18991.74|20331|0.18151467800002366|[3100, 1069, 582, 3641, 220, 1058, 1649, 5, 15, 530, 161, 14, 4007, 2244, 91, 710, 294, 836, 563, 2069, 105, 28, 3984, 1714, 3515, 2272, 2839, 1171, 973, 1592, 1026, 997, 276, 56, 200, 3796, 1247, 857, 1547, 2429, 4266, 3688, 1172, 3164]
RKP_05000_05000_2_03.txt|17830.95|19165|0.18216245199999775|[3630, 3839, 1, 983, 1269, 4565, 477, 1429, 44, 177, 3428, 4235, 1207, 1422, 2224, 94, 3090, 38, 783, 1289, 3368, 812, 659, 216, 411, 502, 128, 2869, 1536, 5, 61, 34, 613, 167, 1432, 375, 3957, 258, 394, 2272, 4, 317, 109]
RKP_05000_05000_2_04.txt|24720.02|25876|0.18171021399999973|[455, 122, 307, 37, 832, 2382, 4, 23, 71, 1606, 1223, 21, 2, 2308, 3257, 187, 893, 1329, 655, 1124, 1586, 2705, 82, 3288, 2773, 60, 47, 19, 3704, 126, 264, 637, 1335, 1508, 78, 1, 2319, 1068, 1187, 2632, 547, 554, 238, 147, 206, 1525, 523, 115, 322, 3, 625, 346, 1412, 583, 2761, 1468, 131, 416, 767, 165, 372]
RKP_05000_05000_2_05.txt|19548.08|21524|0.181277558999991|[1022, 1813, 113, 1011, 501, 4330, 932, 513, 34, 5, 606, 1242, 1103, 3623, 2678, 4, 2694, 962, 1588, 662, 1503, 1034, 1489, 976, 551, 163, 8, 2906, 66, 1153, 626, 128, 96, 312, 103, 1232, 1468, 481, 798, 858, 4182, 643, 1747, 317, 13, 220, 3676]
RKP_05000_05000_2_06.txt|17032.38|18324|0.1817568489999985|[303, 731, 3580, 832, 30, 629, 136, 449, 1073, 1756, 370, 1070, 411, 1342, 3105, 1542, 281, 8, 526, 17, 523, 3746, 3749, 51, 872, 1107, 2365, 912, 3064, 4215, 490, 3764, 437, 1234, 675, 2245, 1829]
RKP_05000_05000_2_07.txt|20603.42|22044|0.1838613419999956|[2118, 1734, 30, 624, 129, 1137, 926, 1460, 725, 1438, 1819, 989, 4066, 932, 1326, 1115, 1581, 452, 421, 461, 903, 4779, 72, 411, 1988, 2664, 409, 713, 232, 169, 3189, 36, 1241, 23, 1380, 3995, 850, 1730, 3935, 3396, 465, 152, 1119, 2045, 3328, 273, 199, 25, 44, 4801, 3005, 4239]
RKP_05000_05000_2_08.txt|21462.99|23267|0.18473714699998708|[116, 3617, 449, 659, 17, 1262, 3119, 760, 2, 551, 286, 155, 1239, 192, 782, 2907, 1834, 1064, 2024, 1597, 1692, 179, 2390, 30, 1464, 34, 93, 1473, 259, 112, 461, 291, 2814, 1520, 944, 899, 2078, 2598, 2219, 603, 1051, 1479, 587, 3257, 746, 274, 953, 64, 811, 2140, 3856, 919]
RKP_05000_05000_2_09.txt|22799.0|24338|0.18263630300002207|[83, 3, 105, 1231, 385, 82, 1308, 1179, 3741, 1378, 2, 2555, 973, 519, 7, 36, 1482, 2889, 1771, 61, 413, 1, 129, 893, 279, 1687, 1462, 2129, 4959, 4, 1177, 152, 181, 634, 44, 423, 899, 1086, 2584, 184, 394, 33, 2551, 38, 3975, 164, 327, 1478, 1213, 128, 3042, 6, 157, 750, 180, 1802, 1200]
RKP_05000_05000_2_10.txt|20717.72|22002|0.18138335600000574|[2884, 1620, 70, 1, 666, 311, 725, 899, 2, 330, 97, 42, 1230, 3271, 1136, 23, 3185, 586, 117, 268, 1742, 1601, 153, 4670, 3018, 657, 294, 3568, 205, 608, 351, 317, 2002, 546, 3467, 1055, 1115, 2524, 261, 856, 1908, 3618, 82, 3383, 2605, 185, 1367, 14, 1188, 2732, 904, 2854]
RKP_05000_05000_3_01.txt|47416.41|49958|0.18167013799997675|[1430, 1075, 88, 106, 1410, 1328, 39, 449, 1004, 528, 2024, 1887, 2831, 1409, 2100, 21, 54, 2544, 6, 870, 1846, 2266, 45, 926, 2987, 452, 198, 164, 79, 510, 3361, 1158, 13, 736, 2738, 3941, 814, 3210, 4483, 16, 58, 94, 646, 1080, 595, 1291, 1664, 465, 638, 2145, 66, 634, 55, 96, 800, 4143, 122, 157, 26, 499, 289, 2296, 132, 563, 628, 4348, 501, 336, 2119, 2454, 4650, 1433, 521, 530, 1850, 97, 480, 3715, 83, 787, 1290, 472, 407, 17, 625, 4, 130, 1132, 2608, 826]
RKP_05000_05000_3_02.txt|45119.61|46867|0.18017246000001705|[2345, 2826, 969, 2038, 4488, 407, 773, 99, 2392, 4134, 151, 885, 221, 1675, 509, 970, 985, 601, 227, 59, 38, 1509, 1970, 3096, 3743, 5, 1199, 1793, 3282, 133, 2, 3922, 409, 507, 389, 32, 33, 4338, 51, 3779, 92, 1229, 2259, 4221, 3230, 2529, 384, 1132, 1914, 217, 10, 30, 1220, 4553, 212, 23, 205, 303, 3092, 50, 365, 2223, 25, 4589, 37, 1238, 58, 1979, 2320, 31, 277, 9, 1093, 73, 443, 2712, 2209, 1198, 155, 786, 1081, 1151, 1, 55]
RKP_05000_05000_3_03.txt|47803.97|49996|0.18046607099996892|[1029, 3112, 3909, 636, 2585, 13, 3385, 1960, 1677, 323, 489, 1, 1129, 2297, 763, 194, 46, 950, 3819, 3452, 4, 185, 2713, 682, 856, 1505, 90, 67, 1777, 970, 963, 1255, 79, 219, 21, 1061, 12, 1703, 2430, 6, 618, 1691, 1238, 1696, 433, 127, 1547, 2420, 223, 372, 1729, 373, 281, 3213, 2768, 25, 186, 366, 553, 4032, 1099, 1187, 2657, 1613, 592, 2, 2683, 88, 1984, 2794, 113, 1011, 1875, 297, 1010, 28, 3, 1715, 476, 2750, 87, 542, 2287, 1911, 3389, 100, 826, 34, 1433, 1278]
RKP_05000_05000_3_04.txt|47401.02|50482|0.1791020669999898|[936, 779, 156, 2428, 3625, 585, 343, 476, 479, 2854, 61, 868, 454, 3454, 1589, 27, 412, 304, 14, 3543, 3856, 965, 2441, 4, 455, 843, 505, 2727, 3391, 94, 208, 404, 3143, 1433, 256, 2704, 907, 1804, 1746, 2081, 93, 183, 141, 47, 599, 1304, 109, 177, 642, 32, 934, 375, 1033, 1133, 1834, 4104, 4637, 173, 2561, 3841, 2547, 1464, 51, 249, 3662, 1208, 549, 1454, 1698, 71, 3870, 4678, 1, 1288, 1276, 101, 229, 3065, 12, 1564, 1800, 2915, 152, 102, 3872, 4170, 22, 1224, 169, 198, 3497]
RKP_05000_05000_3_05.txt|46217.19|47947|0.18111109799999212|[81, 2428, 368, 72, 97, 139, 2606, 331, 13, 2910, 3566, 1044, 984, 555, 4707, 372, 406, 537, 1680, 44, 50, 1771, 4618, 3138, 958, 1960, 259, 3569, 202, 969, 28, 166, 2, 207, 814, 1506, 1664, 150, 4138, 616, 95, 32, 628, 25, 317, 620, 3509, 12, 533, 1640, 62, 1745, 8, 3993, 442, 652, 1519, 465, 729, 1982, 528, 1843, 101, 203, 542, 1758, 2994, 2358, 394, 186, 20, 1951, 5, 10, 75, 617, 141, 70, 945, 1466, 1400, 15, 115, 1004, 4267, 1212]
RKP_05000_05000_3_06.txt|46954.76|49505|0.18188767800002098|[234, 1191, 313, 924, 2537, 2697, 1, 3251, 3441, 480, 1123, 645, 4300, 2300, 386, 1678, 28, 1115, 115, 382, 1989, 839, 8, 2724, 43, 2793, 78, 1005, 2626, 909, 48, 623, 934, 2169, 4383, 2338, 1967, 2412, 7, 737, 3946, 97, 3857, 165, 817, 430, 671, 233, 616, 132, 22, 2115, 3871, 6, 23, 403, 30, 55, 9, 213, 607, 2334, 377, 845, 3065, 100, 148, 285, 2100, 4798, 239, 348, 617, 209, 130, 502, 4180, 3455, 262, 1939, 40, 44, 977, 260, 4129, 912, 242, 101, 125]
RKP_05000_05000_3_07.txt|44342.37|45483|0.1805952050000178|[217, 718, 2, 1664, 924, 766, 1728, 4, 817, 796, 835, 304, 88, 2201, 609, 82, 684, 3987, 525, 143, 4656, 2747, 2093, 462, 1213, 348, 490, 220, 1497, 897, 1127, 232, 130, 656, 1338, 2287, 1375, 598, 13, 2551, 813, 1818, 652, 12, 2655, 1420, 124, 1323, 1102, 224, 1721, 2643, 2348, 6, 2476, 45, 487, 444, 1584, 866, 10, 4816, 41, 2824, 1158, 1049, 841, 231, 2345, 2472, 1, 459, 1279, 3815, 344, 1111, 3347, 69, 65, 2399, 2511]
RKP_05000_05000_3_08.txt|43225.05|45463|0.18097173600001498|[1969, 2446, 433, 938, 147, 4469, 1833, 351, 1311, 762, 1, 54, 150, 640, 391, 752, 18, 16, 2, 14, 2221, 1104, 1105, 524, 2750, 205, 742, 53, 2636, 39, 1450, 2393, 2150, 430, 105, 828, 1856, 857, 2528, 3967, 22, 784, 241, 192, 4022, 4805, 2945, 2697, 6, 289, 251, 1145, 1042, 2413, 338, 491, 702, 993, 876, 1559, 1371, 4731, 294, 988, 2250, 191, 3255, 28, 877, 69, 2111, 31, 1172, 1613, 3042, 4118, 43, 110, 122, 78, 484]
RKP_05000_05000_3_09.txt|49814.96|51962|0.18203871100000923|[42, 609, 1667, 1282, 932, 17, 851, 929, 629, 1343, 259, 1813, 4338, 3684, 233, 3677, 133, 313, 317, 2885, 1146, 4, 2926, 2247, 2994, 3864, 345, 643, 4240, 767, 913, 3338, 299, 338, 1555, 4313, 54, 19, 112, 43, 3009, 75, 877, 2427, 1, 830, 1562, 281, 1479, 1945, 4246, 2525, 1328, 4825, 26, 13, 789, 2838, 413, 2435, 2484, 431, 660, 387, 1933, 4052, 642, 2166, 2139, 671, 8, 252, 1549, 111, 406, 96, 532, 3457, 123, 512, 1727, 664, 70, 693, 1489, 7, 2436, 150, 354, 4789, 47, 273, 534, 593]
RKP_05000_05000_3_10.txt|47473.59|48975|0.18043643500001963|[1284, 1258, 1202, 59, 577, 3454, 120, 313, 2698, 402, 2643, 13, 1405, 4, 490, 481, 675, 137, 2521, 1062, 3468, 26, 2536, 3222, 1307, 2573, 1786, 2748, 2923, 2, 1653, 60, 1358, 1099, 1135, 3759, 278, 4808, 664, 18, 1891, 44, 276, 57, 227, 28, 616, 668, 261, 77, 3218, 405, 1075, 605, 181, 355, 893, 101, 3459, 1224, 1, 535, 576, 10, 1598, 2953, 48, 248, 306, 51, 607, 1714, 4381, 110, 1567, 3531, 3937, 2927, 348, 1559, 1893, 776, 460, 14, 716, 3046, 128, 172]
RKP_05000_05000_4_01.txt|4998.47|5000|0.18096291300002576|[4658]
RKP_05000_05000_4_02.txt|4996.73|5000|0.1829697400000123|[4978]
RKP_05000_05000_4_03.txt|4998.13|5000|0.17894837100003314|[4714]
RKP_05000_05000_4_04.txt|4996.91|5000|0.18287665399999242|[4597]
RKP_05000_05000_4_05.txt|4998.36|5000|0.1809473780000144|[4783]
RKP_05000_05000_4_06.txt|4996.72|5000|0.17984065599996485|[4625]
RKP_05000_05000_4_07.txt|4994.83|5000|0.18158484200001568|[4778]
RKP_05000_05000_4_08.txt|4997.97|5000|0.18044892199999596|[4648]
RKP_05000_05000_4_09.txt|4998.9|5000|0.18265811399998255|[4770]
RKP_05000_05000_4_10.txt|4995.76|4999|0.18377300699997703|[4786]
RKP_05000_05000_5_01.txt|4808.23|5136|0.18011536900000918|[8, 11, 18, 24, 25, 26, 27, 31, 32, 41, 43, 49, 66, 67, 72, 81, 99, 100, 101, 104]
RKP_05000_05000_5_02.txt|4797.98|5209|0.176765060000007|[4, 12, 18, 21, 22, 23, 27, 33, 34, 43, 44, 51, 59, 64, 68, 86]
RKP_05000_05000_5_03.txt|4829.94|5231|0.17908997299998192|[8, 10, 14, 17, 20, 21, 24, 28, 31, 34, 35, 36, 41, 44, 52, 56, 59, 63]
RKP_05000_05000_5_04.txt|4787.89|5265|0.1787015739999515|[18, 21, 25, 44, 47, 51, 54, 56, 57, 62, 64, 71, 73, 74, 76]
RKP_05000_05000_5_05.txt|4800.93|5132|0.17945537900003272|[1, 8, 14, 17, 23, 27, 28, 29, 37, 40, 53, 58, 59, 62, 64, 66, 67]
RKP_05000_05000_5_06.txt|4787.87|5128|0.1781781759999785|[13, 14, 16, 24, 27, 28, 33, 38, 39, 46, 50, 55, 60, 64]
RKP_05000_05000_5_07.txt|4820.96|5106|0.17785520699998414|[6, 12, 14, 15, 19, 26, 42, 52, 54, 55, 61, 63, 65, 77, 79, 82]
RKP_05000_05000_5_08.txt|4798.33|5181|0.17946277100001226|[10, 26, 27, 36, 41, 51, 52, 55, 58, 60, 63, 72, 75, 82, 83, 84, 87]
RKP_05000_05000_5_09.txt|4771.79|5110|0.1769900799999914|[11, 13, 15, 20, 25, 29, 31, 37, 40, 41, 42, 43, 45, 55, 57, 74, 97, 98, 102, 109]
RKP_05000_05000_5_10.txt|4797.29|5130|0.1791656540000031|[7, 17, 18, 19, 20, 23, 24, 28, 29, 30, 31, 32, 37, 43, 47, 49, 50, 54, 62]
