RKP_00100_00100_1_01.txt|626.27|743|0.0006362830000000131|[10, 17, 22, 16, 1, 24, 28, 3, 29, 31]
RKP_00100_00100_1_02.txt|726.47|842|0.0006380220000000004|[1, 37, 48, 91, 15, 50, 56, 23, 2, 16, 9, 47]
RKP_00100_00100_1_03.txt|593.47|755|0.0006391209999999936|[34, 1, 10, 2, 63, 4, 14, 5, 6, 70, 12, 11]
RKP_00100_00100_1_04.txt|559.2|728|0.000623825|[15, 7, 9, 74, 43, 3, 10, 4, 5, 16]
RKP_00100_00100_1_05.txt|611.6|720|0.0006222489999999992|[79, 20, 30, 44, 6, 1, 14, 22, 11, 16]
RKP_00100_00100_1_06.txt|807.73|944|0.0006566959999999967|[57, 97, 17, 48, 47, 20, 16, 34, 31, 83, 12, 42]
RKP_00100_00100_1_07.txt|394.03|492|0.0006130180000000141|[60, 39, 51, 5, 46, 17, 33, 9]
RKP_00100_00100_1_08.txt|746.37|851|0.0006775640000000194|[30, 87, 6, 92, 2, 24, 1, 7, 13, 76, 12, 5, 11, 88]
RKP_00100_00100_1_09.txt|467.23|587|0.0006658050000000015|[23, 18, 16, 29, 42, 45, 24, 85, 5]
RKP_00100_00100_1_10.txt|599.78|740|0.0008631469999999952|[4, 1, 27, 11, 13, 18, 20, 15, 16, 2, 33, 24]
RKP_00100_00100_2_01.txt|109.08|146|0.0008208219999999878|[6, 20, 1, 2, 57, 82, 26, 14]
RKP_00100_00100_2_02.txt|113.7|157|0.0007392660000000029|[4, 8, 30, 47, 1, 36, 11, 3]
RKP_00100_00100_2_03.txt|124.56|169|0.0006404529999999986|[75, 51, 31, 1, 5, 48, 47, 59, 16, 7]
RKP_00100_00100_2_04.txt|113.36|150|0.0007214660000000018|[11, 50, 2, 28, 26, 41, 14]
RKP_00100_00100_2_05.txt|101.53|149|0.0006943259999999985|[64, 32, 36, 3, 7]
RKP_00100_00100_2_06.txt|104.46|143|0.0006577389999999994|[47, 3, 23, 8, 10]
RKP_00100_00100_2_07.txt|103.47|143|0.0005751150000000304|[22, 28, 15, 63, 14, 8]
RKP_00100_00100_2_08.txt|107.25|141|0.0005863640000000237|[16, 15, 51, 55]
RKP_00100_00100_2_09.txt|106.72|145|0.0005734019999999784|[38, 14, 84]
RKP_00100_00100_2_10.txt|106.24|147|0.0006537089999999913|[65, 64, 40, 1, 14, 81, 4, 8]
RKP_00100_00100_3_01.txt|153.66|186|0.000653264000000009|[5, 8, 29, 10, 24, 21, 22, 1, 66]
RKP_00100_00100_3_02.txt|158.25|195|0.0005972350000000227|[3, 52, 1, 24, 8, 56, 25, 48, 12, 2, 17]
RKP_00100_00100_3_03.txt|191.44|230|0.0006538979999999795|[4, 49, 45, 64, 23, 1, 19, 81, 15, 13, 3, 14, 46]
RKP_00100_00100_3_04.txt|162.45|201|0.0006271979999999866|[34, 9, 8, 48, 2, 1, 3, 17, 21, 26]
RKP_00100_00100_3_05.txt|165.63|201|0.0006482019999999977|[1, 52, 12, 2, 22, 3, 6, 26, 14, 4]
RKP_00100_00100_3_06.txt|191.71|228|0.0017645350000000005|[40, 11, 31, 4, 10, 95, 2, 3, 72, 14, 74, 8, 27]
RKP_00100_00100_3_07.txt|157.76|188|0.0008820659999999814|[2, 27, 7, 50, 5, 4, 6, 88, 40]
RKP_00100_00100_3_08.txt|153.21|193|0.0006039220000000212|[9, 3, 33, 1, 15, 58, 4, 20, 75]
RKP_00100_00100_3_09.txt|151.58|180|0.0006088479999999752|[1, 89, 42, 2, 44, 3, 9, 61]
RKP_00100_00100_3_10.txt|175.87|217|0.0006585680000000061|[20, 67, 66, 46, 1, 61, 93, 5, 62, 47, 86, 22]
RKP_00100_00100_4_01.txt|95.77|100|0.0005886259999999721|[97]
RKP_00100_00100_4_02.txt|95.26|100|0.0005789120000000025|[88]
RKP_00100_00100_4_03.txt|98.04|100|0.000631001000000011|[84]
RKP_00100_00100_4_04.txt|96.6|100|0.0005899219999999872|[95]
RKP_00100_00100_4_05.txt|95.6|100|0.0005896650000000036|[95]
RKP_00100_00100_4_06.txt|93.08|98|0.0005989729999999982|[93]
RKP_00100_00100_4_07.txt|95.99|98|0.000556217999999955|[98]
RKP_00100_00100_4_08.txt|95.97|100|0.0005528859999999857|[97]
RKP_00100_00100_4_09.txt|95.34|99|0.0005463279999999937|[90]
RKP_00100_00100_4_10.txt|94.39|98|0.0005627390000000076|[88]
RKP_00100_00100_5_01.txt|92.88|123|0.0011904320000000101|[4, 6, 10, 13, 18]
RKP_00100_00100_5_02.txt|91.08|136|0.0005710730000000019|[8, 12, 18, 19, 20]
RKP_00100_00100_5_03.txt|92.46|125|0.000569279000000007|[17, 24, 26, 31, 32]
RKP_00100_00100_5_04.txt|90.56|128|0.0005876669999999695|[6, 12, 13]
RKP_00100_00100_5_05.txt|93.2|127|0.0005782339999999752|[7, 10, 15, 16, 18, 38]
RKP_00100_00100_5_06.txt|98.02|145|0.0005620800000000159|[7, 8, 11]
RKP_00100_00100_5_07.txt|90.36|124|0.0005756709999999732|[8, 11, 12, 13, 14, 15]
RKP_00100_00100_5_08.txt|89.6|118|0.0005711510000000164|[7, 11, 14, 17]
RKP_00100_00100_5_09.txt|94.52|135|0.000571086999999979|[9, 11, 12, 14]
RKP_00100_00100_5_10.txt|89.05|136|0.0006867090000000076|[13, 14, 17, 18]
RKP_00500_00100_1_01.txt|1397.45|1585|0.004035659000000083|[75, 140, 500, 304, 284, 131, 27, 211, 63, 158, 3, 18, 40, 15, 444, 25, 2, 148, 222, 120, 173, 6, 269, 274]
RKP_00500_00100_1_02.txt|1216.5|1356|0.0038687469999999814|[77, 288, 175, 102, 13, 89, 87, 132, 433, 4, 109, 10, 205, 65, 423, 27, 351, 289, 17, 388, 325]
RKP_00500_00100_1_03.txt|1146.1|1298|0.0037746709999999873|[1, 5, 228, 496, 40, 123, 11, 113, 477, 158, 30, 16, 15, 111, 32, 23, 147, 128, 90, 139]
RKP_00500_00100_1_04.txt|1434.35|1573|0.003753368999999962|[11, 315, 64, 41, 93, 359, 156, 48, 254, 65, 121, 23, 245, 151, 197, 83, 59, 94, 252, 12]
RKP_00500_00100_1_05.txt|1481.97|1674|0.0037783120000000102|[72, 11, 10, 363, 402, 24, 17, 76, 215, 3, 1, 60, 26, 192, 212, 32, 2, 23, 116, 18, 203, 5, 13]
RKP_00500_00100_1_06.txt|1800.64|1957|0.0038343659999999957|[34, 230, 3, 13, 165, 411, 240, 190, 89, 211, 182, 490, 5, 131, 2, 16, 35, 52, 22, 189, 281, 225, 50, 83, 30, 244, 55]
RKP_00500_00100_1_07.txt|1721.66|1904|0.003852279999999997|[97, 22, 40, 47, 126, 257, 31, 16, 461, 492, 133, 183, 2, 4, 80, 322, 39, 469, 206, 21, 7, 3, 410, 192, 165, 89, 49]
RKP_00500_00100_1_08.txt|1417.86|1618|0.003803820999999985|[29, 146, 10, 258, 332, 185, 1, 4, 225, 156, 357, 63, 35, 378, 32, 7, 11, 106, 25, 165, 3, 16, 2]
RKP_00500_00100_1_09.txt|1403.63|1540|0.0038398150000000177|[19, 39, 108, 307, 229, 221, 210, 77, 173, 11, 1, 27, 148, 180, 16, 93, 153, 163, 113, 496, 151, 54, 344]
RKP_00500_00100_1_10.txt|1362.45|1492|0.003965454999999975|[277, 62, 5, 413, 4, 75, 234, 31, 21, 33, 342, 8, 78, 14, 9, 3, 162, 137, 6, 1, 214, 105, 84]
RKP_00500_00100_2_01.txt|187.48|224|0.0037299100000000606|[226, 168, 11, 259, 39, 16, 32, 137, 60, 148, 102, 3, 150, 20, 241, 347]
RKP_00500_00100_2_02.txt|188.15|227|0.0037779370000000333|[65, 336, 314, 156, 142, 131, 4, 441, 186, 21, 100, 141, 112, 16, 6]
RKP_00500_00100_2_03.txt|191.73|223|0.0038369470000001018|[155, 107, 135, 154, 382, 64, 3, 104, 166, 18, 60, 318, 151, 370, 436, 97, 164, 149]
RKP_00500_00100_2_04.txt|175.72|222|0.003675728000000067|[112, 55, 216, 11, 14, 125, 429, 163, 9, 58, 20, 38, 19, 16, 8, 236, 59, 105]
RKP_00500_00100_2_05.txt|169.04|201|0.0037135979999999157|[10, 48, 4, 87, 77, 34, 5, 52, 25, 55, 43, 320, 200, 260]
RKP_00500_00100_2_06.txt|164.14|203|0.003684065999999966|[70, 9, 18, 1, 117, 57, 50, 5, 203, 452, 24, 89, 358, 134]
RKP_00500_00100_2_07.txt|166.56|202|0.003621616999999908|[1, 260, 292, 452, 83, 3, 123, 129, 17, 4, 9, 162, 278, 2, 134, 75]
RKP_00500_00100_2_08.txt|164.13|193|0.003559370999999949|[1, 96, 3, 50, 123, 23, 350, 54, 495, 43, 402, 87, 130]
RKP_00500_00100_2_09.txt|147.12|174|0.0036401510000000493|[335, 108, 304, 87, 433, 52, 115, 176, 16, 72, 74]
RKP_00500_00100_2_10.txt|150.71|183|0.003588917999999879|[116, 21, 20, 216, 83, 46, 62, 76, 274, 157]
RKP_00500_00100_3_01.txt|270.64|302|0.0037285919999998996|[96, 43, 1, 3, 5, 11, 143, 2, 38, 240, 78, 33, 260, 36, 293, 343, 462, 4, 7, 394]
RKP_00500_00100_3_02.txt|332.38|378|0.003845481000000053|[26, 5, 20, 39, 56, 152, 160, 189, 64, 111, 202, 7, 38, 336, 413, 68, 162, 18, 143, 398, 1, 4, 73, 103, 110, 167, 172, 173]
RKP_00500_00100_3_03.txt|313.17|349|0.0037201409999999234|[1, 264, 9, 52, 71, 93, 113, 148, 444, 454, 198, 266, 292, 14, 191, 5, 123, 139, 75, 111, 121, 322, 35, 144, 351]
RKP_00500_00100_3_04.txt|319.94|360|0.0036741650000000447|[168, 280, 282, 2, 66, 68, 104, 312, 103, 119, 146, 156, 20, 125, 217, 453, 8, 9, 159, 3, 24, 6, 60, 209, 278, 350]
RKP_00500_00100_3_05.txt|329.81|371|0.003778988999999946|[33, 143, 381, 8, 108, 294, 382, 12, 225, 377, 417, 9, 102, 196, 340, 189, 167, 208, 140, 248, 1, 74, 92, 106, 319, 288, 434]
RKP_00500_00100_3_06.txt|290.7|331|0.003693439999999981|[242, 433, 16, 52, 204, 283, 12, 73, 90, 19, 7, 404, 25, 330, 405, 5, 24, 45, 186, 189, 311, 70, 284]
RKP_00500_00100_3_07.txt|275.76|311|0.003630747000000092|[5, 33, 2, 3, 76, 326, 37, 102, 24, 77, 244, 7, 91, 193, 487, 17, 30, 196, 200, 35, 114]
RKP_00500_00100_3_08.txt|359.72|391|0.003794003999999962|[49, 133, 14, 31, 57, 63, 90, 114, 275, 301, 484, 4, 26, 93, 141, 10, 64, 12, 13, 16, 19, 58, 62, 84, 144, 150, 172, 451, 34]
RKP_00500_00100_3_09.txt|316.03|351|0.003709378999999995|[70, 104, 2, 4, 12, 58, 154, 169, 231, 3, 24, 108, 208, 59, 13, 90, 152, 148, 171, 294, 347, 434, 18, 32, 35]
RKP_00500_00100_3_10.txt|303.74|342|0.0036601600000000724|[18, 1, 40, 153, 159, 183, 189, 322, 3, 7, 193, 38, 36, 60, 222, 282, 2, 114, 71, 13, 165, 305, 51, 128]
RKP_00500_00100_4_01.txt|99.69|100|0.003490926000000023|[434]
RKP_00500_00100_4_02.txt|99.71|100|0.003526993999999792|[431]
RKP_00500_00100_4_03.txt|99.8|100|0.0035481109999999914|[434]
RKP_00500_00100_4_04.txt|99.52|100|0.003464184999999951|[469]
RKP_00500_00100_4_05.txt|99.92|100|0.003461734000000014|[440]
RKP_00500_00100_4_06.txt|99.02|100|0.003483993999999946|[431]
RKP_00500_00100_4_07.txt|99.58|100|0.0034896559999998546|[467]
RKP_00500_00100_4_08.txt|99.61|100|0.0034676829999999727|[449]
RKP_00500_00100_4_09.txt|99.78|100|0.003466704000000256|[496]
RKP_00500_00100_4_10.txt|99.4|100|0.0034464619999998547|[473]
RKP_00500_00100_5_01.txt|92.99|110|0.0034992659999999276|[12, 14, 17, 19, 31, 36, 40]
RKP_00500_00100_5_02.txt|96.9|117|0.003559668000000045|[13, 26, 29, 30, 32]
RKP_00500_00100_5_03.txt|92.06|111|0.0035573789999998693|[6, 9, 10, 11, 14, 16, 20, 24]
RKP_00500_00100_5_04.txt|92.63|111|0.0035019470000001007|[5, 9, 18, 20, 26, 38, 44, 49]
RKP_00500_00100_5_05.txt|93.14|109|0.0035452559999998813|[6, 18, 19, 22, 26, 29, 31]
RKP_00500_00100_5_06.txt|95.82|109|0.003517097999999841|[14, 23, 25, 37, 45, 49, 56]
RKP_00500_00100_5_07.txt|93.39|109|0.0036113519999997124|[3, 6, 10, 13, 15, 16, 18, 27]
RKP_00500_00100_5_08.txt|92.12|114|0.0035104789999997974|[11, 19, 22, 28, 29, 30, 32]
RKP_00500_00100_5_09.txt|92.68|116|0.0035082029999999164|[11, 20, 21, 23, 25, 26]
RKP_00500_00100_5_10.txt|88.26|107|0.0035021740000001243|[4, 8, 28, 31, 32, 37, 38]
RKP_01000_00100_1_01.txt|1835.14|2062|0.010486809000000256|[261, 50, 123, 51, 27, 67, 10, 8, 560, 531, 91, 151, 606, 97, 19, 347, 4, 47, 260, 2, 64, 147, 404, 700, 910, 465, 314, 13, 432, 42]
RKP_01000_00100_1_02.txt|1766.54|1961|0.010359067000000301|[294, 16, 182, 584, 292, 30, 519, 696, 171, 754, 599, 624, 337, 195, 32, 486, 9, 557, 72, 201, 38, 193, 359, 1, 21, 60, 6, 49, 8, 2, 527, 50]
RKP_01000_00100_1_03.txt|1798.06|1975|0.010358539999999933|[174, 199, 800, 50, 869, 498, 4, 128, 172, 252, 3, 725, 145, 116, 535, 206, 32, 114, 276, 57, 2, 48, 56, 1, 414, 14, 326, 182, 19]
RKP_01000_00100_1_04.txt|2076.18|2205|0.01039298700000014|[247, 566, 429, 12, 733, 1, 726, 2, 283, 75, 44, 14, 69, 151, 165, 204, 172, 53, 5, 277, 758, 67, 20, 732, 263, 255, 163, 3, 857, 150, 889]
RKP_01000_00100_1_05.txt|1868.35|2066|0.010289777000000165|[207, 75, 121, 41, 89, 915, 673, 776, 39, 16, 123, 12, 582, 26, 865, 1, 29, 635, 198, 49, 1000, 696, 602, 307, 3, 333, 37, 23, 51, 222]
RKP_01000_00100_1_06.txt|2176.15|2336|0.010450445999999936|[790, 33, 1, 99, 168, 242, 383, 6, 10, 349, 52, 58, 4, 265, 57, 255, 38, 117, 236, 210, 546, 78, 56, 108, 235, 250, 993, 442, 645, 120, 23, 5, 632, 44]
RKP_01000_00100_1_07.txt|2223.97|2392|0.01045201599999988|[226, 3, 7, 128, 874, 204, 440, 130, 37, 778, 382, 342, 372, 86, 436, 641, 42, 146, 556, 127, 628, 49, 547, 274, 15, 129, 190, 90, 476, 19, 170, 88]
RKP_01000_00100_1_08.txt|1959.36|2135|0.010435166999999943|[68, 223, 356, 922, 15, 422, 4, 5, 7, 29, 390, 780, 421, 16, 111, 1, 145, 149, 80, 6, 210, 162, 716, 22, 303, 242, 403, 274, 366, 26, 118]
RKP_01000_00100_1_09.txt|1889.81|2061|0.010472719999999996|[196, 31, 36, 17, 513, 672, 103, 782, 925, 168, 170, 14, 133, 213, 248, 27, 509, 728, 150, 290, 258, 8, 48, 691, 1, 898, 25, 32, 262]
RKP_01000_00100_1_10.txt|2170.64|2331|0.010365605999999694|[785, 111, 8, 534, 55, 491, 669, 968, 19, 466, 76, 618, 43, 1, 50, 188, 286, 253, 331, 399, 295, 198, 104, 368, 825, 58, 916, 463, 928, 159, 37, 20, 480, 813]
RKP_01000_00100_2_01.txt|213.18|246|0.01021970800000055|[3, 7, 264, 16, 253, 380, 185, 24, 47, 209, 33, 41, 470, 12, 374, 90, 88, 901, 48, 13]
RKP_01000_00100_2_02.txt|191.32|224|0.010195209999999691|[202, 311, 63, 73, 179, 547, 357, 183, 8, 84, 385, 77, 901, 262, 35, 186, 477, 782]
RKP_01000_00100_2_03.txt|245.02|280|0.010369275999999842|[87, 84, 417, 5, 330, 416, 97, 171, 81, 123, 335, 33, 13, 256, 340, 186, 371, 708, 225, 7, 266, 58]
RKP_01000_00100_2_04.txt|216.08|246|0.010359215999999165|[443, 94, 60, 35, 123, 428, 184, 504, 8, 782, 37, 207, 246, 106, 620, 111, 420, 21]
RKP_01000_00100_2_05.txt|216.95|253|0.010352882999999622|[152, 7, 742, 84, 380, 428, 222, 409, 299, 30, 501, 2, 5, 12, 214, 351, 172, 420, 293, 111, 713, 339]
RKP_01000_00100_2_06.txt|239.03|267|0.010449348999999586|[647, 33, 1, 16, 122, 876, 805, 6, 154, 138, 8, 48, 827, 290, 894, 858, 17, 541, 590, 230, 537, 35, 149]
RKP_01000_00100_2_07.txt|209.29|245|0.010297370999999984|[531, 796, 208, 396, 7, 950, 3, 378, 284, 61, 821, 1, 173, 337, 405, 47, 46, 138, 81, 457, 21, 255]
RKP_01000_00100_2_08.txt|231.26|268|0.010318443000000456|[44, 39, 129, 609, 862, 26, 11, 406, 1, 49, 175, 131, 121, 16, 198, 485, 661, 3, 7, 141, 19, 618]
RKP_01000_00100_2_09.txt|201.22|230|0.010342091000000124|[436, 417, 904, 656, 205, 651, 31, 127, 382, 225, 9, 118, 1, 25, 176, 316, 109, 297]
RKP_01000_00100_2_10.txt|232.33|258|0.010380621000000262|[252, 1, 164, 15, 4, 309, 564, 548, 163, 409, 191, 78, 341, 755, 196, 155, 521, 8, 356, 55, 82, 56, 694]
RKP_01000_00100_3_01.txt|412.08|461|0.01048178400000019|[11, 94, 322, 567, 605, 32, 49, 51, 65, 119, 133, 249, 337, 537, 659, 763, 857, 22, 351, 634, 28, 100, 297, 68, 127, 308, 1, 15, 55, 186, 340, 348, 456, 464, 704, 740]
RKP_01000_00100_3_02.txt|384.03|421|0.010697146000000544|[295, 3, 300, 533, 19, 24, 110, 216, 9, 18, 25, 120, 137, 138, 654, 286, 42, 77, 112, 449, 576, 751, 306, 366, 37, 69, 79, 94, 126, 176, 318, 644]
RKP_01000_00100_3_03.txt|406.24|475|0.011289716999999796|[54, 143, 270, 392, 74, 99, 321, 443, 738, 822, 1, 13, 17, 31, 93, 325, 378, 431, 692, 836, 22, 44, 142, 625, 8, 87, 213, 199, 3, 84, 170, 175, 204, 222, 530, 580, 652, 994]
RKP_01000_00100_3_04.txt|406.1|449|0.010700758000000334|[1, 9, 449, 740, 786, 4, 16, 235, 29, 31, 41, 161, 293, 550, 42, 142, 149, 274, 277, 305, 389, 645, 119, 433, 24, 35, 53, 309, 68, 7, 401, 28, 5, 44, 65]
RKP_01000_00100_3_05.txt|367.57|401|0.010463624999999794|[460, 2, 5, 23, 31, 108, 144, 141, 57, 183, 630, 661, 204, 315, 876, 910, 50, 674, 851, 117, 119, 778, 11, 18, 323, 24, 29, 46, 163, 172]
RKP_01000_00100_3_06.txt|366.98|411|0.010543297000000394|[204, 6, 16, 28, 207, 278, 5, 14, 36, 112, 242, 249, 153, 239, 64, 3, 345, 450, 47, 174, 349, 388, 1, 7, 22, 37, 224, 347, 471, 886, 970]
RKP_01000_00100_3_07.txt|415.62|470|0.010572574999999916|[23, 53, 129, 591, 1, 27, 38, 354, 56, 282, 337, 402, 12, 16, 20, 112, 169, 190, 231, 695, 822, 888, 8, 17, 791, 130, 167, 870, 342, 713, 860, 4, 5, 433, 605, 750, 867]
RKP_01000_00100_3_08.txt|327.73|380|0.010357708000000514|[198, 129, 7, 145, 252, 292, 636, 703, 35, 179, 340, 118, 152, 883, 528, 265, 217, 18, 25, 214, 822, 1, 2, 71, 89, 97, 131, 266]
RKP_01000_00100_3_09.txt|355.18|400|0.01044316500000015|[83, 211, 871, 6, 16, 26, 48, 77, 257, 23, 480, 647, 2, 446, 19, 100, 228, 547, 8, 372, 459, 814, 61, 17, 216, 318, 385, 403, 578, 758]
RKP_01000_00100_3_10.txt|388.77|450|0.010336100999999829|[10, 156, 245, 22, 46, 334, 37, 56, 104, 319, 439, 964, 12, 26, 524, 677, 764, 61, 566, 687, 29, 236, 686, 136, 528, 3, 16, 18, 35, 72, 106, 169, 227, 467, 632]
RKP_01000_00100_4_01.txt|99.64|100|0.010119329000000335|[919]
RKP_01000_00100_4_02.txt|99.78|100|0.010323245000000085|[858]
RKP_01000_00100_4_03.txt|99.98|100|0.010132881999999555|[942]
RKP_01000_00100_4_04.txt|99.99|100|0.010121238999999562|[838]
RKP_01000_00100_4_05.txt|99.98|100|0.010137541999999939|[851]
RKP_01000_00100_4_06.txt|99.77|100|0.01017183500000023|[977]
RKP_01000_00100_4_07.txt|99.75|100|0.010334765000000488|[888]
RKP_01000_00100_4_08.txt|99.99|100|0.01013594299999987|[851]
RKP_01000_00100_4_09.txt|99.92|100|0.010111862000000115|[877]
RKP_01000_00100_4_10.txt|99.98|100|0.010114603000000387|[884]
RKP_01000_00100_5_01.txt|94.77|110|0.010088015999999698|[6, 18, 21, 25, 26, 27, 29, 34, 37, 45]
RKP_01000_00100_5_02.txt|93.51|112|0.010091625000000022|[9, 12, 13, 15, 16, 20, 33, 35, 36]
RKP_01000_00100_5_03.txt|92.92|108|0.01010535600000054|[21, 22, 34, 38, 39, 51, 59, 66, 67]
RKP_01000_00100_5_04.txt|93.91|106|0.010147121999999627|[7, 14, 16, 19, 28, 32, 36, 40, 41, 43, 45, 46]
RKP_01000_00100_5_05.txt|94.02|110|0.010123443000000237|[17, 26, 33, 41, 48, 51]
RKP_01000_00100_5_06.txt|94.71|107|0.010287057000000176|[5, 13, 17, 20, 21, 25, 40, 43, 45]
RKP_01000_00100_5_07.txt|93.1|104|0.010160666999999962|[6, 8, 9, 11, 14, 17, 21, 24, 31, 42, 50]
RKP_01000_00100_5_08.txt|95.39|109|0.010170819000000648|[11, 17, 18, 21, 23, 25, 38, 39, 40]
RKP_01000_00100_5_09.txt|94.77|111|0.010062418000000264|[10, 15, 24, 25, 35, 37, 40, 43]
RKP_01000_00100_5_10.txt|93.07|111|0.01014068099999946|[9, 17, 18, 19, 26, 31, 33, 36]
RKP_05000_00100_1_01.txt|4029.78|4411|0.17291929800000005|[302, 1, 2091, 20, 1406, 2106, 3411, 49, 59, 852, 2548, 21, 31, 1275, 1839, 1373, 3, 2556, 4, 22, 5, 9, 553, 1021, 8, 1465, 3645, 642, 1268, 540, 116, 1244, 1264, 589, 51, 1070, 904, 1485, 150, 1700, 1482, 424, 68, 2398, 1366, 3733, 4536, 4566, 10, 2432, 89, 213, 1277, 155, 1181, 1207, 24, 115, 99, 2478]
RKP_05000_00100_1_02.txt|3982.92|4259|0.1793034979999996|[171, 892, 4439, 42, 716, 16, 601, 135, 374, 18, 2809, 3107, 130, 3648, 463, 2939, 3415, 60, 2669, 31, 277, 28, 75, 448, 275, 1585, 44, 357, 2056, 4066, 1099, 73, 350, 4311, 4651, 2793, 174, 2, 238, 398, 176, 1210, 2337, 445, 497, 104, 2020, 1201, 149, 2182, 501, 3013, 1, 347, 338]
RKP_05000_00100_1_03.txt|3938.2|4145|0.173822246000001|[591, 27, 3801, 114, 1171, 3005, 6, 304, 2, 2646, 22, 2797, 929, 1020, 961, 219, 1355, 350, 1069, 207, 3382, 1179, 4798, 81, 4693, 52, 4396, 4053, 336, 136, 193, 1784, 1284, 1193, 1332, 1588, 2096, 10, 2992, 3261, 4, 3127, 1520, 358, 259, 3471, 26, 1880, 1417, 3686, 59, 1634, 4436, 3036]
RKP_05000_00100_1_04.txt|3643.68|3897|0.17611081300000023|[2, 38, 713, 3064, 4470, 4280, 3198, 579, 3338, 131, 3225, 3474, 3503, 3605, 795, 455, 2831, 41, 557, 792, 979, 1048, 147, 2594, 7, 936, 4320, 1931, 69, 378, 1814, 104, 997, 1659, 23, 48, 2528, 261, 1521, 5, 218, 1395, 1, 135, 58, 889, 2471, 2030, 2046, 444, 1333, 3644, 3336, 16, 868, 1633]
RKP_05000_00100_1_05.txt|3677.82|3935|0.18394828199999977|[38, 3856, 16, 33, 53, 2549, 60, 4969, 119, 96, 92, 4179, 356, 1088, 23, 64, 3160, 1169, 644, 541, 14, 2922, 542, 4588, 428, 2, 8, 907, 660, 1759, 2537, 30, 667, 1510, 1433, 2850, 530, 20, 1818, 4, 1309, 2362, 3939, 174, 6, 2353, 79, 306, 1432, 384, 396, 2447, 101, 2995]
RKP_05000_00100_1_06.txt|3835.32|4067|0.173185354|[745, 152, 807, 1606, 2, 108, 2608, 866, 45, 41, 208, 1799, 747, 219, 569, 377, 4655, 25, 139, 1186, 457, 155, 594, 1295, 554, 2055, 3167, 1485, 189, 3825, 691, 3708, 841, 9, 133, 1474, 30, 645, 62, 1279, 896, 860, 3, 122, 329, 1512, 8, 1319, 435, 21, 701, 14, 3742, 552, 17, 11, 147]
RKP_05000_00100_1_07.txt|4308.4|4540|0.17341412100000014|[30, 244, 55, 3419, 876, 1762, 124, 4, 931, 2591, 1401, 2367, 1199, 155, 646, 1674, 3473, 219, 1, 97, 180, 1299, 1149, 1827, 118, 5, 2207, 3167, 1437, 2438, 1187, 582, 188, 811, 3320, 2037, 60, 204, 2883, 568, 127, 1713, 229, 11, 32, 1222, 194, 303, 58, 54, 1758, 2008, 79, 90, 451, 892, 991, 453, 13, 3111, 3370]
RKP_05000_00100_1_08.txt|3882.26|4074|0.17402309799999982|[820, 82, 288, 1717, 4811, 3226, 3137, 4473, 215, 183, 4638, 2845, 25, 1318, 538, 341, 6, 186, 441, 29, 2399, 1029, 906, 2994, 3876, 264, 266, 816, 1186, 2248, 2054, 2250, 300, 502, 221, 1, 257, 1518, 276, 3259, 4344, 275, 148, 154, 179, 687, 985, 1267, 84, 674, 798, 739, 4697, 48, 120, 52, 22, 2780]
RKP_05000_00100_1_09.txt|3489.93|3832|0.1734609500000016|[30, 3697, 2349, 2807, 4156, 588, 83, 1309, 325, 796, 2965, 786, 2596, 270, 816, 43, 1736, 4135, 1945, 4220, 1869, 3051, 445, 635, 178, 3, 593, 802, 185, 410, 1929, 4424, 350, 1184, 1399, 1441, 28, 2868, 1363, 4704, 3759, 4341, 10, 121, 2, 70, 133, 3572, 74, 423, 1856, 463]
RKP_05000_00100_1_10.txt|3917.88|4156|0.1740425240000013|[48, 482, 1091, 1422, 4572, 8, 153, 795, 3734, 654, 445, 1804, 43, 1395, 3373, 437, 2061, 230, 3176, 304, 25, 629, 3086, 83, 564, 612, 429, 14, 176, 189, 131, 321, 2149, 4544, 2958, 143, 307, 4813, 111, 1350, 902, 3078, 3065, 352, 443, 2755, 780, 1342, 3772, 2, 2616, 4369, 253, 60, 540, 1, 4883]
RKP_05000_00100_2_01.txt|354.02|382|0.172963290000003|[1741, 3020, 77, 2000, 2210, 148, 220, 540, 626, 1647, 1835, 2120, 2295, 44, 110, 144, 2729, 3573, 2218, 1715, 204, 493, 560, 948, 1095, 2367, 1846, 551, 2019, 3518, 534, 2133, 1753, 74, 1247, 676]
RKP_05000_00100_2_02.txt|415.84|448|0.1733796739999974|[407, 4978, 35, 3, 298, 8, 22, 578, 871, 2992, 3004, 4347, 4384, 152, 677, 1014, 2360, 2501, 455, 532, 656, 1793, 3238, 536, 61, 242, 556, 1307, 29, 1570, 4063, 71, 1674, 2479, 4, 73, 1493, 2707, 1540, 2274, 10, 1178, 1770, 234, 14]
RKP_05000_00100_2_03.txt|381.44|408|0.17283252299999957|[1867, 1122, 1234, 39, 388, 840, 895, 3969, 2606, 4206, 9, 185, 711, 769, 1469, 3625, 4655, 1, 1463, 4547, 54, 839, 1184, 2655, 242, 710, 4989, 159, 2287, 3701, 3318, 17, 87, 1775, 2038, 231, 4, 826, 2844, 4806]
RKP_05000_00100_2_04.txt|354.97|384|0.17320102399999712|[674, 531, 45, 283, 483, 491, 687, 1415, 1565, 1633, 35, 1107, 67, 156, 506, 2299, 3108, 3838, 950, 109, 2042, 2126, 4139, 143, 1295, 12, 168, 3153, 387, 709, 1555, 217, 620, 1516, 42, 1864]
RKP_05000_00100_2_05.txt|390.46|423|0.17328569499999788|[1029, 1654, 2545, 3374, 99, 1903, 3758, 612, 3241, 452, 522, 1741, 167, 2815, 413, 274, 355, 2365, 2703, 3238, 3555, 23, 31, 489, 1735, 991, 148, 545, 2083, 101, 956, 2696, 2746, 5, 22, 52, 942, 1224, 2332, 3226, 534]
RKP_05000_00100_2_06.txt|376.92|413|0.1726392939999994|[2322, 2148, 62, 6, 356, 2040, 2408, 1688, 1, 326, 1433, 3682, 210, 1109, 1288, 2453, 926, 222, 1383, 23, 466, 2039, 2974, 374, 342, 29, 861, 2072, 9, 135, 816, 1581, 2118, 3347, 3054, 3331, 273, 1508, 136, 324, 758]
RKP_05000_00100_2_07.txt|372.69|403|0.1728123230000017|[79, 2751, 180, 1389, 2419, 260, 595, 2323, 105, 373, 261, 1063, 3555, 1, 74, 244, 396, 2332, 2528, 649, 49, 216, 744, 2, 2641, 28, 345, 2446, 7, 516, 109, 729, 3761, 100, 71, 333, 4372, 1447, 3132]
RKP_05000_00100_2_08.txt|361.93|402|0.17409163199999683|[792, 11, 3421, 2, 41, 636, 1387, 1617, 23, 79, 98, 524, 560, 671, 1700, 367, 869, 342, 94, 672, 1273, 2312, 25, 199, 1301, 34, 491, 2522, 1204, 1011, 166, 14, 152, 953, 2584, 2915, 745, 72, 84, 2112, 52, 24, 1638]
RKP_05000_00100_2_09.txt|401.86|437|0.17360856399999988|[2692, 4778, 86, 3113, 112, 392, 846, 2179, 142, 2196, 218, 6, 18, 355, 1203, 1335, 61, 955, 5, 151, 1149, 1331, 2213, 15, 4171, 13, 45, 66, 433, 1873, 2352, 2953, 1383, 2109, 293, 294, 2459, 1710, 242, 309, 88, 1338, 2318, 4070]
RKP_05000_00100_2_10.txt|360.11|393|0.17348097399999973|[2435, 502, 113, 2283, 2318, 2768, 4994, 19, 136, 326, 291, 120, 978, 3077, 1547, 1773, 4012, 302, 275, 3300, 935, 48, 1608, 58, 8, 956, 2430, 3492, 477, 688, 1440, 2728, 1648, 2665, 250, 918, 1932]
RKP_05000_00100_3_01.txt|692.55|770|0.17373933500000022|[83, 224, 312, 610, 661, 692, 3272, 5, 18, 28, 44, 67, 109, 322, 676, 948, 1187, 1286, 1363, 1556, 1636, 1702, 2090, 3020, 3323, 4835, 459, 519, 700, 922, 1102, 4495, 4526, 1, 3, 8, 10, 11, 26, 48, 97, 145, 231, 279, 288, 334, 349, 361, 465, 471, 588, 900, 1006, 1096, 1192, 1272, 1725, 1751, 1768, 2039, 2321, 2608, 3252, 3292, 3674, 3675, 4195]
RKP_05000_00100_3_02.txt|653.11|820|0.17309491799999704|[22, 203, 312, 313, 496, 542, 1047, 1664, 2674, 2772, 3645, 54, 74, 97, 168, 175, 242, 330, 863, 1147, 1326, 3234, 3504, 35, 77, 159, 620, 634, 1039, 1497, 1697, 1, 9, 36, 38, 55, 93, 94, 98, 132, 145, 148, 167, 219, 254, 272, 301, 351, 356, 373, 392, 415, 434, 472, 512, 776, 856, 973, 989, 1092, 1119, 1136, 1267, 1271, 1335, 1834, 1876, 2362, 2409, 2689, 2722, 2762]
RKP_05000_00100_3_03.txt|733.6|840|0.17621648899999967|[1, 20, 21, 76, 129, 140, 520, 945, 1109, 1305, 1409, 1487, 1571, 2676, 2984, 4440, 4547, 14, 165, 963, 1051, 1732, 2079, 2662, 3260, 3663, 4111, 56, 400, 486, 1686, 1796, 2224, 4742, 4898, 5, 6, 15, 27, 52, 86, 96, 156, 159, 191, 205, 258, 283, 341, 387, 403, 820, 894, 914, 977, 1058, 1226, 1256, 1304, 1459, 1558, 1712, 1847, 1888, 1941, 2793, 2858, 2962, 2989, 3115, 4254, 4520, 4528, 4563]
RKP_05000_00100_3_04.txt|693.27|820|0.17875470899999754|[9, 365, 578, 769, 898, 1227, 2274, 3111, 24, 66, 68, 266, 282, 315, 377, 1293, 1817, 4136, 6, 272, 302, 1442, 1800, 2777, 2879, 3008, 3313, 1, 5, 11, 16, 48, 56, 59, 100, 298, 318, 320, 325, 375, 446, 688, 708, 759, 770, 808, 984, 1024, 1182, 1193, 1264, 1283, 1338, 1348, 1433, 1570, 1739, 1757, 1788, 1905, 2156, 2340, 2386, 2433, 2600, 2634, 2810, 3384, 3639, 3851, 4679, 4996]
RKP_05000_00100_3_05.txt|661.65|690|0.17428230599999778|[32, 295, 950, 973, 1668, 2337, 2456, 2928, 4423, 230, 235, 435, 448, 486, 769, 994, 1088, 1760, 1858, 2837, 2877, 3753, 4074, 4118, 2, 11, 63, 110, 120, 289, 341, 404, 582, 1780, 1886, 1921, 2353, 7, 79, 122, 238, 292, 362, 480, 485, 513, 573, 638, 669, 905, 909, 936, 2040, 2596, 2714, 3114, 3135, 4073, 4398]
RKP_05000_00100_3_06.txt|690.88|830|0.17622577900000805|[15, 32, 119, 248, 838, 1046, 2159, 2528, 2710, 3082, 3112, 4282, 82, 108, 157, 434, 899, 1393, 1702, 1727, 2299, 2535, 4151, 718, 806, 898, 2259, 2331, 2417, 3673, 3996, 1, 2, 10, 24, 26, 27, 35, 58, 68, 79, 103, 113, 121, 179, 203, 244, 270, 352, 452, 492, 551, 564, 638, 683, 755, 796, 956, 1130, 1148, 1376, 1451, 1477, 1657, 1698, 1735, 1860, 1884, 2205, 2457, 2738, 2878, 2889]
RKP_05000_00100_3_07.txt|680.11|830|0.1748825329999977|[1, 14, 99, 169, 356, 362, 817, 1095, 1960, 2632, 2701, 32, 68, 185, 526, 719, 1663, 2232, 5, 8, 61, 69, 80, 97, 102, 1368, 1571, 2144, 10, 16, 18, 20, 30, 77, 89, 93, 98, 114, 119, 189, 206, 213, 222, 281, 304, 372, 416, 495, 500, 507, 523, 550, 699, 729, 750, 812, 876, 883, 890, 980, 1030, 1453, 1577, 1615, 1833, 1892, 2113, 2510, 2667, 2869, 3232, 3416, 3653]
RKP_05000_00100_3_08.txt|683.92|830|0.17464027399999738|[1, 13, 92, 161, 346, 428, 557, 1502, 2430, 2702, 3001, 3335, 3410, 3821, 4353, 36, 59, 89, 115, 296, 484, 940, 1028, 1047, 1914, 3476, 8, 9, 122, 321, 500, 1351, 3112, 3128, 5, 17, 28, 47, 97, 100, 101, 129, 169, 215, 227, 238, 328, 343, 382, 491, 563, 572, 645, 700, 925, 969, 1076, 1208, 1238, 1240, 1244, 1355, 1414, 1478, 1517, 1589, 1802, 1973, 2091, 2154, 2276, 2572, 3330]
RKP_05000_00100_3_09.txt|724.18|850|0.1729427940000028|[55, 137, 355, 409, 827, 1913, 2372, 2862, 2897, 3500, 3562, 4681, 29, 57, 307, 447, 501, 579, 610, 1074, 1499, 1818, 2805, 2885, 3071, 3477, 3596, 3830, 4677, 70, 523, 715, 3114, 1, 2, 4, 24, 40, 63, 94, 205, 217, 262, 271, 288, 466, 585, 600, 636, 662, 696, 789, 839, 981, 986, 1067, 1161, 1532, 1558, 1683, 2033, 2048, 2227, 2453, 2595, 2609, 2846, 2925, 3120, 3603, 3727, 3987, 4348, 4813, 4902]
RKP_05000_00100_3_10.txt|753.95|830|0.17343542099999695|[21, 438, 659, 860, 881, 2312, 3361, 3869, 4448, 2, 11, 138, 166, 211, 526, 559, 614, 933, 1457, 1688, 2583, 3415, 3506, 4016, 112, 446, 1026, 1291, 2487, 3609, 3, 8, 19, 27, 30, 47, 52, 63, 119, 173, 216, 236, 252, 283, 383, 627, 666, 775, 787, 1046, 1075, 1166, 1419, 1426, 1430, 1463, 1547, 1938, 1946, 2107, 2181, 2195, 2235, 2244, 2477, 2567, 2929, 2988, 2990, 3877, 3997, 4628, 4783]
RKP_05000_00100_4_01.txt|100.0|100|0.17258722799999304|[4248]
RKP_05000_00100_4_02.txt|100.0|100|0.17207861000000094|[4350]
RKP_05000_00100_4_03.txt|100.0|100|0.17290258999999877|[4277]
RKP_05000_00100_4_04.txt|100.0|100|0.17280774000000065|[4263]
RKP_05000_00100_4_05.txt|100.0|100|0.17197373199999902|[4218]
RKP_05000_00100_4_06.txt|100.0|100|0.172315501999999|[4251]
RKP_05000_00100_4_07.txt|100.0|100|0.17269346699999916|[4427]
RKP_05000_00100_4_08.txt|100.0|100|0.17231435800000441|[4235]
RKP_05000_00100_4_09.txt|100.0|100|0.17213035900000023|[4209]
RKP_05000_00100_4_10.txt|100.0|100|0.1735747120000019|[4366]
RKP_05000_00100_5_01.txt|95.31|102|0.17247895199999902|[6, 16, 29, 33, 41, 43, 46, 47, 51, 53, 54, 57, 58, 59]
RKP_05000_00100_5_02.txt|97.37|105|0.17256006400000046|[4, 16, 18, 24, 35, 36, 37, 41, 44, 48, 50]
RKP_05000_00100_5_03.txt|96.78|106|0.17255957900000113|[20, 22, 24, 35, 36, 37, 40, 41, 53, 60, 61, 65, 67, 71, 73, 77, 78]
RKP_05000_00100_5_04.txt|96.57|107|0.1713471200000049|[7, 11, 15, 22, 24, 25, 26, 31, 32, 40, 44, 45, 48, 50, 51]
RKP_05000_00100_5_05.txt|96.95|105|0.1724406010000041|[7, 17, 20, 26, 29, 32, 40, 45, 54, 56, 62, 64, 65]
RKP_05000_00100_5_06.txt|95.52|105|0.17208568000000127|[8, 15, 17, 24, 25, 30, 38, 39, 42, 43, 44, 50, 51, 55, 62, 63]
RKP_05000_00100_5_07.txt|96.72|103|0.17163616799999773|[4, 7, 9, 10, 16, 19, 24, 27, 30, 31, 35, 40, 42, 43, 46, 48, 52, 55]
RKP_05000_00100_5_08.txt|95.69|104|0.17147908099999995|[9, 15, 33, 46, 64, 65, 67, 68, 69, 70, 71, 73, 77]
RKP_05000_00100_5_09.txt|96.31|105|0.1728051420000031|[8, 13, 23, 27, 29, 31, 34, 37, 61, 66, 72, 76, 77, 96]
RKP_05000_00100_5_10.txt|97.04|104|0.17226747899999964|[8, 14, 18, 25, 26, 27, 29, 38, 47, 54, 61, 63, 66, 71]
RKP_05000_01000_1_01.txt|52204.65|54691|0.17820077200000015|[424, 4971, 1742, 53, 3485, 328, 164, 23, 2254, 700, 1034, 1232, 13, 732, 866, 18, 661, 2, 226, 3799, 3791, 151, 96, 3256, 15, 17, 751, 399, 3187, 1233, 271, 1196, 1858, 969, 252, 2481, 921, 1724, 1756, 212, 82, 778, 1591, 2077, 1387, 1841, 4129, 1, 334, 379, 123, 1431, 4223, 4479, 78, 3776, 1214, 32, 1564, 2777, 1919, 439, 1979, 3534, 58, 1678, 491, 2629, 2318, 86, 8, 10, 2266, 368, 1035, 16, 456, 2567, 684]
RKP_05000_01000_1_02.txt|55036.63|57446|0.1787183600000003|[89, 918, 728, 3565, 406, 588, 1337, 2800, 622, 1261, 304, 2745, 988, 1590, 222, 36, 506, 675, 4489, 7, 425, 2379, 1205, 39, 109, 3628, 1277, 3, 694, 4961, 1055, 3585, 539, 84, 928, 2120, 1414, 78, 2229, 2750, 22, 165, 646, 41, 130, 4414, 3875, 2832, 2594, 2825, 10, 153, 282, 235, 1687, 1698, 1403, 1455, 332, 11, 57, 2011, 1318, 1999, 120, 3349, 2769, 17, 772, 155, 837, 1666, 1677, 620, 1311, 1329, 337, 965, 368]
RKP_05000_01000_1_03.txt|49426.21|51695|0.17744906500000412|[1614, 3276, 882, 1039, 24, 1415, 1534, 339, 1027, 533, 22, 2471, 344, 1339, 1854, 1150, 479, 2688, 165, 135, 4104, 1822, 852, 272, 940, 62, 3, 933, 129, 1475, 176, 515, 1146, 4640, 67, 4216, 186, 2016, 1364, 1, 3392, 2779, 449, 174, 649, 122, 35, 3920, 513, 4457, 76, 3682, 248, 2126, 3232, 72, 2, 172, 1605, 1483, 2201, 3835, 2080, 2125, 114, 4325, 60, 2848, 1478, 375, 2314, 749, 1719, 1219]
RKP_05000_01000_1_04.txt|52107.46|55101|0.178256209999995|[61, 223, 1218, 238, 135, 952, 4624, 1450, 4775, 1275, 716, 2060, 4397, 35, 318, 2470, 16, 594, 498, 687, 546, 794, 3023, 724, 1546, 533, 1916, 9, 189, 25, 465, 4277, 2, 1021, 7, 1689, 270, 2649, 8, 4329, 49, 10, 1074, 114, 64, 1107, 181, 670, 1, 3926, 105, 2922, 1142, 2269, 191, 304, 52, 683, 3055, 458, 30, 2151, 351, 2320, 482, 3051, 102, 1904, 637, 3089, 5, 2023, 4232, 33, 1174, 413, 50, 360, 896, 2999, 1311, 133, 1986, 1416, 248]
RKP_05000_01000_1_05.txt|50460.26|53978|0.17802096700001585|[2069, 1649, 254, 1142, 1316, 91, 1588, 385, 430, 2834, 2271, 2, 94, 4118, 14, 65, 352, 46, 259, 667, 97, 1155, 1606, 93, 1411, 132, 985, 168, 1474, 2547, 8, 4053, 1049, 943, 593, 48, 1227, 2819, 2004, 2256, 25, 201, 1093, 903, 1607, 27, 467, 349, 69, 3468, 279, 1708, 1355, 339, 3770, 4385, 119, 913, 1418, 4, 1162, 1114, 3067, 2406, 3521, 267, 816, 1320, 157, 651, 9, 1023, 711, 7, 580, 4115, 560, 1321, 1883, 4096, 16, 73, 130, 120]
RKP_05000_01000_1_06.txt|49738.04|51867|0.17820634799999197|[736, 48, 4603, 51, 269, 1097, 8, 691, 1879, 3076, 107, 2, 2967, 336, 503, 2050, 52, 498, 2925, 1192, 80, 2517, 42, 1689, 292, 1062, 656, 721, 159, 1662, 601, 894, 697, 2442, 2857, 1916, 1511, 192, 3109, 1242, 2048, 684, 60, 943, 297, 2865, 66, 644, 54, 1910, 288, 188, 284, 830, 2195, 998, 3846, 3, 43, 40, 217, 10, 2552, 399, 2255, 1368, 1530, 9, 6, 150, 90, 343, 616, 1002, 3556, 13]
RKP_05000_01000_1_07.txt|45857.09|48424|0.1780680899999993|[1904, 753, 4009, 2, 568, 1741, 15, 226, 1697, 91, 84, 522, 161, 21, 46, 198, 2245, 1359, 651, 130, 2669, 213, 77, 1865, 731, 4471, 204, 1, 1489, 2984, 65, 993, 2145, 608, 3438, 119, 1645, 2593, 94, 666, 1605, 80, 1198, 957, 1449, 1231, 44, 577, 205, 1175, 421, 188, 2087, 4146, 784, 2281, 523, 23, 628, 1764, 1224, 3612, 2001, 3455, 1116, 795, 386, 3652, 643, 616, 4242]
RKP_05000_01000_1_08.txt|47171.5|50626|0.17981058000000985|[427, 140, 89, 4497, 24, 20, 2585, 1391, 952, 651, 527, 109, 670, 3925, 2841, 488, 257, 3318, 26, 1574, 738, 3, 151, 3937, 2382, 12, 2356, 66, 2070, 411, 29, 1275, 1088, 81, 2099, 190, 389, 3437, 217, 1487, 430, 529, 2110, 10, 2528, 279, 785, 1485, 78, 8, 235, 4618, 1537, 823, 185, 575, 15, 4, 1138, 7, 115, 2168, 2552, 2723, 502, 111, 4666, 849, 1131, 118, 890, 419]
RKP_05000_01000_1_09.txt|49414.46|52541|0.17803085399999646|[157, 1714, 1434, 4115, 1362, 684, 2381, 427, 3179, 364, 996, 163, 3964, 1, 1242, 3744, 883, 3245, 128, 104, 2, 51, 1366, 562, 1788, 6, 302, 714, 18, 73, 2364, 25, 4, 1337, 191, 2239, 1911, 2651, 39, 5, 390, 1481, 1329, 1679, 17, 3332, 47, 93, 499, 680, 1854, 563, 379, 1087, 592, 1761, 310, 3, 2121, 285, 190, 2328, 2845, 998, 3492, 2138, 27, 1579, 29, 342, 473, 1113, 1414, 844, 2399, 7, 2012]
RKP_05000_01000_1_10.txt|56174.35|58356|0.17839834100001098|[129, 528, 1680, 47, 500, 1640, 785, 888, 1914, 1, 461, 2671, 245, 1044, 103, 2753, 1076, 1095, 3836, 9, 104, 4815, 1479, 807, 486, 1554, 2, 11, 33, 472, 1476, 2184, 2608, 198, 740, 2867, 634, 4698, 28, 4036, 604, 2216, 844, 384, 193, 261, 1430, 180, 1361, 1350, 582, 4, 1934, 813, 2768, 1253, 2153, 1817, 359, 49, 100, 1313, 2309, 1175, 2737, 13, 286, 1284, 2544, 38, 2698, 4805, 839, 2362, 3137, 43, 62, 331, 212, 2541, 1686, 3309, 187, 570]
RKP_05000_01000_2_01.txt|3620.86|3945|0.17890212400001018|[176, 28, 947, 1844, 483, 4166, 2400, 1730, 103, 1641, 265, 2000, 1898, 1487, 3764, 309, 1046, 1473, 3060, 81, 604, 147, 115, 951, 761, 12, 22, 23, 2168, 2581, 34, 413, 3919, 165, 4001, 2671, 2, 707, 1173, 555, 11, 88, 1353, 2057, 4265, 1100]
RKP_05000_01000_2_02.txt|3922.37|4198|0.1791452970000023|[1045, 2, 279, 88, 1856, 1693, 964, 1189, 545, 1577, 317, 62, 3024, 1739, 1812, 667, 365, 78, 94, 2259, 491, 2308, 379, 2515, 2419, 1294, 2213, 820, 1159, 51, 44, 3498, 3942, 1068, 4977, 683, 3944, 2756, 862, 1342, 2682, 444, 1318, 3]
RKP_05000_01000_2_03.txt|3942.58|4248|0.17814319699998804|[3416, 51, 726, 217, 1002, 305, 465, 2930, 69, 86, 286, 235, 3351, 2340, 1958, 4457, 131, 308, 2548, 3087, 118, 4964, 3938, 655, 2164, 106, 1483, 3540, 185, 1676, 2617, 49, 3321, 933, 2754, 2811, 207, 193, 862, 3180, 71, 23, 2182, 1692]
RKP_05000_01000_2_04.txt|4355.95|4636|0.1790351830000077|[17, 1740, 1989, 63, 183, 768, 2518, 585, 545, 3, 2408, 4454, 3498, 2928, 1086, 54, 3872, 302, 1672, 22, 7, 2245, 1398, 1319, 662, 153, 1539, 82, 758, 348, 547, 667, 1100, 2242, 3767, 371, 2508, 124, 274, 4424, 400, 2989, 1906, 3429, 3530, 2170, 1450, 2237, 920, 28, 1457, 4036, 563]
RKP_05000_01000_2_05.txt|3833.46|4087|0.17867952399999468|[734, 273, 12, 420, 204, 8, 1064, 201, 33, 2513, 4485, 3, 2943, 1132, 1762, 260, 344, 1158, 390, 2548, 1680, 453, 23, 9, 1424, 876, 290, 4215, 324, 1335, 1672, 306, 3321, 43, 807, 360, 526, 2179, 125, 5, 4386, 4632, 39, 1741, 1625, 60, 4, 607, 2223]
RKP_05000_01000_2_06.txt|4042.98|4356|0.17841632799998478|[464, 344, 1477, 105, 473, 1933, 27, 61, 1, 1619, 900, 925, 152, 683, 138, 3111, 2282, 739, 672, 159, 714, 862, 2638, 2476, 2690, 2484, 109, 10, 4545, 4951, 184, 242, 2, 470, 2435, 1569, 431, 30, 240, 188, 28, 4838, 2216, 948, 334]
RKP_05000_01000_2_07.txt|4148.08|4378|0.18018321300000706|[4279, 759, 2608, 4495, 157, 1, 1437, 1902, 207, 2282, 909, 1643, 2206, 1625, 3129, 771, 516, 199, 212, 3882, 294, 1593, 1945, 1811, 44, 3275, 3085, 1886, 12, 1139, 4453, 1461, 11, 997, 2864, 1552, 368, 3259, 751, 2233, 3294, 3041, 1123, 1298, 35, 265, 772, 877, 1265, 238, 197]
RKP_05000_01000_2_08.txt|4209.64|4481|0.17849518900001157|[3148, 1499, 298, 312, 972, 3385, 59, 17, 1184, 30, 264, 78, 846, 44, 242, 3191, 2632, 2133, 236, 2399, 1924, 3857, 14, 114, 1802, 580, 955, 397, 901, 108, 385, 4386, 6, 4129, 1256, 3623, 386, 1766, 881, 1865, 324, 3205, 2809, 670, 213, 1067, 371, 224, 573, 658]
RKP_05000_01000_2_09.txt|4037.65|4322|0.17911315700001296|[1226, 1556, 897, 3478, 408, 677, 10, 175, 4, 3297, 379, 997, 1992, 36, 2887, 310, 1132, 128, 4691, 1583, 3974, 1428, 579, 377, 2094, 1967, 2005, 77, 2140, 1844, 3, 107, 2789, 709, 15, 1786, 25, 669, 4804, 461, 22, 20, 270, 551, 65, 821, 13]
RKP_05000_01000_2_10.txt|3868.71|4136|0.17925919199999954|[4015, 2998, 18, 9, 149, 137, 922, 294, 749, 420, 2559, 1049, 1523, 1011, 3584, 1858, 1494, 1745, 191, 1502, 3887, 1416, 99, 227, 4057, 2318, 337, 2452, 1686, 3712, 2034, 850, 1631, 2292, 3629, 36, 1926, 4084, 1619, 150, 855, 2297, 3888, 1328, 1713, 217, 19]
RKP_05000_01000_3_01.txt|8404.48|8701|0.1799320579999767|[2461, 2851, 1, 34, 46, 47, 1698, 1958, 3246, 2783, 40, 372, 550, 21, 562, 1615, 2748, 1198, 108, 2250, 2178, 2874, 237, 455, 1081, 2241, 2416, 398, 1382, 72, 97, 112, 623, 4452, 951, 114, 728, 996, 37, 77, 917, 2, 400, 553, 2640, 161, 567, 8, 2608, 176, 207, 284, 1779, 3421, 670, 699, 3426, 4, 1176, 2206, 27, 1658, 14, 43, 187, 371, 1038, 1894, 2056, 119, 150, 276, 688, 1640, 11, 384, 749]
RKP_05000_01000_3_02.txt|9326.54|9799|0.17958190699999932|[140, 28, 129, 230, 1041, 1087, 1499, 2113, 2425, 39, 542, 446, 13, 849, 2067, 3308, 3750, 1436, 40, 90, 379, 425, 562, 2330, 2853, 883, 609, 878, 1486, 2704, 3041, 2136, 2565, 41, 66, 718, 1022, 3393, 2080, 235, 1046, 71, 1334, 345, 295, 2, 33, 1885, 2978, 304, 2808, 4419, 595, 209, 1161, 2215, 371, 581, 1, 25, 107, 169, 214, 1908, 3546, 451, 2849, 1220, 436, 892, 1020, 2667, 4134, 2896, 288, 1445, 305, 445, 730, 2772, 93, 3361, 779, 823, 1551, 1117, 2989, 4507]
RKP_05000_01000_3_03.txt|9731.26|10183|0.17977159199998824|[5, 36, 4215, 975, 286, 881, 1498, 3273, 2, 652, 609, 3, 1663, 158, 399, 621, 3166, 4813, 439, 710, 1597, 4695, 2439, 215, 360, 568, 4041, 4671, 1, 38, 339, 1523, 952, 246, 2319, 115, 1465, 4084, 200, 221, 6, 4, 199, 1157, 669, 153, 765, 879, 1926, 2901, 3697, 4149, 11, 22, 129, 239, 856, 4529, 1077, 1360, 1688, 2613, 137, 3175, 3674, 989, 1164, 2386, 3910, 579, 280, 709, 3545, 146, 249, 311, 271, 1907, 465, 896, 17, 156, 163, 330, 763, 794, 1022, 1041, 1559, 2202, 2957, 1139]
RKP_05000_01000_3_04.txt|9586.31|9898|0.1794808099999864|[2372, 6, 619, 132, 175, 198, 206, 448, 548, 680, 1872, 2150, 2868, 261, 610, 989, 1, 2516, 111, 657, 1080, 360, 574, 2747, 306, 4, 63, 58, 9, 70, 4880, 1907, 82, 263, 977, 1589, 3, 94, 2857, 495, 709, 1049, 1064, 1276, 1396, 2568, 730, 1912, 3274, 89, 827, 321, 337, 1493, 2601, 437, 2394, 27, 45, 277, 3197, 3448, 51, 683, 18, 3523, 50, 29, 864, 1786, 3330, 152, 489, 853, 2247, 3505, 5, 7, 142, 2541, 4042, 234, 715, 1633, 2140, 769, 1226, 4440, 3419]
RKP_05000_01000_3_05.txt|8729.54|9291|0.18006229499999335|[26, 985, 1759, 1588, 1619, 1909, 3635, 162, 2123, 3439, 1, 7, 143, 344, 1859, 2460, 1500, 16, 34, 48, 1516, 513, 620, 1060, 32, 49, 3055, 169, 708, 748, 1263, 3167, 8, 1033, 219, 3584, 183, 2298, 256, 486, 3370, 10, 11, 501, 638, 1305, 3106, 25, 283, 692, 2447, 3258, 4405, 632, 1502, 54, 19, 1552, 2634, 2744, 4338, 372, 1037, 1003, 2730, 1996, 1069, 3440, 3558, 506, 365, 110, 3243, 4315, 9, 3220, 29, 285, 37, 184, 2920, 3469, 161]
RKP_05000_01000_3_06.txt|9260.36|9599|0.17979428299999653|[12, 760, 4, 6, 488, 813, 4258, 85, 55, 2026, 46, 288, 801, 4322, 4808, 368, 889, 3324, 3533, 213, 931, 2251, 3214, 1610, 665, 946, 1640, 7, 45, 734, 1522, 1551, 1917, 124, 184, 102, 249, 404, 431, 702, 16, 265, 1, 41, 1119, 2741, 141, 4582, 76, 94, 603, 71, 1991, 126, 623, 1359, 350, 900, 756, 2442, 2705, 4039, 206, 276, 1978, 4315, 87, 128, 984, 1323, 1209, 207, 1594, 3, 286, 287, 469, 573, 3433, 1221, 1096, 1910, 2187, 267, 2799, 4000]
RKP_05000_01000_3_07.txt|9078.08|9498|0.17959927799998696|[1792, 79, 94, 291, 293, 762, 827, 1003, 1783, 1998, 891, 60, 413, 593, 1470, 73, 76, 216, 295, 1123, 2357, 2900, 3731, 427, 884, 896, 75, 218, 527, 36, 849, 220, 608, 1044, 2104, 658, 113, 3716, 84, 2716, 1179, 422, 6, 8, 4659, 100, 3628, 462, 1066, 33, 2111, 29, 991, 1789, 2448, 3146, 707, 975, 1825, 136, 725, 1144, 2222, 4578, 2, 125, 398, 417, 3085, 4131, 28, 155, 3269, 214, 360, 487, 883, 1055, 2587, 3854, 836, 32, 477, 2067, 185]
RKP_05000_01000_3_08.txt|9229.92|9597|0.17924925099998518|[4022, 394, 1588, 3214, 3808, 525, 4, 2019, 2364, 2402, 134, 217, 1976, 883, 14, 80, 1036, 3087, 3571, 4192, 279, 654, 3396, 944, 1077, 4463, 28, 152, 250, 953, 1135, 1733, 2977, 6, 30, 1636, 1134, 118, 126, 1050, 4767, 77, 260, 270, 1970, 3237, 122, 295, 35, 895, 331, 1009, 2088, 2484, 34, 2808, 2381, 4467, 154, 301, 901, 2858, 26, 244, 922, 1342, 1924, 3140, 489, 25, 214, 311, 370, 556, 686, 1159, 1395, 88, 1523, 703, 36, 474, 1513, 1967, 5, 1688]
RKP_05000_01000_3_09.txt|8426.11|8800|0.17943003699999507|[556, 760, 1322, 2051, 2511, 2621, 242, 661, 3256, 664, 671, 1189, 1313, 3443, 281, 87, 3572, 73, 152, 384, 1471, 2486, 4292, 237, 252, 51, 2497, 3538, 462, 1684, 2055, 2941, 26, 77, 494, 207, 886, 3618, 1040, 2577, 290, 852, 2706, 106, 310, 376, 2024, 2401, 673, 1420, 1488, 564, 4818, 516, 1311, 7, 9, 3392, 296, 2680, 238, 36, 1838, 926, 136, 492, 751, 1148, 3868, 4136, 417, 250, 1515, 1997, 3416, 3, 295, 4168]
RKP_05000_01000_3_10.txt|9188.59|9600|0.18001817999999503|[33, 219, 50, 393, 876, 3150, 3589, 16, 119, 1125, 2322, 2764, 2894, 3, 145, 692, 270, 1329, 3435, 4466, 2915, 369, 69, 4052, 235, 1, 25, 1785, 2813, 2940, 3240, 789, 808, 1635, 4747, 344, 2139, 1847, 413, 811, 1019, 1184, 3234, 10, 446, 191, 781, 2458, 3064, 2, 2189, 312, 502, 3879, 14, 490, 1549, 2061, 3012, 83, 2708, 434, 1530, 3251, 300, 615, 2912, 62, 1854, 3127, 151, 394, 721, 6, 287, 907, 2224, 2749, 807, 92, 52, 1093, 1498, 4227, 1154, 4828]
RKP_05000_01000_4_01.txt|999.27|1000|0.17940421400001924|[4615]
RKP_05000_01000_4_02.txt|999.36|1000|0.18050392000000784|[4655]
RKP_05000_01000_4_03.txt|999.6|1000|0.18023637099998951|[4567]
RKP_05000_01000_4_04.txt|999.67|1000|0.17855548499999485|[4559]
RKP_05000_01000_4_05.txt|999.87|1000|0.180071183999994|[4959]
RKP_05000_01000_4_06.txt|999.9|1000|0.17970403699998996|[4688]
RKP_05000_01000_4_07.txt|999.5|1000|0.17984421499999143|[4685]
RKP_05000_01000_4_08.txt|999.9|1000|0.17945108199999368|[4677]
RKP_05000_01000_4_09.txt|999.87|1000|0.17985120900000312|[4528]
RKP_05000_01000_4_10.txt|999.88|1000|0.17943010499999673|[4780]
RKP_05000_01000_5_01.txt|961.63|1027|0.17855571100000817|[6, 16, 31, 35, 36, 42, 43, 53, 54, 63, 69, 71, 72, 76, 77, 78, 81]
RKP_05000_01000_5_02.txt|953.92|1012|0.17814769600001454|[3, 5, 8, 11, 15, 18, 21, 25, 34, 35, 53, 58, 63, 65, 70, 73, 80, 88]
RKP_05000_01000_5_03.txt|959.25|1037|0.17843450099999927|[10, 14, 16, 17, 20, 22, 24, 30, 32, 33, 34, 35, 40, 41, 42, 44, 48, 50, 53, 62]
RKP_05000_01000_5_04.txt|957.39|1041|0.1787846339999942|[12, 13, 17, 42, 43, 46, 56, 58, 66, 67, 73, 77, 78]
RKP_05000_01000_5_05.txt|963.88|1021|0.17798653499998862|[5, 8, 14, 19, 21, 24, 28, 35, 45, 53, 64, 66, 68, 70, 74, 86, 89, 93, 94, 97, 102]
RKP_05000_01000_5_06.txt|952.43|1028|0.17812877799999113|[7, 11, 18, 20, 24, 27, 29, 36, 37, 40, 41, 42, 43, 47, 49, 54, 58, 68]
RKP_05000_01000_5_07.txt|946.45|1023|0.17794036300000016|[5, 9, 15, 17, 18, 20, 22, 23, 26, 34, 37, 39, 40, 51, 56, 62, 64, 72, 77, 82, 94, 98]
RKP_05000_01000_5_08.txt|966.28|1035|0.17849814999999808|[3, 8, 11, 12, 15, 23, 28, 29, 31, 36, 46, 47, 48, 53, 56, 67, 72]
RKP_05000_01000_5_09.txt|958.1|1035|0.17800045000000864|[10, 11, 14, 15, 16, 19, 21, 27, 30, 44, 46, 50, 51, 52, 56, 58, 63, 65, 69, 72, 74]
RKP_05000_01000_5_10.txt|958.32|1019|0.17741340300001185|[10, 15, 17, 24, 26, 28, 33, 35, 38, 41, 47, 57, 59, 76, 79, 80, 85, 89]
RKP_05000_05000_1_01.txt|237087.63|250273|0.18199146100000235|[2195, 1201, 1260, 134, 226, 1200, 2997, 254, 74, 1939, 239, 2685, 3721, 168, 263, 826, 1437, 1595, 255, 1416, 688, 496, 75, 1543, 78, 1674, 1247, 358, 1231, 2896, 477, 41, 3813, 36, 2945, 4777, 449, 149, 1270, 1286, 25, 2489, 1850, 457, 894, 363, 438, 2321, 606, 2687, 32, 112, 3, 279, 2, 100, 498, 395, 2723, 174, 4768, 799, 260, 780, 940, 4810, 747, 290, 1305, 21, 127, 8, 522, 4, 601, 206, 11]
RKP_05000_05000_1_02.txt|295622.17|308648|0.18141884099999517|[787, 3921, 2706, 3940, 474, 1005, 24, 1855, 805, 55, 269, 297, 2174, 712, 1374, 113, 334, 4197, 1107, 3754, 45, 537, 1115, 3842, 903, 4402, 361, 21, 104, 2667, 8, 10, 238, 1069, 1044, 20, 3886, 231, 117, 1, 1203, 141, 4074, 89, 396, 3059, 1266, 240, 38, 876, 1379, 444, 1152, 310, 1041, 1428, 378, 2066, 785, 2177, 2322, 2501, 1459, 42, 4, 483, 1231, 2, 470, 4832, 4712, 4382, 1870, 1075, 246, 2306, 112, 668, 1556, 3588, 3696, 105, 743, 1111, 213, 1979, 258, 1722]
RKP_05000_05000_1_03.txt|259295.14|274501|0.18202072400000815|[3247, 557, 435, 426, 4414, 2760, 1265, 1115, 233, 1, 2859, 811, 3493, 2630, 393, 582, 249, 115, 1098, 1099, 1477, 1261, 25, 1414, 3443, 8, 3414, 318, 482, 1441, 2124, 2615, 3417, 22, 1290, 353, 18, 46, 133, 110, 586, 31, 1244, 2, 1775, 434, 231, 39, 80, 4284, 361, 2264, 1594, 2203, 451, 86, 2943, 7, 3512, 37, 85, 2438, 3490, 1309, 798, 206, 62, 241, 1235, 339, 3593, 1638, 1236, 429, 246, 1083, 2426]
RKP_05000_05000_1_04.txt|278551.33|288422|0.1823872999999935|[4668, 332, 3802, 3850, 90, 376, 2581, 34, 557, 5, 145, 484, 1072, 291, 9, 2003, 2061, 1, 3, 222, 148, 2372, 1677, 2991, 81, 1938, 75, 3651, 831, 2328, 1417, 76, 4172, 4260, 368, 38, 25, 2813, 1418, 2013, 408, 1675, 226, 809, 710, 1859, 1875, 4286, 1389, 299, 2553, 3813, 2584, 787, 189, 333, 3410, 2017, 1758, 3305, 390, 422, 96, 559, 85, 3547, 2283, 50, 1216, 1151, 2051, 158, 240, 1753, 1555, 20, 965, 734, 1553, 675, 3260, 1568, 619, 194, 814, 48, 135, 262]
RKP_05000_05000_1_05.txt|277405.48|295935|0.18184970900001418|[130, 694, 3722, 227, 378, 1, 4208, 2467, 301, 2579, 46, 403, 950, 2657, 3175, 2804, 3024, 1088, 1929, 2118, 2, 992, 1098, 2309, 62, 12, 22, 210, 1668, 582, 214, 559, 55, 1460, 1003, 261, 1016, 3186, 677, 1483, 1521, 2223, 26, 4301, 1690, 148, 127, 1662, 8, 4374, 38, 143, 21, 43, 153, 32, 1050, 2411, 4354, 4846, 2045, 1432, 1993, 2025, 1103, 162, 923, 3495, 3, 201, 33, 13, 2138, 787, 1281, 463, 348, 1887, 459, 1492, 2703, 7, 3873, 1692, 245, 2910, 2427, 838]
RKP_05000_05000_1_06.txt|252961.92|263606|0.18218704100000424|[651, 2729, 1981, 1730, 1154, 693, 2701, 1065, 1227, 2309, 1927, 4561, 407, 581, 23, 925, 621, 4540, 87, 378, 243, 113, 2, 3361, 2210, 1280, 40, 66, 2240, 120, 85, 4692, 2204, 1305, 363, 3938, 274, 82, 3978, 76, 1041, 64, 538, 2048, 1428, 427, 813, 122, 2011, 850, 1125, 715, 18, 9, 2509, 1610, 707, 1821, 613, 2003, 956, 649, 71, 825, 2132, 608, 1693, 338, 4562, 1012, 4076, 514, 43, 2386, 1308, 568, 3613, 2646, 3153, 8, 7]
RKP_05000_05000_1_07.txt|233865.99|243295|0.18255947499999137|[31, 1, 730, 1616, 15, 2688, 829, 2854, 3, 182, 457, 536, 83, 3045, 303, 248, 1267, 380, 8, 529, 44, 4, 4260, 864, 153, 2, 1228, 1894, 1263, 4664, 29, 215, 3888, 4225, 2273, 739, 667, 785, 745, 4149, 381, 109, 30, 1820, 575, 346, 2725, 463, 507, 3875, 294, 332, 237, 1849, 190, 640, 2937, 2529, 478, 1897, 2017, 1713, 23, 617, 1315, 1406, 873, 436, 249, 1269, 2183, 287, 89, 1520, 7]
RKP_05000_05000_1_08.txt|239505.95|249506|0.18155164199999263|[95, 124, 674, 253, 38, 156, 596, 3998, 523, 91, 836, 1549, 122, 4195, 3744, 1421, 2525, 2536, 280, 342, 3, 2, 402, 451, 138, 303, 1737, 1941, 371, 2047, 262, 1167, 706, 97, 878, 4527, 51, 2428, 4393, 2813, 669, 2600, 1179, 528, 314, 560, 1, 1506, 2523, 2100, 171, 3545, 2236, 30, 764, 3599, 1546, 129, 1590, 1588, 3666, 467, 2312, 390, 126, 1439, 984, 1476, 16, 4080, 12, 3833, 1562, 1247, 471, 1299, 232]
RKP_05000_05000_1_09.txt|247264.63|257288|0.18132940700000064|[5, 170, 66, 448, 4248, 339, 542, 1458, 325, 4486, 565, 4489, 2593, 871, 1314, 299, 1635, 682, 1592, 77, 4615, 1006, 2636, 2450, 537, 3197, 460, 234, 1917, 221, 55, 2016, 2143, 126, 492, 1350, 1416, 114, 2, 1979, 1, 1227, 113, 1114, 196, 355, 701, 139, 1480, 1466, 179, 404, 151, 3, 1355, 42, 1245, 438, 2837, 936, 475, 4194, 245, 64, 137, 632, 1254, 2400, 6, 642, 1269, 820, 43, 986, 93, 921, 2127, 760]
RKP_05000_05000_1_10.txt|215051.39|227925|0.1825179089999938|[3078, 153, 7, 414, 2050, 2580, 1609, 1652, 2870, 2629, 472, 756, 659, 467, 3067, 803, 2608, 1402, 380, 4380, 981, 92, 89, 746, 428, 3261, 959, 18, 1479, 1209, 4532, 1725, 10, 3471, 2151, 286, 2810, 131, 185, 144, 2281, 1504, 2821, 101, 1538, 339, 107, 1750, 1381, 38, 1766, 3101, 2933, 909, 2920, 8, 4951, 2641, 643, 60, 295, 278, 813]
RKP_05000_05000_2_01.txt|18721.28|20639|0.18107725600000094|[2236, 1665, 475, 953, 293, 4844, 2937, 515, 4544, 20, 279, 1885, 250, 1784, 3403, 750, 579, 1, 3667, 411, 1045, 866, 3722, 748, 1292, 18, 93, 319, 383, 235, 5, 68, 82, 2030, 313, 66, 3287, 1367, 2574, 358, 1059, 337, 1308, 1505, 2251]
RKP_05000_05000_2_02.txt|18521.61|20159|0.18197875599997587|[14, 56, 220, 1058, 3100, 1649, 707, 15, 530, 161, 4007, 677, 2244, 96, 2069, 28, 3355, 131, 710, 2142, 722, 203, 563, 191, 2839, 1171, 106, 973, 1592, 485, 1069, 582, 3641, 3678, 1102, 4266, 3688, 3796, 2429, 3126, 937, 1172, 642, 1491]
RKP_05000_05000_2_03.txt|17171.43|18641|0.18145531299999676|[1269, 3630, 1429, 1, 983, 4565, 3839, 44, 177, 3428, 375, 4, 4235, 583, 94, 1422, 306, 477, 50, 38, 783, 1289, 3090, 4939, 1212, 544, 49, 338, 411, 45, 1998, 502, 1536, 5, 1770, 61, 968, 600, 1432, 746, 3957, 394, 2272, 1021, 1031]
RKP_05000_05000_2_04.txt|23930.76|25215|0.1817516519999981|[455, 832, 23, 2, 122, 307, 37, 4, 1124, 2382, 2705, 1508, 21, 1, 554, 2308, 238, 1329, 3257, 187, 655, 322, 583, 131, 372, 1586, 2093, 3288, 71, 406, 60, 2773, 3704, 47, 422, 1606, 126, 1748, 637, 1519, 1223, 1335, 314, 78, 769, 3735, 547, 846, 2632, 177, 1671, 147, 893, 698, 38, 115, 416, 953, 3, 767, 625, 363, 346]
RKP_05000_05000_2_05.txt|18636.2|20280|0.18159519600000748|[1022, 113, 1813, 1588, 1011, 501, 4330, 103, 1232, 932, 858, 513, 606, 4410, 1242, 1175, 962, 1103, 2569, 662, 1034, 145, 2493, 350, 1489, 8, 163, 626, 1784, 1153, 2345, 128, 1456, 119, 3472, 142, 43, 3604, 481, 36, 655, 2259, 4182, 34, 5]
RKP_05000_05000_2_06.txt|16542.09|18333|0.18100985599996874|[303, 731, 832, 3580, 1073, 912, 3064, 3764, 437, 574, 637, 370, 1070, 30, 1814, 3371, 1542, 8, 526, 17, 326, 523, 106, 3746, 1638, 976, 51, 316, 1630, 2795, 2900, 629, 872, 2365, 4111, 399]
RKP_05000_05000_2_07.txt|19727.49|21086|0.18086866000003282|[2118, 1137, 1734, 129, 411, 1460, 725, 1438, 3995, 1730, 4066, 3396, 932, 152, 273, 1581, 199, 1115, 30, 3005, 1614, 421, 624, 26, 903, 3060, 383, 232, 3189, 301, 36, 4720, 75, 926, 1380, 98, 20, 349, 1819, 989, 261, 1197, 3429, 1958, 1326, 3328, 4716, 3935, 345]
RKP_05000_05000_2_08.txt|20900.27|22517|0.18201732300002277|[116, 3617, 449, 286, 1692, 659, 1262, 746, 274, 3119, 919, 551, 760, 1835, 2, 192, 155, 20, 83, 3039, 1064, 1834, 9, 2024, 179, 1714, 34, 93, 259, 17, 291, 2814, 315, 2078, 2350, 2219, 1520, 899, 4709, 2598, 603, 587, 4071, 2140, 953, 811, 332, 2747, 1169, 1418, 241]
RKP_05000_05000_2_09.txt|22153.83|23830|0.18162758300000859|[83, 3, 1308, 1231, 385, 82, 105, 1179, 3741, 899, 394, 1378, 128, 7, 180, 1482, 36, 1771, 1802, 413, 1, 1687, 129, 893, 84, 173, 2129, 4230, 152, 4959, 1012, 1812, 1184, 221, 634, 2382, 423, 2584, 2551, 38, 2, 3042, 2555, 1228, 164, 327, 45, 973, 1478, 1213, 519, 47, 3192, 742]
RKP_05000_05000_2_10.txt|19961.84|21404|0.18123225499998624|[2884, 1620, 725, 311, 666, 23, 70, 2, 3568, 351, 97, 1, 330, 2524, 1908, 82, 2605, 2854, 42, 1230, 1078, 723, 481, 35, 3272, 1136, 233, 4367, 728, 2102, 4670, 3018, 2312, 465, 899, 424, 608, 2690, 205, 2124, 26, 134, 386, 546, 1357, 518, 21, 377, 3467, 261]
RKP_05000_05000_3_01.txt|46152.6|48451|0.17988451699997768|[1430, 1075, 88, 106, 1410, 528, 449, 2024, 1887, 79, 736, 1328, 814, 16, 58, 94, 1080, 1409, 39, 1004, 2100, 21, 54, 2544, 1850, 83, 1290, 45, 1132, 198, 926, 2987, 510, 1158, 2831, 595, 1291, 2738, 12, 465, 3210, 646, 284, 2312, 1664, 638, 157, 55, 4085, 9, 56, 4523, 1539, 800, 4143, 801, 3020, 132, 563, 628, 352, 144, 476, 6, 870, 1846, 336, 2454, 521, 530, 1072, 1610, 1179, 2266, 795, 130, 480, 3715, 787, 63, 17, 452, 625, 4, 518, 321, 164]
RKP_05000_05000_3_02.txt|43464.62|45444|0.18052264600000853|[4175, 2392, 2826, 2038, 4488, 407, 38, 773, 51, 4134, 50, 1675, 969, 509, 227, 1232, 1763, 3096, 3743, 601, 1199, 3282, 1509, 2, 99, 133, 47, 4338, 3922, 507, 32, 33, 558, 3478, 3779, 2259, 4221, 2118, 10, 1457, 151, 885, 3230, 2529, 2589, 23, 1914, 205, 217, 123, 360, 30, 1220, 4553, 15, 1050, 2203, 3903, 221, 303, 37, 738, 277, 25, 4589, 73, 2712, 58, 3, 9, 1093, 1198, 955, 17, 155, 54, 1031, 2218, 970, 985, 1151]
RKP_05000_05000_3_03.txt|46743.46|48483|0.18069481400000767|[3112, 2585, 13, 1960, 523, 3909, 636, 194, 3385, 1029, 682, 90, 1677, 1, 1129, 46, 1696, 950, 3819, 4, 223, 3452, 185, 2, 856, 1011, 67, 323, 489, 1255, 3389, 12, 1278, 219, 2297, 763, 6, 1691, 2430, 777, 127, 1547, 2420, 38, 128, 183, 3213, 140, 1284, 1729, 281, 2439, 1613, 3837, 25, 2713, 366, 2794, 113, 432, 1099, 1187, 853, 297, 665, 1505, 88, 126, 1875, 28, 1777, 476, 970, 2131, 4837, 963, 41, 3, 1715, 2644, 2750, 60, 79, 542, 767, 1911, 957]
RKP_05000_05000_3_04.txt|46125.08|48987|0.1803257610000128|[936, 476, 779, 61, 3625, 27, 343, 479, 868, 454, 2727, 256, 156, 2428, 183, 1589, 109, 585, 1033, 2854, 3841, 71, 1276, 965, 3065, 4170, 3856, 4, 718, 2018, 94, 547, 843, 640, 1433, 19, 505, 3391, 404, 3143, 1804, 2081, 2704, 3454, 6, 11, 141, 4107, 4713, 2343, 9, 34, 3167, 895, 177, 642, 2547, 4104, 724, 173, 922, 2, 51, 249, 412, 118, 304, 3296, 1208, 2360, 210, 14, 53, 63, 3543, 3870, 116, 4678, 1, 152, 101, 229, 2441, 12, 1564, 1800, 2915, 3243]
RKP_05000_05000_3_05.txt|44678.21|46994|0.18019344100001036|[81, 139, 368, 1044, 2428, 72, 97, 331, 13, 2910, 150, 12, 984, 4707, 406, 537, 1680, 44, 1951, 5, 50, 1771, 958, 141, 3138, 945, 15, 1960, 1686, 3569, 202, 3442, 2606, 1182, 2386, 259, 969, 4, 58, 268, 814, 242, 2, 207, 3566, 839, 32, 42, 1506, 1664, 620, 4138, 138, 1378, 628, 3733, 351, 1640, 2408, 555, 441, 372, 1519, 101, 542, 1623, 178, 1526, 1982, 1843, 1758, 2994, 23, 371, 20, 4618, 965, 385, 4266, 1736, 867, 75, 617, 1939]
RKP_05000_05000_3_06.txt|45234.36|47470|0.1806261839999979|[313, 3441, 480, 1123, 2697, 1989, 234, 1, 1191, 1005, 817, 645, 924, 2300, 386, 1678, 2537, 30, 55, 28, 115, 1115, 3065, 285, 8, 2100, 2724, 977, 78, 3251, 48, 125, 623, 4383, 7, 93, 2338, 3857, 3325, 737, 1745, 2540, 219, 4300, 1323, 2035, 671, 1248, 22, 2115, 6, 23, 89, 607, 2334, 100, 377, 148, 2702, 382, 845, 839, 626, 195, 3455, 43, 239, 82, 617, 2793, 2481, 130, 373, 1523, 4180, 262, 1939, 1186, 44, 2626, 4129, 242, 909, 533, 101]
RKP_05000_05000_3_07.txt|43536.74|45001|0.17975931800002398|[217, 796, 2, 1664, 88, 609, 1728, 718, 525, 4656, 2093, 348, 304, 924, 766, 2201, 2287, 4, 684, 817, 487, 2824, 3347, 2399, 835, 490, 544, 220, 1403, 232, 717, 723, 119, 599, 4288, 1375, 412, 4796, 13, 1338, 2379, 82, 395, 813, 1818, 1964, 1090, 1914, 1323, 476, 2255, 1420, 3987, 2348, 127, 143, 1721, 2643, 41, 866, 2747, 5, 4651, 3815, 447, 17, 1049, 231, 2345, 1111, 1, 216, 459, 1279, 1700, 3113, 462, 1213, 907, 2009]
RKP_05000_05000_3_08.txt|42165.45|45000|0.1801846900000146|[938, 640, 1969, 4469, 1833, 2446, 762, 524, 2750, 147, 150, 39, 2393, 2528, 18, 4805, 2, 351, 1311, 1104, 1105, 1, 2250, 1613, 43, 205, 54, 122, 742, 391, 2636, 430, 1520, 152, 752, 1450, 1856, 454, 254, 3967, 731, 857, 9, 38, 16, 3512, 237, 22, 784, 3072, 3, 241, 4022, 1405, 4, 66, 2988, 2418, 1266, 14, 2221, 633, 1639, 993, 164, 1145, 1042, 2413, 4789, 2202, 876, 4546, 1371, 4731, 787, 294, 69, 30, 21, 873]
RKP_05000_05000_3_09.txt|48163.25|49959|0.18040219099999832|[42, 1282, 1667, 629, 932, 1343, 609, 233, 345, 4240, 17, 851, 1328, 1813, 789, 2838, 3684, 1933, 2166, 3677, 8, 111, 406, 4, 2926, 317, 2885, 693, 1146, 354, 4789, 534, 593, 3453, 2994, 643, 1555, 25, 929, 767, 913, 3338, 4313, 344, 19, 281, 356, 1479, 43, 2525, 877, 2427, 1945, 4246, 2748, 520, 259, 4338, 4825, 1422, 13, 52, 2435, 2484, 431, 4132, 660, 387, 4052, 288, 1150, 1261, 632, 133, 313, 3130, 4828, 252, 1549, 848, 433, 2562, 96, 532, 2568, 123, 512, 1727, 368, 2247]
RKP_05000_05000_3_10.txt|46484.5|48990|0.1811027950000107|[1202, 1284, 1258, 3454, 577, 402, 59, 2923, 313, 44, 2698, 227, 2643, 490, 137, 120, 1, 1062, 3468, 3222, 51, 2573, 4381, 2, 1567, 3937, 2748, 60, 1358, 716, 3046, 1135, 3759, 665, 243, 3640, 4808, 988, 4391, 5, 98, 3301, 13, 1159, 23, 616, 668, 261, 309, 1405, 605, 2978, 190, 4, 394, 355, 405, 1075, 481, 675, 3824, 2521, 24, 1887, 26, 1224, 2536, 119, 2953, 49, 535, 576, 248, 1307, 436, 10, 48, 1786, 632, 607, 8, 1714, 47, 860, 627, 1893, 1653, 3531]
RKP_05000_05000_4_01.txt|4998.46|5000|0.18001593599998159|[4658]
RKP_05000_05000_4_02.txt|4996.69|5000|0.17917930699994486|[4978]
RKP_05000_05000_4_03.txt|4998.62|5000|0.1799650779999911|[4795]
RKP_05000_05000_4_04.txt|4996.97|5000|0.18109337600000344|[4597]
RKP_05000_05000_4_05.txt|4997.76|5000|0.18139145999998163|[4783]
RKP_05000_05000_4_06.txt|4996.36|5000|0.18151443600001585|[4625]
RKP_05000_05000_4_07.txt|4993.63|5000|0.18106141899999328|[4778]
RKP_05000_05000_4_08.txt|4997.62|5000|0.18046346899999663|[4910]
RKP_05000_05000_4_09.txt|4998.68|5000|0.1804000459999861|[4988]
RKP_05000_05000_4_10.txt|4996.18|4999|0.1801478939999879|[4786]
RKP_05000_05000_5_01.txt|4781.94|5083|0.17656562199998915|[8, 12, 18, 19, 25, 26, 29, 30, 37, 38, 44, 45, 46, 48, 50, 52, 76, 82, 85, 87]
RKP_05000_05000_5_02.txt|4809.7|5228|0.17670882900001744|[7, 8, 9, 11, 12, 13, 17, 20, 28, 30, 34, 38, 43, 44, 55, 57, 63, 65, 68]
RKP_05000_05000_5_03.txt|4849.96|5218|0.17764551299995218|[10, 23, 27, 33, 35, 36, 37, 38, 39, 40, 41, 44, 49, 50, 54, 60, 79, 80, 86, 90, 92]
RKP_05000_05000_5_04.txt|4723.45|5075|0.17793645400001423|[5, 12, 23, 24, 33, 35, 36, 48, 57, 62, 67, 68, 69, 78]
RKP_05000_05000_5_05.txt|4835.65|5219|0.17751341900002443|[5, 12, 16, 17, 20, 28, 29, 33, 35, 36, 40, 41, 43, 45, 49, 53, 58, 71]
RKP_05000_05000_5_06.txt|4767.02|5122|0.17801789299999654|[4, 11, 17, 20, 25, 28, 29, 32, 33, 34, 41, 43, 45, 53]
RKP_05000_05000_5_07.txt|4796.15|5140|0.17654597300003388|[5, 8, 10, 12, 14, 15, 19, 20, 21, 31, 32, 33, 40, 43, 50, 52, 59, 61, 63]
RKP_05000_05000_5_08.txt|4788.16|5082|0.17664536699998734|[14, 19, 27, 28, 42, 45, 48, 49, 54, 56, 64, 69, 72, 75, 78, 83, 88, 90, 93]
RKP_05000_05000_5_09.txt|4787.05|5107|0.17838317500000359|[6, 10, 12, 17, 21, 24, 27, 28, 30, 44, 47, 49, 57, 59, 65, 75, 76, 83, 84]
RKP_05000_05000_5_10.txt|4785.57|5182|0.17956219900001089|[12, 19, 21, 23, 26, 28, 33, 37, 38, 39, 40, 41, 43, 50]
