RKP_00100_00100_1_01.txt|618.59|768|0.0006022119999999942|[10, 17, 16, 22, 1, 28, 7, 15, 3, 29, 31]
RKP_00100_00100_1_02.txt|716.86|841|0.0006148359999999975|[1, 37, 48, 91, 9, 47, 50, 56, 2, 16, 31, 15]
RKP_00100_00100_1_03.txt|567.41|732|0.0005944590000000039|[34, 1, 4, 14, 63, 5, 6, 16, 10, 2, 70]
RKP_00100_00100_1_04.txt|550.41|676|0.0005852319999999945|[15, 9, 74, 3, 7, 6, 73, 43, 10, 4]
RKP_00100_00100_1_05.txt|578.65|706|0.0005700119999999986|[79, 20, 1, 32, 22, 65, 11, 16, 30, 44, 66]
RKP_00100_00100_1_06.txt|796.61|948|0.0006245799999999946|[57, 97, 31, 48, 47, 55, 5, 16, 17, 83, 12, 3, 11]
RKP_00100_00100_1_07.txt|391.53|506|0.0005612730000000121|[60, 39, 46, 51, 9, 5, 4, 37]
RKP_00100_00100_1_08.txt|741.98|856|0.0006154549999999936|[30, 87, 6, 92, 2, 13, 1, 7, 9, 76, 29, 27, 24]
RKP_00100_00100_1_09.txt|452.57|632|0.0005668509999999882|[24, 5, 18, 42, 23, 10, 16, 52, 29]
RKP_00100_00100_1_10.txt|593.47|722|0.0006016999999999872|[4, 1, 2, 27, 11, 33, 13, 18, 24, 12, 16]
RKP_00100_00100_2_01.txt|114.25|145|0.000575259000000008|[20, 1, 43, 57, 68, 26]
RKP_00100_00100_2_02.txt|110.63|160|0.0005580700000000038|[28, 8, 30, 5, 36, 11, 90]
RKP_00100_00100_2_03.txt|120.91|169|0.0005609519999999968|[51, 31, 1, 75, 3, 5, 48, 26, 64]
RKP_00100_00100_2_04.txt|110.63|148|0.0005466830000000033|[11, 50, 8, 9, 41, 14, 64]
RKP_00100_00100_2_05.txt|96.8|159|0.000529800999999992|[37, 62]
RKP_00100_00100_2_06.txt|100.49|145|0.0005334280000000025|[2, 23, 53, 10]
RKP_00100_00100_2_07.txt|106.35|144|0.0005473679999999881|[22, 15, 3, 36, 21]
RKP_00100_00100_2_08.txt|109.62|144|0.0005493169999999914|[2, 16, 28, 6, 15, 4, 25]
RKP_00100_00100_2_09.txt|108.7|138|0.0005413949999999956|[9, 38, 56, 66]
RKP_00100_00100_2_10.txt|107.25|147|0.0005578650000000062|[2, 14, 28, 27, 30, 64]
RKP_00100_00100_3_01.txt|152.42|193|0.0005569349999999984|[5, 8, 6, 44, 10, 24, 52, 66, 33]
RKP_00100_00100_3_02.txt|160.61|203|0.0005646779999999962|[3, 52, 1, 24, 25, 68, 12, 10, 49, 2]
RKP_00100_00100_3_03.txt|192.6|227|0.0005922170000000015|[45, 64, 4, 75, 19, 15, 5, 38, 3, 14, 46, 8]
RKP_00100_00100_3_04.txt|161.66|191|0.0005725789999999931|[34, 8, 21, 26, 9, 42, 4, 2, 15, 10]
RKP_00100_00100_3_05.txt|166.29|207|0.0005663209999999852|[1, 52, 7, 25, 2, 12, 15, 70, 3, 18, 14]
RKP_00100_00100_3_06.txt|186.75|221|0.0005904320000000029|[40, 8, 31, 6, 11, 12, 19, 28, 74, 5, 2, 3]
RKP_00100_00100_3_07.txt|154.67|182|0.0005751250000000185|[2, 14, 27, 83, 7, 5, 88, 64, 54]
RKP_00100_00100_3_08.txt|159.43|196|0.0005635959999999818|[18, 3, 33, 1, 70, 2, 11, 67, 20]
RKP_00100_00100_3_09.txt|151.15|183|0.0005573279999999503|[1, 89, 32, 57, 2, 35, 44, 5, 9]
RKP_00100_00100_3_10.txt|177.97|215|0.0005885639999999892|[66, 46, 1, 61, 93, 5, 20, 62, 55, 4, 83]
RKP_00100_00100_4_01.txt|95.93|100|0.0005094789999999971|[97]
RKP_00100_00100_4_02.txt|94.28|100|0.0005095320000000303|[88]
RKP_00100_00100_4_03.txt|98.2|100|0.0005120129999999845|[84]
RKP_00100_00100_4_04.txt|96.49|100|0.0005034970000000172|[95]
RKP_00100_00100_4_05.txt|96.41|100|0.0005088939999999686|[87]
RKP_00100_00100_4_06.txt|93.75|98|0.0005113179999999718|[93]
RKP_00100_00100_4_07.txt|95.9|98|0.0005096709999999938|[98]
RKP_00100_00100_4_08.txt|96.71|100|0.0005154190000000148|[97]
RKP_00100_00100_4_09.txt|95.27|99|0.0005129050000000124|[89]
RKP_00100_00100_4_10.txt|94.1|98|0.0005064630000000259|[88]
RKP_00100_00100_5_01.txt|92.34|128|0.0005354860000000095|[11, 14, 17, 21]
RKP_00100_00100_5_02.txt|91.14|129|0.0005346380000000251|[9, 12, 13, 14]
RKP_00100_00100_5_03.txt|91.94|118|0.0005430190000000224|[6, 15, 22]
RKP_00100_00100_5_04.txt|90.64|145|0.0005283680000000013|[10, 12, 13]
RKP_00100_00100_5_05.txt|89.26|138|0.000536632000000008|[19, 23, 31]
RKP_00100_00100_5_06.txt|98.69|146|0.0005220709999999817|[10, 11, 13]
RKP_00100_00100_5_07.txt|88.45|116|0.0005400970000000127|[3, 6, 9, 10, 12, 19]
RKP_00100_00100_5_08.txt|89.81|120|0.0005385919999999845|[8, 9, 11, 13, 20]
RKP_00100_00100_5_09.txt|94.1|132|0.0005319649999999765|[10, 20, 24, 28]
RKP_00100_00100_5_10.txt|86.64|129|0.0005555939999999771|[25, 27, 28]
RKP_00500_00100_1_01.txt|1360.96|1605|0.003538904000000036|[3, 40, 500, 25, 120, 304, 284, 38, 5, 27, 211, 75, 140, 250, 2, 148, 222, 173, 6, 131, 269, 132, 274, 4]
RKP_00500_00100_1_02.txt|1184.33|1329|0.00357982000000002|[288, 77, 13, 87, 388, 433, 4, 30, 14, 62, 102, 10, 89, 423, 108, 205, 36, 351, 289]
RKP_00500_00100_1_03.txt|1141.79|1339|0.0035150740000000004|[496, 139, 1, 123, 360, 11, 140, 477, 158, 5, 113, 15, 30, 16, 227, 326, 111, 32, 228, 327, 147, 90]
RKP_00500_00100_1_04.txt|1392.89|1549|0.003493202999999987|[359, 156, 315, 64, 11, 254, 65, 5, 10, 41, 93, 245, 45, 51, 110, 197, 252, 7, 59, 94, 1, 48]
RKP_00500_00100_1_05.txt|1426.66|1616|0.0035110210000000117|[72, 10, 363, 192, 11, 203, 17, 136, 1, 215, 320, 402, 26, 212, 2, 53, 23, 116, 18, 97, 5, 13, 76]
RKP_00500_00100_1_06.txt|1771.03|1954|0.0035345319999999436|[89, 3, 13, 165, 52, 34, 211, 189, 230, 411, 16, 240, 35, 190, 92, 22, 182, 490, 5, 281, 225, 50, 83, 131, 30, 244, 55]
RKP_00500_00100_1_07.txt|1659.04|1854|0.0035702800000000233|[31, 97, 47, 322, 469, 165, 22, 16, 94, 461, 40, 183, 492, 5, 100, 2, 203, 126, 80, 257, 206, 21, 3, 7, 410, 192]
RKP_00500_00100_1_08.txt|1375.78|1542|0.003506667000000068|[146, 10, 258, 29, 165, 4, 16, 2, 149, 156, 332, 63, 185, 35, 1, 378, 40, 11, 439, 25, 106]
RKP_00500_00100_1_09.txt|1358.31|1523|0.0036505850000000174|[19, 108, 496, 151, 54, 344, 307, 229, 324, 48, 221, 39, 77, 11, 27, 73, 148, 180, 16, 153, 163, 245, 212]
RKP_00500_00100_1_10.txt|1332.61|1493|0.003577445999999984|[413, 162, 75, 234, 33, 277, 59, 62, 5, 15, 78, 17, 14, 4, 3, 232, 6, 1, 214, 84, 31, 21, 30]
RKP_00500_00100_2_01.txt|182.24|222|0.0034970209999999825|[168, 39, 11, 226, 259, 16, 102, 148, 40, 3, 50, 150, 472, 20, 97, 241]
RKP_00500_00100_2_02.txt|184.17|220|0.003549422999999994|[156, 167, 314, 336, 195, 13, 142, 4, 441, 131, 299, 100, 70, 112, 65, 121, 109]
RKP_00500_00100_2_03.txt|187.65|217|0.0035656809999999694|[164, 107, 155, 100, 382, 3, 104, 18, 60, 166, 13, 447, 370, 38, 223, 314, 436]
RKP_00500_00100_2_04.txt|168.48|207|0.0035323799999998863|[163, 112, 204, 26, 55, 216, 11, 14, 125, 306, 22, 38, 58, 234, 236, 61]
RKP_00500_00100_2_05.txt|169.3|203|0.0034965790000000396|[10, 38, 48, 4, 87, 275, 52, 5, 125, 43, 320, 260, 67]
RKP_00500_00100_2_06.txt|163.9|201|0.00347327700000017|[18, 9, 1, 3, 27, 150, 117, 57, 50, 53, 24, 358, 134]
RKP_00500_00100_2_07.txt|164.5|192|0.003472746000000129|[292, 83, 1, 3, 123, 6, 4, 67, 17, 404, 459, 33, 260, 176]
RKP_00500_00100_2_08.txt|161.58|188|0.0034757110000000323|[96, 15, 3, 6, 123, 42, 23, 46, 40, 28, 495, 450]
RKP_00500_00100_2_09.txt|146.56|178|0.0034462730000000617|[2, 108, 70, 87, 433, 335, 119, 25, 74, 276, 414]
RKP_00500_00100_2_10.txt|150.23|192|0.0035765300000001154|[116, 14, 21, 40, 19, 20, 154, 216, 83, 105, 37, 84]
RKP_00500_00100_3_01.txt|272.41|313|0.0035900159999999203|[5, 260, 43, 1, 3, 11, 143, 2, 31, 38, 158, 240, 64, 344, 77, 225, 78, 333, 20, 33, 96, 7]
RKP_00500_00100_3_02.txt|328.38|366|0.0035281480000000443|[189, 73, 172, 32, 5, 20, 39, 56, 152, 160, 64, 111, 203, 7, 38, 195, 336, 68, 143, 405, 1, 4, 10, 103, 110, 136, 167]
RKP_00500_00100_3_03.txt|306.39|351|0.0035072939999999876|[93, 22, 258, 264, 9, 52, 71, 113, 148, 444, 454, 292, 40, 126, 191, 5, 139, 49, 111, 54, 178, 31, 1, 4, 351]
RKP_00500_00100_3_04.txt|317.93|360|0.0035357850000000113|[66, 168, 1, 2, 104, 312, 345, 31, 72, 119, 328, 20, 217, 453, 9, 50, 221, 301, 400, 285, 220, 209, 278, 280, 282, 350]
RKP_00500_00100_3_05.txt|326.11|369|0.003516898000000044|[1, 8, 211, 294, 12, 33, 225, 377, 417, 9, 32, 199, 392, 7, 189, 397, 35, 3, 17, 248, 74, 92, 106, 143, 319, 381, 47]
RKP_00500_00100_3_06.txt|287.84|328|0.003496614000000058|[204, 189, 56, 433, 16, 52, 283, 90, 4, 11, 68, 137, 7, 404, 25, 183, 5, 24, 45, 186, 242, 311, 318]
RKP_00500_00100_3_07.txt|270.49|300|0.0034997180000000227|[33, 141, 157, 5, 76, 99, 102, 216, 77, 287, 228, 335, 114, 422, 16, 17, 30, 38, 196, 200]
RKP_00500_00100_3_08.txt|356.81|389|0.0035579180000000574|[31, 19, 451, 133, 302, 14, 49, 57, 63, 90, 114, 275, 301, 214, 484, 4, 26, 5, 12, 15, 23, 34, 27, 58, 62, 84, 144, 150, 172]
RKP_00500_00100_3_09.txt|315.94|345|0.003509130000000109|[58, 104, 148, 171, 2, 115, 221, 4, 12, 70, 154, 169, 1, 54, 108, 315, 83, 122, 263, 32, 38, 294, 347, 434, 5]
RKP_00500_00100_3_10.txt|305.0|342|0.003526050000000005|[13, 40, 153, 159, 183, 189, 322, 3, 7, 25, 32, 28, 57, 222, 4, 11, 52, 63, 135, 474, 30, 18, 165, 305]
RKP_00500_00100_4_01.txt|99.69|100|0.0033268719999999695|[445]
RKP_00500_00100_4_02.txt|99.7|100|0.0032907650000000644|[431]
RKP_00500_00100_4_03.txt|99.77|100|0.003322835999999896|[436]
RKP_00500_00100_4_04.txt|99.59|100|0.003308124000000152|[488]
RKP_00500_00100_4_05.txt|99.95|100|0.0032977900000000916|[448]
RKP_00500_00100_4_06.txt|98.97|100|0.0033206070000000665|[431]
RKP_00500_00100_4_07.txt|99.59|100|0.0033150149999998215|[467]
RKP_00500_00100_4_08.txt|99.49|100|0.0032862879999998994|[449]
RKP_00500_00100_4_09.txt|99.82|100|0.0034032780000000785|[440]
RKP_00500_00100_4_10.txt|99.39|100|0.003294006999999972|[473]
RKP_00500_00100_5_01.txt|92.54|107|0.0033718340000001134|[8, 12, 22, 23, 24, 29, 30]
RKP_00500_00100_5_02.txt|96.37|111|0.003382058999999913|[8, 13, 14, 30, 36, 37, 40]
RKP_00500_00100_5_03.txt|91.13|114|0.0034565359999997724|[9, 11, 12, 19, 21, 23, 24, 26, 32]
RKP_00500_00100_5_04.txt|90.8|108|0.0033416849999999697|[5, 9, 11, 14, 18, 23, 27, 32, 36]
RKP_00500_00100_5_05.txt|92.68|117|0.003454471999999953|[16, 17, 23, 27, 28, 30, 31, 35, 36]
RKP_00500_00100_5_06.txt|94.98|111|0.00340826799999995|[14, 22, 23, 24, 30]
RKP_00500_00100_5_07.txt|93.43|108|0.003363548000000023|[6, 14, 18, 24, 31, 32, 33]
RKP_00500_00100_5_08.txt|94.6|113|0.00337660599999996|[7, 11, 12, 18, 22, 23, 24, 28]
RKP_00500_00100_5_09.txt|91.17|118|0.003361304999999959|[17, 18, 19, 21, 35, 41, 43]
RKP_00500_00100_5_10.txt|88.47|105|0.0033891170000001124|[3, 4, 6, 9, 11, 18, 23, 32, 37]
RKP_01000_00100_1_01.txt|1810.94|2029|0.010173105000000042|[261, 50, 260, 2, 64, 123, 314, 13, 42, 51, 39, 10, 604, 646, 67, 91, 36, 48, 19, 151, 97, 317, 47, 700, 1, 465, 432, 626]
RKP_01000_00100_1_02.txt|1716.97|1885|0.010174804999999907|[182, 16, 195, 486, 9, 557, 584, 294, 8, 2, 292, 519, 108, 696, 89, 171, 694, 872, 754, 185, 408, 36, 72, 38, 193, 359, 683]
RKP_01000_00100_1_03.txt|1769.5|1986|0.009938316999999763|[199, 128, 800, 174, 869, 48, 56, 326, 252, 3, 172, 725, 145, 754, 116, 704, 268, 206, 535, 134, 32, 62, 114, 112, 50, 2, 498, 4, 1]
RKP_01000_00100_1_04.txt|2037.32|2197|0.010081889000000111|[726, 151, 429, 12, 732, 733, 1, 255, 2, 247, 857, 283, 75, 44, 790, 566, 6, 69, 14, 165, 266, 376, 5, 402, 36, 277, 62, 20, 163, 3, 889]
RKP_01000_00100_1_05.txt|1819.14|2040|0.009978068999999756|[123, 207, 49, 75, 121, 41, 89, 37, 915, 673, 39, 222, 12, 188, 26, 865, 151, 29, 1, 198, 159, 635, 69, 593, 1000, 425, 696, 25, 307]
RKP_01000_00100_1_06.txt|2131.95|2298|0.009981850999999793|[383, 58, 38, 78, 168, 250, 993, 10, 632, 44, 4, 8, 265, 57, 255, 33, 1, 99, 63, 108, 242, 313, 591, 442, 645, 6, 5, 120, 349, 52, 48, 176, 177]
RKP_01000_00100_1_07.txt|2152.01|2382|0.010029885999999842|[37, 436, 127, 7, 128, 204, 440, 129, 382, 476, 88, 372, 484, 80, 86, 641, 226, 2, 3, 556, 874, 450, 558, 130, 547, 49, 778, 22, 190, 90, 342, 19]
RKP_01000_00100_1_08.txt|1908.97|2077|0.010001587000000214|[356, 422, 4, 1, 716, 223, 274, 366, 26, 922, 390, 68, 101, 780, 421, 51, 145, 149, 80, 6, 401, 64, 174, 403, 22, 303, 242, 118, 15]
RKP_01000_00100_1_09.txt|1829.91|2014|0.009950230000000247|[103, 31, 36, 672, 691, 1, 898, 196, 782, 108, 925, 170, 133, 168, 248, 14, 213, 409, 150, 763, 27, 7, 290, 17, 88, 513, 48, 96, 32]
RKP_01000_00100_1_10.txt|2131.87|2337|0.010000347999999982|[618, 253, 534, 669, 19, 466, 37, 76, 785, 50, 188, 1, 748, 111, 8, 331, 663, 30, 198, 439, 55, 104, 463, 491, 968, 24, 237, 681, 81, 159, 43, 480, 813]
RKP_01000_00100_2_01.txt|209.54|240|0.009874199999999967|[264, 13, 3, 7, 111, 366, 690, 185, 252, 24, 41, 47, 209, 37, 88, 12, 51, 348, 287]
RKP_01000_00100_2_02.txt|191.55|224|0.009829654000000118|[375, 73, 410, 583, 183, 8, 397, 84, 166, 385, 901, 202, 129, 580, 100, 589]
RKP_01000_00100_2_03.txt|240.14|276|0.009881713999999703|[84, 5, 416, 81, 97, 171, 123, 335, 897, 64, 87, 282, 404, 347, 340, 149, 371, 708, 58, 417, 650, 842]
RKP_01000_00100_2_04.txt|207.89|245|0.009850000999999935|[37, 60, 35, 428, 698, 184, 443, 130, 782, 74, 207, 150, 9, 94, 112, 317, 620, 265]
RKP_01000_00100_2_05.txt|211.18|238|0.009954818000000145|[380, 84, 428, 152, 222, 26, 409, 299, 512, 11, 214, 462, 7, 172, 846, 293, 98, 545, 742, 706, 547]
RKP_01000_00100_2_06.txt|234.51|266|0.010012162000000302|[590, 1, 602, 122, 259, 876, 805, 187, 6, 57, 827, 138, 322, 290, 115, 894, 46, 289, 647, 858, 276, 537]
RKP_01000_00100_2_07.txt|199.83|225|0.010024001000000666|[284, 796, 81, 457, 208, 7, 3, 378, 433, 20, 1, 337, 480, 731, 173, 271, 47, 28, 345]
RKP_01000_00100_2_08.txt|227.66|267|0.01002181499999999|[3, 862, 39, 9, 26, 11, 44, 250, 1, 131, 10, 21, 16, 73, 121, 171, 198, 136, 661, 597, 141, 117, 7, 160]
RKP_01000_00100_2_09.txt|201.59|236|0.009944939000000161|[127, 348, 191, 235, 904, 436, 656, 205, 13, 225, 9, 25, 382, 759, 11, 929, 109, 835]
RKP_01000_00100_2_10.txt|225.24|253|0.00989898999999987|[15, 163, 5, 4, 122, 564, 282, 252, 314, 700, 191, 522, 755, 341, 571, 8, 521, 57, 1, 262, 56, 335]
RKP_01000_00100_3_01.txt|383.55|451|0.010043360000000022|[49, 1, 11, 2, 208, 565, 32, 51, 65, 119, 133, 249, 337, 537, 659, 763, 857, 77, 143, 928, 68, 774, 692, 226, 15, 55, 82, 186, 340, 348, 456, 464, 704, 740, 795]
RKP_01000_00100_3_02.txt|351.79|421|0.00999668100000008|[137, 3, 37, 533, 1, 2, 16, 53, 56, 9, 18, 25, 120, 138, 295, 654, 377, 35, 207, 30, 42, 357, 22, 157, 401, 69, 79, 94, 126, 176, 300, 318]
RKP_01000_00100_3_03.txt|381.91|430|0.010045454000000476|[1, 93, 378, 692, 836, 84, 170, 392, 530, 652, 74, 321, 443, 13, 17, 31, 325, 431, 180, 256, 87, 5, 7, 213, 449, 229, 199, 4, 3, 143, 175, 204, 222]
RKP_01000_00100_3_04.txt|395.25|439|0.010073444999999737|[274, 5, 16, 2, 10, 293, 550, 1, 3, 9, 42, 142, 149, 277, 305, 389, 449, 645, 740, 786, 15, 119, 492, 35, 53, 148, 154, 309, 339, 480, 535, 579, 60, 150]
RKP_01000_00100_3_05.txt|324.87|382|0.009934597000000095|[108, 10, 86, 141, 57, 183, 460, 630, 661, 1, 107, 192, 355, 49, 778, 652, 6, 169, 479, 2, 5, 23, 24, 29, 31, 46, 142, 144]
RKP_01000_00100_3_06.txt|341.89|389|0.010020649000000291|[112, 6, 37, 347, 278, 543, 5, 14, 36, 204, 242, 249, 25, 66, 158, 330, 174, 294, 358, 1, 7, 16, 22, 60, 164, 224, 471, 886, 970]
RKP_01000_00100_3_07.txt|406.8|459|0.010028421000000023|[16, 53, 169, 4, 5, 27, 38, 354, 605, 3, 56, 62, 131, 282, 12, 20, 23, 112, 129, 190, 231, 591, 695, 822, 888, 124, 942, 2, 63, 96, 144, 410, 828, 11, 342, 856]
RKP_01000_00100_3_08.txt|312.91|361|0.009909409999999922|[35, 129, 11, 53, 145, 524, 591, 179, 198, 340, 33, 118, 152, 13, 250, 172, 301, 3, 199, 782, 87, 480, 1, 2, 71, 89]
RKP_01000_00100_3_09.txt|331.54|381|0.009943699000000023|[83, 216, 318, 385, 578, 871, 1, 9, 77, 202, 257, 23, 141, 480, 647, 126, 199, 930, 5, 66, 100, 228, 29, 76, 215, 459, 40, 61]
RKP_01000_00100_3_10.txt|367.22|430|0.009977764999999507|[245, 16, 467, 104, 319, 10, 12, 26, 122, 156, 524, 677, 764, 1, 61, 103, 314, 566, 687, 5, 48, 251, 352, 909, 79, 3, 18, 22, 35, 46, 72, 106, 169]
RKP_01000_00100_4_01.txt|99.62|100|0.00971332800000063|[919]
RKP_01000_00100_4_02.txt|99.78|100|0.009682276999999715|[992]
RKP_01000_00100_4_03.txt|100.0|100|0.009738592999999724|[856]
RKP_01000_00100_4_04.txt|99.95|100|0.009697621999999982|[845]
RKP_01000_00100_4_05.txt|100.0|100|0.009691495000000145|[996]
RKP_01000_00100_4_06.txt|99.7|100|0.009804407999999683|[878]
RKP_01000_00100_4_07.txt|99.74|100|0.009680284999999884|[887]
RKP_01000_00100_4_08.txt|99.98|100|0.009667083000000076|[847]
RKP_01000_00100_4_09.txt|99.91|100|0.009688016000000133|[896]
RKP_01000_00100_4_10.txt|99.96|100|0.009678783000000166|[843]
RKP_01000_00100_5_01.txt|95.18|109|0.009724362000000113|[6, 11, 17, 23, 24, 25, 26, 27, 29, 36, 43]
RKP_01000_00100_5_02.txt|93.74|114|0.009736529000000403|[21, 45, 48, 51, 56, 73]
RKP_01000_00100_5_03.txt|94.5|107|0.009908541000000355|[3, 16, 18, 43, 51, 54, 56]
RKP_01000_00100_5_04.txt|93.59|110|0.00983813699999999|[15, 18, 24, 28, 33, 34, 50, 54, 55]
RKP_01000_00100_5_05.txt|93.77|112|0.009884248000000184|[15, 30, 34, 39, 42, 44, 46]
RKP_01000_00100_5_06.txt|94.79|110|0.009717229999999261|[10, 13, 14, 20, 23, 25, 26]
RKP_01000_00100_5_07.txt|93.91|105|0.009739100000000177|[3, 4, 32, 34, 38, 39, 44, 50]
RKP_01000_00100_5_08.txt|95.16|109|0.009736151999999266|[11, 13, 17, 19, 20, 25, 32, 34, 45]
RKP_01000_00100_5_09.txt|93.65|109|0.009762518999999373|[5, 19, 23, 26, 29, 30, 33, 38]
RKP_01000_00100_5_10.txt|92.72|108|0.009737315999999652|[8, 11, 13, 16, 17, 21, 23, 30]
RKP_05000_00100_1_01.txt|3835.24|4288|0.17210792999999952|[20, 51, 49, 1700, 1366, 59, 852, 89, 213, 1181, 1207, 2692, 302, 2505, 31, 1275, 1839, 1373, 465, 363, 4545, 3, 2556, 4, 5, 9, 343, 1, 553, 4758, 2091, 3251, 8, 3645, 1406, 642, 652, 33, 1268, 524, 54, 540, 116, 1129, 589, 4866, 3411, 275, 904, 1485, 150, 324, 1482, 68, 2398, 70, 3733, 4536]
RKP_05000_00100_1_02.txt|3887.36|4216|0.17112687900000098|[3648, 1821, 73, 2337, 104, 601, 135, 18, 235, 304, 2809, 1720, 130, 301, 2669, 75, 463, 3415, 60, 171, 31, 277, 1585, 794, 1557, 262, 275, 892, 1908, 4066, 350, 4324, 176, 4311, 4651, 174, 83, 169, 2, 579, 4439, 1210, 147, 42, 716, 1201, 4128, 70, 501, 78, 16, 3013, 1, 347]
RKP_05000_00100_1_03.txt|3818.67|4128|0.170987461|[2, 1355, 1, 4798, 10, 27, 26, 1880, 1550, 793, 2939, 6, 219, 1066, 2646, 22, 350, 1044, 1363, 591, 929, 684, 1069, 207, 3382, 81, 52, 4396, 1958, 4053, 136, 484, 1006, 193, 148, 1532, 1588, 2992, 3261, 614, 4623, 3127, 38, 3471, 1417, 2223, 3686, 15, 1211, 3801, 1634, 4436, 3036, 114, 1171, 54, 209, 612, 203]
RKP_05000_00100_1_04.txt|3554.04|3757|0.17114925799999753|[38, 1931, 378, 713, 1521, 444, 4280, 1367, 131, 233, 2859, 78, 1764, 3703, 1527, 795, 2831, 4914, 2, 41, 1210, 3053, 979, 2565, 26, 3006, 337, 147, 2594, 7, 1814, 104, 4320, 69, 203, 587, 1998, 103, 23, 159, 2528, 5, 1604, 889, 3064, 135, 1247, 4470, 379, 2030, 1158, 4576, 3644, 3336, 2601, 3198]
RKP_05000_00100_1_05.txt|3528.9|3883|0.17087402999999995|[541, 33, 2447, 288, 60, 4969, 96, 4179, 44, 527, 356, 1088, 270, 230, 64, 977, 1249, 4630, 1169, 644, 38, 608, 427, 660, 2886, 542, 2537, 4002, 2, 8, 1510, 1759, 13, 1433, 2850, 3856, 20, 2399, 16, 214, 4, 1309, 79, 174, 243, 1566, 306, 1432, 53, 1630, 2549, 3339, 101]
RKP_05000_00100_1_06.txt|3674.19|4020|0.17054790899999972|[45, 3167, 133, 645, 62, 435, 21, 14, 147, 652, 2842, 2608, 866, 1031, 745, 41, 3571, 115, 3239, 1799, 694, 747, 219, 569, 25, 73, 457, 554, 2384, 3834, 152, 3825, 9, 807, 1474, 23, 1325, 184, 1279, 896, 860, 3, 122, 53, 329, 1512, 8, 128, 1319, 129, 701, 17, 1606, 11, 2, 55]
RKP_05000_00100_1_07.txt|4172.4|4546|0.1705134330000004|[3473, 188, 876, 204, 1762, 991, 1401, 2367, 3162, 155, 457, 30, 1827, 1674, 219, 1, 97, 880, 2207, 180, 55, 1149, 3419, 118, 4252, 4639, 1437, 582, 2018, 2258, 914, 2037, 218, 1687, 229, 2883, 324, 3521, 124, 1756, 4, 197, 4226, 11, 931, 392, 32, 1222, 742, 54, 1758, 79, 90, 451, 2591, 453, 13, 3111, 3370, 3]
RKP_05000_00100_1_08.txt|3732.34|4018|0.1706848099999999|[6, 816, 82, 1, 1717, 4811, 148, 985, 48, 120, 2780, 1781, 745, 25, 2845, 777, 1318, 137, 820, 29, 2399, 186, 1079, 1029, 2994, 1186, 2899, 906, 3876, 264, 266, 2248, 2337, 66, 217, 2054, 865, 300, 359, 502, 1926, 24, 847, 202, 2965, 276, 288, 3259, 12, 4344, 4338, 275, 154, 179, 687, 1267]
RKP_05000_00100_1_09.txt|3265.03|3547|0.17159541299999914|[325, 3697, 10, 70, 74, 1856, 463, 6, 230, 2349, 588, 83, 987, 1309, 796, 747, 3556, 90, 533, 329, 2965, 4220, 786, 2596, 270, 445, 816, 4135, 3051, 30, 3704, 178, 410, 3, 628, 4424, 2791, 3594, 1441, 3186, 433, 202, 1363, 1479, 3759, 4036, 4341, 121]
RKP_05000_00100_1_10.txt|3753.59|4044|0.16998423699999904|[1804, 437, 2061, 230, 952, 564, 3065, 1422, 4572, 8, 3734, 654, 180, 48, 1395, 3373, 484, 20, 1517, 930, 3176, 25, 612, 3086, 67, 83, 4544, 429, 176, 189, 321, 1021, 343, 2163, 2958, 143, 482, 1091, 111, 1350, 555, 3170, 1089, 337, 709, 352, 2466, 780, 1342, 2, 2616, 4369, 11, 60, 1, 4883]
RKP_05000_00100_2_01.txt|349.4|382|0.17190371900000032|[3518, 3020, 77, 2000, 220, 736, 626, 1238, 4039, 540, 1647, 2295, 44, 110, 144, 2729, 4675, 5, 142, 246, 3, 948, 1741, 2218, 2367, 3043, 2607, 92, 1846, 1613, 4913, 1, 551, 1057, 1441, 2019, 16, 797]
RKP_05000_00100_2_02.txt|400.08|431|0.17187879900000097|[407, 532, 29, 275, 1493, 1770, 3, 14, 3178, 2437, 15, 40, 1838, 2992, 3004, 578, 871, 2439, 4347, 4384, 152, 1014, 2501, 155, 455, 656, 929, 1793, 2412, 3238, 144, 71, 287, 1570, 2479, 4063, 4978, 199, 4, 73, 2707, 2274, 933, 10, 35]
RKP_05000_00100_2_03.txt|364.85|405|0.17258182100000283|[1122, 826, 2844, 840, 895, 3332, 842, 3890, 4206, 314, 1332, 185, 202, 1469, 2973, 4028, 769, 3625, 22, 4655, 11, 1184, 1463, 1867, 4547, 2352, 5, 242, 710, 1234, 3701, 4989, 2642, 341, 17, 39, 87, 124, 1471, 3431]
RKP_05000_00100_2_04.txt|343.63|383|0.17054497300000152|[674, 12, 3153, 387, 531, 45, 283, 5, 483, 491, 687, 1415, 1565, 752, 1107, 1671, 325, 506, 2299, 2042, 13, 950, 1, 111, 143, 1295, 4139, 168, 599, 272, 354, 709, 1452, 1976, 22, 37, 3219, 493]
RKP_05000_00100_2_05.txt|366.82|409|0.17126504400000442|[452, 1029, 991, 5, 52, 1224, 3406, 3374, 797, 29, 370, 1076, 2614, 426, 612, 3758, 167, 2206, 2208, 413, 522, 1741, 51, 3549, 61, 355, 489, 2146, 2365, 2703, 3238, 3555, 684, 545, 1762, 1095, 908, 160, 1757, 2083]
RKP_05000_00100_2_06.txt|365.79|398|0.17070371499999795|[1109, 4405, 62, 324, 6, 2408, 1208, 369, 2044, 1688, 1, 853, 1433, 326, 2322, 2422, 3682, 926, 1025, 1288, 1383, 2075, 8, 2039, 23, 466, 2312, 2519, 9, 668, 3054, 2035, 135, 273, 816, 1581, 2118, 2148, 3347, 594]
RKP_05000_00100_2_07.txt|362.23|394|0.17222213599999692|[2, 516, 71, 333, 58, 1389, 2246, 141, 260, 2323, 15, 4183, 2108, 3555, 55, 2164, 1, 396, 2528, 4507, 216, 429, 79, 169, 1073, 3689, 109, 927, 3761, 7, 4372, 3, 39, 2443, 2751, 3050, 558]
RKP_05000_00100_2_08.txt|358.11|394|0.1702702360000012|[25, 152, 2915, 24, 2068, 3421, 23, 621, 4332, 524, 671, 1415, 15, 98, 367, 792, 869, 1700, 7, 3696, 9, 342, 1301, 34, 51, 199, 2522, 3854, 293, 232, 724, 1204, 1242, 1531, 5, 68, 1125, 99]
RKP_05000_00100_2_09.txt|394.0|431|0.17023123000000226|[6, 1149, 1873, 294, 392, 846, 2179, 2318, 4070, 2365, 218, 755, 362, 1335, 1818, 18, 238, 355, 1679, 151, 1331, 2692, 4171, 66, 673, 1611, 2520, 3890, 4480, 4778, 29, 175, 2989, 7, 86, 433, 1383, 2352, 2953, 3113, 3325, 293, 299, 896, 1710]
RKP_05000_00100_2_10.txt|336.2|370|0.17249978899999974|[120, 918, 2345, 3321, 2283, 2318, 2768, 74, 136, 2133, 2022, 184, 163, 3077, 1253, 4012, 1547, 1773, 3123, 66, 935, 48, 123, 275, 1576, 2435, 3300, 58, 8, 956, 22, 1232, 111, 1440, 384]
RKP_05000_00100_3_01.txt|696.73|770|0.17247857099999805|[83, 145, 224, 288, 349, 588, 900, 1006, 1096, 1725, 1768, 2, 4, 5, 44, 55, 58, 69, 109, 383, 410, 413, 948, 995, 1187, 1232, 2090, 2768, 3020, 4471, 16, 17, 33, 39, 301, 700, 1488, 1, 3, 8, 10, 11, 26, 48, 135, 231, 279, 312, 334, 361, 465, 471, 610, 661, 692, 1192, 1272, 1751, 2039, 2321, 2608, 3252, 3272, 3292, 3674, 3675, 4195]
RKP_05000_00100_3_02.txt|659.77|860|0.17142563000000222|[132, 148, 373, 434, 472, 496, 776, 856, 989, 1267, 1271, 1335, 2409, 2762, 2772, 3318, 19, 40, 74, 175, 453, 2059, 3228, 3623, 4, 515, 843, 1497, 1555, 2280, 2430, 2800, 1, 9, 22, 36, 38, 55, 93, 94, 98, 145, 167, 203, 219, 254, 272, 301, 312, 313, 351, 356, 392, 415, 512, 542, 973, 1047, 1092, 1119, 1136, 1664, 1834, 1876, 2362, 2674, 2689, 2722, 2848, 3287, 3344, 3615, 3645, 4055, 4114, 4494]
RKP_05000_00100_3_03.txt|740.09|840|0.1735589260000006|[1, 159, 341, 403, 977, 1058, 1109, 1888, 2676, 2793, 2962, 2984, 4547, 42, 73, 397, 647, 714, 1051, 1672, 1732, 1890, 3663, 8, 11, 78, 177, 1796, 1905, 2618, 3918, 5, 6, 15, 18, 20, 21, 27, 52, 76, 86, 96, 129, 156, 191, 205, 258, 283, 387, 520, 820, 894, 914, 945, 1226, 1256, 1304, 1305, 1409, 1459, 1487, 1558, 1571, 1712, 1847, 1941, 2858, 2989, 3115, 4254, 4440, 4520, 4528, 4563]
RKP_05000_00100_3_04.txt|693.5|810|0.17377825499999916|[5, 48, 59, 325, 1193, 1433, 1788, 2600, 2634, 3851, 66, 72, 130, 136, 205, 232, 266, 282, 364, 648, 995, 1162, 1399, 1455, 1758, 29, 89, 311, 1048, 1907, 2593, 2850, 1, 9, 11, 56, 100, 298, 318, 320, 335, 365, 375, 446, 578, 688, 708, 759, 769, 770, 808, 898, 984, 1024, 1182, 1227, 1264, 1283, 1338, 1348, 1570, 1739, 1757, 1905, 2156, 2274, 2340, 2386, 2433, 2810, 3111]
RKP_05000_00100_3_05.txt|660.76|699|0.17155048200000295|[573, 936, 1668, 2040, 2456, 2928, 1, 60, 109, 113, 230, 304, 435, 448, 563, 588, 994, 1526, 1529, 1810, 2471, 2837, 2877, 3753, 4063, 11, 28, 157, 168, 184, 582, 1006, 1780, 2510, 3187, 7, 32, 52, 79, 122, 238, 292, 295, 362, 480, 485, 513, 669, 905, 909, 950, 973, 2337, 2596, 2714, 3114, 3135, 4073, 4398, 4423]
RKP_05000_00100_3_06.txt|698.17|840|0.17292780700000093|[2, 24, 27, 32, 103, 121, 270, 755, 796, 1148, 1376, 1657, 2205, 3112, 29, 45, 80, 104, 157, 278, 434, 1347, 1702, 1854, 3151, 3434, 8, 84, 274, 718, 2455, 2581, 4143, 1, 15, 25, 26, 35, 58, 68, 79, 113, 119, 179, 203, 244, 248, 352, 452, 492, 551, 564, 638, 683, 838, 956, 1046, 1130, 1451, 1477, 1698, 1735, 1860, 1884, 2159, 2457, 2528, 2710, 2738, 2878, 2889, 2978, 3082, 4282]
RKP_05000_00100_3_07.txt|664.1|840|0.1732387159999962|[10, 89, 114, 169, 206, 729, 876, 883, 1030, 1095, 1833, 2510, 2701, 2869, 3232, 68, 166, 167, 485, 549, 570, 607, 799, 859, 1109, 3542, 3596, 6, 308, 479, 1705, 2922, 2945, 2998, 1, 2, 14, 16, 18, 20, 77, 93, 98, 99, 119, 189, 213, 222, 281, 304, 356, 362, 372, 416, 495, 500, 507, 523, 550, 699, 750, 812, 817, 890, 980, 1453, 1577, 1615, 1892, 1960, 2113, 2632, 2667, 3416]
RKP_05000_00100_3_08.txt|670.61|820|0.1732392580000078|[28, 328, 428, 645, 925, 1076, 1502, 2276, 3335, 3410, 3821, 4062, 4353, 59, 1028, 1047, 1106, 1497, 1747, 2313, 3429, 4049, 4708, 9, 14, 303, 321, 938, 964, 1225, 2914, 3479, 1, 5, 6, 13, 17, 47, 92, 97, 100, 129, 161, 169, 215, 227, 238, 343, 346, 382, 491, 557, 563, 572, 700, 969, 1208, 1238, 1240, 1244, 1355, 1414, 1478, 1517, 1589, 1802, 1973, 2091, 2154, 2430, 2572, 2702]
RKP_05000_00100_3_09.txt|722.17|840|0.17364602000000218|[2, 55, 137, 217, 271, 636, 2048, 2227, 2372, 2453, 2862, 2897, 3603, 4813, 29, 49, 101, 419, 424, 882, 1210, 1430, 1715, 2032, 3283, 3830, 133, 296, 324, 523, 616, 1225, 1545, 1, 4, 24, 63, 94, 111, 205, 262, 288, 355, 409, 466, 585, 600, 662, 696, 789, 827, 839, 981, 986, 1067, 1161, 1532, 1558, 1683, 1913, 2033, 2595, 2609, 2846, 2925, 3120, 3500, 3562, 3727, 3987, 4348, 4681, 4902, 4948]
RKP_05000_00100_3_10.txt|751.86|830|0.17247149999999578|[22, 216, 666, 881, 1075, 1419, 1430, 1938, 2312, 2567, 2990, 3361, 4448, 4783, 141, 142, 166, 211, 337, 540, 559, 685, 798, 1396, 1639, 1688, 1928, 2720, 4016, 610, 623, 938, 1480, 1826, 3158, 3, 8, 19, 21, 27, 30, 47, 52, 119, 173, 236, 252, 283, 383, 438, 627, 659, 775, 787, 860, 1046, 1166, 1426, 1463, 1547, 1946, 2107, 2181, 2195, 2235, 2244, 2477, 2929, 2988, 3869, 3877, 3997, 4628]
RKP_05000_00100_4_01.txt|100.0|100|0.17386333999999465|[4377]
RKP_05000_00100_4_02.txt|100.0|100|0.17190501799999994|[4330]
RKP_05000_00100_4_03.txt|100.0|100|0.1694780379999986|[4336]
RKP_05000_00100_4_04.txt|100.0|100|0.17122114400000327|[4263]
RKP_05000_00100_4_05.txt|100.0|100|0.16895581999999876|[4238]
RKP_05000_00100_4_06.txt|100.0|100|0.16953547800000252|[4203]
RKP_05000_00100_4_07.txt|100.0|100|0.17057698900000218|[4210]
RKP_05000_00100_4_08.txt|100.0|100|0.17307509199999685|[4205]
RKP_05000_00100_4_09.txt|100.0|100|0.1717772440000033|[4281]
RKP_05000_00100_4_10.txt|100.0|100|0.17146888500000046|[4366]
RKP_05000_00100_5_01.txt|95.83|102|0.1733403709999959|[6, 9, 12, 14, 15, 25, 26, 30, 31, 40, 43, 44, 45, 48, 49, 62, 74, 84]
RKP_05000_00100_5_02.txt|96.93|104|0.17107761300000562|[3, 6, 8, 9, 13, 19, 20, 24, 28, 35, 36, 43, 49, 52, 59, 60, 62]
RKP_05000_00100_5_03.txt|95.8|102|0.16980799200001|[16, 18, 19, 24, 28, 30, 32, 35, 45, 49, 55, 57, 58, 59]
RKP_05000_00100_5_04.txt|96.76|107|0.17207394900000964|[7, 8, 11, 13, 14, 18, 20, 23, 27, 29, 35, 38, 41, 42]
RKP_05000_00100_5_05.txt|95.9|105|0.17086769100000082|[5, 7, 10, 14, 15, 24, 25, 26, 29, 36, 40, 54, 59, 71, 80]
RKP_05000_00100_5_06.txt|96.41|106|0.17205659000000195|[15, 16, 17, 23, 27, 31, 32, 38, 40, 45, 50, 59, 64, 68, 69, 71]
RKP_05000_00100_5_07.txt|96.1|102|0.17050118899999916|[5, 6, 16, 17, 19, 35, 39, 41, 44, 50, 52, 57, 59, 61, 73]
RKP_05000_00100_5_08.txt|96.34|104|0.1714877139999976|[4, 5, 6, 9, 12, 13, 17, 20, 27, 28, 29, 34, 39, 42, 44, 47, 52, 55]
RKP_05000_00100_5_09.txt|95.7|103|0.1712125900000035|[6, 15, 18, 19, 20, 31, 37, 39, 45, 52, 61, 63, 64, 68, 71]
RKP_05000_00100_5_10.txt|96.73|103|0.1713847300000009|[3, 4, 7, 9, 16, 21, 22, 34, 38, 43, 45, 47, 48, 61, 62, 64, 73, 74]
RKP_05000_01000_1_01.txt|50728.34|53928|0.17739891700000043|[164, 700, 53, 424, 3485, 328, 732, 4971, 1742, 2254, 1724, 1756, 778, 1232, 1841, 334, 4479, 18, 661, 1919, 3799, 226, 2629, 3791, 151, 368, 23, 399, 684, 15, 3187, 17, 1233, 751, 271, 1196, 1034, 30, 212, 1858, 511, 2481, 1387, 3144, 1591, 2077, 1810, 1, 59, 2187, 416, 13, 202, 379, 866, 1431, 4223, 4085, 78, 1214, 405, 470, 2777, 2, 74, 1979, 2932, 3534, 171, 491, 96, 2799, 86, 8, 10, 3256, 1878, 2266, 1093, 16]
RKP_05000_01000_1_02.txt|53885.17|56817|0.176270200999993|[918, 304, 7, 406, 109, 622, 2800, 3, 89, 4961, 1055, 1414, 988, 41, 1590, 222, 10, 36, 675, 425, 4489, 728, 3565, 3349, 2769, 155, 1677, 2379, 588, 1205, 1337, 368, 3795, 3628, 917, 1604, 1277, 2973, 694, 2727, 96, 207, 1261, 928, 2120, 1683, 2745, 2198, 539, 1860, 78, 130, 1, 22, 4414, 506, 3875, 2832, 2594, 1698, 2825, 282, 609, 235, 2208, 11, 338, 1403, 1318, 1455, 2011, 13, 1999, 17, 620, 1311, 179, 772, 837, 4020, 39, 31]
RKP_05000_01000_1_03.txt|48378.58|50518|0.17906882399999857|[1614, 3276, 22, 882, 1039, 940, 24, 1534, 3194, 2471, 3920, 1854, 76, 1150, 3682, 165, 2688, 3232, 1605, 135, 1483, 2848, 1822, 62, 852, 1415, 3, 272, 933, 810, 1475, 94, 176, 339, 13, 1027, 4283, 400, 186, 67, 533, 32, 2016, 1364, 1, 344, 2136, 3392, 678, 449, 122, 254, 1339, 209, 174, 649, 513, 420, 2126, 479, 1890, 248, 4104, 72, 1249, 178, 2201, 3835, 3918, 2080, 2125, 114, 60, 1478, 2314]
RKP_05000_01000_1_04.txt|50832.77|53583|0.17562795399999345|[4624, 223, 1275, 1218, 238, 594, 498, 135, 952, 61, 1450, 4775, 4397, 716, 64, 3926, 35, 318, 16, 191, 794, 413, 133, 9, 248, 7, 1689, 2047, 4277, 395, 6, 71, 2060, 49, 522, 1074, 2550, 10, 1901, 210, 114, 1107, 181, 1, 2470, 2269, 84, 625, 1142, 30, 1533, 52, 3055, 687, 546, 22, 3023, 351, 2320, 482, 724, 3051, 1546, 37, 533, 173, 5, 2023, 4232, 896, 33, 1174, 1356, 1916, 50, 2999, 189, 1311, 25, 125, 465, 1416]
RKP_05000_01000_1_05.txt|49132.88|51591|0.17597194600000535|[2069, 1649, 2, 14, 65, 1316, 1142, 1411, 1588, 132, 91, 385, 430, 254, 352, 1418, 259, 1162, 3067, 97, 1606, 816, 1320, 93, 580, 985, 1883, 168, 2547, 16, 73, 593, 4053, 130, 48, 2819, 2834, 85, 1227, 2271, 2256, 25, 1093, 94, 208, 1607, 4118, 2570, 467, 3468, 279, 339, 46, 876, 4385, 119, 3521, 667, 4, 1155, 184, 4034, 267, 169, 2534, 157, 651, 9, 1023, 4959, 1474, 711, 40, 8, 3328, 1321, 1049, 4096, 454, 943]
RKP_05000_01000_1_06.txt|48443.13|52097|0.17540551599999618|[51, 736, 4603, 52, 1689, 159, 1916, 3109, 1242, 691, 1879, 48, 188, 3076, 2, 10, 150, 336, 2925, 2050, 498, 80, 157, 2517, 1062, 429, 656, 2633, 1040, 269, 1662, 601, 1, 894, 1097, 2012, 697, 2025, 192, 1720, 60, 883, 2857, 1511, 943, 637, 594, 25, 297, 54, 88, 2865, 1360, 830, 1910, 288, 20, 468, 107, 641, 2195, 998, 3846, 1641, 2967, 3, 45, 217, 503, 399, 1368, 1530, 9, 6, 90, 343, 616, 1002, 1192]
RKP_05000_01000_1_07.txt|44943.62|47391|0.17516459400000486|[4009, 753, 1904, 1741, 15, 226, 77, 1, 91, 1449, 44, 2, 568, 161, 795, 198, 386, 616, 651, 8, 1359, 130, 2669, 213, 4471, 985, 1865, 1489, 204, 1697, 453, 608, 65, 1346, 2235, 38, 94, 424, 1659, 1605, 637, 2537, 80, 1198, 2593, 115, 84, 423, 957, 522, 577, 1175, 421, 188, 2087, 4091, 523, 23, 21, 1116, 628, 1764, 2501, 2001, 3455, 46, 221, 89, 480, 2245, 218, 530, 4242]
RKP_05000_01000_1_08.txt|45996.08|51092|0.17526474900000494|[4497, 140, 20, 427, 24, 81, 89, 1391, 2585, 109, 651, 2841, 26, 1574, 738, 3, 4666, 890, 411, 2382, 2356, 75, 29, 531, 52, 1275, 1088, 389, 3437, 43, 529, 190, 1487, 430, 1029, 2110, 10, 4242, 2528, 279, 785, 823, 952, 527, 235, 670, 3244, 122, 3925, 575, 577, 488, 15, 1138, 7, 502, 257, 3318, 115, 1073, 3665, 625, 2723, 151, 3937, 849, 12, 66, 118, 419, 40, 39]
RKP_05000_01000_1_09.txt|48162.06|52469|0.17540458500000342|[684, 4115, 157, 128, 104, 1714, 51, 427, 2381, 3179, 1434, 1, 1362, 191, 1679, 2, 499, 1761, 1366, 1788, 1414, 2399, 364, 6, 996, 94, 18, 163, 2364, 4, 1495, 2034, 3448, 1242, 2239, 2246, 3744, 883, 451, 101, 3245, 39, 390, 1481, 107, 42, 17, 2452, 47, 963, 379, 2549, 1980, 3583, 1854, 563, 126, 3, 562, 2121, 331, 190, 2328, 2845, 998, 27, 1579, 29, 302, 714, 342, 473, 1113, 844, 7, 2012]
RKP_05000_01000_1_10.txt|54930.08|57469|0.1764262799999824|[1640, 129, 1479, 2, 888, 528, 1, 740, 2671, 2216, 1361, 2153, 359, 245, 1044, 1680, 9, 47, 104, 500, 807, 785, 2698, 839, 486, 43, 11, 1914, 2541, 187, 2560, 2608, 461, 1553, 2184, 2867, 193, 844, 384, 1350, 1934, 261, 2768, 1430, 220, 1423, 180, 1641, 255, 495, 904, 1253, 103, 2753, 464, 1076, 1095, 3836, 1333, 1175, 49, 100, 417, 1313, 2309, 113, 6, 286, 4815, 1284, 2544, 1554, 38, 331, 3137, 33, 212, 712, 1686, 3309, 2363, 1436]
RKP_05000_01000_2_01.txt|3501.11|3824|0.17642177999999376|[176, 1844, 3060, 951, 761, 3919, 947, 1173, 2400, 2057, 1100, 4166, 1641, 103, 2000, 2281, 604, 395, 4493, 339, 724, 153, 1473, 147, 4598, 1011, 23, 2581, 716, 34, 5, 165, 273, 413, 483, 487, 707, 253, 2671, 555, 280, 2, 11, 471]
RKP_05000_01000_2_02.txt|3841.36|4205|0.17939925700000914|[1045, 2, 279, 88, 317, 491, 964, 44, 462, 2581, 545, 62, 126, 1812, 311, 1577, 78, 365, 946, 1964, 1000, 2515, 2537, 2308, 2213, 820, 1856, 1294, 51, 166, 3498, 1693, 3944, 2756, 2869, 4017, 116, 72, 1068, 4977, 681, 862, 1749, 1189, 2682]
RKP_05000_01000_2_03.txt|3857.11|4101|0.17824763799999574|[465, 51, 726, 217, 305, 3351, 4964, 3416, 1002, 69, 86, 3180, 2340, 2182, 1354, 942, 308, 177, 341, 2601, 1732, 375, 1132, 3938, 1483, 655, 414, 589, 3540, 1676, 7, 15, 933, 2754, 2930, 1625, 2421, 193, 286, 4885, 690, 1672, 37, 235, 862, 1203, 38]
RKP_05000_01000_2_04.txt|4280.98|4582|0.17637026099999048|[2518, 17, 1740, 1989, 768, 63, 153, 82, 371, 1906, 585, 3530, 3, 2408, 3498, 54, 2928, 3872, 302, 509, 22, 1672, 2245, 183, 1319, 1210, 19, 1799, 51, 3183, 758, 547, 667, 348, 1412, 2508, 274, 222, 1996, 4424, 2170, 400, 2989, 545, 146, 3925, 1457, 2237, 570, 1086, 83]
RKP_05000_01000_2_05.txt|3804.86|4058|0.17688233399997672|[734, 8, 1064, 201, 273, 3321, 12, 420, 34, 204, 5, 70, 33, 2513, 2943, 1762, 4485, 1269, 3, 1132, 344, 16, 2548, 9, 30, 1158, 1680, 290, 876, 4215, 784, 125, 360, 526, 2834, 1471, 39, 1741, 2075, 1904, 2223, 871, 2394, 4, 2066]
RKP_05000_01000_2_06.txt|3964.42|4277|0.17527521999999407|[473, 464, 1933, 61, 30, 1, 344, 1619, 386, 925, 152, 1477, 59, 900, 105, 159, 1064, 138, 1852, 672, 4131, 2690, 336, 4545, 481, 184, 2638, 2476, 4951, 1746, 242, 5, 27, 4407, 470, 2, 2328, 3459, 2404, 1569, 178, 586, 388, 37, 1722, 1991, 694]
RKP_05000_01000_2_07.txt|4055.53|4429|0.1759250940000152|[4279, 759, 1902, 207, 909, 2608, 1437, 1, 1811, 2282, 4495, 1643, 2206, 1625, 3129, 772, 771, 1265, 157, 238, 3147, 199, 212, 2446, 1593, 387, 257, 1425, 3085, 1886, 3275, 228, 997, 33, 12, 3031, 4453, 11, 4429, 1552, 3294, 1800, 3041, 368, 751, 2233, 4530, 731, 35, 2228, 1176, 1063, 1384]
RKP_05000_01000_2_08.txt|4124.95|4398|0.17567445000000817|[1499, 298, 312, 1184, 78, 2399, 108, 385, 972, 3385, 6, 59, 213, 264, 4, 846, 44, 2808, 3148, 747, 1314, 3191, 1114, 1156, 1924, 3857, 201, 1802, 236, 473, 580, 397, 901, 38, 608, 386, 17, 1901, 269, 2533, 670, 1645, 585, 30, 131, 834, 1067, 371, 658, 3614]
RKP_05000_01000_2_09.txt|3915.73|4155|0.17624911799998244|[1556, 3478, 1226, 128, 1967, 677, 408, 10, 175, 821, 2637, 3297, 63, 4, 2317, 1992, 536, 379, 1259, 561, 1132, 3113, 3583, 130, 377, 1583, 2005, 1587, 44, 107, 709, 2140, 3, 2789, 15, 1786, 25, 20, 2359, 22, 2978, 2497, 3032, 270, 2501, 3950]
RKP_05000_01000_2_10.txt|3795.16|4102|0.17536663500000033|[4267, 4015, 420, 9, 137, 922, 19, 294, 2559, 2998, 1049, 555, 82, 1494, 18, 587, 206, 191, 351, 29, 1416, 1502, 1176, 4057, 15, 99, 2452, 55, 227, 2318, 2292, 149, 1686, 3712, 2034, 1818, 1328, 36, 1926, 4084, 1619, 215, 4211, 21, 321]
RKP_05000_01000_3_01.txt|8234.41|8694|0.17965093200001092|[1958, 2851, 108, 1, 34, 46, 47, 1698, 2461, 2416, 40, 72, 112, 372, 728, 21, 562, 1615, 176, 2250, 2178, 119, 688, 1600, 9, 87, 3683, 237, 455, 1081, 2241, 2783, 132, 193, 12, 23, 1190, 53, 623, 97, 550, 1140, 632, 16, 37, 1139, 114, 996, 2, 13, 586, 1021, 567, 4476, 77, 917, 2748, 2608, 670, 10, 207, 284, 1198, 1779, 3421, 2517, 323, 3588, 371, 2195, 141, 482, 2315, 55, 1038, 1894, 2056]
RKP_05000_01000_3_02.txt|9149.06|9493|0.17915452899999537|[849, 90, 379, 2853, 129, 140, 230, 1041, 1087, 1499, 2113, 2425, 446, 878, 2, 28, 2067, 3308, 2215, 40, 107, 892, 39, 425, 542, 562, 2330, 305, 445, 730, 41, 1022, 1486, 2704, 3041, 2953, 3171, 71, 1240, 13, 1046, 1193, 1488, 130, 646, 759, 448, 2808, 33, 1885, 2978, 3750, 303, 595, 55, 1243, 843, 371, 581, 1631, 209, 1161, 1436, 1413, 133, 2849, 1, 25, 169, 214, 1908, 3546, 15, 841, 1743, 509, 17, 1518, 708, 436, 883, 1020, 2667, 4134, 288]
RKP_05000_01000_3_03.txt|9282.86|10000|0.17785890800000742|[5, 621, 215, 652, 26, 36, 286, 881, 1498, 3273, 4215, 2319, 4, 199, 239, 439, 158, 399, 975, 3166, 4813, 2386, 3910, 2, 360, 568, 4041, 330, 339, 952, 3928, 1082, 2087, 246, 609, 6, 2034, 839, 308, 480, 1157, 3, 1663, 907, 377, 879, 1926, 1874, 2280, 11, 22, 129, 710, 856, 1597, 4529, 455, 10, 14, 1245, 1316, 18, 983, 989, 1164, 4695, 3837, 1299, 4371, 590, 709, 2439, 3545, 783, 465, 896, 4671, 343, 424, 823, 1731, 1, 38, 156, 163, 763, 794, 1022, 1041, 1523]
RKP_05000_01000_3_04.txt|9364.54|9695|0.17878723900000978|[132, 6, 619, 4, 261, 175, 198, 206, 448, 548, 680, 1872, 2150, 2372, 2868, 9, 1, 1049, 574, 111, 657, 1080, 277, 3448, 3523, 1786, 63, 610, 989, 7, 769, 1226, 4440, 225, 962, 70, 4880, 82, 1589, 1768, 648, 2575, 495, 709, 1064, 1276, 1396, 2516, 2568, 730, 400, 2871, 784, 1165, 1801, 362, 413, 3645, 321, 337, 360, 2747, 496, 3474, 27, 45, 3197, 2132, 1244, 38, 50, 1265, 640, 2302, 18, 306, 21, 1955, 251, 29, 58, 864, 3330, 688, 4045, 24, 234]
RKP_05000_01000_3_05.txt|8526.23|8902|0.17608416099999658|[7, 3635, 26, 1305, 1500, 1, 143, 344, 985, 1759, 1859, 2460, 2634, 1069, 3558, 16, 34, 48, 1516, 1588, 1619, 1909, 37, 49, 2970, 3055, 998, 1263, 3167, 162, 1060, 814, 2298, 219, 2123, 3439, 3584, 256, 777, 3370, 3, 4, 491, 692, 2610, 11, 501, 638, 3106, 54, 958, 202, 19, 1552, 2744, 4338, 68, 790, 1996, 506, 203, 365, 1338, 1917, 3440, 87, 1997, 3220, 29, 285, 513, 620, 3779, 1890, 184, 2920, 3469, 694, 1772]
RKP_05000_01000_3_06.txt|9166.54|9796|0.17603256400000875|[227, 46, 288, 801, 931, 4, 6, 12, 488, 813, 4258, 734, 41, 2741, 94, 760, 4322, 4808, 206, 4315, 287, 1610, 85, 213, 2251, 3214, 946, 4911, 86, 124, 184, 1030, 3264, 249, 404, 7, 45, 55, 1522, 1551, 1917, 2026, 702, 193, 265, 2623, 1, 1119, 141, 2, 1035, 1281, 1991, 76, 603, 106, 37, 3095, 3239, 540, 2442, 368, 623, 1359, 1726, 2936, 175, 984, 1209, 276, 889, 1978, 3324, 3533, 80, 78, 1096, 3, 286, 469, 573, 3433, 11, 215, 1166, 665, 2799, 4000]
RKP_05000_01000_3_07.txt|8961.58|9373|0.17988378700000113|[762, 413, 593, 13, 79, 94, 291, 293, 827, 1003, 1783, 1792, 84, 2716, 60, 1470, 1123, 2357, 3085, 3731, 427, 884, 896, 1998, 477, 218, 3, 11, 220, 2966, 3609, 36, 849, 113, 3135, 1, 640, 1179, 891, 221, 6, 8, 1066, 33, 3836, 73, 76, 100, 216, 3628, 65, 1825, 870, 2381, 500, 1789, 2448, 3146, 205, 470, 2222, 1845, 28, 4184, 2, 125, 295, 398, 417, 2900, 4131, 34, 155, 1086, 3269, 2462, 3157, 214, 360, 487, 883, 1055, 2587, 3854]
RKP_05000_01000_3_08.txt|8965.26|9498|0.17804462900001228|[3808, 134, 80, 1036, 1588, 3214, 4022, 28, 152, 250, 953, 1733, 2364, 3237, 217, 394, 1976, 301, 901, 489, 1395, 14, 525, 3087, 3571, 474, 1513, 1077, 4463, 30, 1636, 1135, 2977, 162, 911, 2025, 3346, 1770, 3284, 3445, 4767, 1014, 1810, 3557, 4, 77, 260, 270, 1970, 2019, 2402, 1, 2, 226, 35, 34, 498, 571, 331, 883, 1009, 2088, 2484, 466, 3939, 244, 2070, 154, 2858, 405, 1040, 1258, 1924, 2479, 183, 2365, 13, 390, 59, 2875, 556, 686, 1159, 4192, 252]
RKP_05000_01000_3_09.txt|8328.42|8775|0.17892120899998645|[655, 2511, 2621, 661, 3256, 760, 1322, 51, 1313, 3443, 556, 664, 671, 1189, 281, 7, 87, 3572, 3868, 73, 152, 242, 384, 1471, 2486, 4292, 786, 252, 462, 1684, 2941, 40, 83, 99, 2497, 3538, 207, 886, 1, 1040, 86, 4, 111, 354, 931, 852, 193, 81, 412, 673, 3020, 4818, 1153, 1800, 106, 310, 376, 2024, 2401, 20, 4047, 36, 1881, 3257, 9, 3392, 27, 299, 1207, 250, 3416, 1728, 136, 492, 751, 1148, 4136, 19]
RKP_05000_01000_3_10.txt|8939.04|9581|0.17642906500001573|[119, 50, 270, 876, 3435, 16, 33, 196, 219, 1125, 2322, 2764, 2894, 3, 1785, 2940, 811, 1184, 393, 1329, 3150, 3589, 4466, 14, 3251, 69, 1854, 3127, 4052, 369, 2224, 2749, 52, 235, 223, 789, 1803, 1, 25, 2813, 3240, 343, 1097, 145, 413, 692, 1019, 3234, 458, 944, 1279, 781, 3064, 312, 400, 479, 3879, 5, 194, 272, 275, 1317, 2, 2189, 456, 4578, 3026, 7, 1890, 13, 2417, 2708, 2915, 833, 383, 434, 1530, 3194, 55, 151, 62, 1046, 2265, 6, 287, 907]
RKP_05000_01000_4_01.txt|999.16|1000|0.1774228059999973|[4615]
RKP_05000_01000_4_02.txt|999.25|1000|0.17740644099999828|[4655]
RKP_05000_01000_4_03.txt|999.6|1000|0.17874249600001577|[4567]
RKP_05000_01000_4_04.txt|999.5|1000|0.17759334499998658|[4995]
RKP_05000_01000_4_05.txt|999.86|1000|0.17636285899999848|[4623]
RKP_05000_01000_4_06.txt|999.91|1000|0.17959001299998817|[4580]
RKP_05000_01000_4_07.txt|999.42|1000|0.1789766870000062|[4493]
RKP_05000_01000_4_08.txt|999.89|1000|0.17687545900000032|[4836]
RKP_05000_01000_4_09.txt|999.89|1000|0.177409212999994|[4561]
RKP_05000_01000_4_10.txt|999.84|1000|0.1772953000000098|[4469]
RKP_05000_01000_5_01.txt|964.76|1026|0.17477782099998876|[12, 23, 27, 34, 42, 45, 48, 51, 53, 57, 66, 69, 72, 76, 77, 80, 83]
RKP_05000_01000_5_02.txt|961.42|1033|0.17628659099998686|[11, 13, 20, 29, 31, 32, 33, 35, 36, 38, 43, 45, 47, 50, 53, 56, 61, 68, 71]
RKP_05000_01000_5_03.txt|960.57|1041|0.17768816500001322|[14, 20, 21, 25, 28, 30, 32, 34, 35, 43, 44, 45, 47, 52, 53, 70]
RKP_05000_01000_5_04.txt|953.64|1049|0.17638188499997567|[15, 16, 18, 20, 24, 30, 39, 40, 42, 43, 44, 48, 49, 53]
RKP_05000_01000_5_05.txt|958.69|1027|0.17791867399998182|[7, 8, 18, 19, 20, 21, 22, 29, 37, 43, 44, 49, 52, 55, 64, 69, 83, 86, 89]
RKP_05000_01000_5_06.txt|958.01|1012|0.17678486699998758|[5, 6, 11, 14, 17, 18, 21, 23, 27, 32, 37, 38, 42, 44, 49, 50, 53, 57]
RKP_05000_01000_5_07.txt|959.77|1023|0.17496718800000052|[2, 4, 6, 9, 10, 19, 20, 23, 24, 35, 38, 40, 41, 51, 53, 61, 62, 63, 64, 65, 68, 73]
RKP_05000_01000_5_08.txt|965.55|1042|0.17434314700000414|[4, 9, 12, 25, 29, 31, 33, 48, 49, 53, 62, 64, 65, 69, 74, 75]
RKP_05000_01000_5_09.txt|958.62|1020|0.1778888460000053|[2, 9, 20, 24, 27, 28, 29, 39, 43, 46, 48, 49, 52, 54, 56, 70, 72, 81, 86, 89]
RKP_05000_01000_5_10.txt|961.72|1027|0.17463306899998315|[5, 27, 28, 30, 32, 35, 41, 43, 51, 57, 60, 61, 62, 65, 81]
RKP_05000_05000_1_01.txt|230708.31|243004|0.180739894999997|[2195, 1201, 226, 74, 1260, 134, 2997, 826, 254, 688, 1200, 477, 239, 2685, 263, 1595, 255, 1416, 3, 279, 2, 75, 4810, 747, 290, 1247, 8, 41, 601, 1939, 33, 36, 2945, 248, 3721, 1286, 149, 30, 901, 981, 168, 4862, 894, 363, 1437, 2555, 702, 496, 3937, 1781, 2321, 2687, 1715, 4768, 100, 3887, 498, 2826, 1543, 78, 174, 1674, 940, 358, 126, 3856, 1305, 21, 127, 1231, 1242, 522]
RKP_05000_05000_1_02.txt|289731.37|306774|0.18204365599999847|[787, 3921, 2706, 24, 269, 2174, 474, 1115, 1005, 1855, 297, 3940, 334, 113, 3059, 240, 45, 537, 1152, 903, 4402, 361, 21, 1459, 2667, 8, 10, 238, 805, 1870, 1069, 55, 1044, 1979, 1722, 117, 712, 4013, 2039, 4074, 89, 1374, 1, 4197, 18, 396, 1089, 1107, 3754, 2089, 14, 3842, 876, 5, 1379, 857, 574, 1842, 1390, 771, 235, 444, 1987, 310, 1041, 378, 3, 785, 2177, 2322, 108, 2501, 207, 104, 4, 3404, 16, 2, 470, 4832, 4712, 520, 4382, 1075, 743, 2306, 668, 1556, 20, 3588]
RKP_05000_05000_1_03.txt|254067.26|265337|0.18046105999998643|[3247, 557, 435, 233, 4414, 78, 2760, 2630, 582, 249, 115, 1477, 1261, 426, 1414, 1, 2859, 3493, 80, 1098, 86, 1265, 3512, 1115, 25, 1235, 3443, 339, 3414, 1236, 429, 246, 318, 1083, 482, 1441, 2615, 3417, 22, 1290, 811, 18, 1212, 393, 46, 110, 1897, 586, 1775, 847, 3326, 3449, 231, 39, 164, 361, 1099, 2389, 2066, 4284, 2264, 1594, 451, 7, 2446, 548, 52, 654, 2438, 3490, 1309]
RKP_05000_05000_1_04.txt|271704.25|284286|0.17946442700001397|[3802, 4668, 3850, 90, 332, 1, 2581, 34, 557, 5, 484, 1072, 376, 291, 1418, 9, 2003, 787, 3, 422, 148, 2372, 1677, 85, 3547, 145, 831, 75, 675, 76, 2328, 4172, 1417, 2813, 318, 4260, 4715, 368, 2013, 25, 4384, 1675, 408, 710, 105, 1875, 326, 299, 2061, 1859, 1389, 3813, 2584, 222, 202, 935, 189, 68, 96, 1758, 3305, 390, 2991, 81, 398, 559, 2364, 50, 289, 1938, 417, 232, 161, 734, 563, 180, 2051, 1553, 3651, 240, 3380, 1753, 3260, 814, 48]
RKP_05000_05000_1_05.txt|270427.78|281791|0.1810539850000032|[130, 3722, 2579, 2352, 378, 2467, 301, 694, 227, 210, 1460, 403, 950, 127, 143, 2657, 2804, 153, 1, 2045, 4208, 1432, 3024, 2118, 1929, 2, 2309, 463, 62, 1887, 3873, 22, 2910, 2427, 46, 1668, 582, 214, 559, 55, 261, 3186, 4301, 148, 1483, 139, 131, 156, 555, 471, 1662, 38, 3175, 3933, 2761, 427, 32, 2411, 4354, 4846, 1358, 1088, 1993, 413, 3495, 2025, 992, 1098, 18, 923, 3, 3796, 33, 2834, 2138, 1281, 12, 3307, 348, 875, 459, 1492, 2703]
RKP_05000_05000_1_06.txt|247979.41|261233|0.17865244799998664|[1730, 2701, 651, 1154, 693, 925, 87, 1227, 2729, 1981, 2204, 3978, 2048, 1065, 581, 23, 621, 2509, 4540, 956, 378, 649, 2, 3361, 2210, 40, 43, 2646, 120, 2309, 1927, 7, 445, 4561, 4692, 363, 1374, 82, 1041, 347, 407, 1428, 427, 3233, 361, 813, 9, 19, 1483, 1508, 850, 1610, 715, 18, 1371, 707, 613, 130, 1802, 1460, 243, 113, 1, 1280, 815, 71, 825, 2132, 1012, 608, 66, 2240, 338, 4076, 514, 2386, 96, 1308, 568, 3613, 85]
RKP_05000_05000_1_07.txt|231473.77|242858|0.178958712999995|[31, 1, 730, 536, 3045, 2688, 248, 2854, 3, 1616, 457, 2, 1263, 15, 829, 1267, 30, 380, 182, 44, 1315, 249, 153, 864, 1894, 7, 83, 1228, 215, 3888, 4664, 29, 2273, 230, 4751, 667, 303, 739, 785, 4149, 916, 8, 381, 1525, 79, 768, 346, 1820, 463, 507, 3875, 575, 2725, 529, 10, 294, 1849, 190, 4, 2529, 478, 3866, 1897, 1269, 2183, 1406, 4260, 716, 935, 287, 199, 1520, 53, 3606]
RKP_05000_05000_1_08.txt|234234.42|243924|0.18074648900001195|[95, 674, 596, 253, 124, 156, 3998, 1421, 2536, 38, 523, 1941, 2047, 91, 2428, 836, 122, 30, 764, 3666, 984, 2525, 16, 342, 471, 3, 232, 192, 138, 1737, 1678, 451, 367, 140, 371, 478, 850, 706, 115, 878, 2042, 1167, 97, 2813, 949, 669, 2643, 2805, 2681, 1549, 5, 2600, 902, 1179, 2676, 1919, 560, 4195, 3744, 129, 171, 2538, 1588, 247, 4093, 3599, 1546, 4119, 670, 498, 3580, 280, 2312, 1439]
RKP_05000_05000_1_09.txt|244015.6|257008|0.18116355000000567|[66, 170, 5, 4248, 542, 448, 1314, 4615, 339, 1458, 325, 4486, 565, 1416, 871, 113, 1635, 77, 682, 3, 1006, 2636, 537, 3197, 460, 4489, 234, 2143, 2834, 126, 492, 1808, 2593, 382, 1979, 312, 1350, 52, 1114, 1, 726, 299, 2557, 1227, 1592, 196, 76, 1466, 151, 701, 282, 1064, 139, 1355, 1510, 1082, 847, 50, 42, 2837, 475, 391, 1245, 438, 29, 578, 2450, 149, 632, 1254, 2107, 986, 6, 93, 3606, 820, 2127]
RKP_05000_05000_1_10.txt|208390.78|222273|0.18185960500000192|[7, 1652, 756, 659, 414, 2580, 1609, 185, 153, 2629, 472, 3067, 2050, 803, 3101, 909, 92, 89, 813, 4380, 428, 3261, 959, 867, 1930, 863, 2870, 724, 2151, 286, 862, 3028, 3654, 144, 98, 1, 2821, 467, 2281, 1504, 1747, 609, 1750, 110, 3, 1409, 2608, 38, 1766, 2377, 158, 1402, 380, 2641, 75, 981, 60, 278, 746, 2238, 2786, 2, 2306, 121, 2607]
RKP_05000_05000_2_01.txt|18060.97|20060|0.1795512789999975|[2236, 411, 1045, 93, 235, 953, 4844, 293, 1367, 2937, 1505, 2251, 515, 986, 4544, 2687, 3883, 250, 1635, 3403, 70, 32, 866, 1665, 319, 748, 33, 98, 18, 668, 4833, 1533, 475, 198, 2870, 2582, 698, 156, 3091]
RKP_05000_05000_2_02.txt|18198.86|19654|0.18148147600000356|[530, 14, 4007, 2244, 710, 3641, 56, 220, 1058, 5, 2162, 3100, 1649, 15, 677, 79, 294, 836, 2814, 105, 3355, 3984, 696, 722, 2272, 1171, 1026, 563, 997, 462, 1069, 77, 3164, 582, 974, 87, 937, 3796, 1368, 2429, 540]
RKP_05000_05000_2_03.txt|16792.37|18110|0.1775342569999998|[3630, 1429, 983, 1269, 4565, 3839, 1, 177, 3957, 2272, 4, 1207, 441, 1481, 50, 1422, 38, 783, 477, 3090, 2790, 64, 49, 13, 2868, 128, 44, 2869, 1770, 61, 2579, 4296, 502, 2030, 3711, 600, 111, 22, 586]
RKP_05000_05000_2_04.txt|23123.28|24849|0.1796487009999919|[37, 455, 122, 307, 187, 832, 2382, 2705, 23, 126, 637, 21, 2632, 238, 2, 893, 346, 3257, 1412, 583, 131, 165, 4, 2318, 1124, 2093, 3212, 1586, 3593, 71, 154, 2773, 262, 47, 1748, 1519, 1606, 2343, 1223, 1187, 1770, 1335, 693, 547, 1965, 1508, 16, 78, 1, 846, 2376, 1525, 523, 368, 11, 554, 2308, 147, 38]
RKP_05000_05000_2_05.txt|18189.04|20838|0.1799048200000152|[1022, 1103, 113, 1813, 1011, 103, 932, 858, 34, 220, 4410, 513, 595, 2678, 1175, 2694, 962, 2569, 662, 4092, 1503, 145, 1489, 976, 551, 1588, 2906, 2057, 2060, 1784, 2345, 163, 1456, 1219, 119, 1468, 501, 1153, 128, 928, 4330, 968, 2736, 111, 1232, 282]
RKP_05000_05000_2_06.txt|15752.73|17833|0.1776392600000281|[731, 3580, 872, 136, 912, 3064, 449, 832, 2245, 574, 866, 1756, 1073, 373, 411, 689, 1070, 2039, 30, 356, 106, 3746, 1638, 1461, 976, 129, 110, 2365, 117, 141, 21, 1415, 264, 629, 399]
RKP_05000_05000_2_07.txt|19115.49|20699|0.17793728900000133|[1734, 1137, 725, 1115, 2118, 129, 1460, 3396, 2045, 273, 4066, 932, 3005, 30, 1614, 7, 3180, 624, 72, 1988, 957, 3060, 2664, 2037, 903, 232, 169, 212, 411, 4720, 3747, 931, 36, 926, 4811, 1361, 855, 20, 349, 267, 13, 3429, 1958, 1438, 1819, 989, 430]
RKP_05000_05000_2_08.txt|20355.45|21788|0.17878365099998972|[116, 3617, 449, 3119, 1834, 2024, 179, 659, 1262, 953, 760, 3335, 2, 724, 286, 155, 1064, 1597, 2856, 160, 1714, 93, 259, 1692, 112, 291, 17, 2219, 668, 245, 1277, 1520, 899, 2598, 603, 2345, 4071, 2140, 3856, 2458, 1280, 746, 473, 1515, 274, 811, 919, 551, 332]
RKP_05000_05000_2_09.txt|21827.15|23858|0.1787495740000122|[83, 3, 1231, 385, 82, 105, 1308, 1179, 3741, 164, 1378, 157, 1482, 7, 1771, 1802, 413, 36, 60, 920, 1687, 1462, 1, 129, 893, 181, 2129, 4959, 1012, 1812, 1184, 829, 74, 634, 33, 2432, 574, 423, 899, 681, 108, 1228, 2, 394, 750, 2532, 2555, 742, 327, 973, 1478, 1213, 128, 519]
RKP_05000_05000_2_10.txt|19334.04|21353|0.17757349799999247|[2884, 330, 666, 23, 1620, 70, 351, 725, 1, 2524, 261, 1908, 3618, 82, 2605, 185, 14, 2854, 1530, 311, 42, 2264, 1015, 24, 175, 1757, 117, 1136, 1742, 728, 153, 3018, 2594, 899, 317, 9, 2, 288, 1945, 1950, 3568, 205, 798, 1357, 4608, 58, 371]
RKP_05000_05000_3_01.txt|45000.7|47501|0.17629984800000328|[1430, 1410, 1075, 88, 106, 39, 449, 528, 45, 926, 2024, 1887, 2738, 814, 16, 646, 1328, 1409, 1004, 2100, 2454, 21, 54, 2544, 480, 3715, 625, 198, 3361, 1158, 2987, 595, 1291, 79, 465, 2831, 731, 66, 736, 3210, 58, 94, 1080, 122, 1664, 26, 56, 638, 289, 55, 1223, 2836, 800, 4143, 352, 760, 179, 144, 476, 132, 563, 628, 43, 120, 3418, 3215, 391, 6, 870, 3160, 1846, 1072, 336, 4504, 2192, 521, 530, 1850, 2266, 2608, 83, 787, 1290, 321, 17]
RKP_05000_05000_3_02.txt|42661.65|44494|0.17612197300000842|[4175, 773, 2826, 601, 133, 3922, 2392, 2529, 1914, 217, 25, 969, 2038, 970, 985, 509, 4488, 227, 1763, 5, 407, 1199, 85, 38, 1509, 4338, 99, 568, 967, 493, 3717, 597, 384, 769, 1132, 507, 32, 33, 51, 3779, 16, 2589, 2259, 4134, 4221, 205, 869, 151, 885, 3230, 123, 42, 360, 365, 45, 105, 15, 2203, 2223, 69, 1853, 2063, 2320, 30, 1220, 4553, 221, 303, 4027, 126, 4, 50, 1819, 4589, 58, 861, 1081, 2506, 9]
RKP_05000_05000_3_03.txt|46036.78|47976|0.1765108869999949|[13, 1960, 523, 3112, 3909, 194, 636, 2585, 3385, 856, 1029, 323, 1255, 1, 1677, 1129, 46, 4, 223, 950, 3819, 3452, 1187, 185, 2, 682, 90, 542, 67, 489, 1278, 1703, 6, 219, 2297, 1691, 1238, 763, 777, 2430, 116, 554, 1800, 15, 1696, 373, 127, 128, 183, 2274, 3213, 140, 8, 742, 764, 3837, 592, 1729, 561, 2077, 1984, 2794, 113, 281, 25, 2713, 665, 912, 366, 350, 1099, 894, 1434, 1010, 1505, 88, 476, 706, 1011, 1875, 2287, 1777, 970, 207, 2848, 963]
RKP_05000_05000_3_04.txt|44796.25|46485|0.1765579519999892|[936, 3625, 61, 779, 454, 2428, 2854, 343, 476, 479, 868, 4, 505, 2727, 3391, 156, 1589, 173, 27, 585, 3841, 304, 14, 71, 3870, 1276, 101, 229, 2441, 455, 4170, 241, 718, 3856, 2018, 94, 888, 19, 843, 155, 1746, 404, 3143, 256, 2704, 3454, 47, 274, 3523, 205, 2343, 9, 2551, 183, 375, 895, 2495, 5, 2547, 109, 16, 177, 642, 3662, 2234, 194, 1033, 713, 699, 4104, 118, 1969, 1999, 2152, 3089, 4488, 1302, 4086, 51, 249, 412, 15, 4019]
RKP_05000_05000_3_05.txt|43420.49|45963|0.17627904799999214|[81, 72, 50, 2428, 259, 97, 139, 331, 150, 13, 368, 2910, 12, 984, 1044, 1982, 1843, 4618, 1951, 406, 537, 1680, 5, 958, 44, 70, 945, 15, 1004, 1771, 3138, 1686, 34, 202, 166, 1313, 2606, 4, 268, 242, 1, 969, 95, 2, 207, 25, 317, 3566, 3509, 503, 1073, 1506, 1664, 1745, 4138, 2222, 18, 628, 196, 1640, 101, 203, 555, 1623, 29, 2358, 4707, 249, 394, 816, 372, 1519, 1424, 656, 413, 1758, 2994, 176, 1212, 4266, 20, 162]
RKP_05000_05000_3_06.txt|44036.81|46475|0.17646429999998872|[313, 234, 480, 2300, 1115, 2697, 1989, 1191, 3441, 737, 4300, 1123, 645, 924, 30, 386, 1678, 2537, 115, 845, 28, 839, 130, 44, 2724, 101, 125, 934, 2169, 1, 10, 1379, 1967, 78, 1005, 3251, 2, 93, 97, 985, 3857, 2338, 2540, 219, 3327, 542, 817, 671, 955, 2529, 22, 2115, 6, 23, 148, 1104, 55, 2489, 3468, 607, 2334, 377, 396, 348, 99, 382, 3065, 195, 2831, 285, 380, 8, 1166, 1304, 2100, 43, 239, 617, 2793, 3903, 335, 4180, 262]
RKP_05000_05000_3_07.txt|42265.11|43941|0.1783249019999994|[217, 304, 924, 2, 1664, 766, 1728, 718, 796, 835, 232, 1338, 2287, 813, 88, 2201, 4, 609, 1420, 684, 817, 525, 231, 4656, 1, 462, 3347, 2093, 1127, 348, 490, 220, 717, 723, 656, 1005, 599, 46, 1375, 412, 4750, 2379, 283, 61, 82, 1818, 50, 1588, 38, 115, 127, 444, 3987, 1148, 841, 176, 143, 21, 1721, 2643, 5, 447, 83, 344, 487, 69, 866, 2747, 1391, 2824, 32, 1049, 3113, 2345, 459, 1279, 1399, 1213]
RKP_05000_05000_3_08.txt|41610.06|43490|0.17866298899997218|[1969, 2446, 433, 938, 150, 18, 1833, 1105, 524, 147, 640, 2393, 16, 784, 2, 1042, 2413, 351, 1311, 4731, 762, 294, 28, 1104, 1, 43, 110, 2750, 54, 1224, 73, 2636, 2150, 430, 1520, 391, 105, 454, 39, 752, 1450, 60, 3967, 280, 38, 547, 857, 6, 2528, 251, 1405, 22, 241, 491, 4022, 4805, 886, 633, 160, 4789, 808, 14, 2221, 344, 1145, 988, 4546, 3255, 876, 69, 2111, 21, 794, 1172, 71, 1371, 7]
RKP_05000_05000_3_09.txt|46810.69|49491|0.17848473800000647|[42, 17, 1667, 629, 1282, 1343, 609, 2994, 345, 4240, 851, 4313, 1945, 259, 4338, 4825, 13, 789, 932, 3684, 387, 8, 1549, 233, 3677, 96, 512, 693, 1489, 7, 354, 3864, 317, 2885, 593, 1146, 1469, 299, 1555, 2773, 4192, 643, 2, 929, 54, 2746, 767, 913, 3338, 3009, 75, 1, 793, 184, 1479, 10, 19, 533, 43, 877, 2427, 2748, 4246, 1328, 1813, 671, 2838, 2435, 2484, 431, 660, 632, 2059, 1933, 3130, 4052, 228, 718, 2166, 433, 2562, 133, 313, 34, 70, 386, 1726, 252, 111]
RKP_05000_05000_3_10.txt|45443.74|47934|0.18021737600001417|[3, 59, 1202, 402, 2643, 1258, 3454, 1062, 60, 1358, 313, 13, 577, 2698, 4, 405, 1224, 490, 1, 1307, 120, 48, 1786, 3468, 3222, 4381, 2, 3937, 2573, 278, 14, 3046, 172, 2748, 2923, 665, 243, 1135, 3759, 102, 1444, 5, 202, 28, 4808, 3301, 44, 67, 616, 227, 181, 1405, 848, 3459, 722, 2562, 1075, 952, 24, 481, 675, 119, 81, 137, 2521, 26, 2536, 436, 477, 535, 576, 961, 10, 1097, 1209, 348, 47, 51, 607, 1146, 253, 1714, 1567, 1653, 3531, 249]
RKP_05000_05000_4_01.txt|4998.53|5000|0.17896671700001662|[4658]
RKP_05000_05000_4_02.txt|4997.21|5000|0.176700409999994|[4978]
RKP_05000_05000_4_03.txt|4998.55|5000|0.17871747399997276|[4714]
RKP_05000_05000_4_04.txt|4997.04|5000|0.17733565099997578|[4597]
RKP_05000_05000_4_05.txt|4997.89|5000|0.17838025899999138|[4946]
RKP_05000_05000_4_06.txt|4995.81|5000|0.17657826800000292|[4625]
RKP_05000_05000_4_07.txt|4994.2|5000|0.17758213700001307|[4778]
RKP_05000_05000_4_08.txt|4997.54|5000|0.17848285299999134|[4648]
RKP_05000_05000_4_09.txt|4998.79|5000|0.18066736900000252|[4770]
RKP_05000_05000_4_10.txt|4995.09|4999|0.17900210300000252|[4786]
RKP_05000_05000_5_01.txt|4779.04|5251|0.17406391499996515|[11, 17, 23, 24, 27, 31, 38, 39, 42, 62, 65, 74, 78, 80, 86, 104]
RKP_05000_05000_5_02.txt|4791.18|5197|0.17374462400000085|[7, 8, 14, 17, 18, 29, 30, 33, 39, 43, 45, 51, 52, 53, 57, 58, 65]
RKP_05000_05000_5_03.txt|4838.71|5239|0.17544886700002735|[8, 19, 30, 31, 33, 37, 38, 51, 52, 56, 64, 68, 70, 71, 75, 79]
RKP_05000_05000_5_04.txt|4729.36|5221|0.17486195299999963|[17, 20, 26, 29, 31, 32, 42, 47, 51, 52, 55, 65, 70]
RKP_05000_05000_5_05.txt|4844.91|5183|0.1773740769999904|[8, 14, 21, 22, 26, 31, 34, 39, 50, 53, 54, 56, 58, 61, 65, 68]
RKP_05000_05000_5_06.txt|4760.37|5187|0.17602659899999706|[7, 23, 24, 31, 36, 41, 46, 49, 51, 52, 56, 57, 60, 64, 65, 66]
RKP_05000_05000_5_07.txt|4794.39|5275|0.1778091950000089|[12, 15, 20, 23, 25, 26, 27, 28, 30, 31, 32, 36, 40, 42, 50, 56, 60]
RKP_05000_05000_5_08.txt|4838.38|5114|0.1745188959999541|[5, 6, 9, 16, 24, 25, 26, 27, 29, 31, 38, 42, 52, 56, 61, 71, 73]
RKP_05000_05000_5_09.txt|4775.81|5130|0.17662937500000225|[8, 9, 11, 14, 15, 33, 34, 38, 48, 50, 58, 59, 63, 64, 66, 68, 75, 76, 77]
RKP_05000_05000_5_10.txt|4798.2|5219|0.17603006699996057|[12, 16, 17, 21, 22, 24, 28, 33, 35, 37, 38, 43, 47, 49, 55, 60]
