RKP_00100_00100_1_01.txt|692.27|771|0.0005370049999999916|[22, 1, 28, 3, 17, 29, 10, 31, 16, 14]
RKP_00100_00100_1_02.txt|763.65|830|0.0005411610000000012|[1, 56, 37, 91, 48, 9, 15, 47, 44, 23, 2, 31]
RKP_00100_00100_1_03.txt|675.81|709|0.0005362279999999908|[1, 10, 2, 14, 63, 5, 6, 70, 12, 4, 15]
RKP_00100_00100_1_04.txt|694.62|728|0.0005220809999999987|[15, 7, 9, 74, 43, 3, 10, 4, 5, 16]
RKP_00100_00100_1_05.txt|685.27|746|0.0005162160000000093|[79, 20, 22, 11, 16, 30, 44, 66, 6, 3]
RKP_00100_00100_1_06.txt|892.23|1014|0.0005453629999999998|[57, 97, 48, 47, 16, 17, 31, 55, 20, 34, 50, 83, 12]
RKP_00100_00100_1_07.txt|463.73|529|0.0005063030000000046|[39, 46, 60, 51, 9, 5, 13, 71]
RKP_00100_00100_1_08.txt|793.84|836|0.000561208000000013|[6, 2, 87, 30, 1, 7, 76, 24, 13, 88, 9, 12, 5, 29]
RKP_00100_00100_1_09.txt|596.3|652|0.0005195140000000053|[23, 18, 24, 5, 16, 52, 29, 42, 2, 8]
RKP_00100_00100_1_10.txt|673.13|726|0.0005369929999999922|[27, 13, 4, 1, 11, 2, 33, 18, 24, 20, 15, 5]
RKP_00100_00100_2_01.txt|155.17|173|0.0005039300000000036|[6, 20, 1, 2, 43, 22, 13, 57, 68]
RKP_00100_00100_2_02.txt|156.68|172|0.0005104500000000022|[30, 28, 80, 4, 8, 40, 47, 36, 26]
RKP_00100_00100_2_03.txt|158.4|172|0.0005126409999999782|[5, 48, 59, 51, 75, 31, 1, 3, 47, 16]
RKP_00100_00100_2_04.txt|154.03|162|0.0005178799999999994|[11, 18, 50, 2, 8, 9, 28, 26]
RKP_00100_00100_2_05.txt|140.23|156|0.00047753100000001323|[64, 30, 32, 82, 36, 29]
RKP_00100_00100_2_06.txt|118.43|136|0.00047086200000000966|[67, 47, 79, 2, 23, 8]
RKP_00100_00100_2_07.txt|137.17|151|0.00048396499999997733|[7, 22, 28, 3, 36, 4, 49]
RKP_00100_00100_2_08.txt|127.97|146|0.00047666200000001435|[28, 16, 1, 6, 15, 4]
RKP_00100_00100_2_09.txt|128.06|143|0.0004809529999999995|[37, 9, 42, 20, 23, 27, 7]
RKP_00100_00100_2_10.txt|145.45|157|0.0004892470000000082|[65, 64, 2, 40, 1, 85, 14, 28]
RKP_00100_00100_3_01.txt|211.87|225|0.000523034|[5, 8, 3, 6, 29, 44, 2, 47, 10, 21, 22, 1]
RKP_00100_00100_3_02.txt|209.29|232|0.0005159089999999921|[1, 2, 17, 24, 3, 59, 52, 8, 56, 25, 41, 48, 7]
RKP_00100_00100_3_03.txt|236.02|252|0.0005459799999999926|[75, 3, 14, 46, 6, 4, 49, 12, 45, 2, 23, 66, 1, 15, 13]
RKP_00100_00100_3_04.txt|216.91|230|0.0005243799999999931|[34, 21, 26, 8, 6, 9, 42, 4, 48, 50, 2, 72, 14]
RKP_00100_00100_3_05.txt|214.01|221|0.0005100349999999909|[1, 12, 52, 7, 2, 15, 22, 70, 3, 33, 72, 10]
RKP_00100_00100_3_06.txt|241.11|251|0.0005485920000000055|[40, 11, 2, 3, 72, 8, 27, 66, 6, 4, 12, 1, 19, 28, 10]
RKP_00100_00100_3_07.txt|200.16|210|0.0005189509999999986|[2, 14, 89, 27, 7, 50, 5, 4, 6, 67, 88]
RKP_00100_00100_3_08.txt|208.9|222|0.0005157600000000029|[1, 9, 12, 7, 18, 3, 33, 15, 58, 6, 70, 2]
RKP_00100_00100_3_09.txt|181.39|199|0.0004973429999999989|[32, 89, 1, 57, 8, 42, 4, 2, 35, 44]
RKP_00100_00100_3_10.txt|230.9|252|0.0005333660000000196|[5, 60, 67, 20, 62, 66, 69, 1, 61, 93, 47, 34, 45, 54, 6]
RKP_00100_00100_4_01.txt|99.88|100|0.0004310859999999828|[97]
RKP_00100_00100_4_02.txt|99.91|100|0.00042912100000001895|[88]
RKP_00100_00100_4_03.txt|99.96|100|0.00044241400000000653|[84]
RKP_00100_00100_4_04.txt|99.91|100|0.0004418959999999883|[95]
RKP_00100_00100_4_05.txt|100.0|100|0.00042880899999999224|[87]
RKP_00100_00100_4_06.txt|97.89|98|0.00043309400000002274|[93]
RKP_00100_00100_4_07.txt|97.92|98|0.00047016499999999353|[98]
RKP_00100_00100_4_08.txt|99.78|100|0.0004288669999999772|[97]
RKP_00100_00100_4_09.txt|98.9|99|0.000422893999999987|[89]
RKP_00100_00100_4_10.txt|97.82|98|0.00042974900000003035|[88]
RKP_00100_00100_5_01.txt|99.17|114|0.00046080700000000085|[2, 4, 5, 6, 7]
RKP_00100_00100_5_02.txt|86.77|106|0.00047387700000001143|[2, 5, 6, 7, 8]
RKP_00100_00100_5_03.txt|102.26|108|0.0004666329999999785|[1, 2, 3, 4, 5, 6]
RKP_00100_00100_5_04.txt|98.34|105|0.0004656849999999624|[1, 3, 5, 6, 7, 8]
RKP_00100_00100_5_05.txt|95.8|103|0.0004708410000000418|[1, 2, 3, 4, 7, 8, 9]
RKP_00100_00100_5_06.txt|93.75|102|0.0004584059999999956|[2, 4, 5, 6]
RKP_00100_00100_5_07.txt|83.05|108|0.00047667899999998654|[2, 3, 4, 5, 6, 7, 9]
RKP_00100_00100_5_08.txt|91.99|102|0.0004826030000000303|[1, 2, 4, 6, 7, 8, 9]
RKP_00100_00100_5_09.txt|96.07|115|0.0004543950000000141|[1, 4, 5, 6]
RKP_00100_00100_5_10.txt|91.74|104|0.0005046810000000202|[1, 2, 4, 5, 6, 7, 8, 10, 11]
RKP_00500_00100_1_01.txt|1599.09|1702|0.0022675250000000037|[304, 75, 500, 140, 3, 40, 25, 284, 2, 148, 222, 120, 173, 6, 131, 269, 274, 4, 211, 38, 280, 63, 129, 158]
RKP_00500_00100_1_02.txt|1405.16|1504|0.0022534609999999987|[77, 87, 288, 13, 102, 89, 205, 351, 289, 175, 388, 325, 132, 433, 4, 30, 394, 170, 88, 62, 3]
RKP_00500_00100_1_03.txt|1316.34|1377|0.0021656570000000075|[496, 11, 5, 113, 16, 111, 228, 1, 147, 139, 40, 30, 123, 360, 140, 477, 15, 227, 326, 164, 37, 32]
RKP_00500_00100_1_04.txt|1532.33|1630|0.0021477500000000216|[64, 315, 156, 11, 65, 359, 41, 93, 197, 59, 94, 48, 254, 245, 121, 467, 62, 5, 23, 151]
RKP_00500_00100_1_05.txt|1617.16|1695|0.0021771020000000176|[72, 11, 10, 17, 215, 363, 402, 24, 26, 192, 2, 23, 116, 18, 203, 5, 13, 76, 136, 104, 3, 1, 60, 292]
RKP_00500_00100_1_06.txt|1852.89|1939|0.002165842999999983|[13, 89, 165, 230, 411, 35, 52, 190, 22, 211, 182, 490, 5, 189, 281, 225, 50, 83, 131, 3, 244, 55, 240, 53, 2, 353, 107]
RKP_00500_00100_1_07.txt|1893.0|1968|0.002213807999999968|[97, 22, 31, 461, 40, 492, 2, 47, 126, 80, 257, 322, 469, 206, 21, 7, 410, 192, 165, 49, 16, 94, 359, 147, 133, 183, 4]
RKP_00500_00100_1_08.txt|1586.41|1723|0.002169948999999978|[29, 4, 146, 10, 258, 156, 332, 185, 1, 378, 106, 165, 3, 16, 2, 450, 225, 326, 150, 149, 122, 167, 357, 63, 35]
RKP_00500_00100_1_09.txt|1594.05|1659|0.002250248000000079|[19, 307, 221, 39, 77, 108, 148, 180, 163, 496, 151, 54, 344, 229, 324, 210, 48, 173, 56, 68, 214, 11, 150, 16, 1, 153]
RKP_00500_00100_1_10.txt|1507.06|1601|0.0023376759999999665|[75, 62, 14, 4, 3, 234, 162, 6, 1, 214, 277, 84, 5, 31, 21, 30, 33, 59, 342, 413, 8, 110, 15, 109]
RKP_00500_00100_2_01.txt|237.79|248|0.0021845569999999893|[168, 259, 16, 148, 11, 39, 441, 447, 32, 137, 60, 102, 40, 50, 101, 88, 100, 218, 36, 150, 472]
RKP_00500_00100_2_02.txt|231.68|247|0.00212799399999998|[336, 131, 112, 65, 6, 156, 72, 97, 167, 314, 195, 13, 142, 4, 59, 441, 186, 299, 100, 141]
RKP_00500_00100_2_03.txt|232.24|247|0.00217375599999996|[155, 107, 436, 164, 100, 71, 154, 2, 31, 382, 142, 64, 3, 104, 21, 24, 60, 318, 13, 135, 37, 151]
RKP_00500_00100_2_04.txt|228.61|243|0.0021373340000000506|[163, 58, 112, 105, 204, 26, 14, 55, 216, 11, 125, 429, 306, 7, 9, 80, 20, 22, 38, 19, 16]
RKP_00500_00100_2_05.txt|229.14|242|0.0021351559999999914|[5, 260, 426, 10, 38, 48, 218, 294, 4, 87, 2, 16, 58, 77, 275, 322, 417, 34, 182, 52, 240]
RKP_00500_00100_2_06.txt|213.02|224|0.0021260490000000586|[9, 70, 155, 1, 35, 3, 27, 150, 117, 57, 15, 302, 50, 5, 203, 53, 24]
RKP_00500_00100_2_07.txt|214.78|226|0.0021255290000000305|[1, 17, 260, 75, 292, 452, 53, 114, 5, 83, 3, 308, 123, 129, 4, 9, 162, 278, 67]
RKP_00500_00100_2_08.txt|194.47|206|0.002095667999999993|[495, 45, 96, 15, 1, 3, 6, 7, 50, 123, 42, 23, 184, 350, 46]
RKP_00500_00100_2_09.txt|178.38|191|0.00213546400000002|[38, 2, 108, 304, 335, 70, 87, 277, 433, 52, 39, 115, 312, 176, 426]
RKP_00500_00100_2_10.txt|202.03|222|0.00212038299999997|[116, 14, 372, 20, 2, 118, 21, 40, 166, 19, 154, 216, 276, 498, 83, 441, 9, 62]
RKP_00500_00100_3_01.txt|328.76|340|0.002174328999999906|[1, 5, 11, 143, 33, 96, 260, 43, 401, 2, 31, 38, 148, 158, 240, 64, 344, 77, 223, 225, 248, 55, 78, 140]
RKP_00500_00100_3_02.txt|393.46|400|0.002271961000000031|[5, 39, 56, 160, 189, 1, 4, 73, 110, 167, 172, 152, 26, 32, 221, 64, 111, 202, 3, 7, 38, 179, 195, 336, 413, 103, 15, 68, 331, 351]
RKP_00500_00100_3_03.txt|367.37|380|0.002215339000000096|[9, 71, 93, 113, 148, 444, 454, 351, 11, 22, 258, 264, 142, 193, 198, 266, 292, 14, 40, 45, 126, 191, 1, 5, 118, 139, 2, 43]
RKP_00500_00100_3_04.txt|385.28|390|0.0022314409999999187|[2, 68, 104, 168, 312, 345, 209, 278, 282, 350, 1, 163, 31, 72, 103, 119, 146, 156, 328, 20, 27, 125, 217, 280, 4, 8, 9, 11, 50]
RKP_00500_00100_3_05.txt|403.4|410|0.0022390519999999194|[12, 225, 417, 1, 92, 106, 143, 319, 381, 377, 84, 87, 108, 211, 294, 382, 9, 32, 102, 196, 199, 340, 392, 30, 88, 189, 252, 263, 397, 74, 35]
RKP_00500_00100_3_06.txt|345.17|360|0.0022175740000001023|[52, 5, 24, 45, 186, 242, 311, 16, 204, 91, 281, 433, 283, 12, 73, 90, 189, 1, 2, 4, 11, 19, 68, 137, 199, 7]
RKP_00500_00100_3_07.txt|349.02|361|0.002190370999999889|[5, 17, 30, 33, 196, 200, 1, 2, 4, 141, 157, 308, 3, 76, 302, 326, 99, 102, 111, 216, 430, 24, 77, 244, 287, 7]
RKP_00500_00100_3_08.txt|422.28|430|0.0022503060000000196|[14, 49, 57, 63, 90, 114, 275, 301, 19, 58, 62, 84, 144, 150, 172, 451, 8, 25, 133, 159, 302, 323, 35, 484, 4, 26, 280, 470, 1, 5, 32, 93, 141]
RKP_00500_00100_3_09.txt|377.56|390|0.0021835920000000363|[4, 58, 70, 154, 169, 231, 104, 148, 171, 294, 347, 434, 2, 115, 221, 1, 3, 24, 54, 108, 63, 269, 315, 83, 122, 173, 208, 14, 59]
RKP_00500_00100_3_10.txt|368.31|380|0.002249146999999958|[153, 183, 189, 322, 13, 18, 165, 305, 1, 40, 325, 3, 7, 10, 25, 32, 99, 123, 193, 388, 14, 28, 38, 57, 392, 9, 36, 48]
RKP_00500_00100_4_01.txt|100.0|100|0.0020098339999999127|[434]
RKP_00500_00100_4_02.txt|100.0|100|0.0020280469999999083|[423]
RKP_00500_00100_4_03.txt|100.0|100|0.0019639769999999857|[434]
RKP_00500_00100_4_04.txt|100.0|100|0.001961981000000037|[428]
RKP_00500_00100_4_05.txt|100.0|100|0.0019796499999999106|[421]
RKP_00500_00100_4_06.txt|100.0|100|0.0019392789999999138|[431]
RKP_00500_00100_4_07.txt|100.0|100|0.001955330999999969|[467]
RKP_00500_00100_4_08.txt|99.99|100|0.0020754340000000227|[430]
RKP_00500_00100_4_09.txt|100.0|100|0.0019240400000000157|[440]
RKP_00500_00100_4_10.txt|100.0|100|0.001923811000000022|[473]
RKP_00500_00100_5_01.txt|94.13|103|0.0020569850000000047|[1, 3, 4, 6, 9, 10, 11, 12, 13, 14, 15, 16, 17]
RKP_00500_00100_5_02.txt|94.42|106|0.0020622650000001208|[1, 2, 3, 4, 5, 6, 10, 11, 13, 14]
RKP_00500_00100_5_03.txt|93.96|101|0.0020602210000000374|[1, 2, 3, 4, 5, 6, 7, 8, 9, 10, 11, 12, 16]
RKP_00500_00100_5_04.txt|95.98|102|0.0020508979999999967|[1, 2, 3, 4, 5, 6, 7, 9, 11, 12, 13, 14, 15]
RKP_00500_00100_5_05.txt|93.52|102|0.0020951860000001867|[1, 2, 3, 4, 5, 6, 7, 8, 9, 10, 11, 12, 13, 15, 16]
RKP_00500_00100_5_06.txt|97.12|105|0.00201723000000003|[1, 4, 5, 6, 7, 8, 9, 10, 11, 12, 13, 14, 15]
RKP_00500_00100_5_07.txt|93.15|106|0.002078637999999966|[2, 3, 4, 5, 6, 7, 8, 9, 10, 12, 13]
RKP_00500_00100_5_08.txt|90.17|104|0.002062947999999967|[3, 4, 5, 6, 7, 8, 9, 10, 11, 12, 13]
RKP_00500_00100_5_09.txt|94.66|103|0.002041386999999926|[3, 5, 6, 7, 8, 9, 10, 11, 12, 13]
RKP_00500_00100_5_10.txt|90.91|101|0.0020933650000000627|[1, 4, 5, 6, 7, 8, 9, 10, 11, 12, 14, 15, 16, 17, 18]
RKP_01000_00100_1_01.txt|2114.7|2193|0.0048115229999998906|[51, 261, 91, 151, 97, 47, 50, 260, 2, 64, 123, 465, 314, 13, 432, 42, 27, 39, 10, 604, 646, 8, 560, 40, 531, 222, 376, 116, 606, 48]
RKP_01000_00100_1_02.txt|1987.91|2065|0.004774180999999942|[182, 294, 292, 30, 696, 16, 171, 754, 195, 486, 9, 557, 72, 38, 193, 359, 1, 49, 8, 2, 527, 519, 50, 108, 515, 89, 64, 694, 872, 18, 599]
RKP_01000_00100_1_03.txt|1978.77|2093|0.004839796000000014|[199, 128, 172, 116, 535, 174, 32, 114, 800, 50, 2, 869, 498, 4, 48, 56, 1, 326, 182, 252, 19, 3, 16, 725, 145, 366, 813, 65, 330, 380]
RKP_01000_00100_1_04.txt|2230.69|2274|0.004835096999999919|[429, 733, 1, 247, 283, 75, 566, 151, 165, 726, 5, 277, 20, 732, 255, 2, 163, 44, 3, 857, 14, 184, 63, 6, 69, 42, 204, 91, 172, 53, 266, 376, 67]
RKP_01000_00100_1_05.txt|2120.91|2186|0.0047829929999999975|[41, 673, 123, 207, 75, 1, 121, 635, 49, 915, 696, 307, 37, 776, 39, 222, 16, 12, 553, 188, 582, 26, 74, 865, 1000, 151, 299, 29, 82, 198, 340]
RKP_01000_00100_1_06.txt|2373.18|2456|0.004807789000000327|[383, 790, 58, 1, 99, 168, 38, 78, 242, 993, 442, 645, 6, 120, 349, 52, 632, 44, 176, 33, 4, 177, 8, 283, 265, 57, 255, 244, 55, 250, 37, 117, 233, 236, 546]
RKP_01000_00100_1_07.txt|2418.93|2480|0.004843250999999782|[7, 204, 440, 37, 382, 86, 436, 226, 3, 556, 874, 130, 49, 778, 129, 190, 90, 476, 342, 19, 170, 88, 372, 484, 80, 127, 627, 641, 1, 2, 18, 8, 146]
RKP_01000_00100_1_08.txt|2144.89|2227|0.004809131999999856|[356, 4, 68, 421, 223, 1, 145, 149, 80, 6, 716, 22, 303, 242, 274, 366, 26, 118, 422, 15, 10, 5, 7, 29, 390, 101, 294, 278, 780, 16, 111, 183, 202]
RKP_01000_00100_1_09.txt|2069.89|2150|0.004741832000000024|[672, 196, 782, 31, 168, 14, 36, 213, 27, 290, 17, 513, 48, 691, 1, 898, 32, 262, 579, 489, 2, 108, 925, 942, 170, 427, 133, 39, 15, 248]
RKP_01000_00100_1_10.txt|2416.17|2481|0.00486389399999986|[19, 76, 618, 785, 1, 748, 253, 111, 8, 331, 669, 534, 55, 104, 491, 968, 159, 37, 43, 480, 813, 931, 805, 50, 221, 188, 286, 158, 399, 663, 295, 4, 11, 30, 198, 754, 439, 368]
RKP_01000_00100_2_01.txt|256.1|266|0.0046903060000000356|[7, 24, 47, 209, 12, 374, 13, 3, 111, 253, 366, 73, 380, 690, 185, 186, 21, 375, 252, 33, 41, 76, 183, 614]
RKP_01000_00100_2_02.txt|255.88|270|0.004764030000000083|[84, 202, 375, 782, 311, 63, 73, 179, 410, 547, 357, 583, 385, 183, 213, 69, 8, 397, 77, 954, 625, 23, 166, 901]
RKP_01000_00100_2_03.txt|299.56|313|0.004780679999999862|[416, 171, 123, 87, 84, 5, 58, 417, 124, 141, 330, 81, 394, 335, 897, 33, 64, 13, 746, 420, 928, 282, 55, 404, 256, 340, 854, 186]
RKP_01000_00100_2_04.txt|258.99|272|0.004794143999999889|[443, 37, 94, 35, 21, 60, 428, 698, 184, 58, 504, 147, 130, 8, 49, 782, 74, 24, 244, 332, 77]
RKP_01000_00100_2_05.txt|252.91|262|0.004813413000000075|[380, 222, 299, 7, 420, 742, 84, 428, 236, 26, 73, 409, 30, 501, 162, 2, 512, 5, 11, 12, 214, 255, 351, 462, 823, 172, 846]
RKP_01000_00100_2_06.txt|303.09|313|0.004772438999999977|[122, 805, 6, 138, 647, 858, 590, 33, 1, 16, 602, 259, 24, 255, 52, 152, 154, 187, 9, 57, 8, 48, 383, 399, 827, 185, 233, 290, 115]
RKP_01000_00100_2_07.txt|256.53|269|0.004721053000000026|[208, 173, 796, 7, 81, 457, 396, 284, 950, 3, 378, 2, 61, 444, 520, 783, 821, 433, 1, 337, 682, 305, 731]
RKP_01000_00100_2_08.txt|291.27|301|0.004774444000000138|[44, 10, 121, 661, 3, 7, 39, 129, 609, 862, 9, 26, 11, 406, 250, 41, 49, 573, 175, 131, 228, 21, 278, 223, 16, 54, 133, 198]
RKP_01000_00100_2_09.txt|259.25|272|0.004788094000000171|[205, 382, 436, 417, 18, 348, 191, 235, 904, 13, 656, 651, 573, 982, 31, 30, 225, 6, 9, 118, 1, 25, 176, 470]
RKP_01000_00100_2_10.txt|278.07|289|0.004739733000000044|[15, 163, 252, 191, 341, 521, 1, 56, 5, 164, 4, 122, 309, 710, 564, 282, 579, 30, 89, 273, 314, 409, 700, 58, 71, 78, 443, 522, 755, 196]
RKP_01000_00100_3_01.txt|504.24|520|0.004851554000000036|[32, 51, 65, 119, 249, 337, 537, 659, 857, 1, 11, 15, 55, 186, 340, 348, 456, 464, 704, 740, 795, 133, 763, 2, 94, 134, 157, 208, 322, 441, 565, 567, 605, 962, 21, 22, 69, 77, 83, 179, 240, 294]
RKP_01000_00100_3_02.txt|474.77|490|0.004856244999999966|[9, 25, 137, 138, 295, 654, 3, 37, 69, 79, 94, 126, 176, 300, 318, 533, 644, 120, 1, 2, 16, 24, 31, 53, 56, 70, 110, 121, 216, 386, 586, 600, 7, 286, 377, 381, 567, 978, 4]
RKP_01000_00100_3_03.txt|494.32|510|0.004876462000000039|[1, 17, 31, 54, 93, 325, 378, 431, 692, 836, 3, 84, 143, 170, 175, 204, 222, 270, 392, 530, 580, 652, 994, 46, 62, 74, 99, 321, 443, 738, 822, 22, 44, 89, 142, 180, 181, 256, 382, 448, 625]
RKP_01000_00100_3_04.txt|482.95|490|0.004929713000000149|[1, 9, 42, 142, 149, 274, 277, 389, 449, 645, 740, 786, 4, 5, 16, 44, 65, 235, 558, 639, 305, 2, 29, 41, 83, 161, 293, 550, 15, 119, 433, 492, 657, 24, 35, 53, 58, 154, 201]
RKP_01000_00100_3_05.txt|426.65|440|0.004807156999999975|[57, 630, 661, 2, 5, 23, 24, 29, 31, 46, 108, 144, 163, 172, 460, 10, 100, 141, 151, 480, 1, 37, 85, 107, 128, 192, 204, 308, 315, 876, 910, 21, 50, 76]
RKP_01000_00100_3_06.txt|443.59|450|0.004858184000000137|[5, 36, 112, 242, 249, 1, 6, 7, 16, 22, 37, 224, 471, 886, 970, 204, 15, 28, 63, 71, 129, 207, 217, 278, 543, 153, 239, 901, 4, 13, 18, 64, 66, 158, 330]
RKP_01000_00100_3_07.txt|506.29|520|0.004901383999999815|[12, 20, 23, 31, 112, 129, 169, 190, 231, 591, 695, 822, 888, 1, 4, 5, 27, 38, 354, 433, 605, 750, 867, 53, 3, 56, 62, 131, 282, 337, 402, 407, 483, 8, 34, 124, 161, 204, 583, 2, 6, 17]
RKP_01000_00100_3_08.txt|427.93|440|0.004802371000000036|[179, 340, 1, 2, 71, 89, 97, 129, 131, 266, 303, 35, 7, 11, 53, 130, 145, 252, 292, 524, 591, 636, 703, 9, 33, 118, 152, 154, 233, 342, 655, 883, 13, 74]
RKP_01000_00100_3_09.txt|433.15|450|0.005042517000000082|[23, 480, 647, 17, 211, 216, 318, 385, 403, 578, 758, 871, 141, 1, 6, 9, 16, 26, 48, 77, 185, 202, 257, 2, 3, 4, 36, 47, 126, 127, 199, 446, 471, 825, 885]
RKP_01000_00100_3_10.txt|468.36|480|0.0048689429999999945|[10, 26, 122, 524, 677, 764, 3, 18, 22, 35, 46, 72, 106, 169, 227, 334, 467, 632, 156, 245, 37, 56, 104, 187, 319, 439, 964, 1, 61, 247, 264, 314, 566, 687, 799, 5, 9, 11]
RKP_01000_00100_4_01.txt|100.0|100|0.004486781000000164|[866]
RKP_01000_00100_4_02.txt|100.0|100|0.004472373000000118|[858]
RKP_01000_00100_4_03.txt|100.0|100|0.004440286000000135|[856]
RKP_01000_00100_4_04.txt|100.0|100|0.0045057469999999|[828]
RKP_01000_00100_4_05.txt|100.0|100|0.004467954999999968|[851]
RKP_01000_00100_4_06.txt|100.0|100|0.0045623259999999985|[878]
RKP_01000_00100_4_07.txt|100.0|100|0.004543678000000142|[887]
RKP_01000_00100_4_08.txt|100.0|100|0.004535091999999814|[847]
RKP_01000_00100_4_09.txt|100.0|100|0.004473378000000103|[877]
RKP_01000_00100_4_10.txt|100.0|100|0.004506366000000313|[843]
RKP_01000_00100_5_01.txt|96.55|104|0.004576897000000031|[2, 3, 4, 5, 7, 8, 9, 10, 11, 12, 13, 14, 15, 16]
RKP_01000_00100_5_02.txt|95.36|102|0.004706146999999632|[1, 2, 3, 4, 5, 7, 8, 9, 10, 11, 12, 13, 14, 15]
RKP_01000_00100_5_03.txt|96.54|105|0.004555688999999887|[1, 3, 4, 5, 6, 7, 8, 9, 10, 11, 12, 15, 16, 17]
RKP_01000_00100_5_04.txt|95.5|104|0.004623418000000328|[3, 4, 5, 6, 7, 8, 9, 10, 11, 12, 13, 14, 16, 17, 18, 19, 20, 21]
RKP_01000_00100_5_05.txt|96.76|103|0.004599397000000139|[2, 4, 5, 6, 8, 9, 10, 11, 12, 13, 15, 16, 17, 18, 19]
RKP_01000_00100_5_06.txt|96.86|107|0.004607753000000088|[3, 5, 6, 7, 8, 9, 10, 11, 12, 13, 14, 15, 16, 18, 19, 20, 21]
RKP_01000_00100_5_07.txt|98.53|103|0.004702815000000129|[2, 3, 4, 6, 7, 8, 9, 11, 12, 13, 14, 15, 16, 18, 20, 21, 22, 23, 24]
RKP_01000_00100_5_08.txt|96.04|105|0.004529603999999878|[2, 3, 4, 5, 6, 7, 8, 9, 11, 12, 13, 14, 15]
RKP_01000_00100_5_09.txt|92.02|102|0.00463308000000005|[1, 4, 5, 6, 7, 8, 9, 10, 11, 12, 13, 14, 15]
RKP_01000_00100_5_10.txt|94.79|101|0.004632499000000294|[1, 2, 3, 4, 5, 6, 7, 8, 9, 10, 11, 12, 13, 14]
RKP_05000_00100_1_01.txt|4685.23|4801|0.04931775400000021|[302, 1839, 1373, 465, 2556, 4, 5, 9, 1, 553, 2091, 8, 20, 3645, 1406, 642, 2106, 1268, 540, 116, 589, 51, 3411, 904, 49, 1485, 150, 1700, 1482, 68, 2398, 1366, 3733, 4536, 31, 59, 852, 89, 213, 1277, 155, 3, 1181, 1207, 24, 115, 2548, 99, 2478, 2692, 21, 1723, 847, 801, 1568, 2505, 1213, 2003, 7, 363, 4545, 13, 16, 1021, 343]
RKP_05000_00100_1_02.txt|4554.89|4654|0.048856429999999805|[3648, 2939, 3415, 60, 171, 31, 277, 1821, 275, 892, 4066, 73, 350, 4311, 4651, 174, 2, 4439, 2337, 104, 42, 716, 1201, 501, 16, 3013, 1, 347, 338, 601, 135, 374, 18, 235, 304, 151, 2809, 3107, 51, 1720, 1929, 130, 301, 3739, 2669, 99, 28, 75, 420, 448, 437, 4339, 3158, 1585, 44, 794, 1557, 1432, 4071, 1210, 57]
RKP_05000_00100_1_03.txt|4533.03|4634|0.04938983400000012|[2, 22, 591, 961, 1355, 1, 1069, 207, 3382, 4798, 81, 4396, 4053, 136, 193, 1588, 10, 2992, 3261, 27, 3127, 3471, 26, 1880, 1417, 3686, 6, 3801, 1634, 4436, 3036, 114, 1171, 929, 612, 203, 3005, 7, 2382, 5, 326, 1550, 304, 156, 2797, 52, 793, 2939, 1020, 219, 1066, 2442, 350, 1237, 656, 1044, 1363, 1154, 401, 1035, 1283]
RKP_05000_00100_1_04.txt|4312.21|4402|0.04911357200000005|[2831, 2565, 38, 147, 7, 4320, 1931, 378, 713, 23, 1521, 5, 3064, 135, 4470, 2030, 444, 4280, 3644, 3336, 3198, 16, 868, 1633, 795, 1367, 2, 579, 3338, 131, 233, 2859, 78, 3225, 3474, 3503, 1764, 205, 2255, 416, 2304, 1048, 3703, 2594, 1527, 3605, 1675, 455, 69, 20, 651, 557, 792, 1173, 1210, 3053, 2528, 979, 26, 936, 2940, 3085, 3484, 4248, 337, 1814, 2934]
RKP_05000_00100_1_05.txt|4246.82|4347|0.049038187000000094|[64, 644, 38, 541, 427, 542, 4588, 2, 8, 1759, 1433, 2850, 3856, 20, 16, 4, 1309, 174, 306, 1432, 33, 53, 2447, 2549, 101, 2995, 288, 60, 4969, 119, 96, 92, 4179, 44, 507, 527, 356, 1088, 23, 270, 2347, 230, 3160, 977, 1249, 4630, 158, 14, 2922, 428, 608, 4251, 907, 660, 2886, 317, 2537, 3454, 4002, 30]
RKP_05000_00100_1_06.txt|4399.78|4490|0.04889953600000048|[2608, 45, 745, 41, 208, 1799, 747, 219, 569, 25, 73, 457, 3167, 152, 3825, 9, 807, 133, 645, 62, 1279, 896, 860, 3, 122, 329, 1512, 8, 1319, 435, 21, 701, 14, 17, 1606, 11, 147, 2, 55, 71, 920, 1259, 111, 108, 2510, 7, 44, 1542, 652, 2842, 1031, 18, 3571, 131, 912, 115, 377, 4655, 3239, 139, 694]
RKP_05000_00100_1_07.txt|4806.31|4913|0.049264107999999564|[30, 3473, 219, 1, 97, 880, 244, 55, 1149, 3419, 118, 1437, 582, 188, 2037, 876, 204, 2883, 1762, 124, 4, 11, 931, 32, 1222, 54, 1758, 79, 90, 451, 2591, 991, 1401, 453, 13, 3111, 3370, 3, 2367, 1199, 3162, 155, 180, 362, 3566, 104, 646, 457, 2085, 1477, 1299, 1827, 930, 5, 2207, 3167, 2438, 1187, 3484, 4252, 4639, 494, 192, 2041, 35, 811, 3320]
RKP_05000_00100_1_08.txt|4440.45|4530|0.04937657199999947|[2845, 820, 186, 441, 906, 3876, 264, 266, 816, 2248, 2054, 865, 300, 502, 1, 276, 288, 1717, 3259, 4344, 275, 4811, 148, 154, 179, 687, 985, 1267, 739, 48, 3226, 120, 52, 3137, 6, 4473, 2780, 215, 1781, 183, 3911, 1358, 4638, 745, 1632, 4998, 25, 538, 2535, 341, 777, 54, 137, 29, 779, 72, 2399, 260, 345, 1029, 82, 2994, 1186, 2899]
RKP_05000_00100_1_09.txt|4109.46|4203|0.04903795399999964|[325, 786, 2596, 270, 816, 4135, 3051, 30, 178, 3, 4424, 1184, 1441, 1363, 3759, 3697, 4341, 10, 121, 2, 70, 3572, 74, 423, 1856, 463, 6, 42, 853, 230, 2349, 2807, 447, 307, 729, 383, 1260, 4156, 588, 83, 987, 1309, 1769, 796, 747, 3556, 1427, 90, 533, 1387, 329, 43, 1736, 1945, 4220, 1869, 4062]
RKP_05000_00100_1_10.txt|4535.18|4628|0.049267463999998|[1804, 48, 1395, 437, 2061, 230, 952, 3176, 25, 3086, 83, 564, 429, 176, 189, 321, 2958, 143, 482, 1091, 111, 1350, 3065, 1422, 352, 4572, 780, 1342, 2, 2616, 4369, 8, 60, 1, 4883, 3373, 26, 153, 795, 3734, 662, 13, 654, 445, 21, 180, 1221, 956, 2120, 385, 484, 4185, 20, 1517, 304, 90, 15, 134, 714, 930, 629, 2462]
RKP_05000_00100_2_01.txt|435.75|446|0.04833227599999944|[540, 44, 110, 144, 2729, 1741, 2218, 551, 2019, 3518, 3020, 77, 648, 868, 1292, 2000, 2210, 1078, 68, 148, 220, 736, 25, 626, 848, 1187, 1238, 4039, 1835, 2120, 2295, 2913, 2948, 3573, 40, 4620, 4675, 5, 142, 246, 315, 1715, 1057]
RKP_05000_00100_2_02.txt|488.23|497|0.049108832000000435|[407, 871, 677, 1014, 455, 532, 656, 1793, 3238, 29, 275, 1570, 4063, 4978, 4, 73, 1493, 2707, 10, 35, 1178, 1770, 3, 14, 298, 3178, 3654, 4347, 152, 778, 763, 1800, 2437, 8, 15, 22, 40, 103, 1194, 1838, 2992, 3004, 2439, 4384, 101, 2263, 2360, 2501, 536, 33, 61, 155]
RKP_05000_00100_2_03.txt|464.47|480|0.04884930900000043|[769, 1463, 1867, 4547, 242, 710, 1122, 1234, 4989, 17, 39, 4, 388, 826, 2844, 4806, 442, 840, 895, 1925, 2550, 3332, 3969, 842, 2606, 3625, 6, 3890, 4206, 314, 1332, 3166, 185, 202, 524, 711, 1469, 2973, 4028, 5, 1, 22, 82, 543, 113, 592, 1749, 11, 54]
RKP_05000_00100_2_04.txt|454.32|468|0.04895181999999934|[674, 2126, 4139, 12, 168, 3153, 387, 531, 45, 283, 1864, 5, 483, 491, 687, 917, 99, 355, 506, 1415, 1565, 1633, 950, 752, 1551, 35, 1107, 1671, 31, 54, 67, 87, 156, 225, 325, 1138, 2299, 3108, 3585, 3838, 72, 109, 637, 2042, 2052, 2100, 13]
RKP_05000_00100_2_05.txt|480.66|493|0.0487913560000004|[3758, 522, 1741, 274, 355, 1029, 2365, 2703, 3238, 3555, 991, 2083, 5, 22, 52, 942, 1224, 1654, 2332, 2545, 3226, 366, 752, 879, 3406, 2785, 3383, 984, 1823, 3374, 69, 693, 797, 29, 99, 370, 1076, 1903, 2614, 426, 612, 3241, 167, 829, 2206, 2208, 2261, 2815, 3573, 413]
RKP_05000_00100_2_06.txt|456.24|469|0.04857281|[326, 3682, 1109, 1288, 2453, 4405, 466, 135, 816, 1581, 2118, 2148, 3347, 62, 136, 324, 758, 6, 356, 2040, 2408, 437, 1208, 129, 369, 2044, 4478, 1688, 3081, 23, 1, 639, 853, 1433, 210, 2422, 182, 926, 1025, 1917, 222, 2075, 8, 33, 602, 1193, 2039, 2974]
RKP_05000_00100_2_07.txt|476.89|490|0.04876678999999953|[1, 2528, 79, 2, 2641, 7, 516, 3, 71, 333, 2751, 43, 58, 180, 235, 938, 1389, 2246, 2419, 141, 260, 595, 1949, 2323, 15, 105, 373, 4183, 183, 261, 689, 2108, 3866, 177, 194, 1063, 3229, 3555, 55, 74, 244, 2164, 2332, 4327, 103, 649, 4507, 216, 429, 744, 169, 11]
RKP_05000_00100_2_08.txt|447.61|459|0.04880634800000038|[98, 342, 25, 199, 1204, 14, 99, 152, 953, 2584, 2915, 11, 24, 1638, 2149, 2068, 3421, 2, 41, 636, 792, 1387, 1617, 48, 23, 621, 4332, 4658, 1, 524, 560, 671, 735, 1415, 4543, 15, 367, 869, 1492, 7, 94, 672, 967, 3246, 3696, 9, 1273, 2312, 3365, 1301]
RKP_05000_00100_2_09.txt|483.29|496|0.04893639800000045|[6, 355, 5, 151, 1149, 1331, 2692, 2520, 4778, 86, 433, 1873, 2953, 3113, 294, 88, 112, 392, 846, 1338, 2179, 2318, 4070, 110, 142, 75, 2196, 2365, 218, 755, 362, 1203, 1335, 1397, 1818, 61, 238, 955, 2352, 315, 1008, 1679, 2213, 15, 4171, 244, 678, 796, 293, 13, 20, 45, 66, 558]
RKP_05000_00100_2_10.txt|451.51|468|0.048487554999998676|[120, 1773, 2435, 3300, 477, 250, 502, 918, 1932, 2345, 2755, 2802, 3321, 113, 2283, 2318, 2768, 4994, 19, 74, 136, 326, 2133, 291, 315, 2022, 184, 210, 253, 1459, 275, 78, 163, 373, 978, 3005, 3077, 4424, 660, 1253, 4012, 72, 302, 3123, 66, 935]
RKP_05000_00100_3_01.txt|779.16|800|0.048951046999999616|[1, 8, 10, 11, 26, 48, 83, 97, 135, 145, 224, 231, 279, 288, 312, 334, 361, 465, 471, 588, 610, 661, 692, 900, 1006, 1096, 1192, 1272, 1725, 1751, 1768, 2039, 2321, 2608, 3252, 3272, 3292, 3674, 3675, 4195, 2, 4, 5, 7, 18, 22, 28, 44, 55, 67, 69, 77, 80, 104, 118, 188, 242, 276, 297, 322, 345, 377, 383, 395, 410, 413, 504, 506, 530, 533]
RKP_05000_00100_3_02.txt|871.79|900|0.04868737600000031|[1, 22, 36, 38, 55, 93, 94, 98, 132, 135, 145, 148, 167, 203, 219, 254, 272, 301, 312, 313, 351, 356, 373, 392, 415, 434, 496, 512, 542, 776, 856, 973, 989, 1047, 1092, 1119, 1136, 1267, 1271, 1335, 1664, 1834, 1876, 2362, 2409, 2674, 2689, 2722, 2762, 2772, 2848, 3287, 3318, 3344, 3615, 3645, 4055, 4114, 4494, 4912, 3, 17, 19, 40, 54, 74, 89, 97, 166, 168, 175, 242, 280, 304, 330, 355, 365, 426, 427, 452]
RKP_05000_00100_3_03.txt|853.43|880|0.04899472400000007|[1, 6, 15, 18, 20, 21, 27, 52, 76, 86, 96, 129, 140, 156, 159, 191, 205, 258, 283, 341, 387, 403, 520, 820, 894, 914, 945, 977, 1058, 1109, 1226, 1256, 1305, 1409, 1459, 1487, 1558, 1571, 1712, 1847, 1888, 1941, 2676, 2793, 2858, 2962, 2984, 2989, 3115, 4254, 4440, 4520, 4528, 4547, 4563, 4874, 3, 14, 24, 42, 73, 124, 155, 165, 192, 351, 380, 397, 446, 459, 546, 647, 656, 690, 698, 714, 721, 780]
RKP_05000_00100_3_04.txt|834.26|860|0.04904986900000068|[1, 9, 11, 48, 56, 59, 100, 298, 318, 320, 325, 335, 365, 375, 446, 578, 688, 708, 759, 769, 770, 808, 898, 984, 1024, 1182, 1193, 1227, 1264, 1283, 1338, 1348, 1433, 1570, 1739, 1757, 1788, 1905, 2156, 2274, 2340, 2386, 2433, 2600, 2634, 2810, 3111, 3384, 3639, 3851, 4679, 4996, 2, 3, 4, 14, 15, 24, 28, 47, 51, 66, 68, 72, 98, 99, 103, 118, 122, 133, 136, 232, 266, 282, 309, 364]
RKP_05000_00100_3_05.txt|736.01|750|0.04874354500000038|[7, 52, 79, 122, 238, 292, 295, 362, 480, 485, 513, 573, 638, 669, 905, 909, 936, 950, 973, 1668, 2040, 2337, 2456, 2596, 2714, 2928, 3135, 4073, 4398, 4423, 1, 24, 25, 47, 60, 76, 109, 113, 206, 220, 235, 304, 345, 435, 448, 486, 542, 563, 583, 588, 590, 614, 656, 769, 891, 994, 1088, 1259, 1491, 1526, 1760, 1764, 1810, 1858, 2471]
RKP_05000_00100_3_06.txt|843.72|870|0.04899515099999917|[1, 10, 15, 24, 25, 26, 27, 32, 35, 58, 68, 79, 103, 113, 119, 121, 179, 203, 244, 248, 270, 452, 492, 551, 564, 638, 683, 755, 796, 838, 956, 1046, 1130, 1148, 1376, 1451, 1477, 1657, 1698, 1735, 1860, 1884, 2159, 2205, 2457, 2528, 2710, 2738, 2878, 2889, 2978, 3082, 3112, 4282, 3, 4, 5, 12, 29, 45, 80, 82, 86, 104, 108, 157, 207, 278, 290, 413, 434, 440, 460, 588, 700, 765, 775]
RKP_05000_00100_3_07.txt|852.85|880|0.04882941399999936|[1, 14, 16, 18, 20, 30, 77, 89, 93, 98, 99, 114, 119, 169, 189, 206, 213, 222, 281, 304, 356, 362, 372, 416, 495, 500, 507, 523, 550, 699, 729, 750, 812, 817, 876, 883, 890, 980, 1030, 1095, 1453, 1577, 1615, 1833, 1892, 1960, 2113, 2510, 2632, 2667, 2701, 2869, 3232, 3416, 3653, 4835, 9, 26, 29, 85, 96, 130, 166, 167, 185, 211, 355, 485, 526, 549, 566, 570, 607, 719, 799, 865, 894, 913]
RKP_05000_00100_3_08.txt|867.82|890|0.04916329100000098|[1, 6, 13, 17, 28, 47, 92, 97, 100, 101, 129, 161, 169, 227, 238, 328, 346, 382, 428, 491, 557, 563, 572, 645, 700, 925, 969, 1076, 1208, 1238, 1240, 1244, 1355, 1414, 1478, 1502, 1517, 1589, 1802, 1973, 2091, 2154, 2276, 2430, 2572, 2702, 3001, 3330, 3335, 3410, 3716, 3821, 4062, 4178, 4225, 4353, 4604, 4735, 2, 4, 21, 24, 35, 36, 44, 59, 60, 99, 108, 115, 124, 191, 216, 294, 296, 309, 426, 484, 502]
RKP_05000_00100_3_09.txt|844.54|870|0.04933342799999878|[1, 24, 40, 55, 63, 94, 111, 137, 205, 217, 262, 271, 288, 355, 409, 466, 585, 600, 636, 662, 696, 789, 827, 839, 981, 986, 1067, 1161, 1532, 1558, 1683, 1913, 2033, 2048, 2227, 2372, 2453, 2595, 2609, 2846, 2862, 2897, 2925, 3120, 3500, 3562, 3603, 3727, 3987, 4348, 4681, 4813, 4902, 4948, 3, 8, 18, 25, 29, 49, 57, 101, 110, 119, 229, 274, 277, 307, 350, 373, 419, 447, 501, 579, 610, 754, 882]
RKP_05000_00100_3_10.txt|830.48|850|0.04888479799999772|[3, 19, 21, 22, 27, 30, 47, 52, 63, 119, 173, 216, 252, 283, 383, 438, 627, 659, 666, 775, 787, 860, 881, 1046, 1075, 1166, 1419, 1426, 1430, 1463, 1547, 1938, 1946, 2107, 2181, 2195, 2235, 2244, 2312, 2477, 2567, 2988, 2990, 3361, 3869, 3877, 3997, 4448, 4628, 4783, 1, 2, 4, 5, 10, 39, 50, 57, 79, 109, 110, 113, 141, 142, 166, 211, 227, 333, 336, 526, 540, 559, 614, 685, 780]
RKP_05000_00100_4_01.txt|100.0|100|0.04776071300000069|[4203]
RKP_05000_00100_4_02.txt|100.0|100|0.048179446999999126|[4283]
RKP_05000_00100_4_03.txt|100.0|100|0.04788649999999876|[4228]
RKP_05000_00100_4_04.txt|100.0|100|0.048098679000000005|[4218]
RKP_05000_00100_4_05.txt|100.0|100|0.047909615999996616|[4218]
RKP_05000_00100_4_06.txt|100.0|100|0.048098109000000874|[4203]
RKP_05000_00100_4_07.txt|100.0|100|0.04784591100000057|[4210]
RKP_05000_00100_4_08.txt|100.0|100|0.047927126999999244|[4203]
RKP_05000_00100_4_09.txt|100.0|100|0.04802717199999933|[4209]
RKP_05000_00100_4_10.txt|100.0|100|0.047564942999997584|[4213]
RKP_05000_00100_5_01.txt|96.72|100|0.0478085729999998|[1, 3, 4, 5, 6, 7, 9, 10, 11, 12, 13, 14, 15, 16, 17, 18, 19, 20, 21, 22, 23, 24, 25, 26, 27]
RKP_05000_00100_5_02.txt|98.62|103|0.04815251500000045|[2, 3, 4, 5, 7, 8, 9, 10, 11, 13, 14, 15, 16, 17, 18, 19, 20, 21, 22]
RKP_05000_00100_5_03.txt|98.14|101|0.04790396999999842|[1, 2, 3, 4, 5, 6, 7, 8, 9, 10, 11, 12, 13, 14, 15, 16, 17, 18, 19, 20, 21, 22, 23, 24, 25, 26, 27]
RKP_05000_00100_5_04.txt|97.74|101|0.04786582100000089|[1, 2, 4, 5, 7, 8, 9, 10, 11, 12, 13, 14, 15, 16, 17, 18, 19, 20, 21]
RKP_05000_00100_5_05.txt|96.83|102|0.04793587699999733|[1, 4, 5, 6, 7, 8, 9, 10, 11, 12, 13, 14, 15, 16, 17, 21, 23, 24, 25, 26, 27, 28]
RKP_05000_00100_5_06.txt|98.87|102|0.047854396999996995|[1, 2, 3, 4, 6, 7, 8, 9, 10, 12, 13, 14, 15, 16, 17, 18, 19, 21, 22, 23, 24, 25, 26, 27, 28, 29]
RKP_05000_00100_5_07.txt|95.88|101|0.04780943300000047|[1, 2, 4, 5, 6, 7, 8, 9, 10, 11, 12, 13, 14, 15, 16, 17, 18, 19, 21, 22, 23, 24, 25, 26, 27, 28]
RKP_05000_00100_5_08.txt|96.32|100|0.047981773000002476|[1, 3, 4, 5, 6, 7, 8, 9, 10, 11, 12, 13, 15, 17, 18, 19, 20, 21, 22, 23, 24, 25, 26, 28, 30, 31, 32, 33]
RKP_05000_00100_5_09.txt|96.69|100|0.04761294800000201|[1, 4, 6, 7, 8, 9, 11, 12, 13, 14, 15, 16, 17, 18, 19, 20, 21, 22, 23, 24, 25, 26, 27, 28]
RKP_05000_00100_5_10.txt|98.19|101|0.04795968000000471|[1, 2, 3, 4, 5, 6, 7, 8, 9, 10, 11, 12, 13, 14, 16, 17, 18, 19, 20, 21, 22]
RKP_05000_01000_1_01.txt|57441.18|58550|0.050421064999999314|[424, 4971, 1742, 53, 700, 1232, 164, 732, 18, 226, 3791, 2254, 151, 15, 17, 751, 1858, 328, 2481, 1724, 778, 1591, 2077, 1841, 1, 379, 4223, 4479, 78, 1214, 2777, 2, 1919, 23, 1979, 3534, 3799, 491, 2629, 96, 86, 8, 10, 3256, 2266, 1034, 368, 16, 399, 2567, 684, 3187, 1233, 1928, 2874, 1756, 1145, 33, 22, 991, 5, 271, 1196, 969, 252, 334, 13, 800, 30, 921, 118, 212, 82, 511, 866, 1431, 1387, 4129, 3144, 1775, 3282, 35, 661, 551, 1810, 2814, 726]
RKP_05000_01000_1_02.txt|60201.64|61409|0.05030903399999943|[406, 918, 89, 304, 1590, 222, 36, 675, 4489, 7, 728, 3565, 2800, 2379, 588, 1205, 1337, 109, 622, 4961, 1055, 1261, 2745, 539, 1414, 78, 988, 22, 506, 3875, 2832, 2825, 10, 282, 235, 1403, 1455, 2011, 425, 1999, 3349, 2769, 17, 772, 3, 155, 837, 1677, 39, 1329, 337, 965, 368, 3795, 3628, 236, 917, 1604, 1277, 2973, 694, 3668, 790, 2727, 96, 207, 3585, 41, 84, 464, 928, 2120, 1343, 2594, 1683, 2229, 2198, 1860, 2750, 471, 293, 165, 646, 130, 1]
RKP_05000_01000_1_03.txt|55624.96|56548|0.05045571200000097|[1614, 882, 1039, 1534, 3194, 3276, 22, 1854, 2688, 24, 135, 1822, 852, 1415, 940, 933, 1475, 176, 339, 1027, 67, 533, 2016, 1364, 1, 2471, 1150, 344, 3392, 174, 649, 3920, 479, 76, 3682, 248, 272, 165, 4104, 3232, 72, 1605, 1483, 2201, 3835, 2080, 2125, 114, 60, 2848, 1478, 749, 62, 1719, 3, 1219, 129, 1815, 515, 1006, 1146, 988, 2161, 4640, 4193, 810, 192, 1979, 94, 875, 2110, 13, 2682, 1339, 4283, 441, 4191, 2468, 33, 1262, 4216]
RKP_05000_01000_1_04.txt|57286.69|58396|0.05062448100000154|[223, 238, 135, 952, 61, 4624, 1450, 1275, 716, 35, 16, 594, 498, 794, 4775, 9, 4277, 49, 4397, 10, 114, 64, 1107, 181, 1, 3926, 318, 2470, 1142, 191, 52, 3055, 687, 546, 3023, 351, 2320, 482, 724, 3051, 1546, 533, 5, 2023, 4232, 33, 1174, 1916, 413, 50, 2060, 2999, 189, 1311, 133, 465, 1416, 2, 248, 1021, 24, 7, 1689, 2047, 270, 2649, 395, 8, 132, 2580, 4329, 886, 6, 71, 1597, 522, 1074, 1395, 3271, 2550, 670, 1901, 792, 210, 105, 2177, 421]
RKP_05000_01000_1_05.txt|56327.03|57572|0.05092764900000077|[1142, 1649, 91, 385, 2069, 430, 2, 14, 254, 65, 352, 259, 1316, 97, 1606, 93, 1411, 132, 985, 168, 2547, 4053, 2271, 1093, 94, 1607, 4118, 3468, 339, 46, 1588, 4385, 119, 1418, 667, 4, 1155, 1162, 3067, 267, 2834, 816, 1320, 157, 651, 1227, 9, 1023, 1474, 711, 8, 580, 1321, 1883, 1049, 4096, 16, 73, 943, 593, 130, 120, 48, 2819, 2004, 330, 19, 2263, 85, 467, 1893, 4204, 2397, 5, 2256, 584, 279, 25, 201, 231, 67, 903, 2360, 208, 1012, 349, 69, 1150]
RKP_05000_01000_1_06.txt|55454.02|56754|0.050334321999998224|[736, 51, 8, 691, 4603, 1879, 48, 336, 2050, 52, 498, 80, 2517, 1689, 269, 159, 894, 1097, 697, 2857, 1916, 1511, 3109, 1242, 943, 297, 2865, 1910, 288, 188, 3076, 107, 2195, 998, 3846, 2, 2967, 3, 217, 10, 503, 399, 1368, 1530, 9, 6, 150, 90, 343, 2925, 616, 1002, 1192, 42, 13, 2483, 612, 292, 157, 646, 1062, 429, 656, 2633, 721, 1662, 601, 688, 163, 4793, 1, 4196, 1494, 37, 2025, 687, 2442, 192, 224, 2168, 4, 337, 2861, 1145, 1720, 2048, 684, 60, 1305, 4183]
RKP_05000_01000_1_07.txt|51316.37|52498|0.049651891999999975|[1904, 1741, 15, 226, 753, 4009, 2, 568, 1359, 130, 213, 77, 1865, 204, 1697, 1, 65, 91, 2593, 84, 161, 1449, 44, 522, 577, 1175, 421, 188, 2087, 523, 23, 21, 628, 1764, 2001, 3455, 2669, 46, 795, 198, 386, 2245, 616, 651, 4242, 8, 569, 1607, 848, 731, 4471, 985, 1047, 1489, 640, 993, 2145, 957, 1378, 241, 453, 608, 3438, 1178, 1346, 393, 1666, 4078, 2235, 119, 1645, 38, 94, 1052, 363, 424, 1659, 666]
RKP_05000_01000_1_08.txt|53536.43|54967|0.050341270000001256|[4497, 140, 24, 20, 89, 2585, 651, 427, 2382, 2356, 1275, 1088, 81, 190, 1487, 430, 2110, 10, 2528, 279, 785, 1391, 952, 527, 109, 235, 670, 575, 488, 15, 1138, 7, 257, 3318, 115, 26, 2723, 1574, 738, 3, 151, 3937, 4666, 849, 12, 66, 890, 419, 40, 39, 2070, 411, 75, 892, 29, 32, 531, 52, 548, 2099, 207, 79, 389, 3288, 1344, 3437, 43, 217, 117, 529, 4070, 3323, 3925, 3908, 244, 1029, 2841, 1485]
RKP_05000_01000_1_09.txt|56358.22|58000|0.05006023599999821|[157, 1714, 684, 4115, 2381, 3179, 1434, 3964, 1, 1362, 128, 104, 51, 1366, 427, 1788, 364, 6, 996, 18, 163, 2364, 4, 3744, 883, 2, 3245, 39, 390, 1481, 1679, 17, 47, 499, 1854, 563, 1761, 3, 562, 2121, 190, 2328, 2845, 998, 27, 1579, 29, 302, 714, 342, 473, 1113, 1414, 1242, 844, 2399, 2012, 3556, 3900, 1401, 3156, 1699, 191, 94, 106, 25, 1509, 1337, 359, 3644, 1495, 2034, 3448, 153, 49, 32, 2239, 1911, 2246, 136, 320, 377, 2844, 8]
RKP_05000_01000_1_10.txt|61026.02|62324|0.05032282900000041|[129, 888, 528, 2671, 245, 1044, 1680, 104, 500, 785, 486, 2, 11, 1914, 1, 461, 2184, 740, 844, 384, 261, 180, 1361, 47, 1253, 2153, 103, 2753, 359, 1076, 1095, 3836, 49, 1479, 100, 1313, 2309, 9, 286, 4815, 1284, 807, 2544, 1554, 38, 2698, 839, 3137, 2867, 43, 33, 212, 2541, 1686, 3309, 187, 2216, 2560, 1436, 472, 1476, 2608, 198, 1430, 634, 1553, 4698, 28, 1731, 4036, 1413, 604, 193, 1350, 582, 4, 1934, 161, 813, 2768, 220, 1817, 3687, 1641, 255, 495, 904, 17, 80, 464, 152]
RKP_05000_01000_2_01.txt|4410.39|4521|0.049598011000001066|[176, 1844, 103, 2000, 339, 1473, 3060, 951, 413, 3919, 483, 4166, 2671, 2, 1173, 88, 2400, 1730, 2057, 1100, 1641, 541, 265, 2351, 1898, 1487, 3764, 309, 2281, 761, 1046, 32, 7, 81, 604, 395, 4493, 724, 997, 153, 147, 3395, 687, 115, 4598, 12, 2569, 38, 22, 1011, 23, 1154, 2168]
RKP_05000_01000_2_02.txt|4657.0|4782|0.04935434600000747|[2, 1045, 88, 317, 365, 491, 2308, 1856, 1294, 1693, 964, 44, 1068, 4977, 862, 1189, 2682, 3, 462, 1577, 1, 2581, 545, 62, 121, 3024, 126, 1739, 1812, 311, 471, 667, 2983, 653, 78, 1049, 94, 946, 214, 1196, 2259, 1964, 1000, 379, 2515, 2419, 2537, 3342, 338, 139, 2933, 2213, 820, 3711, 1159]
RKP_05000_01000_2_03.txt|4759.01|4920|0.049542030999998016|[51, 305, 465, 726, 3416, 217, 1002, 69, 86, 3351, 308, 4964, 655, 3540, 286, 235, 862, 3180, 2340, 2182, 1958, 507, 4457, 3343, 131, 518, 104, 3938, 1354, 942, 2548, 3087, 118, 1550, 341, 2601, 1732, 858, 3822, 375, 1132, 2164, 2930, 2610, 106, 1483, 185, 477, 589, 350, 171, 88, 1676, 1684]
RKP_05000_01000_2_04.txt|5168.77|5288|0.0495280149999985|[17, 1740, 63, 2518, 585, 3, 2408, 4454, 2928, 1672, 1989, 2245, 183, 768, 153, 82, 758, 348, 371, 400, 2989, 545, 1906, 3530, 2237, 3498, 1086, 54, 2249, 3872, 302, 509, 1, 4236, 22, 567, 7, 1136, 916, 1319, 247, 557, 662, 1210, 19, 1539, 1799, 51, 163, 4424, 1209, 59, 703, 84, 3183, 547, 667, 57, 2242, 23, 1065]
RKP_05000_01000_2_05.txt|4683.87|4788|0.04984393999999895|[734, 420, 34, 204, 8, 201, 33, 4485, 3, 1132, 273, 1158, 1680, 876, 4215, 3321, 360, 526, 1064, 4, 70, 2513, 2943, 1762, 427, 1925, 1269, 260, 2008, 344, 16, 390, 2548, 187, 453, 80, 23, 9, 1052, 30, 775, 1424, 737, 957, 2686, 324, 1335, 1672, 156, 5, 306, 43, 4333, 807, 1576, 1622]
RKP_05000_01000_2_06.txt|4909.38|5015|0.04994594999999947|[473, 464, 1933, 61, 1, 344, 1477, 105, 683, 138, 672, 2476, 4951, 242, 27, 2, 1569, 30, 1948, 900, 793, 36, 1619, 1134, 386, 282, 154, 925, 152, 2638, 59, 707, 1898, 2446, 3111, 2282, 739, 159, 1064, 714, 862, 94, 1852, 328, 4131, 2690, 2201, 2484, 109, 336, 10, 4545, 481, 670, 184, 1369, 1746, 5, 252, 114, 1991]
RKP_05000_01000_2_07.txt|5038.74|5162|0.049885814000001576|[4279, 759, 2608, 1, 1902, 207, 2282, 4495, 909, 1643, 2206, 1625, 3129, 771, 157, 1437, 1811, 3275, 12, 4453, 11, 1552, 368, 751, 2233, 1123, 772, 1265, 516, 238, 3147, 199, 212, 2446, 3882, 2461, 294, 1593, 2843, 2241, 5, 1935, 1945, 2341, 387, 44, 257, 3196, 1425, 3085, 105, 1886, 1139, 1976, 228, 1461, 3507, 33, 1231, 3031, 3974]
RKP_05000_01000_2_08.txt|4996.2|5133|0.04955807399999571|[1499, 298, 312, 972, 59, 264, 78, 44, 3148, 3191, 236, 2399, 580, 108, 385, 1184, 3385, 6, 17, 30, 213, 1067, 371, 658, 4, 846, 1783, 677, 2808, 747, 634, 242, 2941, 1314, 200, 660, 1114, 2632, 2133, 1156, 1924, 3857, 201, 14, 1664, 174, 114, 1802, 473, 955, 362, 397, 4386, 278, 1016, 823, 4129]
RKP_05000_01000_2_09.txt|4721.53|4838|0.05013448099999948|[1556, 897, 3478, 408, 10, 4, 379, 1132, 128, 1583, 1967, 2140, 3, 2789, 677, 15, 1786, 25, 270, 175, 821, 13, 2637, 3297, 63, 2317, 997, 1992, 536, 419, 36, 118, 2887, 310, 1259, 784, 1627, 2, 561, 4691, 935, 3113, 3974, 1428, 579, 130, 377, 2094, 2005, 4669, 247, 1587, 22, 77, 44]
RKP_05000_01000_2_10.txt|4560.09|4698|0.05002040599999589|[4267, 4015, 137, 2998, 420, 9, 1494, 18, 191, 1502, 99, 227, 2318, 149, 1686, 3712, 2034, 36, 1926, 4084, 1619, 922, 19, 294, 749, 4050, 2559, 1491, 1049, 1523, 3674, 1011, 1303, 4809, 555, 3584, 1858, 82, 206, 74, 351, 941, 29, 3887, 305, 1416, 3163, 25, 880, 1175, 1176, 4057, 15, 2452, 55]
RKP_05000_01000_3_01.txt|9794.62|9999|0.05005327999999963|[1, 46, 47, 1698, 1958, 2461, 3246, 21, 562, 1615, 2851, 108, 455, 1081, 2241, 2416, 2783, 40, 72, 97, 112, 372, 550, 114, 728, 996, 917, 2748, 176, 207, 284, 1198, 1779, 3421, 2250, 237, 1038, 1894, 2056, 2178, 2874, 119, 150, 276, 688, 384, 749, 1600, 9, 60, 87, 398, 3683, 132, 193, 757, 1382, 2429, 12, 23, 1190, 53, 381, 604, 623, 4452, 77, 560, 1047, 1140, 1365, 45, 241, 632, 951, 1087, 15, 16, 37, 539, 1139, 4101, 274, 305, 387, 1369, 3591, 109, 400, 13]
RKP_05000_01000_3_02.txt|10596.64|10800|0.05040268200000014|[129, 1041, 1499, 2113, 2425, 28, 2067, 3308, 230, 1087, 39, 379, 425, 542, 2330, 2853, 446, 878, 1486, 2704, 3041, 849, 1046, 2, 33, 1885, 2978, 90, 562, 209, 1161, 1436, 2215, 1, 25, 107, 169, 214, 1908, 3546, 436, 883, 892, 1020, 2667, 4134, 305, 445, 609, 730, 2772, 1117, 2989, 4507, 13, 801, 2136, 2565, 4, 41, 66, 718, 1022, 1174, 3393, 2080, 2933, 2998, 4719, 3750, 235, 2953, 3171, 71, 931, 1240, 1334, 3832, 263, 345, 1193, 1488, 38, 130, 646, 759, 448, 40, 116, 304, 953, 1484, 2808, 4419, 303, 595, 1083, 55]
RKP_05000_01000_3_03.txt|10978.04|11100|0.050471102000001905|[5, 36, 286, 881, 1498, 3273, 4215, 621, 975, 3166, 4813, 2, 215, 360, 568, 652, 4041, 246, 609, 2319, 158, 399, 4, 199, 1663, 11, 22, 129, 439, 710, 856, 1597, 4529, 989, 1164, 2386, 3910, 709, 2439, 3545, 465, 896, 4671, 1, 156, 163, 330, 339, 763, 794, 1022, 1041, 1523, 1559, 2202, 2957, 952, 3, 115, 214, 1465, 4084, 4338, 200, 221, 1082, 1533, 2087, 6, 190, 2034, 239, 839, 1605, 1733, 3722, 308, 480, 544, 1222, 4695, 97, 669, 2298, 3477, 153, 377, 765, 770, 879, 1169, 1767, 1926, 2529, 2901, 3239, 3697, 4149, 127, 452, 592]
RKP_05000_01000_3_04.txt|10965.08|11098|0.0501660199999975|[132, 206, 448, 548, 680, 1872, 2150, 2372, 2868, 6, 111, 619, 657, 1080, 175, 4, 63, 261, 610, 989, 9, 4880, 495, 709, 1049, 1064, 1276, 1396, 2516, 2568, 321, 360, 574, 2747, 27, 277, 3197, 3448, 18, 306, 3523, 29, 58, 864, 1786, 3330, 70, 5, 7, 142, 2541, 4042, 769, 1226, 4440, 1, 225, 747, 1907, 2865, 15, 962, 1322, 82, 263, 977, 1589, 1768, 2593, 3612, 337, 3, 17, 94, 258, 1996, 2857, 13, 648, 1398, 45, 39, 472, 568, 1309, 1912, 3274, 89, 400, 827, 2871, 25, 784, 1165, 1493, 1557, 1801, 2115, 2601, 362, 413]
RKP_05000_01000_3_05.txt|10267.36|10401|0.05026749500000108|[26, 1, 7, 143, 344, 985, 1759, 1859, 2460, 16, 34, 48, 1516, 1588, 1619, 3635, 162, 219, 2123, 3439, 3584, 11, 501, 638, 1305, 1500, 1909, 19, 1552, 2634, 2744, 4338, 1069, 3440, 3558, 29, 285, 513, 620, 1060, 37, 184, 2920, 3469, 56, 555, 768, 32, 49, 348, 2970, 3055, 169, 658, 708, 748, 998, 1263, 3167, 8, 112, 1090, 2615, 3106, 70, 212, 296, 335, 358, 122, 183, 814, 2077, 2, 486, 777, 1259, 1770, 3068, 3370, 3, 10, 2723, 4, 6, 283, 386, 491, 692, 1292, 2447, 2610, 3258, 4405]
RKP_05000_01000_3_06.txt|10616.48|10800|0.05043506499999808|[6, 227, 488, 813, 4258, 46, 288, 760, 801, 4322, 4808, 4, 85, 213, 931, 2251, 3214, 7, 45, 55, 734, 1522, 1551, 1917, 2026, 1, 41, 1119, 2741, 76, 368, 623, 1359, 206, 276, 889, 1978, 3533, 4315, 3, 286, 287, 469, 573, 1610, 3433, 665, 946, 2799, 4000, 1466, 1640, 4911, 86, 124, 184, 418, 1296, 3264, 82, 102, 249, 404, 431, 859, 702, 3390, 94, 603, 16, 135, 193, 219, 265, 2623, 141, 490, 767, 4582, 2, 686, 1035, 1212, 1697, 4424, 39, 71, 214, 839, 1281, 3851, 3324, 1991, 2756, 106, 126, 37, 84]
RKP_05000_01000_3_07.txt|10538.21|10700|0.050122355999997696|[13, 94, 291, 293, 762, 827, 1003, 1783, 1792, 60, 413, 1470, 427, 884, 896, 1998, 36, 593, 84, 891, 2716, 73, 76, 100, 216, 3628, 1789, 2448, 3146, 2, 125, 295, 417, 1123, 2900, 3085, 3731, 4131, 214, 360, 487, 883, 1055, 2587, 849, 477, 18, 75, 218, 527, 4233, 3, 11, 220, 370, 608, 714, 1044, 2104, 2966, 3438, 5, 658, 1262, 1544, 3609, 113, 393, 1709, 3135, 3716, 1, 251, 640, 1179, 194, 221, 422, 1564, 6, 8, 31, 4659, 462, 539, 1173, 2043, 2360, 3402, 4456, 398, 2357, 20, 33, 319, 1407, 3836]
RKP_05000_01000_3_08.txt|10617.76|10800|0.05074171100000001|[3214, 4022, 134, 217, 394, 1976, 1588, 14, 80, 525, 1036, 3087, 3571, 28, 152, 250, 953, 1135, 1733, 2977, 4, 77, 260, 1970, 2019, 2364, 2402, 3237, 331, 883, 1009, 2088, 2484, 154, 901, 2858, 489, 556, 686, 1159, 1395, 4192, 36, 279, 474, 654, 1513, 1967, 3396, 944, 1077, 4463, 270, 6, 30, 1273, 1636, 725, 1117, 1134, 7, 22, 911, 2025, 3346, 118, 126, 675, 1050, 1770, 3017, 3284, 3445, 4767, 4779, 20, 1014, 1810, 3557, 4487, 4700, 301, 1, 2, 122, 226, 264, 295, 656, 707, 1364, 35, 73, 82, 660, 895, 3, 34]
RKP_05000_01000_3_09.txt|9908.22|10100|0.05017305900000053|[655, 1322, 2051, 2511, 2621, 556, 664, 671, 1189, 73, 152, 242, 384, 661, 1471, 2486, 3256, 4292, 51, 2497, 3538, 1313, 3443, 106, 281, 310, 376, 2024, 2401, 7, 9, 87, 3392, 3572, 136, 492, 751, 1148, 3868, 4136, 786, 237, 252, 1978, 462, 1684, 2055, 2941, 14, 26, 40, 77, 83, 99, 159, 453, 494, 995, 2, 207, 886, 2287, 3618, 852, 8, 797, 1040, 2577, 13, 86, 290, 1003, 4, 61, 111, 354, 931, 426, 921, 1104, 2706, 193, 222, 830, 42, 57, 81, 412, 673, 1420, 1488]
RKP_05000_01000_3_10.txt|10501.01|10600|0.05036252599999671|[16, 119, 196, 219, 1125, 2322, 2894, 50, 393, 1329, 3150, 3435, 3589, 4466, 2764, 369, 1, 3, 25, 2813, 2940, 3240, 270, 876, 145, 413, 692, 811, 1184, 3234, 2, 2189, 14, 2915, 434, 1530, 3251, 62, 69, 1854, 3127, 4052, 1785, 6, 287, 907, 2224, 2749, 52, 1093, 1498, 4227, 1019, 112, 223, 789, 808, 1635, 4747, 4788, 1803, 4631, 343, 344, 2139, 1097, 1847, 10, 3119, 305, 446, 458, 944, 1279, 2611, 73, 191, 781, 1343, 2458, 3064, 218, 312, 417, 479, 502, 3879, 5, 66, 194, 272, 275, 353, 360, 3788, 37]
RKP_05000_01000_4_01.txt|999.99|1000|0.04839979799999639|[4615]
RKP_05000_01000_4_02.txt|1000.0|1000|0.04840972800000088|[4655]
RKP_05000_01000_4_03.txt|1000.0|1000|0.04869028000000014|[4567]
RKP_05000_01000_4_04.txt|1000.0|1000|0.04872189500000332|[4559]
RKP_05000_01000_4_05.txt|1000.0|1000|0.04896449200000234|[4575]
RKP_05000_01000_4_06.txt|1000.0|1000|0.048717563000003565|[4578]
RKP_05000_01000_4_07.txt|1000.0|1000|0.04868500800000561|[4493]
RKP_05000_01000_4_08.txt|1000.0|1000|0.049110300000003236|[4472]
RKP_05000_01000_4_09.txt|1000.0|1000|0.04877081200000362|[4528]
RKP_05000_01000_4_10.txt|1000.0|1000|0.04844709399999886|[4520]
RKP_05000_01000_5_01.txt|968.45|1009|0.048864820000003986|[1, 2, 3, 4, 5, 6, 7, 8, 9, 10, 11, 12, 13, 14, 15, 16, 17, 18, 19, 20, 22, 23, 24, 25, 26, 27, 28]
RKP_05000_01000_5_02.txt|974.79|1010|0.04869570500000066|[2, 3, 5, 6, 7, 9, 10, 11, 12, 13, 14, 16, 17, 18, 19, 20, 21, 22, 23, 25, 26, 27, 29, 30, 31, 32, 34, 35, 36]
RKP_05000_01000_5_03.txt|967.83|1005|0.04912797299999681|[2, 3, 5, 6, 7, 8, 9, 10, 12, 13, 15, 17, 18, 19, 20, 21, 22, 24, 25, 26, 29, 30, 31, 32, 34, 35, 36]
RKP_05000_01000_5_04.txt|970.44|1010|0.04864486399999919|[1, 3, 6, 7, 8, 9, 10, 11, 12, 13, 14, 15, 16, 17, 18, 19, 20, 21, 22, 23, 24, 25, 26, 27, 29, 31]
RKP_05000_01000_5_05.txt|972.13|1005|0.0486651709999984|[1, 3, 4, 5, 6, 7, 8, 9, 10, 11, 12, 13, 14, 15, 16, 18, 19, 20, 22, 23, 24, 25, 26, 27, 28, 29, 30, 31, 33]
RKP_05000_01000_5_06.txt|963.34|1001|0.04922103400000026|[1, 4, 5, 6, 7, 8, 9, 10, 11, 12, 13, 14, 15, 16, 17, 18, 19, 20, 22, 23, 24, 25, 26, 27, 28, 29, 30, 31, 32, 33, 34]
RKP_05000_01000_5_07.txt|971.01|1009|0.04927109399999381|[2, 4, 5, 6, 7, 8, 10, 11, 12, 13, 14, 15, 16, 17, 18, 19, 21, 22, 23, 24, 25, 26, 27, 28, 29, 30, 31, 32, 33, 35]
RKP_05000_01000_5_08.txt|974.43|1013|0.04934780799998748|[3, 4, 5, 6, 7, 8, 9, 10, 12, 13, 14, 15, 16, 17, 18, 19, 20, 21, 22, 23, 24, 25, 26, 27, 28, 30, 31]
RKP_05000_01000_5_09.txt|981.37|1017|0.04919103500000688|[1, 2, 3, 4, 5, 6, 8, 9, 10, 11, 12, 13, 14, 16, 17, 18, 19, 21, 22, 23, 24, 25, 26, 27, 28, 29, 30, 31, 32]
RKP_05000_01000_5_10.txt|975.48|1010|0.049592847000002396|[1, 3, 4, 5, 6, 7, 8, 9, 10, 11, 12, 13, 15, 16, 17, 18, 19, 20, 21, 22, 23, 26, 27, 28, 29]
RKP_05000_05000_1_01.txt|266489.27|275012|0.05009113399999933|[2195, 1201, 1260, 226, 134, 254, 1200, 74, 239, 2685, 263, 2997, 826, 1595, 255, 688, 75, 1247, 477, 1939, 36, 2945, 1416, 168, 1437, 496, 2321, 2687, 3, 279, 2, 100, 498, 1543, 78, 174, 1674, 940, 4810, 358, 747, 290, 1305, 21, 127, 1231, 8, 522, 2896, 4, 41, 601, 206, 3266, 3721, 3813, 149, 94, 40, 4308, 234, 562, 4777, 1083, 1246, 33, 96, 248, 798, 274, 449, 4077, 3113, 1270, 809, 47, 1685, 1034, 521, 50, 1286, 25]
RKP_05000_05000_1_02.txt|320706.32|329434|0.050384746999998245|[474, 2706, 1005, 3921, 24, 269, 297, 2174, 3940, 787, 113, 45, 537, 1115, 903, 4402, 361, 2667, 8, 10, 1855, 238, 805, 55, 117, 712, 1374, 1, 334, 4197, 396, 1107, 3754, 3059, 240, 3842, 21, 444, 1152, 1041, 378, 785, 2177, 2322, 2501, 104, 1459, 4, 1044, 2, 470, 4832, 4712, 4382, 1870, 1069, 1075, 2306, 668, 1556, 20, 3588, 3696, 3886, 213, 231, 258, 1722, 1309, 57, 4013, 669, 1203, 341, 2039, 141, 126, 4074, 89, 1434, 1786, 310, 9, 18, 1266, 59, 1089, 38, 349, 2089]
RKP_05000_05000_1_03.txt|289409.46|294547|0.04994729000000461|[3247, 78, 557, 426, 233, 1, 4414, 2859, 3493, 2630, 582, 249, 115, 1098, 1265, 1477, 1261, 1115, 25, 1414, 3443, 3414, 318, 482, 1441, 2760, 811, 18, 393, 46, 110, 586, 1775, 231, 39, 80, 1099, 4284, 2264, 1594, 451, 86, 7, 3512, 2438, 3490, 1309, 206, 62, 8, 1235, 339, 3593, 1236, 429, 246, 1083, 2426, 297, 481, 960, 2124, 779, 5, 2615, 1108, 3417, 22, 1290, 353, 4374, 651, 504, 488, 645, 3154, 1374, 133, 908, 1212, 692, 1227]
RKP_05000_05000_1_04.txt|305584.65|310131|0.05043863400000305|[4668, 3850, 90, 332, 34, 557, 5, 484, 1072, 376, 291, 9, 2003, 1, 2581, 3, 148, 2372, 1677, 145, 75, 2328, 4260, 368, 25, 1418, 408, 2061, 1859, 1389, 3813, 2584, 222, 189, 1758, 3305, 390, 2991, 81, 559, 1417, 1938, 2051, 3651, 240, 831, 1753, 675, 3260, 76, 4172, 814, 48, 135, 38, 2813, 318, 169, 4715, 3568, 2013, 787, 4384, 173, 1675, 226, 809, 12, 710, 105, 1875, 326, 4286, 778, 422, 299, 3431, 3059, 85, 333, 3547, 3410, 2017, 387, 18, 202, 935, 24, 2312, 96, 197, 3652]
RKP_05000_05000_1_05.txt|307653.4|313009|0.050408144000001584|[130, 3722, 2352, 378, 2467, 301, 694, 227, 2579, 403, 2657, 1, 4208, 2309, 62, 22, 46, 1668, 582, 214, 559, 55, 1460, 3186, 1483, 950, 127, 3024, 1662, 38, 1929, 3175, 143, 2, 2804, 153, 32, 2411, 4354, 4846, 1432, 1088, 1993, 2118, 2025, 992, 1098, 210, 923, 3, 33, 2138, 1281, 12, 463, 348, 1887, 459, 1492, 2703, 7, 3873, 1692, 245, 2910, 2427, 838, 518, 4789, 1003, 261, 1016, 146, 1372, 1642, 677, 20, 4108, 1521, 2223, 1221, 26, 4301, 1690, 23, 167, 663, 139, 8, 2045, 2732, 31]
RKP_05000_05000_1_06.txt|282721.14|289693|0.04995633399999292|[651, 1730, 1154, 693, 2701, 2729, 23, 925, 621, 4540, 1227, 1981, 87, 2, 3361, 2210, 40, 2309, 4561, 4692, 2204, 363, 82, 3978, 1065, 581, 407, 2048, 378, 813, 850, 715, 18, 707, 120, 1927, 956, 243, 113, 1280, 649, 71, 825, 2132, 608, 66, 2240, 338, 4076, 514, 43, 2386, 1308, 568, 3613, 85, 2646, 8, 7, 1305, 445, 3938, 274, 333, 1054, 1671, 523, 3104, 1374, 2228, 275, 76, 1041, 64, 830, 538, 1855, 236, 20, 2509, 347, 754, 299, 1428, 427, 613, 2949, 1578, 106, 2592, 122]
RKP_05000_05000_1_07.txt|258719.34|265257|0.05010233900000117|[730, 1, 31, 2688, 2854, 3, 1616, 457, 536, 15, 3045, 829, 248, 1267, 380, 182, 44, 864, 83, 2, 1228, 1263, 4664, 29, 303, 785, 4149, 8, 30, 575, 2725, 529, 294, 1849, 190, 2529, 478, 1897, 1315, 1406, 4260, 249, 153, 287, 1520, 1894, 7, 739, 175, 215, 3888, 4225, 187, 381, 2273, 230, 121, 4751, 1820, 233, 745, 1019, 1375, 109, 16, 266, 3965, 1246, 916, 4, 690, 1525, 79, 768, 346, 2162, 413, 463, 507, 137, 3875, 2846, 6]
RKP_05000_05000_1_08.txt|267239.6|271837|0.04988113300000691|[95, 674, 253, 124, 156, 596, 523, 91, 38, 3998, 1421, 2525, 2536, 342, 3, 451, 1941, 2047, 1167, 97, 2428, 836, 1549, 2600, 122, 1179, 560, 4195, 3744, 171, 30, 764, 3599, 1546, 3666, 280, 2312, 1439, 984, 16, 4080, 2, 3833, 371, 1562, 1247, 471, 232, 275, 402, 192, 138, 303, 1737, 1678, 367, 140, 3792, 4934, 478, 850, 262, 706, 115, 878, 4527, 51, 2042, 2285, 2813, 949, 669, 2643, 2805, 4186, 41, 453, 2681, 528, 314, 5, 902, 7]
RKP_05000_05000_1_09.txt|284973.65|289973|0.050336424000005306|[5, 170, 66, 448, 4248, 339, 542, 325, 4486, 565, 1314, 1635, 682, 4615, 1006, 1458, 2636, 537, 3197, 460, 4489, 234, 871, 2593, 1350, 1416, 1, 299, 1227, 113, 1592, 196, 701, 77, 139, 3, 42, 1245, 438, 2450, 632, 1254, 6, 820, 921, 221, 55, 2016, 160, 2143, 2834, 1788, 126, 492, 114, 1808, 2, 382, 1979, 2497, 52, 17, 12, 563, 1114, 355, 726, 2557, 380, 544, 99, 76, 1480, 1596, 376, 1466, 385, 179, 404, 151, 282, 1504, 1126, 1594, 243, 1355, 2554, 14]
RKP_05000_05000_1_10.txt|253522.98|258452|0.049697601999995414|[3078, 7, 414, 2580, 1609, 1652, 153, 472, 756, 659, 3067, 2050, 803, 3261, 959, 2629, 2870, 2151, 286, 185, 144, 2281, 1504, 4380, 2608, 38, 1766, 3101, 1402, 909, 2641, 981, 60, 92, 89, 278, 746, 813, 428, 2786, 2, 2306, 2607, 18, 24, 1479, 2498, 1209, 3450, 4532, 1986, 867, 1930, 1725, 2504, 2942, 10, 3198, 3471, 863, 14, 322, 3696, 1015, 724, 467, 454, 862, 3229, 131]
RKP_05000_05000_2_01.txt|23950.26|24654|0.04934341399999994|[2236, 293, 515, 411, 1045, 866, 1665, 18, 93, 475, 235, 4844, 1367, 2937, 1059, 1308, 1505, 2251, 986, 4544, 20, 2687, 279, 1885, 3883, 250, 1784, 1635, 21, 690, 3403, 750, 1937, 1482, 579, 65, 70, 335, 1, 748, 3667, 32, 49, 2113, 2458, 8, 1435, 1497, 19, 3722, 937, 1292, 319, 157, 1239]
RKP_05000_05000_2_02.txt|21439.58|22165|0.04946240999999191|[3100, 1649, 15, 14, 4007, 2244, 710, 563, 220, 1069, 582, 3641, 56, 3796, 2429, 1172, 1058, 208, 530, 5, 2162, 707, 161, 677, 79, 2060, 1287, 294, 836, 96, 2814, 762, 2069, 105, 28, 131, 3984, 2142, 696, 1714, 203, 3813, 3515, 191, 2272, 2839, 1171, 106, 973]
RKP_05000_05000_2_03.txt|21061.0|21720|0.04965232400000332|[3630, 983, 4565, 3839, 1429, 1, 1269, 477, 3090, 44, 177, 502, 1432, 3428, 375, 3957, 394, 2272, 4, 1422, 4235, 1207, 583, 441, 2224, 94, 1481, 306, 50, 38, 783, 1289, 3368, 21, 4939, 72, 1212, 812, 41, 659, 544, 2790, 64, 49, 216, 13, 338, 411, 45, 582, 2868, 1998, 2512, 966, 128]
RKP_05000_05000_2_04.txt|27691.2|28369|0.04963460699999701|[455, 122, 307, 37, 832, 2382, 23, 21, 2, 187, 1124, 71, 2705, 2773, 47, 1606, 126, 637, 1223, 1335, 1508, 78, 1, 3257, 2632, 554, 2308, 238, 147, 893, 4, 1329, 115, 655, 322, 3, 1586, 625, 346, 1412, 583, 131, 165, 372, 49, 82, 2318, 2093, 491, 3288, 3212, 406, 3593, 60, 19, 3704, 262, 77, 264, 422, 862, 1748, 1519, 314, 20, 2343, 2319, 43, 1068, 1187]
RKP_05000_05000_2_05.txt|23790.57|24455|0.04988757599999644|[1022, 113, 1813, 1011, 932, 1103, 1588, 163, 501, 1153, 128, 4330, 103, 1232, 513, 481, 858, 4182, 34, 5, 317, 13, 220, 606, 4410, 70, 1768, 874, 1242, 595, 1394, 3623, 2678, 1175, 4, 2694, 962, 4902, 3798, 2569, 662, 167, 4092, 1503, 9, 1034, 145, 350, 1489, 976, 551, 856, 734, 8, 2906, 2057, 66, 370]
RKP_05000_05000_2_06.txt|20927.47|21677|0.04932858200000283|[303, 731, 3580, 1073, 1070, 30, 832, 872, 136, 912, 3064, 3764, 437, 449, 2245, 574, 637, 2357, 1756, 74, 985, 373, 370, 726, 411, 1342, 3105, 689, 1814, 3371, 1542, 281, 2039, 3248, 8, 526, 17, 326, 523, 356, 1807, 748, 106, 629, 16]
RKP_05000_05000_2_07.txt|24006.06|24848|0.049617246999999906|[1734, 129, 1137, 1460, 2118, 4066, 932, 1115, 30, 624, 903, 411, 725, 36, 926, 1438, 1819, 989, 1326, 3995, 1730, 3935, 3396, 152, 2045, 273, 1581, 3005, 4239, 452, 1614, 7, 631, 3180, 3704, 26, 461, 4779, 528, 72, 1988, 957, 3060, 2664, 2838, 16, 1435, 383, 2037, 872, 713, 169, 3189, 212, 1153, 667, 301]
RKP_05000_05000_2_08.txt|24928.48|25693|0.0496454499999993|[116, 3617, 3356, 449, 659, 1262, 3119, 760, 2, 286, 155, 1834, 2024, 1692, 179, 17, 1520, 899, 2598, 603, 746, 274, 953, 811, 919, 551, 332, 1239, 1835, 192, 782, 3335, 2907, 20, 724, 83, 3039, 1064, 1597, 2856, 9, 160, 2390, 30, 1464, 409, 1714, 34, 93, 3691, 1473, 259, 3274, 112, 461, 291, 2814, 944, 315, 2078, 2350, 2219, 242]
RKP_05000_05000_2_09.txt|26395.92|26915|0.04974376100000086|[83, 3, 1231, 385, 82, 1308, 1179, 3741, 1378, 7, 36, 105, 1, 129, 893, 2129, 4959, 634, 423, 899, 2, 394, 2555, 327, 973, 1478, 1213, 128, 519, 157, 180, 1482, 2889, 1771, 61, 1802, 413, 137, 60, 920, 279, 1687, 1462, 84, 26, 173, 4, 1555, 1177, 4230, 152, 181, 44, 1012, 1812, 1184, 1086, 221, 19, 164, 2382, 829, 251, 2368, 2584]
RKP_05000_05000_2_10.txt|24565.95|25167|0.04996288300000174|[2884, 666, 1620, 70, 725, 1, 330, 311, 42, 1136, 23, 899, 2, 3568, 205, 351, 97, 3467, 2524, 261, 856, 1908, 3618, 82, 2605, 185, 14, 2732, 2854, 1530, 1230, 1078, 3271, 723, 1060, 481, 2264, 35, 1015, 24, 175, 3185, 3272, 233, 1757, 117, 4367, 268, 1742, 2102, 452, 1601, 153, 4670, 3018, 657, 2594, 2312, 465]
RKP_05000_05000_3_01.txt|53081.71|54001|0.05013238699999988|[1430, 88, 106, 1410, 1075, 449, 528, 2024, 1328, 1409, 1004, 21, 54, 2544, 45, 926, 2987, 1887, 79, 2831, 736, 2738, 814, 16, 58, 94, 1080, 39, 1664, 638, 2100, 55, 800, 4143, 132, 563, 628, 870, 1846, 336, 2454, 521, 530, 1850, 2266, 480, 3715, 83, 787, 1290, 17, 452, 625, 4, 1132, 198, 164, 3210, 510, 3361, 171, 646, 1158, 13, 1758, 3941, 833, 4483, 1, 595, 1180, 1291, 12, 465, 731, 2145, 66, 284, 102, 2312, 137, 2025, 2122, 122, 2781, 4085, 9, 26, 56, 169, 10, 499, 4117, 6, 289, 801, 1223, 2296]
RKP_05000_05000_3_02.txt|51150.97|51989|0.05000735100000043|[2345, 2826, 773, 2392, 969, 2038, 509, 4488, 407, 601, 38, 1509, 99, 133, 3922, 507, 32, 33, 51, 3779, 2259, 4134, 4221, 151, 885, 3230, 2529, 1914, 217, 30, 1220, 4553, 221, 303, 50, 25, 4589, 58, 9, 1093, 1675, 1198, 155, 970, 985, 1151, 1, 55, 227, 1763, 59, 1970, 3096, 3743, 5, 115, 2025, 1199, 1793, 3282, 117, 2, 607, 85, 409, 106, 389, 47, 4338, 2501, 568, 92, 967, 1229, 493, 558, 3478, 3717, 597, 2556, 384, 769, 1132, 8, 405, 2118, 10, 1457, 16, 2589, 212, 23, 205, 869]
RKP_05000_05000_3_03.txt|53065.55|53994|0.050194430000004786|[523, 3909, 636, 2585, 13, 3385, 1029, 1960, 1677, 1129, 194, 950, 3819, 3452, 185, 682, 856, 90, 67, 323, 489, 1255, 1, 2297, 763, 46, 1696, 127, 4, 223, 1729, 281, 25, 2713, 366, 1099, 1187, 2, 1505, 88, 1011, 1875, 1777, 970, 963, 3, 1715, 219, 2750, 79, 542, 1911, 3389, 826, 2430, 21, 1061, 12, 1278, 1703, 1516, 6, 471, 618, 1691, 1238, 433, 1495, 58, 777, 5, 116, 703, 1547, 2420, 554, 1800, 372, 15, 1855, 373, 38, 128, 2143, 183, 2274, 3213, 9, 1284, 2768, 186, 937, 8, 553, 2147, 4032, 136, 1128]
RKP_05000_05000_3_04.txt|54435.0|55490|0.0502178580000043|[936, 779, 3625, 343, 476, 479, 868, 454, 156, 2428, 1589, 27, 585, 2854, 61, 4, 843, 505, 2727, 3391, 404, 3143, 256, 2704, 3454, 183, 177, 642, 1033, 4104, 173, 3841, 51, 249, 412, 304, 1208, 3856, 14, 71, 3543, 3870, 4678, 1, 1276, 101, 229, 965, 2441, 3065, 12, 1564, 1800, 2915, 455, 102, 3872, 4170, 169, 198, 3497, 241, 718, 4343, 2018, 94, 208, 547, 1130, 640, 888, 19, 907, 284, 155, 1804, 2146, 720, 1746, 2081, 93, 1119, 109, 6, 11, 282, 1793, 141, 4107, 4713, 215, 2688, 274, 3523, 31, 599, 648, 1304, 205, 2343, 9]
RKP_05000_05000_3_05.txt|51927.42|52998|0.05033033399999681|[81, 2428, 72, 97, 139, 331, 368, 2910, 1044, 406, 537, 1680, 44, 50, 1771, 3138, 2606, 13, 259, 969, 2, 207, 3566, 1506, 1664, 150, 4138, 628, 12, 1640, 555, 4707, 372, 1519, 1982, 1843, 1758, 2994, 20, 4618, 1951, 5, 75, 617, 958, 141, 70, 945, 15, 115, 1004, 4267, 1960, 1686, 3569, 24, 34, 202, 3442, 1182, 28, 166, 779, 1313, 1696, 2386, 17, 4, 58, 268, 814, 242, 984, 1, 616, 95, 309, 839, 32, 42, 25, 317, 620, 3509, 503, 1073, 138, 533, 1378, 62, 743, 375, 3119, 3733, 1745, 1852]
RKP_05000_05000_3_06.txt|53398.9|54002|0.05009016300000326|[234, 1191, 3441, 1123, 645, 924, 2300, 2697, 386, 1678, 2537, 28, 1115, 1989, 1, 78, 1005, 3251, 480, 2338, 817, 671, 22, 2115, 6, 23, 30, 55, 607, 2334, 115, 377, 382, 845, 2724, 3065, 285, 839, 8, 2100, 43, 239, 617, 2793, 130, 4180, 262, 1939, 44, 977, 2626, 4129, 242, 909, 48, 101, 125, 623, 934, 2169, 737, 4383, 10, 1379, 4300, 1967, 318, 2412, 7, 93, 3690, 3946, 97, 985, 3857, 165, 3214, 3325, 3, 190, 203, 430, 1745, 2540, 219, 3448, 18, 1323, 3359, 2035, 3327, 2868, 233, 542, 616, 3871, 141, 403]
RKP_05000_05000_3_07.txt|50127.08|50991|0.05017377100000317|[217, 2, 1664, 718, 796, 304, 924, 1728, 766, 2201, 4, 609, 684, 817, 525, 4656, 2093, 835, 348, 490, 220, 88, 232, 1338, 82, 2287, 813, 1818, 1420, 3987, 143, 1721, 2643, 487, 866, 2747, 2824, 1049, 231, 2345, 1, 459, 1279, 462, 1213, 3347, 2399, 2511, 1497, 897, 1127, 544, 1403, 717, 3, 130, 723, 1854, 119, 3503, 656, 1005, 599, 619, 1405, 192, 3036, 4288, 739, 1375, 412, 598, 4796, 4750, 13, 2551, 1579, 2379, 1939, 283, 1060, 12, 61, 1964, 3295, 1090, 124, 1323, 476, 3890, 1264, 1102]
RKP_05000_05000_3_08.txt|48999.63|50001|0.05019403499999726|[938, 1969, 4469, 433, 1833, 2446, 147, 150, 18, 351, 1311, 762, 1104, 1105, 1, 524, 640, 2750, 54, 391, 39, 752, 1450, 2393, 857, 16, 2528, 241, 4022, 4805, 2, 2221, 1145, 1042, 2413, 876, 1371, 4731, 294, 2250, 28, 1613, 43, 110, 205, 122, 78, 484, 742, 53, 1224, 73, 2636, 2150, 430, 1520, 152, 105, 828, 22, 784, 89, 1856, 454, 60, 254, 731, 280, 14, 692, 192, 91, 547, 3512, 2945, 237, 563, 2697, 3072, 3, 6, 289, 2859, 251, 1185, 4, 1262, 66, 3102, 8]
RKP_05000_05000_3_09.txt|55600.99|56498|0.05028429599999299|[42, 1667, 1282, 609, 17, 851, 629, 932, 1343, 233, 3677, 317, 2885, 1146, 2994, 345, 643, 4240, 929, 767, 913, 4313, 19, 877, 2427, 1945, 4246, 259, 1328, 1813, 4338, 4825, 13, 789, 2838, 2435, 2484, 431, 660, 3684, 1933, 4052, 2166, 133, 313, 8, 252, 1549, 406, 96, 532, 4, 123, 512, 1727, 2926, 2247, 693, 1489, 7, 3338, 150, 354, 3864, 4789, 534, 593, 679, 3453, 1469, 165, 299, 338, 1555, 25, 140, 43, 1746, 2773, 4192, 2, 54, 2746, 112, 1563, 3009, 75, 1, 830, 344, 793, 1562, 2111, 281, 35, 184, 356, 1479, 4077, 2525, 10, 4839, 387]
RKP_05000_05000_3_10.txt|53552.49|54495|0.049982562999997524|[3, 1202, 1284, 3454, 59, 313, 1258, 577, 2698, 402, 2643, 490, 120, 1062, 3468, 3222, 2573, 2748, 60, 1358, 1135, 3759, 4808, 13, 227, 1405, 4, 405, 1075, 481, 137, 2521, 1224, 2536, 1, 535, 576, 1307, 10, 2923, 48, 1786, 51, 607, 1714, 4381, 2, 1567, 1653, 3531, 1099, 278, 14, 716, 3046, 172, 44, 1639, 665, 243, 664, 18, 1891, 102, 1444, 276, 988, 4391, 57, 5, 202, 28, 9, 25, 98, 675, 1969, 1159, 23, 67, 616, 668, 261, 309, 77, 3218, 605, 26, 319, 2978, 190, 394, 355, 848, 101, 3459, 41, 371, 722]
RKP_05000_05000_4_01.txt|4999.85|5000|0.04882521899999688|[4658]
RKP_05000_05000_4_02.txt|4999.92|5000|0.04833805199999688|[4978]
RKP_05000_05000_4_03.txt|5000.0|5000|0.0485416550000059|[4714]
RKP_05000_05000_4_04.txt|4999.9|5000|0.04820901100000242|[4597]
RKP_05000_05000_4_05.txt|5000.0|5000|0.04840322300000253|[4959]
RKP_05000_05000_4_06.txt|4999.8|5000|0.04826105800000278|[4625]
RKP_05000_05000_4_07.txt|4999.87|5000|0.04842811399999505|[4778]
RKP_05000_05000_4_08.txt|4999.98|5000|0.04874246099999937|[4648]
RKP_05000_05000_4_09.txt|5000.0|5000|0.0487288049999961|[4770]
RKP_05000_05000_4_10.txt|4998.91|4999|0.048310610999993744|[4786]
RKP_05000_05000_5_01.txt|4847.65|5007|0.04893994799999973|[1, 3, 4, 5, 6, 7, 8, 9, 10, 11, 12, 14, 15, 16, 17, 20, 21, 22, 23, 24, 25, 26, 27, 28, 29, 30, 31, 32, 33]
RKP_05000_05000_5_02.txt|4796.96|5099|0.04855641999999534|[3, 4, 5, 6, 8, 9, 10, 11, 12, 13, 14, 15, 16, 17, 18, 19, 20, 21, 22, 23, 24, 25, 27, 28, 29, 30, 31, 32]
RKP_05000_05000_5_03.txt|4858.04|5031|0.04892649299999334|[3, 4, 5, 6, 7, 8, 9, 10, 11, 12, 13, 15, 16, 17, 18, 19, 21, 23, 24, 25, 26, 27, 28, 29, 32]
RKP_05000_05000_5_04.txt|4861.81|5034|0.04871890599999688|[2, 4, 5, 6, 7, 8, 9, 10, 11, 12, 13, 15, 16, 17, 18, 19, 20, 21, 22, 23, 24, 25, 26, 27]
RKP_05000_05000_5_05.txt|5015.9|5103|0.04870188599999665|[1, 3, 4, 5, 6, 7, 9, 10, 12, 13, 14, 16, 17, 18, 19, 20, 21, 22, 23, 24, 25, 26, 27, 28, 29, 30]
RKP_05000_05000_5_06.txt|4746.45|4992|0.048553374999996776|[2, 4, 5, 6, 7, 8, 9, 10, 11, 12, 13, 14, 15, 16, 17, 18, 19, 20, 21, 22, 23, 24, 25, 26]
RKP_05000_05000_5_07.txt|4868.63|5026|0.04841719799999851|[2, 3, 4, 5, 6, 7, 8, 9, 10, 11, 12, 13, 14, 15, 16, 18, 19, 20, 21, 22, 23, 24, 25, 26, 27]
RKP_05000_05000_5_08.txt|4925.82|5049|0.048851344999995945|[2, 3, 4, 5, 6, 7, 8, 9, 10, 11, 12, 13, 14, 15, 16, 17, 19, 21, 22, 23, 25, 26, 28, 29, 30, 31, 32, 33, 34, 35, 36, 37]
RKP_05000_05000_5_09.txt|4760.83|5029|0.0485836809999978|[2, 4, 5, 6, 7, 8, 9, 10, 11, 12, 14, 16, 17, 18, 19, 20, 21, 22, 23, 24, 25, 27, 28, 29]
RKP_05000_05000_5_10.txt|4842.24|5009|0.04850162300000307|[1, 2, 3, 4, 6, 7, 8, 9, 10, 11, 13, 14, 15, 16, 17, 18, 19, 20, 21, 22, 23, 24, 25, 26, 27, 28]
