RKP_00100_00100_1_01.txt|685.0|685|0.0006490770000000013|[17, 1, 28, 3, 29, 10, 31, 16, 24]
RKP_00100_00100_1_02.txt|752.0|752|0.0006342840000000049|[91, 50, 56, 37, 48, 9, 15, 47, 44, 23, 2]
RKP_00100_00100_1_03.txt|709.0|709|0.0006243780000000066|[1, 4, 10, 2, 14, 63, 5, 6, 70, 12, 15]
RKP_00100_00100_1_04.txt|728.0|728|0.0006110689999999952|[15, 7, 9, 74, 43, 3, 10, 4, 5, 16]
RKP_00100_00100_1_05.txt|688.0|688|0.0006095649999999964|[79, 20, 22, 11, 16, 30, 44, 66, 6, 1]
RKP_00100_00100_1_06.txt|871.0|871|0.0006840830000000031|[97, 48, 47, 16, 17, 31, 55, 20, 34, 5, 50, 83]
RKP_00100_00100_1_07.txt|447.0|447|0.0006359320000000002|[39, 46, 51, 9, 5, 13, 1]
RKP_00100_00100_1_08.txt|810.0|810|0.0006669230000000082|[87, 30, 92, 2, 1, 7, 76, 24, 13, 88, 9, 12, 5, 29]
RKP_00100_00100_1_09.txt|616.0|616|0.0006335080000000182|[18, 24, 5, 16, 52, 29, 42, 2, 8]
RKP_00100_00100_1_10.txt|705.0|705|0.0006274280000000098|[1, 11, 13, 4, 2, 33, 18, 24, 20, 15, 5]
RKP_00100_00100_2_01.txt|163.0|163|0.0005822329999999897|[20, 1, 2, 43, 22, 13, 57, 68]
RKP_00100_00100_2_02.txt|146.0|146|0.000598475000000005|[30, 28, 80, 4, 8, 5, 40, 47, 1]
RKP_00100_00100_2_03.txt|168.0|168|0.000598747000000004|[75, 48, 59, 51, 31, 1, 3, 47, 16]
RKP_00100_00100_2_04.txt|162.0|162|0.0005816780000000055|[11, 18, 50, 2, 8, 9, 28, 26]
RKP_00100_00100_2_05.txt|134.0|134|0.0005719330000000045|[96, 64, 34, 13, 30, 32, 82]
RKP_00100_00100_2_06.txt|112.0|112|0.000560786000000002|[67, 47, 79, 2, 3, 23]
RKP_00100_00100_2_07.txt|146.0|146|0.000597363999999998|[7, 22, 28, 15, 3, 13, 36, 4]
RKP_00100_00100_2_08.txt|131.0|131|0.00056980899999999|[28, 16, 1, 6, 48, 15]
RKP_00100_00100_2_09.txt|123.0|123|0.0005757709999999938|[37, 75, 9, 42, 20, 23, 27]
RKP_00100_00100_2_10.txt|157.0|157|0.0005861979999999933|[65, 64, 2, 40, 1, 85, 14, 28]
RKP_00100_00100_3_01.txt|221.0|221|0.0006102950000000029|[5, 8, 3, 6, 29, 44, 2, 47, 10, 24, 21, 16]
RKP_00100_00100_3_02.txt|220.0|220|0.000599545000000008|[1, 2, 17, 3, 59, 52, 8, 56, 25, 41, 48, 7]
RKP_00100_00100_3_03.txt|232.0|232|0.0006366580000000077|[4, 3, 14, 46, 6, 49, 12, 45, 64, 2, 23, 66, 1, 19]
RKP_00100_00100_3_04.txt|229.0|229|0.0006199710000000281|[34, 8, 21, 26, 6, 9, 42, 4, 48, 50, 2, 31, 72]
RKP_00100_00100_3_05.txt|218.0|218|0.0006055480000000113|[1, 12, 52, 7, 25, 2, 15, 22, 70, 3, 33, 72]
RKP_00100_00100_3_06.txt|239.0|239|0.0006455160000000016|[40, 11, 2, 3, 72, 8, 27, 31, 66, 6, 4, 12, 16, 1, 19]
RKP_00100_00100_3_07.txt|204.0|204|0.000611646999999973|[2, 14, 89, 27, 83, 7, 50, 5, 4, 6, 67]
RKP_00100_00100_3_08.txt|216.0|216|0.0006137759999999836|[1, 9, 12, 7, 18, 3, 33, 62, 15, 58, 6, 70]
RKP_00100_00100_3_09.txt|179.0|179|0.0005883949999999994|[1, 89, 48, 57, 8, 42, 4, 2, 35]
RKP_00100_00100_3_10.txt|236.0|236|0.0006319919999999746|[5, 62, 60, 67, 66, 69, 46, 1, 61, 93, 47, 34, 45, 54]
RKP_00100_00100_4_01.txt|100.0|100|0.0005197230000000052|[97]
RKP_00100_00100_4_02.txt|100.0|100|0.000518050999999966|[88]
RKP_00100_00100_4_03.txt|100.0|100|0.0005167469999999951|[84]
RKP_00100_00100_4_04.txt|100.0|100|0.000517748999999994|[95]
RKP_00100_00100_4_05.txt|100.0|100|0.0005188690000000174|[87]
RKP_00100_00100_4_06.txt|98.0|98|0.0005144720000000147|[93]
RKP_00100_00100_4_07.txt|98.0|98|0.0005216049999999761|[98]
RKP_00100_00100_4_08.txt|100.0|100|0.0005179419999999623|[97]
RKP_00100_00100_4_09.txt|99.0|99|0.0005170550000000196|[89]
RKP_00100_00100_4_10.txt|98.0|98|0.0005170599999999848|[88]
RKP_00100_00100_5_01.txt|102.0|102|0.0005477059999999989|[1, 2, 3, 4, 5, 6]
RKP_00100_00100_5_02.txt|92.0|92|0.0005620100000000061|[1, 2, 3, 4, 5, 6, 7]
RKP_00100_00100_5_03.txt|108.0|108|0.0005476849999999977|[1, 2, 3, 4, 5, 6]
RKP_00100_00100_5_04.txt|104.0|104|0.0005532070000000155|[1, 2, 3, 4, 5, 6]
RKP_00100_00100_5_05.txt|98.0|98|0.0006046690000000288|[1, 2, 3, 4, 5, 6, 7]
RKP_00100_00100_5_06.txt|99.0|99|0.0005457129999999788|[1, 3, 4, 5]
RKP_00100_00100_5_07.txt|76.0|76|0.0005660379999999954|[1, 2, 3, 4, 5, 6, 7]
RKP_00100_00100_5_08.txt|95.0|95|0.0005720509999999912|[1, 2, 3, 4, 5, 6, 7, 8]
RKP_00100_00100_5_09.txt|101.0|101|0.0005436419999999753|[1, 3, 4, 5]
RKP_00100_00100_5_10.txt|97.0|97|0.0005904710000000347|[1, 2, 3, 4, 5, 6, 7, 8, 9, 10]
RKP_00500_00100_1_01.txt|1677.0|1677|0.0037656879999999806|[500, 304, 284, 27, 211, 75, 140, 3, 40, 25, 2, 148, 222, 120, 173, 6, 131, 269, 274, 4, 38, 5, 280, 63, 17]
RKP_00500_00100_1_02.txt|1434.0|1434|0.003736671999999972|[77, 87, 288, 175, 102, 89, 205, 351, 289, 388, 325, 132, 433, 4, 30, 394, 109, 14, 170, 88]
RKP_00500_00100_1_03.txt|1333.0|1333|0.0037637459999999567|[496, 11, 5, 113, 30, 16, 111, 228, 147, 139, 40, 123, 360, 140, 477, 158, 15, 227, 326, 73, 164]
RKP_00500_00100_1_04.txt|1558.0|1558|0.003651873000000041|[315, 359, 156, 11, 65, 41, 93, 245, 197, 59, 94, 48, 254, 121, 467, 62, 5, 23, 151]
RKP_00500_00100_1_05.txt|1618.0|1618|0.0037193729999999638|[10, 24, 11, 17, 215, 363, 402, 26, 192, 2, 23, 116, 18, 203, 5, 13, 76, 136, 104, 3, 1, 60, 292]
RKP_00500_00100_1_06.txt|1888.0|1888|0.0036948199999999698|[13, 34, 89, 230, 3, 411, 240, 35, 52, 190, 22, 211, 182, 490, 5, 189, 281, 225, 50, 83, 131, 30, 244, 55, 53, 2, 353]
RKP_00500_00100_1_07.txt|1953.0|1953|0.003769372000000075|[97, 22, 31, 461, 40, 492, 2, 47, 126, 80, 257, 322, 469, 206, 21, 7, 410, 192, 165, 89, 49, 16, 94, 359, 147, 133, 183, 5]
RKP_00500_00100_1_08.txt|1625.0|1625|0.0036606650000000408|[10, 29, 4, 146, 156, 332, 185, 1, 378, 106, 165, 3, 16, 2, 450, 225, 326, 150, 149, 122, 167, 357, 63, 35]
RKP_00500_00100_1_09.txt|1641.0|1641|0.003680930000000018|[19, 307, 221, 39, 77, 108, 148, 180, 16, 153, 163, 496, 151, 54, 344, 229, 324, 210, 48, 173, 56, 68, 214, 11, 150, 2]
RKP_00500_00100_1_10.txt|1542.0|1542|0.003656485000000007|[75, 277, 62, 5, 413, 14, 4, 3, 162, 6, 1, 214, 84, 31, 21, 30, 33, 59, 342, 8, 110, 15, 49]
RKP_00500_00100_2_01.txt|231.0|231|0.0036445539999999978|[168, 226, 259, 16, 148, 39, 441, 447, 32, 137, 60, 102, 40, 3, 50, 101, 88, 100, 218]
RKP_00500_00100_2_02.txt|237.0|237|0.003637483000000037|[336, 131, 112, 65, 6, 72, 97, 167, 314, 195, 13, 142, 4, 59, 441, 186, 299, 21, 100]
RKP_00500_00100_2_03.txt|233.0|233|0.003672039999999983|[107, 100, 166, 436, 135, 164, 71, 154, 2, 31, 382, 142, 64, 3, 104, 18, 21, 24, 60, 318, 13, 37]
RKP_00500_00100_2_04.txt|237.0|237|0.003790773999999981|[14, 58, 112, 105, 204, 26, 55, 216, 11, 125, 429, 306, 7, 9, 80, 20, 22, 38, 19, 16]
RKP_00500_00100_2_05.txt|242.0|242|0.0036048029999999186|[5, 260, 426, 10, 38, 48, 218, 294, 4, 87, 2, 16, 58, 77, 275, 322, 417, 34, 182, 52, 240]
RKP_00500_00100_2_06.txt|211.0|211|0.003615969999999873|[9, 70, 155, 1, 35, 3, 27, 150, 117, 57, 15, 47, 302, 50, 5, 203, 452]
RKP_00500_00100_2_07.txt|216.0|216|0.0036023949999999514|[1, 17, 260, 75, 292, 452, 53, 114, 5, 83, 3, 308, 123, 129, 6, 4, 9, 162, 278]
RKP_00500_00100_2_08.txt|201.0|201|0.003642406999999963|[96, 87, 45, 15, 1, 3, 6, 7, 50, 123, 42, 23, 184, 350, 46]
RKP_00500_00100_2_09.txt|188.0|188|0.003640691999999959|[335, 2, 108, 304, 70, 87, 277, 433, 52, 39, 115, 312, 176, 426]
RKP_00500_00100_2_10.txt|205.0|205|0.0037960489999999147|[20, 9, 14, 372, 2, 118, 21, 40, 166, 19, 154, 216, 276, 498, 83, 46, 441]
RKP_00500_00100_3_01.txt|338.0|338|0.003807880999999931|[1, 5, 11, 143, 33, 96, 260, 43, 401, 2, 31, 38, 148, 158, 240, 64, 344, 77, 223, 8, 24, 225, 248, 55]
RKP_00500_00100_3_02.txt|398.0|398|0.003827514999999906|[5, 39, 56, 152, 160, 189, 1, 4, 73, 103, 110, 167, 172, 26, 32, 221, 64, 111, 202, 203, 3, 7, 38, 179, 195, 336, 413, 15, 68, 162]
RKP_00500_00100_3_03.txt|379.0|379|0.0038629110000001176|[9, 71, 93, 113, 148, 444, 454, 1, 351, 11, 22, 258, 264, 142, 193, 198, 266, 292, 14, 40, 45, 126, 191, 5, 118, 123, 139, 2]
RKP_00500_00100_3_04.txt|386.0|386|0.003867716999999935|[2, 68, 104, 168, 312, 345, 209, 278, 280, 282, 350, 1, 142, 163, 31, 72, 103, 119, 146, 156, 328, 20, 27, 125, 217, 453, 4, 8, 9]
RKP_00500_00100_3_05.txt|407.0|407|0.0038217819999998605|[12, 225, 377, 417, 1, 74, 92, 106, 143, 319, 381, 8, 84, 87, 108, 211, 294, 382, 9, 32, 102, 196, 199, 340, 392, 7, 30, 88, 189, 252, 263]
RKP_00500_00100_3_06.txt|345.0|345|0.003855352999999937|[16, 204, 5, 24, 45, 186, 189, 242, 311, 56, 91, 281, 433, 283, 12, 73, 90, 1, 2, 4, 11, 19, 68, 137, 199]
RKP_00500_00100_3_07.txt|359.0|359|0.0038510059999999767|[5, 17, 30, 33, 196, 200, 1, 2, 4, 141, 157, 308, 3, 76, 302, 326, 37, 99, 102, 111, 216, 430, 24, 77, 244, 287]
RKP_00500_00100_3_08.txt|428.0|428|0.0038060700000000303|[14, 49, 57, 63, 90, 114, 275, 301, 19, 58, 62, 84, 144, 150, 172, 451, 8, 25, 133, 159, 302, 323, 35, 214, 484, 4, 26, 280, 470, 1, 5, 32, 93]
RKP_00500_00100_3_09.txt|389.0|389|0.003775056999999933|[4, 58, 70, 154, 169, 231, 104, 148, 171, 294, 347, 434, 2, 115, 221, 1, 3, 24, 54, 108, 63, 269, 315, 83, 122, 136, 173, 208, 14]
RKP_00500_00100_3_10.txt|380.0|380|0.0036924939999999572|[153, 183, 189, 322, 13, 18, 165, 305, 1, 40, 325, 3, 7, 10, 25, 32, 99, 123, 193, 388, 14, 28, 38, 57, 392, 9, 36, 47]
RKP_00500_00100_4_01.txt|100.0|100|0.003444495999999937|[434]
RKP_00500_00100_4_02.txt|100.0|100|0.0034417330000000136|[423]
RKP_00500_00100_4_03.txt|100.0|100|0.003512685999999938|[434]
RKP_00500_00100_4_04.txt|100.0|100|0.003447279000000112|[419]
RKP_00500_00100_4_05.txt|100.0|100|0.003434191999999996|[421]
RKP_00500_00100_4_06.txt|100.0|100|0.003542740999999978|[431]
RKP_00500_00100_4_07.txt|100.0|100|0.0035373659999999064|[467]
RKP_00500_00100_4_08.txt|100.0|100|0.003428401000000143|[430]
RKP_00500_00100_4_09.txt|100.0|100|0.0035192519999998595|[440]
RKP_00500_00100_4_10.txt|100.0|100|0.003510272000000292|[473]
RKP_00500_00100_5_01.txt|97.0|97|0.0036279569999997817|[1, 3, 4, 5, 6, 7, 8, 9, 10, 11, 12, 13, 14, 15, 16]
RKP_00500_00100_5_02.txt|88.0|88|0.0035682350000002215|[1, 2, 3, 4, 5, 6, 7, 8, 9]
RKP_00500_00100_5_03.txt|96.0|96|0.003678203999999923|[1, 2, 3, 4, 5, 6, 7, 8, 9, 10, 11, 12]
RKP_00500_00100_5_04.txt|100.0|100|0.003580378000000195|[1, 2, 3, 4, 5, 6, 7, 8, 9, 10, 11, 12, 13, 14]
RKP_00500_00100_5_05.txt|89.0|89|0.0035151419999999334|[1, 2, 3, 4, 5, 6, 7, 8, 9, 10, 11, 12, 13, 14, 15]
RKP_00500_00100_5_06.txt|90.0|90|0.00351599099999973|[1, 3, 4, 5, 6, 7, 8, 9, 10, 11, 12, 13]
RKP_00500_00100_5_07.txt|83.0|83|0.0034507249999999345|[1, 2, 3, 4, 5, 6, 7, 8, 9, 10, 11]
RKP_00500_00100_5_08.txt|86.0|86|0.0034887580000000184|[1, 3, 4, 5, 6, 7, 8, 9, 10, 11, 12]
RKP_00500_00100_5_09.txt|98.0|98|0.0035805099999999613|[1, 2, 3, 4, 5, 6, 7, 8, 9, 10, 11, 12]
RKP_00500_00100_5_10.txt|90.0|90|0.0035978110000000284|[1, 3, 4, 5, 6, 7, 8, 9, 10, 11, 12, 13, 14, 15, 16]
RKP_01000_00100_1_01.txt|2168.0|2168|0.010656191999999969|[51, 261, 91, 151, 97, 47, 50, 260, 2, 64, 123, 465, 314, 13, 432, 42, 27, 39, 10, 604, 646, 8, 560, 40, 531, 222, 376, 116, 36, 606]
RKP_01000_00100_1_02.txt|2037.0|2037|0.010367134999999656|[16, 584, 294, 292, 30, 696, 171, 754, 195, 486, 9, 557, 72, 38, 193, 359, 1, 49, 8, 2, 527, 519, 50, 108, 515, 89, 64, 694, 872, 18]
RKP_01000_00100_1_03.txt|2014.0|2014|0.01078372200000004|[199, 128, 172, 116, 535, 32, 114, 800, 50, 2, 869, 498, 4, 48, 56, 1, 326, 182, 252, 19, 3, 16, 725, 145, 754, 366, 813, 65, 330]
RKP_01000_00100_1_04.txt|2234.0|2234|0.010681865000000209|[429, 733, 1, 726, 247, 283, 75, 44, 566, 14, 151, 165, 5, 277, 20, 732, 255, 2, 163, 3, 857, 184, 790, 63, 6, 69, 42, 204, 592, 91, 172, 53, 266]
RKP_01000_00100_1_05.txt|2157.0|2157|0.010601446999999773|[75, 41, 89, 915, 673, 123, 207, 1, 635, 49, 1000, 696, 307, 37, 776, 39, 222, 16, 12, 553, 188, 582, 26, 74, 865, 151, 299, 29, 82, 198, 159]
RKP_01000_00100_1_06.txt|2417.0|2417|0.010717749000000118|[168, 10, 790, 58, 33, 1, 99, 38, 78, 242, 250, 993, 442, 645, 6, 120, 349, 52, 632, 44, 176, 4, 177, 8, 283, 265, 57, 255, 244, 55, 37, 117, 233, 236, 210]
RKP_01000_00100_1_07.txt|2453.0|2453|0.01033420799999984|[7, 204, 440, 37, 382, 86, 436, 226, 3, 556, 127, 874, 130, 49, 778, 129, 190, 90, 476, 342, 19, 170, 88, 372, 484, 80, 627, 641, 1, 2, 18, 42]
RKP_01000_00100_1_08.txt|2221.0|2221|0.010439306999999794|[223, 922, 422, 4, 68, 421, 1, 145, 149, 80, 6, 716, 22, 303, 242, 274, 366, 26, 118, 15, 10, 5, 7, 29, 390, 101, 294, 278, 780, 16, 111, 183, 202]
RKP_01000_00100_1_09.txt|2135.0|2135|0.01060562900000015|[31, 672, 103, 196, 782, 168, 14, 213, 27, 290, 17, 513, 48, 691, 1, 898, 32, 262, 579, 489, 2, 108, 925, 942, 170, 427, 133, 39, 15, 248]
RKP_01000_00100_1_10.txt|2475.0|2475|0.010539388999999986|[669, 466, 76, 618, 785, 1, 748, 253, 111, 8, 331, 534, 55, 104, 491, 968, 159, 37, 43, 480, 813, 931, 805, 50, 221, 188, 286, 158, 399, 663, 295, 4, 11, 30, 198, 754, 439, 368]
RKP_01000_00100_2_01.txt|259.0|259|0.01044455400000004|[7, 24, 47, 209, 12, 374, 13, 3, 16, 111, 253, 366, 73, 380, 690, 185, 186, 21, 375, 252, 33, 41, 76, 183]
RKP_01000_00100_2_02.txt|268.0|268|0.010228406000000377|[84, 385, 202, 375, 782, 311, 63, 73, 179, 410, 547, 357, 583, 183, 213, 69, 8, 397, 77, 954, 625, 3, 23, 166, 376]
RKP_01000_00100_2_03.txt|304.0|304|0.010250686000000328|[5, 97, 171, 123, 87, 84, 58, 417, 124, 141, 330, 81, 394, 335, 897, 33, 64, 13, 746, 420, 928, 282, 55, 404, 256, 347, 340, 854]
RKP_01000_00100_2_04.txt|255.0|255|0.010276477000000313|[35, 37, 94, 21, 60, 123, 428, 698, 184, 58, 504, 147, 130, 8, 49, 782, 74, 24, 207, 244]
RKP_01000_00100_2_05.txt|262.0|262|0.010371963000000192|[380, 222, 299, 7, 420, 742, 84, 428, 236, 26, 73, 409, 30, 501, 162, 2, 512, 5, 11, 12, 214, 255, 351, 462, 823, 172, 846]
RKP_01000_00100_2_06.txt|309.0|309|0.010682986999999713|[122, 805, 6, 138, 647, 858, 590, 33, 1, 16, 602, 259, 24, 255, 52, 152, 154, 187, 9, 57, 8, 48, 383, 399, 827, 322, 185, 233, 290]
RKP_01000_00100_2_07.txt|264.0|264|0.010251636999999647|[208, 284, 531, 173, 796, 81, 457, 396, 950, 3, 378, 2, 61, 444, 520, 783, 821, 433, 20, 1, 337, 480, 682, 305]
RKP_01000_00100_2_08.txt|298.0|298|0.010510136000000187|[39, 1, 10, 121, 661, 3, 7, 129, 609, 862, 9, 26, 11, 406, 250, 41, 49, 573, 175, 131, 228, 21, 278, 294, 549, 223, 16]
RKP_01000_00100_2_09.txt|270.0|270|0.010966355000000191|[436, 13, 127, 382, 417, 18, 348, 191, 235, 904, 656, 651, 573, 982, 31, 30, 225, 6, 9, 118, 1, 25, 176, 470]
RKP_01000_00100_2_10.txt|284.0|284|0.01061647999999991|[15, 163, 252, 191, 341, 521, 1, 56, 5, 164, 4, 122, 309, 710, 564, 282, 579, 30, 89, 273, 314, 409, 700, 58, 71, 78, 184, 412, 443, 522]
RKP_01000_00100_3_01.txt|519.0|519|0.010521476999999991|[32, 51, 65, 119, 133, 249, 337, 537, 659, 763, 857, 1, 11, 15, 55, 186, 340, 348, 456, 464, 704, 740, 795, 2, 94, 134, 157, 208, 322, 326, 441, 565, 567, 605, 962, 21, 22, 69, 77, 83, 179, 240]
RKP_01000_00100_3_02.txt|488.0|488|0.010628281000000043|[9, 25, 120, 137, 138, 295, 654, 3, 37, 69, 79, 94, 126, 176, 300, 318, 533, 644, 1, 2, 16, 19, 24, 31, 53, 56, 70, 110, 121, 216, 386, 586, 600, 7, 286, 377, 381, 567, 978]
RKP_01000_00100_3_03.txt|510.0|510|0.010491825000000076|[1, 17, 31, 54, 93, 325, 378, 431, 692, 836, 3, 84, 143, 170, 175, 204, 222, 270, 392, 530, 580, 652, 994, 46, 62, 74, 99, 321, 443, 738, 822, 22, 44, 89, 142, 180, 181, 256, 382, 448, 625]
RKP_01000_00100_3_04.txt|486.0|486|0.011066249000000425|[1, 9, 42, 142, 149, 274, 277, 305, 389, 449, 645, 740, 786, 4, 5, 16, 44, 65, 235, 558, 639, 2, 10, 29, 31, 41, 83, 161, 293, 550, 15, 119, 433, 492, 657, 24, 35, 53, 58]
RKP_01000_00100_3_05.txt|438.0|438|0.010575030000000325|[57, 460, 630, 661, 2, 5, 23, 24, 29, 31, 46, 108, 144, 163, 172, 10, 86, 100, 141, 151, 480, 1, 37, 85, 107, 128, 192, 204, 308, 315, 876, 910, 21, 50]
RKP_01000_00100_3_06.txt|446.0|446|0.010729408000000405|[5, 36, 112, 204, 242, 249, 1, 6, 7, 16, 22, 37, 224, 347, 471, 886, 970, 15, 28, 63, 71, 129, 207, 217, 278, 543, 25, 153, 239, 901, 4, 13, 18, 64, 66]
RKP_01000_00100_3_07.txt|519.0|519|0.010748476000000338|[12, 20, 23, 31, 53, 112, 129, 169, 190, 231, 591, 695, 822, 888, 1, 4, 5, 27, 38, 354, 433, 605, 750, 867, 3, 56, 62, 131, 282, 337, 402, 407, 483, 8, 34, 124, 161, 204, 583, 942, 2, 6]
RKP_01000_00100_3_08.txt|437.0|437|0.010485215999999796|[35, 198, 340, 1, 2, 71, 89, 97, 129, 131, 266, 303, 7, 11, 53, 130, 145, 252, 257, 292, 524, 591, 636, 703, 9, 33, 118, 152, 154, 233, 342, 472, 655, 883]
RKP_01000_00100_3_09.txt|450.0|450|0.010972460999999925|[23, 141, 480, 647, 17, 211, 216, 318, 385, 403, 578, 758, 871, 1, 6, 9, 16, 26, 48, 77, 185, 202, 257, 2, 3, 4, 36, 47, 126, 127, 199, 446, 471, 825, 885]
RKP_01000_00100_3_10.txt|476.0|476|0.010471529999999944|[10, 26, 122, 156, 245, 524, 677, 764, 3, 16, 18, 22, 35, 46, 72, 106, 169, 227, 334, 467, 632, 37, 56, 104, 187, 319, 439, 964, 1, 61, 103, 247, 264, 314, 566, 687, 799, 2]
RKP_01000_00100_4_01.txt|100.0|100|0.01025507399999988|[866]
RKP_01000_00100_4_02.txt|100.0|100|0.01018320199999998|[858]
RKP_01000_00100_4_03.txt|100.0|100|0.010097310999999963|[856]
RKP_01000_00100_4_04.txt|100.0|100|0.009999902999999932|[828]
RKP_01000_00100_4_05.txt|100.0|100|0.009996383000000079|[851]
RKP_01000_00100_4_06.txt|100.0|100|0.009983667999999923|[878]
RKP_01000_00100_4_07.txt|100.0|100|0.010540229000000139|[887]
RKP_01000_00100_4_08.txt|100.0|100|0.010480685000000135|[847]
RKP_01000_00100_4_09.txt|100.0|100|0.010216252999999682|[877]
RKP_01000_00100_4_10.txt|100.0|100|0.010502743000000194|[843]
RKP_01000_00100_5_01.txt|96.0|96|0.01019686300000039|[1, 2, 3, 4, 5, 6, 7, 8, 9, 10, 11, 12, 13, 14]
RKP_01000_00100_5_02.txt|96.0|96|0.010128102999999698|[1, 2, 3, 4, 5, 6, 7, 8, 9, 10, 11, 12, 13, 14]
RKP_01000_00100_5_03.txt|93.0|93|0.010256079000000256|[1, 3, 4, 5, 6, 7, 8, 9, 10, 11, 12, 13, 14, 15]
RKP_01000_00100_5_04.txt|89.0|89|0.010155447999998585|[1, 3, 4, 5, 6, 7, 8, 9, 10, 11, 12, 13, 14, 15, 16, 17]
RKP_01000_00100_5_05.txt|99.0|99|0.010171699000000558|[1, 2, 3, 4, 5, 6, 7, 8, 9, 10, 11, 12, 13, 14, 15]
RKP_01000_00100_5_06.txt|100.0|100|0.010416091999998968|[1, 3, 4, 5, 6, 7, 8, 9, 10, 11, 12, 13, 14, 15, 16]
RKP_01000_00100_5_07.txt|100.0|100|0.01050288900000055|[1, 2, 3, 4, 5, 6, 7, 8, 9, 10, 11, 12, 13, 14, 15, 16, 17, 18]
RKP_01000_00100_5_08.txt|97.0|97|0.010317156000000409|[1, 3, 4, 5, 6, 7, 8, 9, 10, 11, 12, 13, 14]
RKP_01000_00100_5_09.txt|89.0|89|0.01031435999999971|[1, 3, 4, 5, 6, 7, 8, 9, 10, 11, 12, 13, 14]
RKP_01000_00100_5_10.txt|101.0|101|0.010085438000000124|[1, 2, 3, 4, 5, 6, 7, 8, 9, 10, 11, 12, 13, 14]
RKP_05000_00100_1_01.txt|4779.0|4779|0.18007437700000026|[302, 1275, 1839, 1373, 465, 3, 2556, 4, 5, 9, 1, 553, 2091, 8, 20, 3645, 1406, 642, 2106, 1268, 540, 116, 589, 51, 3411, 904, 49, 1485, 150, 1700, 1482, 68, 2398, 1366, 3733, 4536, 59, 852, 89, 213, 1277, 155, 1181, 1207, 24, 115, 2548, 99, 2478, 2692, 21, 1723, 847, 801, 1568, 2505, 1213, 2003, 22, 7, 363, 4545, 13, 16]
RKP_05000_00100_1_02.txt|4654.0|4654|0.18135172300000066|[3648, 2939, 3415, 60, 171, 31, 277, 1821, 275, 892, 4066, 73, 350, 4311, 4651, 174, 2, 4439, 1210, 2337, 104, 42, 716, 1201, 501, 16, 3013, 1, 347, 338, 601, 135, 374, 18, 235, 304, 151, 2809, 3107, 51, 1720, 1929, 130, 301, 3739, 2669, 99, 28, 75, 420, 448, 437, 4339, 3158, 1585, 44, 794, 1557, 1432, 4071, 57]
RKP_05000_00100_1_03.txt|4634.0|4634|0.18201642300000004|[6, 2646, 22, 591, 929, 961, 1355, 1, 1069, 207, 3382, 4798, 81, 52, 4396, 4053, 136, 193, 1588, 10, 2992, 3261, 27, 3127, 3471, 26, 1880, 1417, 3686, 3801, 1634, 4436, 3036, 114, 1171, 612, 203, 3005, 7, 2382, 5, 326, 1550, 304, 156, 2797, 793, 2939, 1020, 219, 1066, 2442, 350, 1237, 656, 1044, 1363, 1154, 401, 1035, 1283]
RKP_05000_00100_1_04.txt|4390.0|4390|0.18110942600000215|[795, 2, 41, 2565, 38, 1048, 147, 2594, 7, 4320, 1931, 69, 378, 713, 23, 2528, 1521, 5, 3064, 135, 4470, 2030, 444, 4280, 3644, 3336, 3198, 16, 868, 1633, 1367, 579, 3338, 131, 233, 2859, 78, 3225, 3474, 3503, 1764, 205, 2255, 416, 2304, 3703, 1527, 3605, 1675, 455, 20, 651, 557, 792, 1173, 4914, 1210, 3053, 979, 26, 3006, 936, 2940, 3085, 3484, 4248]
RKP_05000_00100_1_05.txt|4347.0|4347|0.18062615799999635|[64, 644, 38, 541, 427, 542, 4588, 2, 8, 1759, 1433, 2850, 3856, 20, 16, 4, 1309, 174, 306, 1432, 33, 53, 2447, 2549, 101, 2995, 288, 60, 4969, 119, 96, 92, 4179, 44, 507, 527, 356, 1088, 23, 270, 2347, 230, 3160, 977, 1249, 4630, 158, 14, 2922, 428, 608, 4251, 907, 660, 2886, 317, 2537, 3454, 4002, 30]
RKP_05000_00100_1_06.txt|4490.0|4490|0.1801997580000014|[2608, 45, 745, 41, 208, 1799, 747, 219, 569, 25, 73, 457, 3167, 152, 3825, 9, 807, 133, 645, 62, 1279, 896, 860, 3, 122, 329, 1512, 8, 1319, 435, 21, 701, 14, 17, 1606, 11, 147, 2, 55, 71, 920, 1259, 111, 108, 2510, 7, 44, 1542, 652, 2842, 1031, 18, 3571, 131, 912, 115, 377, 4655, 3239, 139, 694]
RKP_05000_00100_1_07.txt|4913.0|4913|0.18395767400000154|[30, 3473, 219, 1, 97, 880, 180, 244, 55, 1149, 3419, 118, 1437, 582, 188, 2037, 876, 204, 2883, 1762, 124, 4, 11, 931, 32, 1222, 54, 1758, 79, 90, 451, 2591, 991, 1401, 453, 13, 3111, 3370, 3, 2367, 1199, 3162, 155, 362, 3566, 104, 646, 457, 2085, 1477, 1299, 1827, 930, 5, 2207, 3167, 2438, 1187, 3484, 4252, 4639, 494, 192, 2041, 35, 811, 3320]
RKP_05000_00100_1_08.txt|4480.0|4480|0.1817338320000016|[2845, 820, 6, 186, 441, 906, 3876, 264, 266, 816, 2248, 2054, 865, 300, 502, 82, 1, 276, 288, 1717, 3259, 4344, 275, 4811, 148, 154, 179, 687, 985, 1267, 739, 48, 3226, 120, 52, 3137, 4473, 2780, 215, 1781, 183, 3911, 1358, 4638, 745, 1632, 4998, 25, 538, 2535, 341, 777, 54, 137, 29, 779, 72, 2399, 1079, 260, 345, 1029, 2994]
RKP_05000_00100_1_09.txt|4181.0|4181|0.18123856700000004|[325, 786, 2596, 270, 816, 4135, 3051, 30, 178, 3, 4424, 1184, 1441, 1363, 3759, 3697, 4341, 10, 121, 2, 70, 3572, 74, 423, 1856, 463, 6, 42, 853, 230, 2349, 2807, 447, 307, 729, 383, 1260, 4156, 588, 83, 987, 1309, 1769, 796, 747, 3556, 1427, 90, 190, 533, 1387, 329, 43, 1736, 1945, 4220, 1869]
RKP_05000_00100_1_10.txt|4637.0|4637|0.18234896099999787|[1804, 48, 1395, 3373, 437, 2061, 230, 952, 3176, 25, 3086, 83, 564, 429, 176, 189, 321, 2958, 143, 482, 1091, 111, 1350, 3065, 1422, 352, 4572, 780, 1342, 2, 2616, 4369, 8, 60, 1, 4883, 26, 153, 795, 3734, 662, 13, 654, 445, 21, 180, 363, 1221, 956, 2120, 385, 484, 4185, 20, 1517, 304, 90, 15, 134, 714, 805, 930, 629]
RKP_05000_00100_2_01.txt|441.0|441|0.18498954600000134|[540, 44, 110, 144, 2729, 1741, 2218, 551, 1057, 2019, 3518, 3020, 77, 648, 868, 1292, 2000, 2210, 1078, 68, 148, 220, 736, 25, 626, 848, 1187, 1238, 2735, 4039, 1835, 2120, 2295, 2913, 2948, 3573, 40, 4620, 4675, 5, 142, 246, 315]
RKP_05000_00100_2_02.txt|495.0|495|0.1803296929999948|[407, 871, 4347, 152, 677, 1014, 455, 532, 656, 1793, 3238, 29, 275, 1570, 4063, 4978, 4, 73, 1493, 2707, 10, 35, 1178, 1770, 3, 14, 298, 3178, 3654, 778, 763, 1800, 2437, 8, 15, 22, 40, 103, 1194, 1838, 2992, 3004, 2439, 4384, 101, 2263, 2360, 2501, 2984, 536, 33, 61]
RKP_05000_00100_2_03.txt|474.0|474|0.1790008820000031|[769, 4655, 1463, 1867, 4547, 5, 242, 710, 1122, 1234, 4989, 17, 39, 4, 388, 826, 2844, 4806, 442, 840, 895, 1925, 2550, 3332, 3969, 842, 2606, 6, 3890, 4206, 314, 1332, 3166, 9, 185, 202, 524, 711, 1469, 2973, 4028, 1, 22, 82, 543, 113, 592, 1749, 11, 12]
RKP_05000_00100_2_04.txt|465.0|465|0.18183015299999794|[506, 950, 1, 2126, 4139, 12, 168, 3153, 387, 531, 45, 283, 1864, 5, 483, 491, 687, 917, 99, 355, 1415, 1565, 1633, 752, 1551, 35, 1107, 1671, 31, 54, 67, 87, 156, 225, 325, 1138, 1566, 2299, 3108, 3585, 3838, 72, 109, 637, 2042, 2052, 2100]
RKP_05000_00100_2_05.txt|493.0|493|0.18147205599999836|[3758, 522, 1741, 274, 355, 1029, 2365, 2703, 3238, 3555, 991, 2083, 5, 22, 52, 942, 1224, 1654, 2332, 2545, 3226, 366, 752, 879, 3406, 2785, 3383, 984, 1823, 3374, 69, 693, 797, 29, 99, 370, 1076, 1903, 2614, 426, 612, 3241, 167, 829, 2206, 2208, 2261, 2815, 3573, 413]
RKP_05000_00100_2_06.txt|460.0|460|0.18076986599999942|[326, 3682, 1109, 1288, 2453, 4405, 23, 466, 135, 816, 1581, 2118, 2148, 3347, 62, 136, 324, 758, 6, 356, 2040, 2408, 437, 1208, 129, 369, 2044, 4478, 1688, 3081, 1, 639, 853, 1433, 210, 2422, 3, 182, 926, 1025, 1917, 222, 1383, 2075, 8, 33, 602, 1193]
RKP_05000_00100_2_07.txt|485.0|485|0.18021281200000203|[1, 2528, 79, 2, 2641, 7, 516, 3, 71, 333, 2751, 43, 58, 180, 235, 938, 1389, 2246, 2419, 141, 260, 595, 1949, 2323, 15, 105, 373, 4183, 183, 261, 689, 2108, 3866, 177, 194, 1063, 3229, 3555, 55, 74, 244, 2164, 2332, 4327, 103, 649, 4507, 49, 216, 429, 744]
RKP_05000_00100_2_08.txt|462.0|462|0.17888637099999527|[98, 1700, 342, 25, 199, 1204, 14, 99, 152, 953, 2584, 2915, 11, 24, 1638, 2149, 2068, 3421, 2, 41, 636, 1387, 1617, 48, 23, 621, 4332, 4658, 1, 79, 524, 560, 671, 735, 1415, 4543, 15, 291, 367, 869, 1492, 7, 94, 464, 672, 967, 3246, 3696, 9, 1273, 2312]
RKP_05000_00100_2_09.txt|496.0|496|0.18043147999999917|[6, 355, 5, 151, 1149, 1331, 2692, 2520, 4778, 86, 433, 1873, 2352, 2953, 3113, 293, 294, 88, 112, 392, 846, 1338, 2179, 2318, 4070, 110, 142, 75, 2196, 2365, 218, 755, 362, 1203, 1335, 1397, 1818, 61, 238, 955, 315, 1008, 1679, 2213, 15, 4171, 244, 678, 796, 13, 20, 45, 66, 558]
RKP_05000_00100_2_10.txt|463.0|463|0.18024466700000288|[120, 1773, 275, 2435, 3300, 477, 250, 502, 918, 1932, 2345, 2755, 2802, 3321, 113, 2283, 2318, 2768, 4994, 19, 74, 136, 326, 2133, 291, 315, 2022, 184, 210, 253, 1459, 78, 163, 373, 978, 1313, 3005, 3077, 4424, 660, 1253, 4012, 72, 302, 3123, 66]
RKP_05000_00100_3_01.txt|799.0|799|0.18052641199999642|[1, 8, 10, 11, 26, 48, 83, 97, 135, 145, 224, 231, 279, 288, 312, 334, 349, 361, 465, 471, 588, 610, 661, 692, 900, 1006, 1096, 1192, 1272, 1725, 1751, 1768, 2039, 2321, 2608, 3252, 3272, 3292, 3674, 3675, 4195, 2, 4, 5, 7, 18, 22, 28, 44, 55, 58, 67, 69, 77, 80, 104, 109, 118, 188, 242, 276, 297, 322, 345, 377, 383, 395, 410, 413, 504]
RKP_05000_00100_3_02.txt|899.0|899|0.1797876849999949|[1, 22, 36, 38, 55, 93, 94, 98, 132, 135, 145, 148, 167, 203, 219, 254, 272, 301, 312, 313, 351, 356, 373, 392, 415, 434, 472, 496, 512, 542, 776, 856, 973, 989, 1047, 1092, 1119, 1136, 1267, 1271, 1335, 1664, 1834, 1876, 2362, 2409, 2674, 2689, 2722, 2762, 2772, 2848, 3287, 3318, 3344, 3615, 3645, 4055, 4114, 4494, 4912, 3, 11, 17, 19, 31, 40, 54, 74, 89, 97, 166, 168, 175, 242, 280, 304, 330, 355, 365]
RKP_05000_00100_3_03.txt|879.0|879|0.17969088000000227|[1, 6, 15, 18, 20, 21, 27, 52, 76, 86, 96, 129, 140, 156, 159, 191, 205, 258, 283, 341, 387, 403, 520, 820, 894, 914, 945, 977, 1058, 1109, 1226, 1256, 1304, 1305, 1409, 1459, 1487, 1558, 1571, 1712, 1847, 1888, 1941, 2676, 2793, 2858, 2962, 2984, 2989, 3115, 4254, 4440, 4520, 4528, 4547, 4563, 4874, 3, 14, 24, 42, 73, 124, 155, 165, 192, 351, 380, 397, 446, 459, 546, 647, 656, 690, 698, 714, 721]
RKP_05000_00100_3_04.txt|859.0|859|0.18055653900000151|[1, 9, 11, 16, 48, 56, 59, 100, 298, 318, 320, 325, 335, 365, 375, 446, 578, 688, 708, 759, 769, 770, 808, 898, 984, 1024, 1182, 1193, 1227, 1264, 1283, 1338, 1348, 1433, 1570, 1739, 1757, 1788, 1905, 2156, 2274, 2340, 2386, 2433, 2600, 2634, 2810, 3111, 3384, 3639, 3851, 4679, 4996, 2, 3, 4, 14, 15, 24, 28, 47, 51, 66, 68, 72, 98, 99, 103, 118, 122, 130, 133, 136, 205, 232, 266]
RKP_05000_00100_3_05.txt|749.0|749|0.1793477920000066|[7, 52, 79, 122, 238, 292, 295, 362, 480, 485, 513, 573, 638, 669, 905, 909, 936, 950, 973, 1668, 2040, 2337, 2456, 2596, 2714, 2928, 3114, 3135, 4073, 4398, 4423, 1, 24, 25, 47, 60, 76, 81, 109, 113, 147, 206, 220, 230, 235, 304, 345, 435, 448, 486, 542, 563, 583, 588, 590, 614, 656, 769, 891, 994, 1088, 1259, 1491, 1526, 1529]
RKP_05000_00100_3_06.txt|869.0|869|0.17987402600000338|[1, 10, 15, 24, 25, 26, 27, 32, 35, 58, 68, 79, 103, 113, 119, 121, 179, 203, 244, 248, 270, 352, 452, 492, 551, 564, 638, 683, 755, 796, 838, 956, 1046, 1130, 1148, 1376, 1451, 1477, 1657, 1698, 1735, 1860, 1884, 2159, 2205, 2457, 2528, 2710, 2738, 2878, 2889, 2978, 3082, 3112, 4282, 3, 4, 5, 6, 12, 29, 45, 80, 82, 86, 104, 108, 157, 181, 207, 221, 278, 290, 413, 434, 440, 460]
RKP_05000_00100_3_07.txt|879.0|879|0.17898838499999897|[1, 10, 14, 16, 18, 20, 30, 77, 89, 93, 98, 99, 114, 119, 169, 189, 206, 213, 222, 281, 304, 356, 362, 372, 416, 495, 500, 507, 523, 550, 699, 729, 750, 812, 817, 876, 883, 890, 980, 1030, 1095, 1453, 1577, 1615, 1833, 1892, 1960, 2113, 2510, 2632, 2667, 2701, 2869, 3232, 3416, 3653, 4835, 9, 26, 29, 32, 68, 85, 96, 130, 166, 167, 178, 185, 211, 355, 485, 526, 549, 566, 570, 583, 607]
RKP_05000_00100_3_08.txt|900.0|900|0.18057509899999558|[1, 6, 13, 17, 28, 47, 92, 97, 100, 101, 129, 161, 169, 215, 227, 238, 328, 343, 346, 382, 428, 491, 557, 563, 572, 645, 700, 925, 969, 1076, 1208, 1238, 1240, 1244, 1355, 1414, 1478, 1502, 1517, 1589, 1802, 1973, 2091, 2154, 2276, 2430, 2572, 2702, 3001, 3330, 3335, 3410, 3716, 3821, 4062, 4178, 4225, 4353, 4604, 4735, 2, 4, 21, 24, 35, 36, 44, 59, 60, 89, 99, 108, 115, 124, 191, 216, 273, 294, 296, 309]
RKP_05000_00100_3_09.txt|869.0|869|0.17811017600000015|[1, 4, 24, 40, 55, 63, 94, 111, 137, 205, 217, 262, 271, 288, 355, 409, 466, 585, 600, 636, 662, 696, 789, 827, 839, 981, 986, 1067, 1161, 1532, 1558, 1683, 1913, 2033, 2048, 2227, 2372, 2453, 2595, 2609, 2846, 2862, 2897, 2925, 3120, 3500, 3562, 3603, 3727, 3987, 4348, 4681, 4813, 4902, 4948, 3, 8, 10, 18, 25, 29, 49, 57, 78, 101, 110, 116, 119, 154, 229, 274, 277, 307, 350, 373, 419, 424]
RKP_05000_00100_3_10.txt|860.0|860|0.18125552499999797|[3, 19, 21, 22, 27, 30, 47, 52, 63, 119, 173, 216, 236, 252, 283, 383, 438, 627, 659, 666, 775, 787, 860, 881, 1046, 1075, 1166, 1419, 1426, 1430, 1463, 1547, 1938, 1946, 2107, 2181, 2195, 2235, 2244, 2312, 2477, 2567, 2929, 2988, 2990, 3361, 3869, 3877, 3997, 4448, 4628, 4783, 1, 2, 4, 5, 10, 11, 39, 50, 57, 79, 109, 110, 113, 138, 141, 142, 166, 211, 227, 333, 336, 337, 526, 540]
RKP_05000_00100_4_01.txt|100.0|100|0.1795523200000025|[4203]
RKP_05000_00100_4_02.txt|100.0|100|0.17969123799999465|[4283]
RKP_05000_00100_4_03.txt|100.0|100|0.17699047700000164|[4228]
RKP_05000_00100_4_04.txt|100.0|100|0.1792782419999969|[4218]
RKP_05000_00100_4_05.txt|100.0|100|0.17705513899999686|[4218]
RKP_05000_00100_4_06.txt|100.0|100|0.17865248100000258|[4203]
RKP_05000_00100_4_07.txt|100.0|100|0.17910520199999497|[4210]
RKP_05000_00100_4_08.txt|100.0|100|0.17691702699999837|[4203]
RKP_05000_00100_4_09.txt|100.0|100|0.17819350100000747|[4209]
RKP_05000_00100_4_10.txt|100.0|100|0.17738812599999051|[4213]
RKP_05000_00100_5_01.txt|98.0|98|0.17980987100000562|[1, 3, 4, 5, 6, 7, 8, 9, 10, 11, 12, 13, 14, 15, 16, 17, 18, 19, 20, 21, 22, 23, 24, 25, 26]
RKP_05000_00100_5_02.txt|101.0|101|0.17699452099999236|[1, 3, 4, 5, 6, 7, 8, 9, 10, 11, 12, 13, 14, 15, 16, 17, 18, 19, 20]
RKP_05000_00100_5_03.txt|101.0|101|0.17801872499999946|[1, 2, 3, 4, 5, 6, 7, 8, 9, 10, 11, 12, 13, 14, 15, 16, 17, 18, 19, 20, 21, 22, 23, 24, 25, 26, 27]
RKP_05000_00100_5_04.txt|100.0|100|0.17692980899999838|[1, 2, 3, 4, 5, 6, 7, 8, 9, 10, 11, 12, 13, 14, 15, 16, 17, 18, 19, 20]
RKP_05000_00100_5_05.txt|100.0|100|0.17685908600000744|[1, 3, 4, 5, 6, 7, 8, 9, 10, 11, 12, 13, 14, 15, 16, 17, 18, 19, 20, 21, 22, 23]
RKP_05000_00100_5_06.txt|101.0|101|0.1770016080000039|[1, 2, 3, 4, 5, 6, 7, 8, 9, 10, 11, 12, 13, 14, 15, 16, 17, 18, 19, 20, 21, 22, 23, 24, 25, 26, 27, 28]
RKP_05000_00100_5_07.txt|94.0|94|0.17878956500000298|[1, 2, 3, 4, 5, 6, 7, 8, 9, 10, 11, 12, 13, 14, 15, 16, 17, 18, 19, 20, 21, 22, 23, 24, 25, 26, 27]
RKP_05000_00100_5_08.txt|96.0|96|0.17896003700000052|[1, 3, 4, 5, 6, 7, 8, 9, 10, 11, 12, 13, 14, 15, 16, 17, 18, 19, 20, 21, 22, 23, 24, 25, 26, 27, 28, 29, 30]
RKP_05000_00100_5_09.txt|99.0|99|0.18060535900000332|[1, 3, 4, 5, 6, 7, 8, 9, 10, 11, 12, 13, 14, 15, 16, 17, 18, 19, 20, 21, 22, 23, 24, 25, 26, 27]
RKP_05000_00100_5_10.txt|97.0|97|0.17717652599999836|[1, 2, 3, 4, 5, 6, 7, 8, 9, 10, 11, 12, 13, 14, 15, 16, 17, 18, 19, 20, 21]
RKP_05000_01000_1_01.txt|58521.0|58521|0.18301759599999742|[53, 3485, 164, 4971, 1742, 2254, 700, 1232, 328, 732, 18, 226, 3791, 151, 23, 15, 17, 751, 1034, 1858, 2481, 1724, 1756, 778, 1591, 2077, 1841, 1, 334, 13, 379, 866, 1431, 4223, 4479, 78, 1214, 661, 2777, 2, 1919, 1979, 3534, 3799, 491, 2629, 96, 86, 8, 10, 3256, 2266, 368, 16, 399, 2567, 684, 3187, 1233, 1928, 2874, 1145, 33, 22, 991, 5, 271, 1196, 969, 252, 800, 30, 921, 118, 212, 82, 511, 1387, 4129, 3144, 1775, 3282, 35, 551, 1810, 2814, 726]
RKP_05000_01000_1_02.txt|60990.0|60990|0.18393408400000225|[918, 2800, 89, 304, 1590, 222, 36, 675, 4489, 7, 728, 3565, 2379, 588, 1205, 1337, 109, 622, 3, 4961, 1055, 1261, 2745, 539, 1414, 78, 988, 22, 41, 506, 3875, 2832, 2594, 2825, 10, 282, 235, 1403, 1455, 2011, 425, 1999, 3349, 2769, 17, 772, 155, 837, 1677, 39, 1329, 337, 965, 368, 3795, 3628, 236, 917, 1604, 1277, 2973, 694, 3668, 790, 2727, 96, 207, 3585, 84, 464, 928, 2120, 1343, 1683, 2229, 2198, 3095, 2041, 1860, 2750, 471, 293, 165, 2093, 646]
RKP_05000_01000_1_03.txt|56257.0|56257|0.18377270400000498|[1614, 882, 1039, 24, 1534, 3194, 3276, 22, 1854, 1150, 2688, 135, 1822, 852, 1415, 272, 940, 933, 1475, 176, 339, 1027, 67, 533, 2016, 1364, 1, 2471, 344, 3392, 1339, 174, 649, 3920, 479, 76, 3682, 248, 165, 4104, 3232, 72, 1605, 1483, 2201, 3835, 2080, 2125, 114, 60, 2848, 1478, 2314, 749, 62, 1719, 3, 1219, 129, 1815, 515, 1006, 1146, 988, 2161, 4640, 4193, 810, 192, 1979, 94, 875, 2110, 13, 2682, 4283, 441, 4191, 2468, 33, 1262]
RKP_05000_01000_1_04.txt|57882.0|57882|0.181649804999995|[223, 238, 135, 952, 61, 4624, 1450, 4775, 1275, 716, 35, 16, 594, 498, 794, 9, 4277, 2060, 49, 4397, 10, 114, 64, 1107, 181, 1, 3926, 318, 2470, 1142, 191, 52, 3055, 687, 546, 3023, 351, 2320, 482, 724, 3051, 1546, 533, 5, 2023, 4232, 33, 1174, 1916, 413, 50, 2999, 189, 1311, 25, 133, 465, 1416, 2, 248, 1021, 24, 7, 1689, 2047, 270, 2649, 395, 8, 132, 2580, 4329, 886, 6, 71, 1597, 522, 1074, 1395, 3271, 2550, 670, 1901, 792, 210, 105, 2177]
RKP_05000_01000_1_05.txt|57266.0|57266|0.1828915129999973|[1649, 91, 385, 2069, 430, 2, 14, 254, 65, 352, 259, 1316, 97, 1606, 93, 1411, 1588, 132, 985, 168, 2547, 4053, 2834, 1227, 2271, 1093, 94, 1607, 4118, 467, 3468, 279, 339, 46, 4385, 119, 1418, 667, 4, 1155, 1162, 3067, 267, 816, 1320, 157, 651, 9, 1023, 1474, 711, 8, 580, 1321, 1883, 1049, 4096, 16, 73, 943, 593, 130, 120, 48, 2819, 2004, 330, 19, 2263, 85, 1893, 4204, 2397, 5, 2256, 584, 25, 201, 592, 231, 67, 903, 2360, 72, 27, 208, 1012, 2350, 349]
RKP_05000_01000_1_06.txt|56764.0|56764|0.18604118400000516|[736, 51, 8, 691, 1879, 48, 336, 2050, 52, 498, 80, 2517, 1689, 269, 159, 894, 1097, 697, 2857, 1916, 1511, 3109, 1242, 943, 297, 2865, 1910, 288, 188, 3076, 107, 2195, 998, 3846, 2, 2967, 3, 217, 10, 503, 399, 1368, 1530, 9, 6, 150, 90, 343, 2925, 616, 1002, 1192, 42, 13, 2483, 612, 292, 157, 646, 1062, 429, 656, 2633, 1040, 721, 1662, 601, 688, 163, 4793, 1, 4196, 2012, 1494, 37, 2025, 687, 2442, 192, 224, 2168, 4, 337, 2861, 1145, 1720, 2048, 684, 60, 1305]
RKP_05000_01000_1_07.txt|52454.0|52454|0.18167875099999037|[753, 4009, 1741, 15, 226, 2, 568, 161, 1359, 130, 2669, 213, 77, 1865, 204, 1697, 1, 65, 91, 2593, 84, 957, 1449, 44, 522, 577, 1175, 421, 188, 2087, 523, 23, 21, 628, 1764, 2001, 3455, 46, 795, 198, 386, 2245, 616, 651, 4242, 8, 569, 1607, 848, 731, 4471, 985, 1047, 1489, 640, 2984, 993, 2145, 1378, 241, 453, 608, 3438, 1178, 1346, 393, 1666, 4078, 2235, 27, 119, 1645, 38, 94, 1052, 363, 424]
RKP_05000_01000_1_08.txt|54588.0|54588|0.18252638799998977|[140, 427, 24, 20, 89, 2585, 651, 2382, 2356, 1275, 1088, 81, 190, 1487, 430, 2110, 10, 2528, 279, 785, 1391, 952, 527, 109, 235, 670, 3925, 575, 2841, 488, 15, 1138, 7, 257, 3318, 115, 26, 2723, 1574, 738, 3, 151, 3937, 4666, 849, 12, 66, 118, 890, 419, 40, 39, 2070, 411, 75, 892, 29, 32, 531, 52, 548, 2099, 207, 3788, 79, 389, 3288, 1344, 3437, 43, 217, 117, 529, 4070, 3323, 3908, 244]
RKP_05000_01000_1_09.txt|56929.0|56929|0.1815227139999979|[4115, 1714, 684, 2381, 3179, 1434, 3964, 1, 1362, 128, 104, 2, 51, 1366, 427, 1788, 364, 6, 996, 18, 163, 2364, 4, 1242, 3744, 883, 191, 3245, 39, 390, 1481, 1679, 17, 47, 499, 1854, 563, 1761, 3, 562, 2121, 190, 2328, 2845, 998, 27, 1579, 29, 302, 714, 342, 473, 1113, 1414, 844, 2399, 7, 2012, 3556, 3900, 1401, 73, 3156, 1699, 94, 106, 25, 1509, 1337, 359, 3644, 1495, 2034, 3448, 153, 49, 32, 2239, 1911, 2246, 136, 320, 377, 2844]
RKP_05000_01000_1_10.txt|61770.0|61770|0.18316458299999794|[129, 888, 528, 2671, 245, 1044, 1680, 47, 104, 500, 785, 1479, 486, 2, 11, 1914, 1, 461, 2184, 740, 2867, 2216, 844, 384, 261, 1430, 180, 1361, 1253, 2153, 103, 2753, 359, 1076, 1095, 3836, 49, 100, 1313, 2309, 9, 286, 4815, 1284, 807, 2544, 1554, 38, 2698, 839, 3137, 43, 33, 212, 2541, 1686, 3309, 187, 2560, 1436, 472, 1476, 2608, 198, 634, 1553, 4698, 28, 1731, 4036, 1413, 604, 193, 1350, 582, 4, 1934, 161, 813, 2768, 220, 1817, 1423, 3687, 1641, 255, 495, 904, 17, 80]
RKP_05000_01000_2_01.txt|4478.0|4478|0.18177893899999162|[176, 1844, 4166, 103, 2000, 339, 1473, 3060, 951, 761, 413, 3919, 483, 2671, 2, 1173, 88, 2400, 1730, 2057, 1100, 1641, 541, 265, 2351, 1898, 1487, 3764, 309, 2281, 1046, 32, 7, 81, 604, 395, 4493, 724, 997, 153, 147, 3395, 687, 115, 4598, 12, 2569, 38, 22, 1011, 352, 23]
RKP_05000_01000_2_02.txt|4682.0|4682|0.18079266900000449|[2, 1045, 88, 1577, 317, 365, 491, 2308, 1856, 1294, 1693, 964, 44, 1068, 4977, 862, 1189, 2682, 3, 462, 1, 2581, 545, 62, 121, 3024, 126, 1739, 1812, 311, 471, 667, 76, 2983, 653, 78, 1049, 94, 946, 214, 1196, 2259, 1964, 1000, 379, 2515, 2419, 2537, 3342, 338, 139, 2933, 2213, 820, 3711]
RKP_05000_01000_2_03.txt|4861.0|4861|0.18174780600001214|[51, 217, 305, 465, 3416, 1002, 69, 86, 3351, 308, 4964, 3938, 655, 3540, 2930, 286, 235, 862, 3180, 2340, 2182, 1958, 507, 4457, 3343, 131, 518, 104, 1354, 942, 2548, 3087, 118, 1550, 177, 341, 2601, 1732, 858, 3822, 375, 1132, 2164, 2610, 106, 1483, 63, 414, 185, 477, 589, 350, 171, 88]
RKP_05000_01000_2_04.txt|5215.0|5215|0.18237622099998815|[17, 1740, 63, 2518, 585, 3, 2408, 4454, 2928, 1672, 1989, 2245, 183, 768, 153, 82, 758, 348, 371, 4424, 400, 2989, 545, 1906, 3530, 2237, 3498, 1086, 54, 2249, 3872, 302, 509, 1, 4236, 22, 567, 7, 1136, 916, 1398, 1319, 247, 557, 662, 1210, 19, 1539, 1799, 51, 163, 1209, 59, 703, 84, 3183, 547, 667, 57, 1100, 2242]
RKP_05000_01000_2_05.txt|4779.0|4779|0.1825383039999906|[734, 420, 34, 204, 8, 1064, 201, 33, 4485, 3, 1132, 273, 1158, 1680, 876, 4215, 3321, 360, 526, 5, 4, 70, 2513, 2943, 1762, 427, 1925, 1269, 260, 2008, 344, 16, 390, 2548, 187, 453, 80, 23, 9, 1052, 30, 775, 1424, 737, 290, 957, 2686, 324, 1335, 1672, 156, 306, 43, 4333, 807, 1576]
RKP_05000_01000_2_06.txt|4980.0|4980|0.18217763100000867|[473, 464, 1933, 61, 1, 344, 1477, 900, 105, 683, 138, 672, 2638, 2476, 4951, 242, 27, 2, 1569, 30, 1991, 1948, 793, 36, 1619, 1134, 386, 282, 403, 154, 925, 152, 59, 707, 1898, 2446, 3111, 2282, 739, 2287, 159, 1064, 714, 862, 94, 1852, 328, 4131, 2690, 2201, 2484, 109, 336, 10, 4545, 481, 670, 184, 1369, 1746, 5, 252]
RKP_05000_01000_2_07.txt|5097.0|5097|0.1817016519999993|[4279, 759, 2608, 1, 1902, 207, 2282, 4495, 909, 1643, 2206, 1625, 3129, 771, 157, 1437, 1811, 3275, 12, 4453, 11, 1552, 368, 751, 2233, 1123, 772, 1265, 516, 238, 3147, 199, 212, 2446, 3882, 2461, 294, 1593, 2843, 2241, 5, 1935, 1945, 2341, 387, 44, 257, 3196, 1425, 3085, 105, 1886, 1139, 1702, 1976, 228, 1461, 997, 3507, 2864]
RKP_05000_01000_2_08.txt|5090.0|5090|0.18214744900000368|[1499, 298, 312, 972, 59, 1184, 264, 78, 44, 3148, 3191, 236, 2399, 580, 108, 385, 3385, 6, 17, 30, 213, 1067, 371, 658, 4, 846, 1783, 677, 2808, 747, 634, 242, 2941, 1314, 200, 660, 1114, 2632, 2133, 1156, 1924, 3857, 201, 14, 1664, 174, 114, 1802, 473, 955, 362, 397, 901, 4386, 278, 1016, 2683]
RKP_05000_01000_2_09.txt|4844.0|4844|0.1847645930000067|[1556, 897, 3478, 408, 10, 4, 379, 1132, 128, 1583, 1967, 2140, 3, 2789, 677, 15, 1786, 25, 22, 270, 175, 821, 13, 2637, 3297, 63, 2317, 997, 1992, 536, 419, 36, 118, 2887, 310, 1259, 784, 1627, 2, 561, 4691, 935, 3113, 3974, 1428, 579, 3583, 130, 377, 2094, 2005, 4669, 247, 1587, 77]
RKP_05000_01000_2_10.txt|4611.0|4611|0.1849956569999972|[4015, 9, 137, 2998, 420, 1494, 18, 191, 1502, 99, 227, 2318, 149, 1686, 3712, 2034, 36, 1926, 4084, 1619, 922, 19, 294, 749, 4050, 2559, 1491, 1049, 1523, 3674, 1011, 1303, 4809, 555, 3584, 1858, 95, 1745, 82, 587, 206, 74, 351, 941, 29, 3887, 305, 1416, 3163, 25, 880, 1175, 1176, 4057, 15]
RKP_05000_01000_3_01.txt|9998.0|9998|0.18139840699998103|[1, 46, 47, 1698, 1958, 2461, 3246, 21, 562, 1615, 2851, 108, 237, 455, 1081, 2241, 2416, 2783, 40, 72, 97, 112, 372, 550, 114, 728, 996, 77, 917, 2748, 176, 207, 284, 1198, 1779, 3421, 2250, 1038, 1894, 2056, 2178, 2874, 119, 150, 276, 688, 384, 749, 1600, 9, 60, 87, 398, 3683, 132, 193, 757, 1382, 2429, 12, 23, 1190, 53, 381, 604, 623, 4452, 560, 1047, 1140, 1365, 45, 241, 632, 951, 1087, 15, 16, 37, 539, 1139, 4101, 274, 305, 387, 1369, 3591, 2, 109, 400]
RKP_05000_01000_3_02.txt|10793.0|10793|0.1817608719999953|[129, 230, 1041, 1087, 1499, 2113, 2425, 28, 849, 2067, 3308, 39, 90, 379, 425, 542, 562, 2330, 2853, 446, 878, 1486, 2704, 3041, 13, 1046, 2, 33, 1885, 2978, 3750, 209, 1161, 1436, 2215, 1, 25, 40, 107, 169, 214, 1908, 3546, 436, 883, 892, 1020, 2667, 4134, 305, 445, 609, 730, 2772, 1117, 2989, 4507, 801, 2136, 2565, 4, 41, 66, 718, 1022, 1174, 3393, 2080, 2933, 2998, 4719, 235, 2953, 3171, 71, 931, 1240, 1334, 3832, 263, 345, 1193, 1488, 38, 68, 130, 295, 646, 759, 448, 116, 304, 953, 1484, 2808, 4419, 303, 595]
RKP_05000_01000_3_03.txt|11197.0|11197|0.18218575099999043|[5, 36, 286, 881, 1498, 3273, 4215, 158, 399, 621, 975, 3166, 4813, 2, 215, 360, 568, 652, 4041, 246, 609, 2319, 3, 4, 199, 1663, 11, 22, 129, 239, 439, 710, 856, 1597, 4529, 989, 1164, 2386, 3910, 4695, 709, 2439, 3545, 465, 896, 4671, 1, 38, 156, 163, 330, 339, 763, 794, 1022, 1041, 1523, 1559, 2202, 2957, 952, 3928, 115, 214, 1465, 4084, 4338, 200, 221, 1082, 1533, 2087, 6, 190, 2034, 839, 1605, 1733, 3722, 308, 480, 544, 1157, 1222, 97, 669, 907, 2298, 3477, 153, 377, 765, 770, 879, 1169, 1767, 1926, 2529, 2901, 3239, 3697, 4149]
RKP_05000_01000_3_04.txt|11086.0|11086|0.18518981900000653|[132, 198, 206, 448, 548, 680, 1872, 2150, 2372, 2868, 6, 111, 619, 657, 1080, 4, 63, 261, 610, 989, 9, 70, 4880, 1, 495, 709, 1049, 1064, 1276, 1396, 2516, 2568, 321, 337, 360, 574, 2747, 27, 45, 277, 3197, 3448, 18, 306, 3523, 29, 58, 864, 1786, 3330, 5, 7, 142, 2541, 4042, 769, 1226, 4440, 225, 747, 1907, 2865, 15, 962, 1322, 82, 205, 263, 977, 1589, 1768, 2593, 3612, 3, 17, 94, 258, 1996, 2857, 13, 648, 1398, 2575, 39, 472, 568, 730, 1309, 1912, 3274, 89, 400, 827, 2871, 25, 784, 1165, 1493, 1557, 1801, 1852]
RKP_05000_01000_3_05.txt|10384.0|10384|0.18370254699998895|[26, 1, 7, 143, 344, 985, 1759, 1859, 2460, 16, 34, 48, 1516, 1588, 1619, 1909, 3635, 162, 1060, 219, 2123, 3439, 3584, 11, 501, 638, 1305, 1500, 3106, 19, 1552, 2634, 2744, 4338, 1069, 3440, 3558, 29, 285, 513, 620, 37, 184, 2920, 3469, 56, 555, 768, 32, 49, 348, 912, 2970, 3055, 169, 658, 708, 748, 998, 1263, 3167, 8, 112, 1033, 1090, 2615, 70, 212, 296, 335, 358, 122, 183, 814, 2077, 2298, 2, 256, 486, 777, 1259, 1770, 3068, 3370, 3, 10, 2723, 4, 6, 25, 283, 386, 491, 692]
RKP_05000_01000_3_06.txt|10788.0|10788|0.1824408519999929|[4, 12, 227, 488, 813, 4258, 46, 288, 760, 801, 4322, 4808, 85, 213, 931, 2251, 3214, 7, 45, 55, 734, 1522, 1551, 1917, 2026, 1, 41, 1119, 2741, 76, 94, 603, 368, 623, 1359, 206, 276, 889, 1978, 3324, 3533, 4315, 3, 286, 287, 469, 573, 1610, 3433, 665, 946, 2799, 4000, 1466, 1640, 4911, 86, 124, 184, 418, 1030, 1296, 3264, 82, 102, 249, 404, 431, 859, 702, 3390, 16, 135, 193, 219, 265, 2623, 141, 490, 767, 4582, 2, 686, 1035, 1212, 1697, 4424, 39, 71, 214, 839, 1281, 3851, 1991, 2138, 2756, 106, 126]
RKP_05000_01000_3_07.txt|10687.0|10687|0.18192619300001753|[13, 94, 291, 293, 762, 827, 1003, 1783, 1792, 60, 413, 593, 1470, 427, 884, 896, 1998, 36, 849, 84, 891, 2716, 73, 76, 100, 216, 3628, 1789, 2448, 3146, 2, 125, 295, 398, 417, 1123, 2357, 2900, 3085, 3731, 4131, 214, 360, 487, 883, 1055, 2587, 3854, 477, 18, 75, 218, 527, 4233, 3, 11, 220, 370, 608, 714, 1044, 2104, 2966, 3438, 5, 658, 1262, 1544, 3609, 113, 393, 1709, 3135, 3716, 1, 251, 640, 1179, 194, 221, 422, 1564, 6, 8, 31, 4659, 462, 539, 1066, 1090, 1173, 2043, 2360, 3402, 4456, 20, 33]
RKP_05000_01000_3_08.txt|10794.0|10794|0.18408153900001026|[1588, 3808, 4022, 134, 217, 394, 1976, 14, 80, 525, 1036, 3087, 3571, 28, 152, 250, 953, 1135, 1733, 2977, 4, 77, 260, 270, 1970, 2019, 2364, 2402, 3237, 331, 883, 1009, 2088, 2484, 154, 301, 901, 2858, 489, 556, 686, 1159, 1395, 4192, 36, 279, 474, 654, 1513, 1967, 3396, 944, 1077, 4463, 6, 30, 1273, 1636, 725, 1117, 1134, 7, 22, 162, 911, 2025, 3346, 118, 126, 675, 1050, 1770, 3017, 3284, 3445, 4767, 4779, 20, 1014, 1810, 3557, 4487, 4700, 1, 2, 122, 226, 264, 295, 656, 707, 1364, 35, 73, 82, 213, 660, 895]
RKP_05000_01000_3_09.txt|10093.0|10093|0.18132160200000955|[655, 1322, 2051, 2511, 2621, 556, 664, 671, 1189, 73, 152, 242, 384, 661, 1471, 2486, 3256, 4292, 51, 2497, 3538, 852, 1313, 3443, 106, 281, 310, 376, 2024, 2401, 7, 9, 87, 3392, 3572, 136, 492, 751, 1148, 3868, 4136, 786, 237, 252, 1978, 462, 1684, 2055, 2941, 14, 26, 40, 77, 83, 99, 159, 453, 494, 995, 2, 207, 886, 2287, 3618, 1, 8, 797, 1040, 2577, 13, 86, 290, 1003, 4, 61, 111, 354, 931, 426, 921, 1104, 2706, 193, 222, 830, 42, 57, 81, 412, 673, 1420]
RKP_05000_01000_3_10.txt|10694.0|10694|0.18179784099999552|[16, 119, 196, 219, 1125, 2322, 2764, 2894, 50, 270, 393, 876, 1329, 3150, 3435, 3589, 4466, 369, 1, 3, 25, 1785, 2813, 2940, 3240, 145, 413, 692, 811, 1019, 1184, 3234, 2, 2189, 14, 2915, 434, 1530, 3251, 62, 69, 1854, 3127, 4052, 6, 287, 907, 2224, 2749, 52, 235, 1093, 1498, 4227, 112, 223, 789, 808, 1621, 1635, 4747, 4788, 1803, 4631, 343, 344, 2139, 1097, 1847, 2877, 10, 3119, 305, 446, 458, 944, 1279, 2611, 73, 191, 781, 1343, 2458, 3064, 218, 308, 312, 400, 417, 479, 502, 627, 3879, 5, 66, 194, 272]
RKP_05000_01000_4_01.txt|1000.0|1000|0.18236871899999416|[4615]
RKP_05000_01000_4_02.txt|1000.0|1000|0.18382324200000086|[4655]
RKP_05000_01000_4_03.txt|1000.0|1000|0.18391379400000687|[4567]
RKP_05000_01000_4_04.txt|1000.0|1000|0.18283129000000373|[4559]
RKP_05000_01000_4_05.txt|1000.0|1000|0.18402832299999317|[4575]
RKP_05000_01000_4_06.txt|1000.0|1000|0.18234558800000514|[4578]
RKP_05000_01000_4_07.txt|1000.0|1000|0.18314176900000803|[4493]
RKP_05000_01000_4_08.txt|1000.0|1000|0.18227741900000183|[4472]
RKP_05000_01000_4_09.txt|1000.0|1000|0.18339390199999797|[4528]
RKP_05000_01000_4_10.txt|1000.0|1000|0.1829547549999984|[4469]
RKP_05000_01000_5_01.txt|974.0|974|0.18101416900000003|[1, 2, 3, 4, 5, 6, 7, 8, 9, 10, 11, 12, 13, 14, 15, 16, 17, 18, 19, 20, 21, 22, 23, 24, 25, 26]
RKP_05000_01000_5_02.txt|964.0|964|0.18311754799999108|[1, 2, 3, 4, 5, 6, 7, 8, 9, 10, 11, 12, 13, 14, 15, 16, 17, 18, 19, 20, 21, 22, 23, 24, 25, 26, 27, 28]
RKP_05000_01000_5_03.txt|991.0|991|0.185427351000003|[1, 3, 4, 5, 6, 7, 8, 9, 10, 11, 12, 13, 14, 15, 16, 17, 18, 19, 20, 21, 22, 23, 24, 25, 26, 27, 28, 29]
RKP_05000_01000_5_04.txt|986.0|986|0.18295258200000034|[1, 3, 4, 5, 6, 7, 8, 9, 10, 11, 12, 13, 14, 15, 16, 17, 18, 19, 20, 21, 22, 23, 24, 25, 26, 27]
RKP_05000_01000_5_05.txt|998.0|998|0.18355388599999287|[1, 3, 4, 5, 6, 7, 8, 9, 10, 11, 12, 13, 14, 15, 16, 17, 18, 19, 20, 21, 22, 23, 24, 25, 26, 27, 28, 29, 30]
RKP_05000_01000_5_06.txt|990.0|990|0.18274099699999852|[1, 4, 5, 6, 7, 8, 9, 10, 11, 12, 13, 14, 15, 16, 17, 18, 19, 20, 21, 22, 23, 24, 25, 26, 27, 28, 29, 30, 31, 32, 33]
RKP_05000_01000_5_07.txt|974.0|974|0.18204859099999568|[1, 2, 3, 4, 5, 6, 7, 8, 9, 10, 11, 12, 13, 14, 15, 16, 17, 18, 19, 20, 21, 22, 23, 24, 25, 26, 27, 28, 29, 30, 31]
RKP_05000_01000_5_08.txt|991.0|991|0.18357677099999137|[1, 2, 3, 4, 5, 6, 7, 8, 9, 10, 11, 12, 13, 14, 15, 16, 17, 18, 19, 20, 21, 22, 23, 24, 25, 26, 27]
RKP_05000_01000_5_09.txt|994.0|994|0.1840637700000161|[1, 2, 3, 4, 5, 6, 7, 8, 9, 10, 11, 12, 13, 14, 15, 16, 17, 18, 19, 20, 21, 22, 23, 24, 25, 26, 27, 28, 29, 30, 31]
RKP_05000_01000_5_10.txt|999.0|999|0.1817541559999995|[1, 3, 4, 5, 6, 7, 8, 9, 10, 11, 12, 13, 14, 15, 16, 17, 18, 19, 20, 21, 22, 23, 24, 25, 26]
RKP_05000_05000_1_01.txt|270415.0|270415|0.18533519599999862|[1201, 226, 1260, 134, 254, 1200, 74, 239, 2685, 263, 2997, 826, 1595, 255, 1416, 688, 75, 1247, 477, 1939, 36, 2945, 3721, 149, 168, 1437, 496, 2321, 2687, 3, 279, 2, 100, 498, 1543, 78, 174, 1674, 940, 4810, 358, 747, 290, 1305, 21, 127, 1231, 8, 522, 2896, 4, 41, 601, 206, 3266, 3813, 94, 40, 4308, 234, 562, 4777, 1083, 1246, 33, 604, 96, 248, 798, 274, 449, 4077, 3113, 1270, 809, 47, 1685, 1034, 521, 50, 1286]
RKP_05000_05000_1_02.txt|323722.0|323722|0.1874077640000087|[2706, 1005, 787, 3921, 24, 269, 297, 2174, 3940, 113, 45, 537, 1115, 903, 4402, 361, 21, 2667, 8, 10, 1855, 238, 805, 55, 1044, 117, 712, 1374, 1, 334, 4197, 396, 1107, 3754, 3059, 240, 3842, 444, 1152, 310, 1041, 378, 785, 2177, 2322, 2501, 104, 1459, 4, 2, 470, 4832, 4712, 4382, 1870, 1069, 1075, 2306, 668, 1556, 20, 3588, 3696, 3886, 213, 231, 1979, 258, 1722, 1309, 57, 4013, 669, 1203, 341, 2039, 141, 126, 4074, 89, 1434, 1786, 9, 18, 1266, 59, 1089, 814, 38]
RKP_05000_05000_1_03.txt|292870.0|292870|0.18482365800001163|[3247, 78, 557, 426, 233, 1, 4414, 2859, 3493, 2760, 2630, 582, 249, 115, 1098, 1265, 1477, 1261, 1115, 25, 1414, 3443, 3414, 318, 482, 1441, 811, 18, 393, 46, 110, 586, 1775, 231, 39, 80, 1099, 4284, 2264, 1594, 451, 86, 7, 3512, 2438, 3490, 1309, 206, 62, 8, 1235, 339, 3593, 1236, 429, 246, 1083, 2426, 297, 481, 960, 2124, 779, 5, 2615, 1108, 3417, 22, 1290, 353, 4374, 651, 504, 488, 645, 3154, 1374, 133, 908, 399, 1212, 692]
RKP_05000_05000_1_04.txt|310882.0|310882|0.1846351019999861|[4668, 3850, 90, 332, 34, 557, 5, 484, 1072, 376, 291, 9, 2003, 1, 2581, 3, 148, 2372, 1677, 145, 75, 2328, 1417, 4260, 368, 25, 1418, 408, 2061, 1859, 1389, 3813, 2584, 787, 222, 189, 1758, 3305, 390, 2991, 422, 81, 559, 85, 3547, 1938, 2051, 3651, 240, 831, 1753, 675, 3260, 76, 4172, 814, 48, 135, 38, 2813, 318, 169, 4715, 3568, 2013, 4384, 173, 1675, 226, 809, 12, 710, 105, 1875, 326, 4286, 778, 299, 2553, 3431, 3059, 333, 3410, 2017, 387, 18, 202, 935, 68, 24, 2312, 96]
RKP_05000_05000_1_05.txt|311282.0|311282|0.18519513800000595|[130, 3722, 2352, 378, 2467, 301, 694, 227, 2579, 403, 2657, 1, 4208, 3024, 1929, 2, 2309, 62, 22, 210, 46, 1668, 582, 214, 559, 55, 1460, 3186, 1483, 950, 127, 1662, 38, 3175, 143, 2804, 153, 32, 2411, 4354, 4846, 2045, 1432, 1088, 1993, 2118, 2025, 992, 1098, 923, 3, 33, 2138, 1281, 12, 463, 348, 1887, 459, 1492, 2703, 7, 3873, 1692, 245, 2910, 2427, 838, 518, 4789, 1003, 261, 1016, 146, 1372, 1642, 677, 20, 4108, 1521, 2223, 1221, 26, 4301, 1690, 148, 23, 167, 3813, 663, 139, 8]
RKP_05000_05000_1_06.txt|289693.0|289693|0.18683142499999575|[651, 1730, 1154, 693, 2701, 1227, 2729, 1981, 1065, 581, 23, 925, 621, 4540, 87, 378, 2, 3361, 2210, 40, 120, 2309, 1927, 4561, 4692, 2204, 363, 82, 3978, 407, 2048, 813, 850, 715, 18, 2509, 707, 613, 956, 243, 113, 1280, 649, 71, 825, 2132, 608, 66, 2240, 338, 4076, 514, 43, 2386, 1308, 568, 3613, 85, 2646, 8, 7, 1305, 445, 3938, 274, 333, 1054, 1671, 523, 3104, 1374, 2228, 275, 76, 1041, 64, 830, 538, 1855, 236, 20, 347, 754, 299, 1428, 427, 2949, 1578, 106, 2592, 122]
RKP_05000_05000_1_07.txt|258217.0|258217|0.18559002099999816|[1, 31, 2688, 2854, 3, 1616, 457, 536, 15, 3045, 829, 248, 1267, 380, 182, 44, 864, 83, 2, 1228, 1263, 4664, 29, 303, 739, 785, 4149, 8, 381, 30, 1820, 575, 2725, 529, 294, 1849, 190, 4, 2529, 478, 1897, 1315, 1406, 4260, 249, 153, 287, 1520, 1894, 7, 175, 215, 3888, 4225, 187, 2273, 230, 121, 4751, 667, 233, 745, 1019, 1375, 109, 16, 266, 1804, 3965, 1246, 916, 690, 1525, 79, 768, 346, 2162, 413, 463, 507, 137, 3875]
RKP_05000_05000_1_08.txt|269832.0|269832|0.18585985000002211|[95, 674, 253, 124, 156, 596, 38, 523, 91, 3998, 1421, 2525, 2536, 342, 3, 451, 1941, 371, 2047, 1167, 97, 2428, 836, 1549, 2600, 122, 1179, 560, 4195, 3744, 171, 30, 764, 3599, 1546, 3666, 280, 2312, 1439, 984, 16, 4080, 2, 3833, 1562, 1247, 471, 232, 275, 402, 192, 138, 303, 1737, 1678, 367, 140, 3792, 4934, 478, 850, 262, 706, 115, 878, 4527, 51, 2042, 2285, 4393, 2813, 949, 669, 2643, 2805, 4186, 137, 41, 453, 2681, 528, 314, 5, 902]
RKP_05000_05000_1_09.txt|286972.0|286972|0.1848516150000114|[170, 66, 448, 4248, 339, 542, 1458, 325, 4486, 565, 871, 1314, 1635, 682, 4615, 1006, 2636, 537, 3197, 460, 4489, 234, 2593, 1350, 1416, 1, 299, 1227, 113, 1592, 196, 701, 77, 139, 3, 42, 1245, 438, 2450, 632, 1254, 6, 820, 1917, 921, 221, 55, 2016, 160, 2143, 2834, 1788, 126, 492, 114, 1808, 2, 382, 1979, 2497, 312, 52, 17, 12, 563, 1114, 156, 355, 726, 2557, 380, 544, 99, 76, 1480, 1596, 376, 1466, 385, 179, 404, 151, 282, 1064, 1504, 1126, 1594, 243]
RKP_05000_05000_1_10.txt|257144.0|257144|0.186695461000013|[3078, 7, 414, 2580, 1609, 1652, 153, 2629, 472, 756, 659, 3067, 2050, 803, 4380, 3261, 959, 2870, 2151, 286, 185, 144, 467, 2281, 1504, 2608, 38, 1766, 3101, 1402, 909, 380, 2641, 981, 60, 92, 89, 278, 746, 813, 428, 2786, 2, 2306, 2607, 18, 24, 1479, 2498, 1209, 3450, 4532, 1986, 867, 1930, 1725, 2504, 2942, 10, 3198, 3471, 863, 14, 322, 3696, 1015, 724, 454, 862, 3229]
RKP_05000_05000_2_01.txt|24671.0|24671|0.1856353990000025|[2236, 293, 515, 411, 1045, 866, 1665, 748, 18, 93, 475, 235, 4844, 1367, 2937, 1059, 1308, 1505, 2251, 986, 4544, 20, 2687, 279, 1885, 3883, 250, 1784, 1635, 21, 690, 3403, 750, 1937, 1482, 579, 65, 70, 335, 1, 3667, 32, 49, 2113, 2458, 8, 1435, 1497, 19, 3722, 3808, 937, 1292, 319, 106]
RKP_05000_05000_2_02.txt|21623.0|21623|0.18529029599997557|[220, 1649, 15, 530, 14, 4007, 2244, 710, 563, 1069, 582, 3641, 56, 3796, 2429, 1172, 1058, 208, 5, 2162, 707, 161, 91, 4564, 677, 79, 2060, 1287, 294, 836, 96, 2814, 762, 2069, 105, 28, 3355, 131, 3984, 2142, 696, 722, 1714, 203, 3813, 3515, 191, 2272, 2839]
RKP_05000_05000_2_03.txt|21335.0|21335|0.18378843599999528|[3630, 983, 1269, 4565, 3839, 1429, 1, 1422, 477, 3090, 44, 177, 502, 1432, 3428, 375, 3957, 394, 2272, 4, 4235, 1207, 583, 441, 2224, 94, 1481, 306, 50, 38, 783, 1289, 3368, 21, 4939, 72, 1212, 812, 41, 659, 544, 2790, 64, 49, 216, 13, 338, 411, 465, 45, 582, 2868, 1998, 729, 2512]
RKP_05000_05000_2_04.txt|27916.0|27916|0.18835922200000368|[455, 122, 307, 37, 832, 2382, 23, 21, 2, 3257, 187, 4, 1124, 1586, 71, 2705, 2773, 47, 1606, 126, 637, 1223, 1335, 1508, 78, 1, 2632, 554, 2308, 238, 147, 893, 1329, 115, 655, 322, 3, 625, 346, 1412, 583, 131, 165, 372, 49, 82, 2318, 2093, 491, 3288, 3212, 406, 3593, 60, 19, 3704, 154, 262, 77, 264, 422, 862, 1748, 1519, 314, 20, 2343, 2319, 43, 1068]
RKP_05000_05000_2_05.txt|24077.0|24077|0.186222787000047|[1022, 113, 1813, 1011, 932, 513, 1103, 1588, 163, 501, 1153, 128, 4330, 103, 1232, 481, 858, 4182, 34, 5, 317, 13, 220, 606, 4410, 70, 1768, 874, 1242, 595, 1394, 3623, 2678, 1175, 4, 2694, 962, 4902, 3798, 2569, 662, 167, 4092, 1503, 9, 1034, 145, 2493, 350, 1489, 976, 551, 856, 734, 8, 2906, 2057]
RKP_05000_05000_2_06.txt|21199.0|21199|0.18450375399997937|[731, 3580, 832, 1073, 1070, 30, 629, 872, 136, 912, 3064, 3764, 437, 449, 2245, 574, 866, 637, 2357, 1756, 74, 985, 373, 370, 726, 411, 1342, 3105, 689, 1814, 3371, 1542, 281, 2039, 3248, 8, 526, 17, 326, 523, 356, 1807, 748, 106]
RKP_05000_05000_2_07.txt|24335.0|24335|0.18676238599999123|[1734, 129, 1137, 1460, 725, 4066, 932, 1115, 30, 624, 903, 411, 36, 926, 1438, 1819, 989, 1326, 3995, 1730, 3935, 3396, 152, 2045, 273, 1581, 199, 3005, 4239, 452, 1614, 421, 7, 631, 3180, 3704, 26, 461, 4779, 528, 72, 1988, 957, 3060, 2664, 2838, 16, 1435, 383, 2037, 409, 872, 713, 232, 169, 3189, 212, 1153]
RKP_05000_05000_2_08.txt|25285.0|25285|0.18761045500001727|[116, 3617, 449, 659, 1262, 3119, 760, 2, 286, 155, 1834, 2024, 1692, 179, 17, 1520, 899, 2598, 603, 746, 274, 953, 811, 919, 551, 332, 1239, 1835, 192, 782, 3335, 2907, 20, 724, 83, 3039, 1064, 1597, 2856, 9, 160, 2390, 30, 1464, 409, 1714, 34, 93, 3691, 1473, 259, 3274, 112, 461, 291, 2814, 944, 315, 2078, 2350, 2219]
RKP_05000_05000_2_09.txt|26824.0|26824|0.1855911879999803|[83, 3, 1231, 385, 82, 105, 1308, 1179, 3741, 1378, 7, 36, 1, 129, 893, 2129, 4959, 634, 423, 899, 2, 394, 2555, 164, 327, 973, 1478, 1213, 128, 519, 157, 180, 1482, 2889, 1771, 61, 1802, 413, 137, 60, 920, 279, 1687, 1462, 84, 26, 173, 4, 1555, 1177, 4230, 152, 181, 44, 1012, 1812, 1184, 1086, 360, 221, 19, 2382, 829, 251, 2368]
RKP_05000_05000_2_10.txt|24689.0|24689|0.18589941299999738|[2884, 666, 1620, 70, 725, 1, 330, 311, 42, 1136, 23, 899, 2, 3568, 205, 351, 97, 3467, 2524, 261, 856, 1908, 3618, 82, 2605, 185, 14, 2732, 2854, 1530, 1230, 1078, 3271, 723, 1060, 481, 2264, 35, 1015, 24, 175, 3185, 3272, 586, 233, 1757, 117, 4367, 268, 1742, 728, 2102, 452, 1601, 153, 4670, 3018, 657, 2594]
RKP_05000_05000_3_01.txt|53945.0|53945|0.18406510799999978|[1430, 88, 106, 1410, 1075, 449, 528, 2024, 1328, 1409, 39, 1004, 2100, 21, 54, 2544, 45, 926, 2987, 1887, 79, 2831, 736, 2738, 814, 3210, 16, 58, 94, 646, 1080, 1664, 638, 55, 800, 4143, 132, 563, 628, 6, 870, 1846, 336, 2454, 521, 530, 1850, 2266, 480, 3715, 83, 787, 1290, 17, 452, 625, 4, 1132, 198, 164, 510, 3361, 171, 1158, 13, 1758, 3941, 833, 4483, 1, 595, 1180, 1291, 12, 465, 731, 2145, 66, 634, 96, 284, 102, 2312, 137, 2025, 2122, 122, 157, 2781, 4085, 9, 26, 56, 169, 4523, 1539, 10, 499]
RKP_05000_05000_3_02.txt|51944.0|51944|0.1846156229999906|[2345, 2826, 773, 2392, 969, 2038, 509, 4488, 407, 601, 38, 1509, 99, 133, 3922, 507, 32, 33, 51, 3779, 2259, 4134, 4221, 151, 885, 3230, 2529, 1914, 217, 30, 1220, 4553, 221, 303, 50, 25, 4589, 58, 9, 1093, 1675, 1198, 155, 970, 985, 1151, 1, 55, 227, 1232, 1763, 59, 1970, 3096, 3743, 5, 115, 2025, 1199, 1793, 3282, 117, 2, 607, 85, 409, 106, 389, 47, 4338, 2501, 568, 92, 967, 1229, 493, 558, 3478, 3717, 597, 2556, 384, 769, 1132, 8, 405, 2118, 10, 1457, 16, 2589, 212, 23, 205]
RKP_05000_05000_3_03.txt|53985.0|53985|0.18566227499999058|[523, 3909, 636, 2585, 13, 3385, 1029, 1960, 1677, 1129, 194, 950, 3819, 3452, 185, 682, 856, 90, 67, 323, 489, 1255, 1, 219, 2297, 763, 2430, 46, 1696, 127, 4, 223, 1729, 281, 25, 2713, 366, 1099, 1187, 2, 1505, 88, 1011, 1875, 1777, 970, 963, 3, 1715, 2750, 79, 542, 1911, 3389, 826, 21, 1061, 12, 1278, 1703, 1516, 6, 471, 618, 1691, 1238, 433, 1495, 58, 777, 5, 116, 703, 1547, 2420, 554, 1800, 372, 15, 1855, 373, 38, 128, 2143, 183, 2274, 3213, 9, 140, 1284, 2768, 186, 937, 8, 553, 2147, 4032, 136]
RKP_05000_05000_3_04.txt|55460.0|55460|0.18536737000000358|[936, 779, 3625, 343, 476, 479, 61, 868, 454, 156, 2428, 1589, 27, 585, 2854, 3856, 4, 843, 505, 2727, 3391, 404, 3143, 256, 2704, 3454, 183, 109, 177, 642, 1033, 4104, 173, 3841, 51, 249, 412, 304, 1208, 14, 71, 3543, 3870, 4678, 1, 1276, 101, 229, 965, 2441, 3065, 12, 1564, 1800, 2915, 455, 102, 3872, 4170, 169, 198, 3497, 241, 718, 4343, 2018, 94, 208, 547, 1130, 640, 888, 1433, 19, 907, 284, 155, 1804, 2146, 720, 1746, 2081, 93, 1119, 6, 11, 282, 1793, 141, 4107, 4713, 215, 2688, 47, 274, 3523, 31, 599, 648, 1304, 205]
RKP_05000_05000_3_05.txt|52987.0|52987|0.18295147200002704|[81, 2428, 72, 97, 139, 331, 13, 368, 2910, 1044, 406, 537, 1680, 44, 50, 1771, 3138, 2606, 259, 969, 2, 207, 3566, 1506, 1664, 150, 4138, 628, 12, 984, 1640, 555, 4707, 372, 1519, 1982, 1843, 1758, 2994, 20, 4618, 1951, 5, 75, 617, 958, 141, 70, 945, 15, 115, 1004, 4267, 1960, 1686, 3569, 24, 34, 202, 3442, 1182, 28, 166, 779, 1313, 1696, 2386, 17, 4, 58, 268, 814, 242, 1, 616, 95, 309, 839, 32, 42, 25, 1655, 317, 620, 3509, 503, 1073, 138, 533, 1378, 62, 743, 375, 3119, 3733, 1745]
RKP_05000_05000_3_06.txt|54464.0|54464|0.1828284590000021|[313, 2697, 234, 1191, 3441, 480, 1123, 645, 924, 2300, 386, 1678, 2537, 28, 1115, 1989, 2724, 1, 78, 1005, 3251, 2338, 737, 4300, 817, 671, 22, 2115, 6, 23, 30, 55, 607, 2334, 115, 377, 382, 845, 3065, 285, 839, 8, 2100, 43, 239, 617, 2793, 130, 4180, 262, 1939, 44, 977, 2626, 4129, 242, 909, 48, 101, 125, 623, 934, 2169, 4383, 10, 1379, 1967, 318, 2412, 2, 7, 93, 3690, 3946, 97, 985, 3857, 165, 3214, 3325, 3, 190, 203, 430, 1745, 2540, 219, 3448, 18, 1323, 3359, 2035, 3327, 692, 2868, 233, 542, 616, 132]
RKP_05000_05000_3_07.txt|50923.0|50923|0.1845503380000082|[217, 2, 1664, 1728, 718, 796, 304, 924, 88, 766, 2201, 4, 609, 684, 817, 525, 4656, 2093, 835, 348, 490, 220, 232, 1338, 82, 2287, 813, 1818, 1420, 3987, 143, 1721, 2643, 487, 866, 2747, 2824, 1049, 231, 2345, 1, 459, 1279, 462, 1213, 3347, 2399, 2511, 1497, 897, 1127, 544, 1403, 717, 3, 130, 723, 1854, 119, 3503, 656, 1005, 599, 619, 1405, 192, 3036, 46, 4288, 739, 1375, 412, 598, 4796, 4750, 13, 2551, 1579, 2379, 395, 1939, 283, 1060, 652, 12, 61, 1964, 2655, 3295, 1090, 124, 1914]
RKP_05000_05000_3_08.txt|49406.0|49406|0.183370592999986|[433, 1969, 4469, 1833, 2446, 147, 150, 640, 18, 351, 1311, 762, 1104, 1105, 1, 524, 2750, 54, 391, 39, 752, 1450, 2393, 857, 16, 2528, 22, 784, 241, 4022, 4805, 2, 14, 2221, 1145, 1042, 2413, 876, 1371, 4731, 294, 2250, 28, 1613, 43, 110, 205, 122, 78, 484, 742, 53, 1224, 73, 2636, 2150, 430, 1520, 128, 152, 105, 828, 89, 1856, 454, 60, 254, 3967, 731, 280, 692, 9, 192, 38, 91, 547, 3512, 2945, 237, 563, 2697, 3072, 3, 6, 289, 2859, 251, 1185, 1405]
RKP_05000_05000_3_09.txt|56451.0|56451|0.18320999100000335|[42, 1667, 1282, 609, 17, 851, 629, 932, 1343, 233, 3677, 317, 2885, 1146, 2994, 345, 643, 4240, 929, 767, 913, 3338, 4313, 19, 43, 877, 2427, 1945, 4246, 259, 1328, 1813, 4338, 4825, 13, 789, 2838, 2435, 2484, 431, 660, 3684, 387, 1933, 4052, 2166, 133, 313, 8, 252, 1549, 111, 406, 96, 532, 4, 123, 512, 1727, 2926, 2247, 693, 1489, 7, 150, 354, 3864, 4789, 534, 593, 679, 3453, 1469, 165, 299, 338, 1555, 25, 140, 1746, 2773, 4192, 2, 54, 2746, 112, 1563, 3009, 75, 1, 830, 344, 793, 1562, 2111, 281, 35, 184, 356, 1479, 4077, 2525, 10]
RKP_05000_05000_3_10.txt|54471.0|54471|0.18277403099999445|[3, 1202, 1258, 3454, 59, 313, 577, 2698, 402, 2643, 490, 120, 1062, 3468, 3222, 2573, 2748, 2923, 60, 1358, 1135, 3759, 4808, 44, 13, 227, 1405, 4, 405, 1075, 481, 675, 137, 2521, 26, 1224, 2536, 1, 535, 576, 1307, 10, 48, 1786, 51, 607, 1714, 4381, 2, 1567, 1653, 3531, 3937, 1099, 278, 14, 716, 3046, 172, 1639, 665, 243, 664, 18, 1891, 3640, 102, 1444, 276, 988, 4391, 57, 5, 202, 28, 9, 25, 98, 1969, 3301, 1159, 23, 67, 616, 668, 261, 309, 77, 3218, 605, 319, 2978, 190, 181, 394, 355, 848, 893, 101]
RKP_05000_05000_4_01.txt|5000.0|5000|0.18507149399999434|[4658]
RKP_05000_05000_4_02.txt|5000.0|5000|0.1837307009999722|[4978]
RKP_05000_05000_4_03.txt|5000.0|5000|0.18362721799997417|[4714]
RKP_05000_05000_4_04.txt|5000.0|5000|0.1848396180000327|[4597]
RKP_05000_05000_4_05.txt|5000.0|5000|0.18474590600000285|[4783]
RKP_05000_05000_4_06.txt|5000.0|5000|0.18442029199999524|[4625]
RKP_05000_05000_4_07.txt|5000.0|5000|0.18291892399997323|[4778]
RKP_05000_05000_4_08.txt|5000.0|5000|0.1833557989999872|[4648]
RKP_05000_05000_4_09.txt|5000.0|5000|0.1854169229999843|[4770]
RKP_05000_05000_4_10.txt|4999.0|4999|0.1850768699999753|[4786]
RKP_05000_05000_5_01.txt|4898.0|4898|0.18365567700000157|[1, 3, 4, 5, 6, 7, 8, 9, 10, 11, 12, 13, 14, 15, 16, 17, 18, 19, 20, 21, 22, 23, 24, 25, 26, 27, 28, 29]
RKP_05000_05000_5_02.txt|4801.0|4801|0.18418074999997316|[1, 2, 3, 4, 5, 6, 7, 8, 9, 10, 11, 12, 13, 14, 15, 16, 17, 18, 19, 20, 21, 22, 23, 24, 25, 26, 27, 28, 29]
RKP_05000_05000_5_03.txt|4737.0|4737|0.18401368299999377|[1, 3, 4, 5, 6, 7, 8, 9, 10, 11, 12, 13, 14, 15, 16, 17, 18, 19, 20, 21, 22, 23, 24, 25, 26, 27]
RKP_05000_05000_5_04.txt|4993.0|4993|0.1828367960000014|[1, 4, 5, 6, 7, 8, 9, 10, 11, 12, 13, 14, 15, 16, 17, 18, 19, 20, 21, 22, 23, 24, 25, 26]
RKP_05000_05000_5_05.txt|5045.0|5045|0.18350246899997727|[1, 3, 4, 5, 6, 7, 8, 9, 10, 11, 12, 13, 14, 15, 16, 17, 18, 19, 20, 21, 22, 23, 24, 25, 26, 27]
RKP_05000_05000_5_06.txt|4673.0|4673|0.18556444899997587|[1, 2, 3, 4, 5, 6, 7, 8, 9, 10, 11, 12, 13, 14, 15, 16, 17, 18, 19, 20, 21, 22, 23, 24, 25]
RKP_05000_05000_5_07.txt|4894.0|4894|0.18522175400001287|[1, 2, 3, 4, 5, 6, 7, 8, 9, 10, 11, 12, 13, 14, 15, 16, 17, 18, 19, 20, 21, 22, 23, 24, 25, 26]
RKP_05000_05000_5_08.txt|4875.0|4875|0.18096317200001522|[1, 2, 3, 4, 5, 6, 7, 8, 9, 10, 11, 12, 13, 14, 15, 16, 17, 18, 19, 20, 21, 22, 23, 24, 25, 26, 27, 28]
RKP_05000_05000_5_09.txt|4920.0|4920|0.18424640000000636|[1, 2, 3, 4, 5, 6, 7, 8, 9, 10, 11, 12, 13, 14, 15, 16, 17, 18, 19, 20, 21, 22, 23, 24, 25, 26, 27, 28]
RKP_05000_05000_5_10.txt|4889.0|4889|0.18329130200000235|[1, 2, 3, 4, 5, 6, 7, 8, 9, 10, 11, 12, 13, 14, 15, 16, 17, 18, 19, 20, 21, 22, 23, 24, 25, 26, 27]
