RKP_00100_00100_1_01.txt|668.17|771|0.0005359770000000019|[22, 1, 28, 3, 29, 10, 17, 31, 16, 14]
RKP_00100_00100_1_02.txt|755.89|833|0.0005401470000000063|[1, 37, 48, 91, 9, 15, 47, 50, 44, 23, 2, 31]
RKP_00100_00100_1_03.txt|645.02|775|0.0005469009999999985|[34, 1, 4, 10, 2, 14, 63, 5, 6, 70, 12, 15]
RKP_00100_00100_1_04.txt|665.19|728|0.0005533439999999978|[15, 7, 9, 74, 43, 3, 10, 4, 5, 16]
RKP_00100_00100_1_05.txt|660.44|737|0.0005642340000000034|[79, 20, 22, 11, 16, 30, 44, 6, 1, 3]
RKP_00100_00100_1_06.txt|895.8|1014|0.0005603149999999991|[57, 97, 48, 47, 16, 17, 31, 55, 20, 34, 50, 83, 12]
RKP_00100_00100_1_07.txt|460.6|519|0.0005103739999999979|[39, 46, 60, 51, 9, 5, 1, 71]
RKP_00100_00100_1_08.txt|763.75|829|0.0005634550000000072|[87, 92, 2, 6, 1, 7, 13, 88, 76, 9, 12, 11, 24]
RKP_00100_00100_1_09.txt|578.27|652|0.0005285819999999797|[24, 5, 18, 16, 52, 29, 42, 2, 23, 8]
RKP_00100_00100_1_10.txt|661.89|733|0.0005423260000000041|[27, 11, 13, 4, 1, 2, 33, 18, 20, 5, 12]
RKP_00100_00100_2_01.txt|146.88|173|0.0005057950000000067|[6, 20, 1, 2, 43, 22, 13, 57, 68]
RKP_00100_00100_2_02.txt|153.5|170|0.0005121070000000172|[30, 28, 80, 4, 8, 5, 40, 47, 1, 11]
RKP_00100_00100_2_03.txt|153.05|174|0.0005178329999999964|[75, 48, 59, 51, 31, 1, 5, 47, 16, 64]
RKP_00100_00100_2_04.txt|147.69|162|0.0005098719999999757|[11, 18, 50, 2, 8, 9, 28, 26]
RKP_00100_00100_2_05.txt|139.5|156|0.0005067069999999973|[64, 30, 32, 82, 36, 29]
RKP_00100_00100_2_06.txt|123.27|146|0.000552154999999992|[47, 2, 23, 8, 28]
RKP_00100_00100_2_07.txt|134.08|152|0.0005376830000000021|[7, 22, 28, 15, 13, 49, 21]
RKP_00100_00100_2_08.txt|127.49|149|0.0006251919999999833|[2, 16, 1, 28, 6, 15, 4]
RKP_00100_00100_2_09.txt|125.29|143|0.0005344610000000128|[37, 9, 42, 20, 23, 27, 7]
RKP_00100_00100_2_10.txt|138.41|157|0.000506939000000004|[65, 2, 40, 1, 85, 14, 28, 64]
RKP_00100_00100_3_01.txt|205.91|225|0.0005406999999999873|[5, 8, 3, 6, 29, 44, 2, 47, 10, 24, 21, 52]
RKP_00100_00100_3_02.txt|203.5|232|0.0005266499999999952|[24, 2, 17, 3, 59, 52, 1, 8, 56, 25, 41, 48, 7]
RKP_00100_00100_3_03.txt|225.82|252|0.0005531890000000095|[4, 14, 46, 6, 49, 12, 45, 64, 75, 2, 23, 66, 1, 19, 81]
RKP_00100_00100_3_04.txt|210.25|230|0.000548359999999981|[34, 21, 26, 6, 9, 42, 8, 4, 48, 50, 2, 72, 14]
RKP_00100_00100_3_05.txt|209.57|221|0.0005275729999999945|[1, 52, 7, 12, 25, 2, 15, 70, 3, 33, 72, 6]
RKP_00100_00100_3_06.txt|236.1|262|0.0005635929999999956|[11, 2, 3, 72, 40, 8, 27, 31, 66, 6, 4, 12, 16, 1, 19, 28]
RKP_00100_00100_3_07.txt|196.67|210|0.0005316959999999638|[2, 14, 89, 27, 83, 5, 4, 6, 67, 88, 8]
RKP_00100_00100_3_08.txt|200.58|222|0.0005294269999999912|[1, 9, 12, 7, 18, 3, 33, 15, 58, 6, 70, 2]
RKP_00100_00100_3_09.txt|184.44|201|0.0005143919999999813|[32, 89, 1, 48, 8, 42, 4, 2, 3, 9]
RKP_00100_00100_3_10.txt|222.82|251|0.0005439369999999721|[20, 60, 67, 66, 69, 46, 1, 61, 5, 62, 47, 34, 45, 54, 6]
RKP_00100_00100_4_01.txt|99.41|100|0.00044417900000000456|[97]
RKP_00100_00100_4_02.txt|99.66|100|0.00043719700000004023|[88]
RKP_00100_00100_4_03.txt|99.76|100|0.000443333000000008|[84]
RKP_00100_00100_4_04.txt|99.79|100|0.00044225800000003535|[95]
RKP_00100_00100_4_05.txt|99.85|100|0.0004435749999999761|[87]
RKP_00100_00100_4_06.txt|97.64|98|0.00044242000000001004|[93]
RKP_00100_00100_4_07.txt|97.76|98|0.00044471499999998443|[98]
RKP_00100_00100_4_08.txt|99.6|100|0.00044511600000001205|[97]
RKP_00100_00100_4_09.txt|98.79|99|0.00044172300000000497|[89]
RKP_00100_00100_4_10.txt|97.55|98|0.0004766769999999809|[88]
RKP_00100_00100_5_01.txt|96.7|118|0.000488106999999971|[2, 4, 5, 6, 7, 8]
RKP_00100_00100_5_02.txt|83.86|107|0.00048172900000000853|[3, 6, 7, 8, 9]
RKP_00100_00100_5_03.txt|98.16|108|0.00047589400000002335|[1, 2, 3, 4, 5, 6]
RKP_00100_00100_5_04.txt|94.45|106|0.0004723790000000072|[1, 2, 5, 6, 7, 8]
RKP_00100_00100_5_05.txt|91.57|105|0.0004784690000000014|[1, 2, 3, 5, 7, 8, 11]
RKP_00100_00100_5_06.txt|91.9|112|0.00046342800000001463|[1, 3, 5, 6]
RKP_00100_00100_5_07.txt|86.93|110|0.0004922940000000064|[3, 4, 5, 6, 7, 8, 10]
RKP_00100_00100_5_08.txt|92.05|104|0.000521853000000001|[3, 6, 7, 8, 9, 10]
RKP_00100_00100_5_09.txt|95.43|115|0.00047015500000000096|[1, 4, 5, 6]
RKP_00100_00100_5_10.txt|88.26|107|0.0005150030000000249|[1, 2, 3, 5, 6, 7, 8, 10, 11]
RKP_00500_00100_1_01.txt|1550.91|1687|0.0025924749999999895|[304, 211, 140, 3, 40, 500, 25, 2, 148, 222, 120, 173, 284, 131, 269, 274, 4, 38, 5, 27, 63, 75, 17, 129]
RKP_00500_00100_1_02.txt|1372.01|1494|0.0024959579999999848|[77, 288, 175, 102, 13, 89, 205, 351, 87, 289, 388, 325, 132, 433, 4, 30, 394, 109, 14, 170, 88]
RKP_00500_00100_1_03.txt|1281.26|1402|0.0024335030000000035|[11, 5, 113, 30, 111, 228, 147, 496, 1, 139, 40, 123, 360, 140, 477, 158, 16, 15, 326, 73, 164, 37]
RKP_00500_00100_1_04.txt|1505.51|1630|0.002541612999999998|[64, 156, 11, 315, 65, 41, 93, 245, 359, 197, 59, 94, 48, 254, 121, 467, 62, 5, 23, 151]
RKP_00500_00100_1_05.txt|1590.67|1699|0.0025285430000000276|[72, 11, 17, 10, 215, 363, 402, 26, 24, 2, 23, 116, 18, 203, 5, 136, 104, 3, 1, 60, 320, 382, 192, 130]
RKP_00500_00100_1_06.txt|1803.28|1980|0.0025096050000000323|[89, 230, 3, 13, 165, 240, 52, 34, 190, 22, 211, 182, 490, 5, 189, 281, 225, 50, 83, 131, 30, 244, 55, 53, 2, 411, 353, 107]
RKP_00500_00100_1_07.txt|1817.32|1963|0.002527580999999932|[97, 22, 31, 461, 40, 492, 2, 47, 126, 80, 257, 322, 469, 206, 21, 7, 410, 192, 165, 89, 49, 16, 94, 147, 133, 183, 5, 4]
RKP_00500_00100_1_08.txt|1547.23|1678|0.0024945319999999426|[29, 4, 146, 10, 258, 156, 185, 1, 378, 106, 165, 3, 16, 2, 450, 326, 332, 149, 122, 167, 357, 63, 35, 254]
RKP_00500_00100_1_09.txt|1514.65|1624|0.002514730000000007|[19, 307, 77, 108, 148, 180, 16, 153, 496, 151, 54, 344, 229, 221, 39, 324, 210, 48, 173, 56, 68, 214, 150, 2, 257]
RKP_00500_00100_1_10.txt|1451.53|1571|0.0024858400000000104|[75, 62, 5, 413, 14, 4, 3, 162, 6, 1, 214, 84, 234, 277, 31, 21, 33, 342, 8, 110, 15, 49, 78]
RKP_00500_00100_2_01.txt|233.1|252|0.002449798999999988|[11, 168, 226, 259, 39, 441, 16, 32, 137, 60, 148, 102, 3, 50, 101, 88, 100, 218, 351, 36]
RKP_00500_00100_2_02.txt|228.87|246|0.0023953440000000193|[336, 131, 65, 6, 97, 167, 314, 156, 195, 13, 142, 4, 59, 441, 299, 21, 100, 141, 112]
RKP_00500_00100_2_03.txt|222.87|243|0.0024906659999999903|[107, 100, 166, 436, 135, 164, 71, 154, 2, 31, 382, 142, 64, 3, 104, 18, 21, 60, 318, 13, 37, 151]
RKP_00500_00100_2_04.txt|220.89|241|0.002460049000000026|[163, 58, 112, 105, 204, 26, 55, 216, 11, 14, 125, 429, 306, 7, 9, 80, 20, 38, 19, 16, 85]
RKP_00500_00100_2_05.txt|218.83|240|0.0025020139999999903|[5, 260, 426, 10, 38, 48, 218, 294, 4, 87, 16, 58, 77, 275, 322, 417, 34, 182, 52, 240]
RKP_00500_00100_2_06.txt|208.66|223|0.0025313119999999857|[9, 70, 155, 1, 35, 3, 27, 150, 117, 57, 15, 302, 50, 5, 53, 89]
RKP_00500_00100_2_07.txt|208.96|224|0.0024105040000000065|[1, 17, 260, 75, 292, 452, 114, 5, 83, 3, 308, 123, 6, 9, 162, 278, 67, 226]
RKP_00500_00100_2_08.txt|190.39|206|0.0023662520000000244|[495, 45, 15, 1, 96, 3, 6, 7, 50, 123, 42, 23, 184, 350, 46]
RKP_00500_00100_2_09.txt|174.64|191|0.0024206110000000703|[38, 2, 108, 304, 70, 87, 277, 433, 52, 39, 335, 115, 312, 176, 426]
RKP_00500_00100_2_10.txt|195.42|219|0.002461139999999995|[116, 14, 372, 118, 21, 40, 166, 20, 19, 154, 216, 276, 498, 83, 46, 441, 62]
RKP_00500_00100_3_01.txt|320.78|340|0.0024828289999999243|[1, 5, 143, 33, 96, 43, 401, 11, 2, 31, 38, 148, 158, 240, 64, 344, 77, 8, 24, 225, 248, 78, 333, 260]
RKP_00500_00100_3_02.txt|377.7|400|0.002457533999999999|[5, 39, 56, 152, 160, 189, 1, 4, 73, 103, 110, 167, 172, 26, 32, 221, 64, 111, 202, 203, 3, 38, 195, 336, 413, 15, 68, 162, 331, 351]
RKP_00500_00100_3_03.txt|359.13|380|0.0024562970000000205|[9, 71, 93, 113, 148, 444, 454, 1, 351, 11, 22, 258, 264, 142, 193, 198, 266, 292, 14, 40, 45, 126, 191, 5, 118, 123, 43, 49]
RKP_00500_00100_3_04.txt|371.79|390|0.0025517050000000018|[2, 104, 168, 312, 345, 209, 278, 280, 282, 350, 1, 142, 163, 66, 31, 72, 119, 146, 156, 328, 20, 125, 217, 453, 8, 9, 11, 50, 5]
RKP_00500_00100_3_05.txt|384.02|410|0.002601138999999897|[12, 417, 1, 74, 92, 106, 143, 319, 381, 8, 84, 87, 108, 211, 294, 382, 33, 377, 9, 32, 196, 340, 392, 7, 30, 88, 189, 252, 263, 397, 35]
RKP_00500_00100_3_06.txt|332.46|361|0.0024550079999999495|[16, 5, 24, 45, 186, 189, 242, 311, 56, 91, 433, 52, 204, 283, 12, 73, 90, 1, 2, 4, 11, 19, 68, 137, 7, 67]
RKP_00500_00100_3_07.txt|331.18|351|0.00243380099999996|[5, 17, 30, 33, 196, 200, 1, 2, 4, 141, 157, 308, 3, 302, 37, 102, 111, 216, 430, 77, 244, 287, 7, 57, 65]
RKP_00500_00100_3_08.txt|403.24|420|0.002532086999999983|[14, 90, 114, 301, 19, 58, 62, 84, 144, 150, 172, 451, 8, 133, 302, 323, 31, 57, 63, 275, 35, 214, 484, 4, 26, 280, 470, 1, 93, 141, 10, 46]
RKP_00500_00100_3_09.txt|364.25|389|0.0024619140000000073|[4, 58, 154, 231, 104, 148, 171, 294, 347, 434, 2, 115, 221, 70, 169, 1, 3, 24, 54, 108, 63, 269, 315, 83, 122, 136, 173, 208, 14]
RKP_00500_00100_3_10.txt|356.81|380|0.0025172780000000295|[322, 18, 165, 305, 1, 40, 325, 153, 159, 183, 189, 3, 7, 10, 25, 32, 99, 123, 193, 388, 14, 38, 57, 392, 36, 47, 60, 174]
RKP_00500_00100_4_01.txt|100.0|100|0.0023195049999999817|[434]
RKP_00500_00100_4_02.txt|100.0|100|0.0022729140000001457|[423]
RKP_00500_00100_4_03.txt|100.0|100|0.0022638069999999823|[434]
RKP_00500_00100_4_04.txt|100.0|100|0.0022469769999999656|[419]
RKP_00500_00100_4_05.txt|100.0|100|0.002284843000000034|[421]
RKP_00500_00100_4_06.txt|99.96|100|0.002258443999999891|[431]
RKP_00500_00100_4_07.txt|99.98|100|0.0022353250000000102|[467]
RKP_00500_00100_4_08.txt|100.0|100|0.002270572000000044|[430]
RKP_00500_00100_4_09.txt|100.0|100|0.0023080639999999517|[440]
RKP_00500_00100_4_10.txt|99.97|100|0.0022506449999999314|[473]
RKP_00500_00100_5_01.txt|93.89|102|0.0024035250000000907|[1, 3, 4, 6, 7, 9, 11, 12, 14, 15, 16, 19, 20]
RKP_00500_00100_5_02.txt|96.42|107|0.0022693730000000302|[2, 3, 5, 7, 8, 9, 10, 11, 12]
RKP_00500_00100_5_03.txt|93.26|103|0.002305377000000011|[2, 5, 6, 7, 9, 11, 12, 14]
RKP_00500_00100_5_04.txt|96.01|104|0.002316352000000048|[2, 5, 6, 7, 8, 9, 10, 11, 12, 13, 14, 15]
RKP_00500_00100_5_05.txt|92.71|102|0.0023718280000001|[1, 2, 3, 5, 6, 7, 8, 10, 11, 12, 14, 16, 17]
RKP_00500_00100_5_06.txt|96.08|106|0.002341815999999852|[1, 4, 5, 6, 7, 8, 9, 10, 11, 12, 14, 15, 16, 17]
RKP_00500_00100_5_07.txt|94.45|106|0.0023422529999999496|[2, 3, 4, 5, 6, 7, 8, 9, 10, 12, 13]
RKP_00500_00100_5_08.txt|94.24|106|0.0023405340000001475|[4, 5, 6, 7, 10, 11, 12, 13, 15, 16]
RKP_00500_00100_5_09.txt|93.06|103|0.0022892460000000624|[3, 5, 6, 7, 8, 9, 10, 11, 12, 13]
RKP_00500_00100_5_10.txt|91.46|104|0.002322508999999915|[3, 4, 5, 6, 8, 9, 10, 11, 12, 13, 15, 16, 17]
RKP_01000_00100_1_01.txt|2044.24|2174|0.006029099999999907|[67, 91, 151, 97, 47, 50, 260, 2, 64, 123, 465, 13, 432, 51, 42, 27, 39, 10, 604, 646, 8, 261, 40, 531, 222, 376, 116, 36, 606, 48]
RKP_01000_00100_1_02.txt|1927.33|2049|0.005835250000000052|[16, 584, 294, 292, 30, 696, 754, 195, 486, 9, 557, 72, 38, 193, 359, 1, 49, 8, 2, 527, 519, 50, 108, 515, 171, 89, 64, 694, 872, 18, 599]
RKP_01000_00100_1_03.txt|1916.83|2094|0.005895331000000112|[174, 128, 172, 535, 199, 32, 114, 800, 50, 2, 869, 498, 4, 48, 56, 1, 326, 182, 252, 19, 3, 16, 725, 754, 116, 366, 330, 121, 704, 483]
RKP_01000_00100_1_04.txt|2186.84|2285|0.005940565999999841|[733, 726, 247, 283, 75, 44, 566, 14, 151, 165, 429, 5, 12, 20, 732, 255, 2, 163, 3, 857, 184, 790, 6, 69, 42, 592, 172, 53, 266, 376, 277, 758]
RKP_01000_00100_1_05.txt|2066.06|2159|0.005942296000000056|[75, 89, 915, 673, 123, 207, 1, 49, 121, 696, 307, 37, 776, 39, 16, 12, 553, 188, 582, 26, 865, 151, 299, 29, 635, 82, 198, 159, 1000, 340]
RKP_01000_00100_1_06.txt|2285.49|2372|0.005935485999999876|[383, 790, 58, 33, 1, 99, 38, 168, 242, 250, 993, 442, 6, 120, 349, 52, 632, 44, 176, 4, 177, 8, 283, 265, 255, 244, 55, 37, 117, 233, 210, 546, 83]
RKP_01000_00100_1_07.txt|2358.64|2500|0.006036293999999955|[128, 382, 436, 226, 3, 556, 127, 7, 874, 204, 440, 130, 49, 778, 129, 190, 90, 476, 342, 19, 170, 88, 372, 86, 484, 80, 627, 641, 1, 2, 42, 8, 146]
RKP_01000_00100_1_08.txt|2103.22|2227|0.0059602829999998615|[356, 422, 4, 68, 421, 1, 145, 149, 80, 6, 223, 716, 22, 303, 242, 274, 366, 26, 118, 15, 10, 5, 7, 29, 390, 101, 294, 278, 780, 16, 111, 183, 202]
RKP_01000_00100_1_09.txt|2009.43|2122|0.005995423999999829|[31, 672, 103, 196, 782, 168, 14, 213, 27, 290, 17, 513, 48, 691, 1, 898, 32, 262, 579, 489, 2, 108, 925, 170, 427, 133, 39, 15, 248, 405]
RKP_01000_00100_1_10.txt|2360.84|2481|0.006108347999999957|[19, 76, 618, 748, 253, 111, 8, 331, 55, 104, 491, 669, 968, 159, 37, 43, 785, 480, 813, 931, 805, 1, 50, 221, 188, 286, 158, 399, 663, 295, 4, 11, 30, 198, 754, 534, 439, 368]
RKP_01000_00100_2_01.txt|248.98|264|0.005855325999999863|[7, 24, 47, 209, 12, 374, 13, 3, 16, 111, 253, 366, 73, 380, 690, 185, 21, 375, 252, 33, 41, 76, 183, 470]
RKP_01000_00100_2_02.txt|247.69|268|0.0057910710000000165|[84, 385, 375, 782, 311, 63, 73, 179, 410, 547, 357, 583, 183, 213, 69, 8, 397, 77, 954, 3, 166, 202, 901, 13]
RKP_01000_00100_2_03.txt|292.99|312|0.005896176000000217|[5, 97, 171, 58, 417, 124, 141, 330, 81, 123, 394, 335, 897, 87, 33, 64, 13, 746, 420, 928, 282, 55, 404, 256, 340, 84, 854, 186]
RKP_01000_00100_2_04.txt|252.76|274|0.005964900000000277|[35, 37, 94, 21, 60, 123, 428, 184, 443, 58, 504, 147, 130, 8, 49, 782, 74, 24, 207, 244, 332]
RKP_01000_00100_2_05.txt|246.67|262|0.005917184999999741|[380, 7, 420, 742, 84, 428, 222, 236, 26, 73, 409, 299, 30, 501, 162, 2, 512, 5, 11, 12, 214, 255, 351, 462, 823, 172, 846]
RKP_01000_00100_2_06.txt|293.83|310|0.0059927190000001575|[122, 805, 6, 138, 858, 590, 33, 1, 16, 602, 259, 24, 255, 52, 154, 187, 9, 57, 8, 48, 383, 827, 185, 233, 290, 115, 647, 46]
RKP_01000_00100_2_07.txt|249.88|269|0.0059171349999999736|[7, 173, 796, 81, 457, 208, 396, 950, 3, 284, 2, 61, 444, 520, 433, 20, 531, 1, 337, 480, 682, 305, 731, 218]
RKP_01000_00100_2_08.txt|283.82|301|0.005982088000000055|[44, 10, 121, 661, 3, 7, 39, 609, 862, 9, 26, 11, 406, 250, 41, 49, 573, 175, 131, 228, 21, 278, 294, 549, 223, 16, 54]
RKP_01000_00100_2_09.txt|253.12|273|0.005909476000000069|[436, 382, 417, 18, 348, 191, 235, 904, 656, 205, 651, 13, 982, 31, 127, 30, 225, 6, 9, 118, 1, 25, 176, 470]
RKP_01000_00100_2_10.txt|267.21|289|0.005916519999999892|[15, 163, 252, 191, 341, 521, 1, 56, 5, 164, 4, 122, 309, 710, 564, 282, 579, 30, 89, 273, 314, 409, 700, 58, 71, 184, 522, 755, 196]
RKP_01000_00100_3_01.txt|491.46|520|0.006095539000000052|[32, 51, 119, 133, 249, 337, 537, 659, 857, 1, 11, 15, 55, 186, 340, 348, 456, 464, 704, 740, 795, 2, 94, 134, 157, 208, 322, 326, 441, 565, 567, 605, 962, 65, 763, 22, 69, 77, 83, 179, 240, 118]
RKP_01000_00100_3_02.txt|459.14|480|0.0060976469999999595|[9, 25, 120, 137, 138, 295, 654, 3, 37, 69, 79, 94, 126, 176, 300, 318, 644, 2, 16, 19, 24, 31, 53, 56, 110, 121, 216, 386, 586, 600, 7, 286, 377, 381, 567, 978, 4, 47]
RKP_01000_00100_3_03.txt|480.02|499|0.005974972000000065|[1, 17, 31, 54, 325, 692, 836, 3, 84, 143, 170, 204, 222, 270, 392, 530, 580, 652, 994, 46, 62, 74, 321, 443, 738, 822, 93, 378, 431, 22, 44, 89, 142, 180, 181, 256, 382, 448, 625, 720]
RKP_01000_00100_3_04.txt|473.87|490|0.006005330999999963|[1, 9, 274, 277, 305, 449, 645, 740, 786, 4, 5, 16, 44, 65, 235, 558, 639, 2, 29, 31, 41, 83, 293, 550, 42, 142, 149, 389, 15, 119, 433, 492, 657, 24, 35, 53, 58, 62, 148]
RKP_01000_00100_3_05.txt|414.54|440|0.005999050999999973|[57, 460, 630, 661, 2, 5, 23, 24, 29, 31, 46, 108, 144, 163, 172, 10, 86, 100, 141, 151, 480, 37, 85, 107, 192, 204, 308, 315, 876, 910, 21, 50, 76, 145]
RKP_01000_00100_3_06.txt|423.55|450|0.005938198999999926|[5, 112, 204, 242, 249, 1, 7, 16, 22, 37, 224, 347, 471, 886, 970, 15, 28, 63, 71, 129, 207, 217, 278, 543, 14, 25, 153, 239, 901, 13, 18, 64, 66, 330, 3]
RKP_01000_00100_3_07.txt|495.02|510|0.006210039999999957|[16, 53, 112, 129, 190, 231, 591, 695, 822, 888, 1, 4, 5, 38, 354, 433, 605, 750, 867, 3, 56, 62, 131, 282, 337, 402, 483, 12, 23, 31, 169, 8, 34, 124, 161, 204, 583, 2, 6, 17, 63]
RKP_01000_00100_3_08.txt|414.51|439|0.005919783000000009|[179, 1, 2, 71, 89, 97, 131, 266, 303, 7, 11, 53, 130, 145, 252, 257, 292, 524, 636, 703, 35, 198, 340, 9, 33, 118, 152, 154, 233, 342, 472, 655, 13, 250]
RKP_01000_00100_3_09.txt|421.78|440|0.0059192109999994|[23, 141, 480, 647, 17, 211, 216, 318, 403, 578, 758, 871, 1, 6, 9, 26, 48, 77, 185, 202, 257, 2, 4, 36, 47, 126, 127, 199, 446, 471, 825, 885, 930, 19]
RKP_01000_00100_3_10.txt|458.16|480|0.006113210000000464|[12, 156, 245, 524, 677, 764, 3, 16, 18, 22, 35, 46, 72, 106, 169, 227, 334, 467, 632, 37, 56, 104, 187, 439, 964, 10, 26, 1, 103, 247, 314, 566, 687, 799, 2, 4, 5, 9]
RKP_01000_00100_4_01.txt|99.98|100|0.00569976600000011|[866]
RKP_01000_00100_4_02.txt|100.0|100|0.005738921999999675|[858]
RKP_01000_00100_4_03.txt|100.0|100|0.0055858099999996115|[856]
RKP_01000_00100_4_04.txt|100.0|100|0.0055450860000003386|[828]
RKP_01000_00100_4_05.txt|100.0|100|0.005740842000000015|[851]
RKP_01000_00100_4_06.txt|100.0|100|0.005577985999999982|[926]
RKP_01000_00100_4_07.txt|100.0|100|0.005609009999999941|[887]
RKP_01000_00100_4_08.txt|100.0|100|0.005616117000000145|[851]
RKP_01000_00100_4_09.txt|100.0|100|0.005653669000000079|[877]
RKP_01000_00100_4_10.txt|100.0|100|0.005712235000000235|[843]
RKP_01000_00100_5_01.txt|96.83|104|0.00575428799999969|[2, 3, 4, 5, 6, 7, 10, 11, 12, 13, 14, 15, 17]
RKP_01000_00100_5_02.txt|93.08|102|0.005833761999999609|[1, 2, 3, 4, 6, 7, 8, 9, 10, 11, 12, 13, 15]
RKP_01000_00100_5_03.txt|97.39|105|0.005757760999999988|[1, 3, 4, 5, 6, 7, 8, 9, 10, 11, 12, 15, 16, 17]
RKP_01000_00100_5_04.txt|96.37|104|0.005658964000000211|[3, 4, 5, 6, 8, 9, 10, 11, 12, 13, 14, 15, 17, 18, 19, 20]
RKP_01000_00100_5_05.txt|95.67|102|0.0056762410000006725|[2, 4, 5, 6, 7, 8, 10, 11, 12, 13, 14, 15, 18, 19]
RKP_01000_00100_5_06.txt|96.98|104|0.005746474999999762|[1, 3, 5, 6, 7, 8, 9, 10, 12, 13, 15, 16, 17, 18, 19, 20]
RKP_01000_00100_5_07.txt|96.71|102|0.005756675000000016|[1, 2, 3, 5, 6, 7, 9, 10, 12, 13, 14, 15, 17, 18, 19, 20, 21, 22, 23, 25]
RKP_01000_00100_5_08.txt|96.89|106|0.005646834999999513|[2, 3, 4, 7, 8, 10, 11, 12, 13, 14, 15, 16]
RKP_01000_00100_5_09.txt|92.84|105|0.005667059000000023|[1, 5, 6, 7, 8, 9, 10, 11, 12, 14, 15, 16]
RKP_01000_00100_5_10.txt|94.26|101|0.005660121000000515|[1, 2, 3, 4, 5, 7, 8, 13, 14, 15, 16, 17]
RKP_05000_00100_1_01.txt|4560.51|4756|0.07710510400000033|[302, 1275, 1839, 1373, 465, 3, 4, 5, 9, 1, 553, 2091, 8, 20, 3645, 1406, 642, 2106, 540, 116, 589, 51, 3411, 904, 49, 1485, 150, 1700, 1482, 68, 2398, 1366, 3733, 4536, 59, 852, 89, 213, 1277, 155, 1181, 1207, 24, 115, 99, 2478, 2692, 21, 1723, 847, 801, 1568, 2556, 2505, 1213, 2003, 22, 7, 363, 4545, 13, 16, 1021, 343]
RKP_05000_00100_1_02.txt|4403.98|4561|0.07731037600000029|[3648, 2939, 3415, 60, 171, 31, 277, 1821, 4066, 73, 350, 4311, 4651, 174, 2, 4439, 1210, 2337, 104, 42, 716, 1201, 501, 16, 1, 347, 338, 601, 135, 374, 18, 235, 304, 151, 2809, 3107, 51, 1720, 1929, 301, 3739, 2669, 99, 75, 420, 275, 892, 437, 4339, 3158, 1585, 44, 794, 1557, 1432, 4071, 57, 262, 357, 1908]
RKP_05000_00100_1_03.txt|4413.45|4554|0.07725219399999986|[6, 2646, 1355, 1, 1069, 207, 4798, 52, 4396, 4053, 136, 193, 1588, 10, 2992, 3261, 27, 3127, 26, 1880, 1417, 3686, 3801, 1634, 4436, 3036, 114, 1171, 612, 3005, 2382, 5, 1550, 304, 22, 156, 2797, 793, 591, 929, 2939, 1020, 961, 219, 2442, 350, 1237, 656, 1044, 1363, 1154, 401, 1035, 1283, 3382, 1179, 436, 208, 81]
RKP_05000_00100_1_04.txt|4167.35|4309|0.07712435000000027|[2831, 2565, 2594, 7, 4320, 1931, 69, 378, 713, 23, 2528, 1521, 5, 3064, 135, 4470, 444, 4280, 3644, 3336, 3198, 16, 868, 1633, 1367, 579, 3338, 131, 233, 2859, 78, 3225, 3474, 205, 2255, 416, 2304, 3703, 3605, 795, 1675, 455, 20, 651, 41, 557, 38, 792, 4914, 1210, 3053, 979, 1048, 147, 3006, 2940, 3484, 4248, 337, 1814, 2934, 104, 898, 1603]
RKP_05000_00100_1_05.txt|4106.25|4258|0.07759738099999978|[64, 644, 38, 541, 427, 542, 4588, 2, 8, 1759, 1433, 2850, 3856, 20, 16, 4, 174, 306, 1432, 33, 53, 2447, 2549, 101, 2995, 288, 60, 4969, 96, 92, 4179, 44, 507, 527, 356, 1088, 23, 270, 2347, 230, 3160, 977, 4630, 158, 14, 2922, 428, 608, 907, 660, 2886, 317, 2537, 3454, 4002, 2097, 1510, 5, 81, 106]
RKP_05000_00100_1_06.txt|4261.58|4468|0.07779468900000026|[2608, 45, 41, 1799, 747, 25, 3167, 152, 3825, 9, 807, 133, 645, 62, 1279, 896, 860, 3, 122, 329, 1512, 8, 1319, 435, 21, 701, 14, 17, 1606, 11, 147, 2, 55, 71, 920, 1259, 108, 2510, 7, 44, 1542, 745, 652, 2842, 208, 18, 3571, 131, 912, 219, 569, 377, 4655, 3239, 139, 694, 6, 1186, 73, 457, 238, 888]
RKP_05000_00100_1_07.txt|4661.89|4834|0.07778815699999882|[30, 219, 97, 880, 244, 55, 3419, 118, 582, 188, 2037, 876, 204, 2883, 1762, 124, 4, 11, 931, 32, 1222, 54, 1758, 79, 90, 451, 2591, 991, 1401, 453, 13, 3111, 3370, 3, 2367, 1199, 155, 362, 3566, 104, 646, 457, 1674, 2085, 1, 1477, 180, 1299, 1149, 1827, 930, 5, 3167, 1437, 2438, 1187, 3484, 4252, 4639, 192, 2041, 811, 3320, 551, 60, 2018]
RKP_05000_00100_1_08.txt|4295.96|4430|0.07748985499999947|[2845, 820, 186, 441, 906, 3876, 264, 266, 816, 2248, 2054, 865, 300, 502, 82, 1, 276, 288, 1717, 3259, 4344, 275, 4811, 148, 154, 179, 985, 1267, 739, 48, 3226, 120, 3137, 4473, 2780, 215, 1781, 183, 3911, 1358, 4638, 745, 1632, 4998, 25, 538, 2535, 341, 6, 777, 137, 29, 779, 72, 2399, 1079, 260, 345, 2994, 1186, 2899, 2250, 1984]
RKP_05000_00100_1_09.txt|3975.22|4147|0.07768750999999967|[325, 786, 2596, 816, 4135, 3051, 30, 3, 4424, 1184, 1441, 1363, 3697, 4341, 10, 121, 2, 70, 3572, 74, 423, 1856, 463, 6, 42, 853, 230, 2349, 2807, 447, 307, 729, 383, 1260, 4156, 588, 83, 987, 1309, 1769, 796, 747, 1427, 90, 533, 1387, 329, 270, 43, 1736, 1945, 1869, 4062, 445, 635, 178, 179, 619]
RKP_05000_00100_1_10.txt|4402.93|4576|0.07715973600000041|[1804, 48, 3373, 437, 2061, 952, 3176, 25, 3086, 83, 564, 429, 176, 321, 2958, 143, 482, 1091, 111, 1350, 3065, 1422, 352, 4572, 780, 1342, 2, 2616, 4369, 8, 60, 1, 4883, 153, 795, 3734, 662, 13, 654, 445, 21, 180, 1221, 1395, 2120, 230, 385, 4185, 20, 1517, 304, 90, 134, 714, 805, 930, 2462, 612, 2028, 189, 131, 1983]
RKP_05000_00100_2_01.txt|424.45|441|0.07753460599999898|[540, 44, 144, 2729, 1741, 2218, 551, 1057, 2019, 3518, 3020, 77, 648, 868, 1292, 2000, 2210, 1078, 68, 148, 220, 736, 25, 848, 1187, 1238, 2735, 4039, 1835, 2120, 2295, 2913, 110, 2948, 3573, 40, 4620, 4675, 5, 142, 246, 1715, 3]
RKP_05000_00100_2_02.txt|471.45|490|0.07737668499999956|[407, 871, 4347, 152, 677, 455, 532, 656, 1793, 29, 275, 1570, 4063, 4978, 4, 73, 1493, 2707, 10, 35, 1178, 1770, 3, 14, 298, 3178, 3654, 778, 763, 1800, 8, 15, 22, 40, 103, 1194, 1838, 2992, 3004, 2439, 4384, 1014, 101, 2263, 2360, 2501, 3238, 536, 33, 61, 242, 292, 556, 929]
RKP_05000_00100_2_03.txt|447.29|469|0.0777257269999987|[769, 1463, 1867, 4547, 5, 242, 710, 1122, 1234, 4989, 17, 39, 388, 826, 2844, 4806, 442, 840, 895, 2550, 3332, 3969, 842, 2606, 6, 3890, 4206, 314, 1332, 3166, 9, 185, 202, 524, 711, 2973, 3625, 4028, 1, 22, 543, 113, 592, 1749, 12, 195, 260, 500, 608, 798]
RKP_05000_00100_2_04.txt|440.36|465|0.07755081299999915|[506, 950, 4139, 12, 168, 3153, 387, 531, 45, 283, 1864, 5, 483, 491, 687, 917, 99, 355, 1565, 1633, 752, 1551, 35, 1107, 1671, 31, 54, 67, 87, 156, 225, 325, 1138, 1566, 2299, 3108, 3585, 72, 109, 637, 2042, 2100, 13, 363, 3028, 1, 2126]
RKP_05000_00100_2_05.txt|469.39|490|0.07714414400000039|[3758, 1741, 274, 355, 1029, 2365, 2703, 3238, 3555, 991, 2083, 5, 22, 52, 942, 1224, 1654, 2332, 2545, 3226, 366, 752, 879, 3406, 2785, 3383, 1823, 3374, 69, 693, 797, 29, 370, 1076, 1903, 2614, 426, 612, 3241, 452, 167, 829, 2206, 2208, 2261, 51, 434, 3481, 3549]
RKP_05000_00100_2_06.txt|443.9|463|0.07704487000000086|[326, 1109, 1288, 2453, 23, 466, 135, 816, 1581, 2118, 2148, 3347, 62, 136, 324, 758, 6, 356, 2040, 2408, 437, 1208, 129, 369, 2044, 4478, 1688, 3081, 1, 853, 2322, 210, 4405, 3, 182, 1025, 1917, 222, 1383, 2075, 8, 33, 602, 1193, 2039, 2974, 327]
RKP_05000_00100_2_07.txt|453.72|477|0.07713599899999991|[1, 2528, 79, 2, 2641, 7, 516, 3, 71, 333, 2751, 43, 58, 938, 1389, 2246, 2419, 141, 260, 595, 1949, 2323, 15, 105, 373, 4183, 183, 261, 689, 2108, 3866, 177, 1063, 3229, 3555, 55, 74, 2164, 2332, 4327, 103, 649, 4507, 49, 216, 429, 169, 11, 28, 341]
RKP_05000_00100_2_08.txt|435.35|456|0.07655260499999855|[792, 25, 199, 1204, 99, 152, 953, 2584, 2915, 11, 24, 1638, 2149, 2068, 3421, 2, 41, 636, 1387, 1617, 48, 23, 621, 4332, 4658, 1, 98, 524, 560, 671, 1415, 4543, 15, 291, 367, 869, 1492, 342, 7, 94, 464, 672, 967, 3246, 3696, 9, 1273, 3365, 2831]
RKP_05000_00100_2_09.txt|466.07|488|0.07769549399999988|[6, 355, 5, 151, 1149, 1331, 2692, 2520, 4778, 86, 433, 1873, 2352, 2953, 3113, 293, 294, 88, 112, 392, 846, 1338, 2179, 2318, 4070, 142, 75, 2196, 2365, 218, 755, 1203, 1335, 1397, 61, 238, 955, 315, 1008, 1679, 2213, 4171, 244, 678, 796, 13, 20, 45, 66, 558, 673, 747]
RKP_05000_00100_2_10.txt|438.75|462|0.07793185900000253|[1547, 2435, 3300, 477, 250, 502, 918, 1932, 2345, 2755, 2802, 3321, 113, 2283, 2318, 2768, 4994, 19, 74, 136, 326, 2133, 291, 315, 2022, 184, 253, 78, 120, 163, 373, 978, 1313, 3005, 3077, 4424, 1773, 660, 1253, 4012, 72, 302, 3123, 935, 48, 123, 387, 463]
RKP_05000_00100_3_01.txt|761.57|790|0.0771679560000021|[1, 8, 10, 11, 26, 48, 97, 135, 145, 224, 231, 279, 288, 312, 334, 349, 361, 465, 471, 588, 610, 661, 692, 900, 1006, 1096, 1192, 1272, 1725, 1768, 2039, 2321, 2608, 3252, 3292, 3674, 3675, 4195, 2, 4, 5, 7, 22, 28, 55, 69, 80, 104, 109, 118, 188, 242, 276, 322, 345, 383, 395, 410, 413, 504, 506, 530, 533, 534, 558, 676, 821, 948, 995]
RKP_05000_00100_3_02.txt|837.78|870|0.07818904499999917|[1, 22, 36, 55, 93, 94, 98, 132, 135, 145, 148, 167, 203, 219, 254, 272, 301, 312, 313, 351, 373, 392, 415, 434, 472, 496, 512, 542, 776, 856, 973, 989, 1047, 1119, 1136, 1267, 1271, 1335, 1664, 1834, 1876, 2409, 2674, 2689, 2722, 2772, 2848, 3287, 3318, 3344, 3615, 4114, 4494, 4912, 3, 11, 19, 40, 54, 74, 89, 97, 166, 175, 242, 280, 304, 355, 365, 426, 427, 452, 453, 554, 796, 863, 879]
RKP_05000_00100_3_03.txt|823.31|860|0.07770718200000147|[5, 15, 18, 20, 21, 52, 76, 86, 96, 129, 140, 156, 159, 191, 205, 258, 283, 341, 387, 403, 520, 820, 894, 914, 1058, 1109, 1226, 1256, 1304, 1305, 1409, 1459, 1487, 1558, 1571, 1712, 1847, 1888, 1941, 2676, 2793, 2858, 2962, 2984, 2989, 3115, 4440, 4520, 4528, 4547, 4563, 4874, 3, 14, 24, 42, 73, 124, 155, 165, 351, 380, 397, 446, 459, 546, 656, 690, 714, 721, 780, 901, 963, 979, 996, 1051]
RKP_05000_00100_3_04.txt|808.87|840|0.07752458200000206|[1, 9, 11, 16, 48, 56, 59, 100, 298, 318, 335, 365, 375, 446, 578, 688, 708, 759, 769, 770, 808, 898, 984, 1182, 1193, 1227, 1264, 1283, 1338, 1348, 1570, 1739, 1757, 1788, 1905, 2156, 2340, 2386, 2433, 2600, 2634, 2810, 3111, 3384, 3639, 3851, 4679, 4996, 2, 3, 4, 14, 15, 24, 28, 47, 51, 66, 68, 72, 98, 99, 103, 122, 130, 133, 136, 205, 232, 266, 282, 309, 364, 403]
RKP_05000_00100_3_05.txt|717.4|740|0.07764234000000016|[7, 79, 238, 292, 295, 362, 480, 485, 513, 573, 638, 905, 909, 936, 950, 973, 1668, 2040, 2337, 2456, 2596, 2714, 2928, 3114, 3135, 4073, 4398, 4423, 1, 24, 25, 47, 81, 109, 113, 147, 206, 230, 235, 304, 345, 435, 486, 542, 563, 583, 590, 614, 769, 891, 994, 1088, 1259, 1491, 1526, 1760, 1764, 1858, 2471, 2837, 2859, 2877, 3492, 4063]
RKP_05000_00100_3_06.txt|816.41|840|0.07790066799999977|[2, 24, 25, 26, 27, 32, 35, 58, 68, 79, 103, 113, 119, 121, 179, 203, 270, 352, 452, 492, 551, 564, 638, 683, 755, 796, 838, 956, 1046, 1148, 1376, 1451, 1657, 1698, 1735, 1884, 2159, 2205, 2457, 2528, 2710, 2738, 2878, 2889, 2978, 3082, 3112, 4282, 3, 5, 6, 12, 45, 80, 82, 86, 104, 157, 207, 221, 278, 290, 413, 434, 440, 460, 588, 765, 787, 899, 1081, 1347, 1366, 1474]
RKP_05000_00100_3_07.txt|823.01|860|0.07724128500000034|[1, 10, 14, 16, 18, 20, 30, 77, 89, 93, 98, 99, 114, 119, 169, 189, 206, 213, 222, 281, 356, 362, 372, 416, 495, 500, 507, 523, 550, 699, 729, 750, 812, 876, 890, 980, 1030, 1095, 1453, 1577, 1615, 1833, 1892, 1960, 2113, 2667, 2701, 2869, 3232, 3416, 3653, 4835, 9, 26, 29, 68, 85, 96, 130, 166, 167, 178, 185, 355, 485, 526, 549, 566, 570, 607, 799, 859, 865, 894, 913, 985]
RKP_05000_00100_3_08.txt|839.76|879|0.07781383899999782|[1, 6, 13, 28, 47, 92, 97, 100, 101, 129, 161, 169, 215, 227, 238, 328, 343, 346, 382, 428, 491, 557, 563, 572, 645, 925, 969, 1076, 1208, 1238, 1240, 1244, 1355, 1414, 1478, 1502, 1517, 1589, 1802, 1973, 2091, 2154, 2276, 2430, 2572, 2702, 3001, 3330, 3335, 3410, 3716, 3821, 4062, 4178, 4225, 4604, 4735, 2, 4, 21, 24, 35, 44, 59, 89, 99, 108, 115, 124, 216, 273, 294, 296, 426, 484, 502, 515, 525]
RKP_05000_00100_3_09.txt|816.59|850|0.07872795600000018|[2, 24, 40, 55, 63, 94, 111, 137, 205, 217, 271, 288, 409, 466, 585, 636, 662, 696, 789, 827, 839, 981, 986, 1067, 1161, 1532, 1558, 1683, 1913, 2033, 2048, 2227, 2372, 2453, 2595, 2609, 2846, 2862, 2925, 3120, 3500, 3562, 3603, 3727, 3987, 4348, 4681, 4813, 4902, 4948, 3, 8, 18, 25, 29, 49, 57, 78, 101, 110, 116, 154, 229, 274, 277, 307, 350, 373, 424, 501, 579, 610, 754, 882, 973]
RKP_05000_00100_3_10.txt|801.19|840|0.0778986440000017|[3, 21, 22, 27, 30, 47, 52, 63, 119, 216, 236, 252, 283, 438, 627, 659, 666, 775, 787, 860, 881, 1046, 1075, 1166, 1426, 1430, 1463, 1547, 1938, 1946, 2107, 2181, 2195, 2235, 2244, 2312, 2477, 2567, 2929, 2988, 2990, 3361, 3869, 3877, 3997, 4448, 4628, 4783, 1, 4, 5, 10, 39, 57, 109, 113, 138, 141, 142, 166, 211, 227, 333, 336, 337, 526, 559, 614, 685, 780, 798, 933, 1040, 1111]
RKP_05000_00100_4_01.txt|100.0|100|0.07641505800000119|[4203]
RKP_05000_00100_4_02.txt|100.0|100|0.07636852499999974|[4283]
RKP_05000_00100_4_03.txt|100.0|100|0.07660008200000505|[4228]
RKP_05000_00100_4_04.txt|100.0|100|0.07704119700000206|[4218]
RKP_05000_00100_4_05.txt|100.0|100|0.07650256100000093|[4218]
RKP_05000_00100_4_06.txt|100.0|100|0.0762658340000047|[4203]
RKP_05000_00100_4_07.txt|100.0|100|0.0765089109999957|[4210]
RKP_05000_00100_4_08.txt|100.0|100|0.07652477000000033|[4203]
RKP_05000_00100_4_09.txt|100.0|100|0.07652800199999887|[4209]
RKP_05000_00100_4_10.txt|100.0|100|0.07708476600000382|[4213]
RKP_05000_00100_5_01.txt|96.4|100|0.07661043500000175|[3, 6, 7, 10, 12, 13, 14, 16, 17, 18, 19, 20, 22, 23, 24, 25, 26, 28, 29, 32, 33, 34]
RKP_05000_00100_5_02.txt|97.7|103|0.07621693100000186|[2, 3, 6, 7, 8, 9, 10, 11, 12, 13, 15, 16, 17, 18, 19, 21, 22, 23, 24]
RKP_05000_00100_5_03.txt|97.29|101|0.0764366799999965|[1, 2, 3, 5, 6, 8, 10, 12, 13, 14, 15, 16, 17, 18, 19, 20, 22, 23, 24, 25, 26, 27, 28, 29, 30]
RKP_05000_00100_5_04.txt|96.99|101|0.0762761330000012|[2, 4, 5, 7, 8, 9, 11, 12, 14, 15, 16, 17, 19, 20, 21, 22, 23]
RKP_05000_00100_5_05.txt|97.36|102|0.07683483100000445|[3, 4, 5, 6, 7, 8, 9, 10, 11, 12, 13, 14, 15, 17, 18, 19, 20, 21, 22, 24, 25]
RKP_05000_00100_5_06.txt|98.55|102|0.07641445599999941|[1, 2, 3, 4, 5, 6, 7, 9, 10, 12, 13, 15, 16, 17, 18, 19, 20, 22, 23, 24, 25, 26, 27, 28, 29, 30, 33]
RKP_05000_00100_5_07.txt|97.04|101|0.07635166299999867|[2, 4, 5, 7, 9, 10, 11, 12, 13, 14, 15, 16, 19, 20, 22, 23, 24, 25, 26, 28, 29]
RKP_05000_00100_5_08.txt|96.69|103|0.07649753100000055|[6, 7, 8, 9, 10, 11, 12, 13, 14, 15, 16, 17, 18, 19, 20, 21, 22, 24, 25, 26, 28, 29, 30, 33, 36, 37, 39]
RKP_05000_00100_5_09.txt|97.29|101|0.0770024439999969|[5, 6, 7, 8, 10, 11, 12, 13, 14, 15, 16, 17, 18, 19, 21, 22, 23, 24, 25, 26, 27, 29, 30, 31, 34]
RKP_05000_00100_5_10.txt|98.62|102|0.07668438299999707|[2, 3, 4, 5, 6, 7, 8, 9, 10, 11, 12, 13, 14, 16, 19, 20, 21, 23, 24, 25, 27]
RKP_05000_01000_1_01.txt|55798.66|57474|0.0794765200000029|[3485, 2254, 700, 53, 424, 328, 18, 226, 3791, 4971, 151, 23, 1742, 15, 17, 751, 1034, 1858, 1232, 2481, 1724, 778, 1591, 2077, 1841, 1, 334, 13, 732, 379, 866, 1431, 4223, 4479, 1214, 661, 2777, 2, 1919, 1979, 3534, 3799, 491, 2629, 96, 86, 8, 10, 2266, 368, 16, 399, 2567, 684, 3187, 1233, 1928, 2874, 33, 22, 991, 5, 271, 1196, 969, 252, 800, 30, 921, 118, 1756, 212, 511, 1387, 1775, 3282, 35, 551, 1810, 2814, 726, 974, 2187, 153, 123]
RKP_05000_01000_1_02.txt|58845.46|60329|0.07925255699999526|[406, 2800, 89, 918, 1590, 36, 675, 4489, 7, 728, 3565, 2379, 588, 1205, 1337, 109, 3, 4961, 1055, 1261, 304, 2745, 539, 1414, 78, 988, 22, 222, 41, 506, 2825, 10, 235, 1455, 2011, 425, 1999, 3349, 2769, 17, 772, 155, 837, 1677, 39, 1329, 337, 965, 622, 368, 3795, 236, 917, 1604, 1277, 2973, 694, 790, 2727, 96, 207, 3585, 84, 464, 928, 2120, 1343, 1683, 2198, 2041, 1860, 2750, 293, 165, 2093, 130, 65, 203, 3875, 2832, 2594, 3957, 153]
RKP_05000_01000_1_03.txt|54230.77|55678|0.07897137300000338|[1614, 882, 1039, 24, 1534, 3194, 3276, 1854, 2688, 135, 1822, 852, 940, 933, 1475, 176, 339, 1027, 533, 22, 2016, 1364, 1, 2471, 344, 3392, 1339, 174, 649, 3920, 1150, 479, 76, 3682, 248, 165, 4104, 3232, 72, 1605, 1483, 2201, 3835, 2080, 2125, 114, 60, 1415, 272, 2314, 62, 1719, 3, 1219, 129, 1815, 515, 1006, 1146, 2161, 4640, 4193, 810, 192, 1979, 94, 875, 2110, 13, 2682, 67, 441, 4191, 2468, 33, 4216, 400, 186, 446, 8, 1268]
RKP_05000_01000_1_04.txt|55669.13|57502|0.07855144700000266|[223, 238, 135, 952, 61, 4624, 4775, 716, 16, 594, 794, 9, 1450, 4277, 1275, 49, 4397, 10, 35, 64, 1107, 181, 1, 318, 498, 191, 52, 3055, 546, 3023, 351, 2320, 482, 724, 3051, 1546, 533, 5, 2023, 4232, 33, 1174, 1916, 413, 50, 2999, 189, 1311, 25, 133, 465, 1416, 2, 248, 1021, 24, 7, 1689, 2047, 270, 2649, 395, 8, 2060, 132, 2580, 4329, 886, 6, 71, 522, 1074, 1395, 114, 3271, 2550, 1901, 3926, 792, 2470, 105, 2177, 2922, 17, 1142, 103, 2269]
RKP_05000_01000_1_05.txt|55078.21|56846|0.079222551000002|[1142, 91, 385, 2069, 430, 1649, 2, 14, 65, 352, 259, 1316, 1606, 1411, 1588, 132, 985, 2547, 4053, 2834, 2271, 1093, 94, 1607, 4118, 467, 3468, 279, 339, 254, 46, 4385, 119, 1418, 667, 4, 97, 1155, 1162, 3067, 93, 267, 816, 1320, 157, 9, 1023, 168, 1474, 711, 8, 580, 1321, 1883, 1049, 4096, 16, 73, 943, 593, 130, 120, 48, 1227, 2819, 2004, 330, 19, 85, 1893, 4204, 2397, 5, 2256, 584, 25, 201, 592, 231, 67, 903, 2360, 72, 27, 208, 1012, 2350, 349, 69]
RKP_05000_01000_1_06.txt|53566.25|56195|0.07997004000000231|[4603, 51, 736, 691, 1879, 48, 336, 2050, 52, 498, 80, 2517, 1689, 269, 159, 894, 8, 697, 2857, 1916, 1511, 3109, 1242, 2865, 1910, 288, 188, 3076, 107, 2195, 998, 2, 2967, 3, 217, 10, 503, 399, 1368, 1530, 9, 6, 150, 90, 343, 2925, 616, 1002, 1192, 42, 13, 2483, 612, 292, 157, 646, 1062, 429, 656, 2633, 721, 1662, 601, 1097, 688, 163, 4793, 4196, 2012, 1494, 37, 2025, 687, 2442, 192, 224, 2168, 4, 337, 2861, 1145, 1720, 2048, 60, 943, 883, 4183, 297]
RKP_05000_01000_1_07.txt|50044.62|51845|0.0785177659999954|[753, 15, 1904, 4009, 2, 568, 161, 1741, 226, 1359, 2669, 213, 77, 1865, 204, 1697, 1, 65, 91, 2593, 84, 957, 1449, 44, 522, 577, 1175, 421, 2087, 523, 23, 21, 628, 1764, 2001, 3455, 46, 198, 386, 2245, 616, 651, 4242, 130, 8, 1607, 848, 731, 4471, 985, 1489, 640, 2984, 993, 2145, 1378, 241, 453, 608, 3438, 1178, 1346, 1666, 4078, 2235, 27, 1645, 38, 1052, 363, 424, 666, 1605, 488, 1433]
RKP_05000_01000_1_08.txt|51992.69|53815|0.07940785999999549|[140, 20, 89, 2585, 651, 427, 2382, 2356, 24, 1275, 1088, 190, 1487, 2528, 279, 785, 109, 670, 3925, 575, 2841, 488, 15, 1138, 7, 257, 3318, 115, 26, 1574, 738, 3, 151, 3937, 4666, 849, 12, 66, 890, 419, 40, 39, 2070, 411, 75, 892, 29, 52, 548, 81, 2099, 207, 3788, 79, 389, 3288, 1344, 3437, 117, 430, 529, 4070, 3323, 2110, 10, 3908, 244, 1029, 1485, 1391, 534, 952, 4242, 8, 527, 235]
RKP_05000_01000_1_09.txt|54953.55|57117|0.079057143|[4115, 1714, 684, 2381, 3179, 1434, 3964, 157, 1, 1362, 128, 104, 51, 427, 364, 996, 163, 2364, 4, 1242, 3744, 883, 191, 3245, 39, 390, 1481, 17, 2, 47, 1854, 563, 1761, 1366, 3, 562, 2121, 1788, 190, 2328, 2845, 998, 27, 1579, 29, 6, 302, 714, 342, 473, 1113, 1414, 844, 2399, 7, 2012, 18, 3556, 3900, 1401, 73, 3156, 94, 106, 25, 1509, 1337, 359, 3644, 1495, 2034, 3448, 153, 32, 2239, 1911, 2246, 136, 320, 377, 8, 91, 451]
RKP_05000_01000_1_10.txt|59616.89|61131|0.07921927400000187|[129, 2671, 245, 1044, 1680, 47, 104, 500, 785, 1479, 2, 888, 528, 11, 1914, 1, 461, 2184, 740, 2867, 2216, 384, 261, 1430, 180, 1361, 1253, 2153, 2753, 359, 1076, 1095, 3836, 49, 100, 1313, 2309, 286, 4815, 1284, 807, 2544, 486, 1554, 38, 2698, 839, 3137, 33, 212, 2541, 1686, 3309, 187, 2560, 1436, 1476, 2608, 198, 634, 1553, 4698, 28, 1731, 4036, 1413, 604, 844, 193, 1350, 582, 4, 161, 813, 2768, 1817, 1423, 103, 3687, 1641, 255, 495, 904, 17, 464, 152, 1636, 124, 9]
RKP_05000_01000_2_01.txt|4281.65|4487|0.07850093199999833|[176, 1844, 4166, 103, 2000, 1473, 951, 761, 947, 413, 3919, 483, 2671, 2, 88, 2400, 1730, 2057, 1100, 1641, 541, 265, 2351, 1898, 1487, 309, 2281, 1046, 339, 32, 7, 3060, 81, 604, 395, 4493, 724, 997, 153, 3395, 687, 115, 12, 2569, 38, 22, 1011, 352, 23, 1154, 2168, 2581]
RKP_05000_01000_2_02.txt|4510.75|4739|0.07866805399999861|[2, 1045, 88, 317, 365, 491, 2308, 1856, 1294, 1693, 964, 44, 1068, 4977, 862, 1189, 2682, 3, 462, 1, 2581, 545, 1577, 62, 121, 3024, 1739, 1812, 311, 471, 667, 76, 2983, 653, 78, 1049, 94, 946, 214, 2259, 1964, 1000, 379, 2515, 2419, 2537, 3342, 338, 139, 2213, 820, 3711, 1503, 299]
RKP_05000_01000_2_03.txt|4603.28|4887|0.0785780720000048|[51, 305, 465, 726, 217, 1002, 69, 3351, 308, 3416, 4964, 3938, 655, 3540, 86, 286, 235, 862, 2340, 2182, 1958, 507, 3343, 131, 518, 104, 1354, 942, 2548, 3087, 118, 1550, 177, 341, 2601, 1732, 858, 3822, 375, 1132, 2610, 106, 1483, 63, 414, 185, 477, 589, 350, 2930, 88, 1676, 1684, 1256]
RKP_05000_01000_2_04.txt|5011.61|5231|0.07943089600000804|[17, 63, 2518, 585, 4454, 2928, 1740, 1672, 1989, 2245, 183, 768, 153, 82, 758, 348, 371, 4424, 400, 2989, 545, 3, 2408, 1906, 3530, 2237, 3498, 1086, 54, 2249, 3872, 302, 509, 1, 4236, 22, 567, 7, 1136, 916, 1398, 1319, 247, 557, 1210, 19, 1539, 1799, 51, 163, 59, 703, 84, 3183, 667, 1100, 2242, 23, 1065, 1412]
RKP_05000_01000_2_05.txt|4567.12|4699|0.07873232700000585|[734, 420, 34, 204, 8, 1064, 201, 33, 4485, 3, 1132, 273, 1158, 1680, 4215, 3321, 526, 5, 4, 70, 2513, 2943, 1762, 427, 1925, 1269, 260, 2008, 344, 16, 390, 187, 453, 23, 1052, 30, 775, 1424, 876, 737, 290, 957, 2686, 1335, 1672, 156, 306, 4333, 807, 1576, 1622, 1223, 360, 784, 1839]
RKP_05000_01000_2_06.txt|4794.42|4943|0.07884568300000865|[464, 1933, 61, 1, 344, 900, 105, 473, 683, 138, 672, 2638, 4951, 242, 27, 1569, 30, 1991, 1948, 36, 1619, 1134, 1477, 282, 403, 154, 925, 59, 707, 1898, 2446, 3111, 2282, 739, 2287, 159, 1064, 714, 862, 94, 1852, 328, 2476, 4131, 2690, 2201, 2484, 336, 10, 481, 670, 184, 1369, 1746, 2, 5, 252, 114, 1317, 63]
RKP_05000_01000_2_07.txt|4905.47|5107|0.0785709019999922|[4279, 2608, 1, 1902, 207, 2282, 4495, 909, 1643, 3129, 759, 771, 157, 1811, 3275, 11, 1552, 2206, 368, 751, 2233, 1625, 1123, 772, 1265, 516, 238, 3147, 199, 212, 1437, 2446, 3882, 2461, 1593, 2843, 2241, 5, 1935, 1945, 2341, 387, 44, 257, 3196, 1425, 3085, 105, 1886, 12, 1139, 1702, 1976, 228, 4453, 1461, 997, 3507, 2864, 3031]
RKP_05000_01000_2_08.txt|4853.33|5073|0.07837812299999428|[1499, 298, 312, 972, 59, 1184, 78, 44, 3148, 3191, 236, 2399, 580, 385, 3385, 6, 17, 30, 264, 213, 1067, 371, 658, 4, 846, 1783, 677, 747, 634, 242, 2941, 1314, 200, 660, 1114, 2632, 2133, 1156, 1924, 3857, 201, 14, 1664, 473, 955, 362, 397, 901, 108, 4386, 278, 1016, 2683, 823, 4129, 137]
RKP_05000_01000_2_09.txt|4570.72|4832|0.07910503900000208|[1556, 897, 3478, 408, 1132, 128, 1583, 1967, 2140, 3, 2789, 677, 15, 1786, 10, 25, 22, 270, 175, 4, 821, 13, 2637, 3297, 63, 2317, 379, 997, 1992, 536, 419, 36, 118, 2887, 310, 1259, 784, 1627, 2, 561, 4691, 935, 3113, 3974, 1428, 3583, 130, 377, 2005, 4669, 247, 1587, 77, 44, 1844]
RKP_05000_01000_2_10.txt|4414.19|4639|0.07859654900000237|[4015, 4267, 2998, 18, 9, 191, 1502, 99, 227, 2318, 149, 1686, 3712, 2034, 36, 1926, 4084, 1619, 922, 19, 294, 749, 4050, 420, 2559, 1491, 1049, 1523, 3674, 1011, 1303, 4809, 555, 3584, 1494, 95, 1745, 82, 587, 206, 74, 941, 3887, 1416, 3163, 25, 880, 1175, 1176, 4057, 15, 337, 2452, 55]
RKP_05000_01000_3_01.txt|9502.92|9793|0.07955909199999496|[34, 1698, 1958, 2461, 3246, 1615, 1, 47, 108, 237, 455, 1081, 2241, 2416, 40, 72, 97, 372, 550, 21, 562, 2851, 77, 917, 2748, 176, 284, 1198, 1779, 3421, 2250, 1038, 1894, 2056, 2178, 2874, 119, 150, 276, 688, 2783, 384, 749, 1600, 9, 87, 398, 3683, 132, 193, 757, 1382, 2429, 12, 23, 1190, 112, 53, 381, 604, 623, 4452, 560, 1047, 1140, 1365, 45, 632, 1087, 114, 728, 996, 16, 37, 539, 1139, 4101, 274, 305, 387, 1369, 2, 400, 553, 140, 586, 1021, 2640]
RKP_05000_01000_3_02.txt|10261.11|10500|0.07923140699999749|[129, 1041, 1087, 1499, 2113, 2425, 28, 849, 2067, 230, 39, 90, 379, 425, 542, 2330, 2853, 446, 1486, 2704, 13, 3308, 2, 33, 1885, 2978, 3750, 209, 1161, 1436, 2215, 1, 40, 107, 169, 214, 1908, 3546, 562, 436, 883, 892, 2667, 4134, 305, 609, 730, 2772, 1117, 2989, 4507, 878, 3041, 801, 2136, 2565, 4, 41, 718, 1022, 1174, 3393, 2080, 2998, 235, 2953, 3171, 1046, 71, 931, 1240, 1334, 3832, 263, 345, 1193, 1488, 38, 68, 130, 295, 646, 759, 116, 304, 2808, 4419, 595, 1083, 55, 111, 624, 1243, 652, 727]
RKP_05000_01000_3_03.txt|10758.95|10998|0.07956381200000806|[5, 36, 881, 3273, 4215, 158, 3166, 4813, 286, 1498, 360, 4041, 246, 609, 2319, 3, 4, 199, 1663, 399, 621, 975, 22, 129, 439, 710, 856, 4529, 989, 1164, 2386, 3910, 4695, 709, 2439, 3545, 2, 215, 568, 652, 465, 1, 38, 156, 163, 330, 339, 763, 794, 1041, 1523, 1559, 2202, 2957, 952, 3928, 115, 214, 1465, 4084, 4338, 200, 221, 1082, 1533, 2087, 6, 190, 2034, 839, 1605, 1733, 3722, 308, 480, 544, 97, 907, 2298, 3477, 153, 377, 765, 770, 879, 1767, 1926, 2529, 2901, 3697, 4329, 11, 239, 1597, 127, 592, 1077, 1231, 1360, 1688]
RKP_05000_01000_3_04.txt|10720.13|10995|0.07843088300000205|[132, 198, 206, 448, 548, 680, 1872, 2150, 2868, 6, 111, 619, 1080, 2372, 63, 261, 610, 9, 1, 709, 1049, 1276, 1396, 2516, 2568, 657, 321, 2747, 27, 45, 277, 3197, 3448, 18, 306, 3523, 4, 989, 29, 58, 864, 1786, 3330, 5, 7, 142, 2541, 4042, 769, 1226, 4440, 70, 4880, 225, 747, 1907, 2865, 15, 1322, 82, 263, 977, 1589, 1768, 3612, 3, 17, 94, 1996, 2857, 495, 1064, 648, 1398, 2575, 39, 472, 568, 730, 1309, 1912, 3274, 89, 400, 2871, 337, 360, 574, 25, 784, 1493, 1557, 1801, 1852, 2115, 2601, 437, 650, 835, 2394]
RKP_05000_01000_3_05.txt|10003.96|10299|0.07976445999999783|[26, 1, 7, 143, 344, 985, 1759, 1859, 2460, 34, 48, 1516, 1588, 1619, 1909, 3635, 162, 219, 2123, 3439, 3584, 501, 638, 1305, 1500, 3106, 19, 1552, 2634, 2744, 4338, 1069, 3440, 3558, 16, 29, 285, 513, 620, 37, 184, 2920, 56, 768, 1060, 32, 348, 912, 2970, 3055, 169, 658, 708, 748, 998, 1263, 3167, 8, 112, 1033, 1090, 2615, 70, 212, 296, 335, 358, 122, 183, 814, 2077, 2298, 2, 486, 1259, 1770, 3068, 3370, 3, 10, 11, 6, 25, 386, 491, 692, 1292, 2610, 3258, 4405, 632, 54, 1044]
RKP_05000_01000_3_06.txt|10311.69|10596|0.07949238500000205|[4, 12, 227, 488, 4258, 288, 760, 801, 4808, 813, 85, 931, 45, 55, 734, 1522, 1551, 2026, 1, 41, 1119, 46, 4322, 76, 94, 603, 368, 623, 1359, 206, 276, 889, 1978, 3324, 3533, 213, 2251, 3214, 3, 286, 287, 469, 573, 1610, 3433, 665, 946, 2799, 4000, 1640, 4911, 7, 1917, 86, 124, 184, 418, 1030, 1296, 3264, 82, 102, 249, 404, 431, 859, 702, 3390, 193, 219, 265, 2623, 2741, 490, 4582, 2, 686, 1035, 1212, 1697, 4424, 39, 71, 214, 1281, 3851, 1991, 2138, 2756, 106, 126, 37, 345, 350, 607, 900]
RKP_05000_01000_3_07.txt|10220.61|10599|0.07916835399999968|[13, 94, 291, 293, 762, 1003, 1783, 1792, 593, 1470, 827, 427, 884, 896, 1998, 36, 849, 84, 2716, 60, 413, 76, 100, 216, 3628, 2448, 3146, 2, 125, 295, 398, 417, 1123, 2357, 2900, 3085, 3731, 4131, 214, 360, 487, 883, 1055, 2587, 3854, 477, 18, 75, 218, 527, 3, 11, 220, 370, 608, 714, 1044, 2104, 2966, 3438, 5, 658, 1262, 1544, 3609, 113, 393, 1709, 3135, 3716, 1, 251, 891, 1179, 194, 221, 422, 1564, 6, 8, 31, 4659, 73, 539, 1066, 1090, 1173, 2043, 20, 33, 319, 1407, 2111, 3836, 29, 919]
RKP_05000_01000_3_08.txt|10386.34|10694|0.07912495100000683|[1588, 134, 217, 394, 1976, 3214, 3808, 14, 80, 525, 1036, 3087, 3571, 152, 250, 953, 1135, 1733, 4, 1970, 2019, 2364, 2402, 3237, 331, 883, 1009, 2088, 2484, 154, 301, 901, 2858, 489, 556, 686, 1159, 1395, 4192, 36, 279, 474, 654, 1513, 1967, 3396, 944, 1077, 4463, 28, 2977, 6, 30, 1273, 1636, 725, 1134, 7, 22, 162, 911, 2025, 118, 126, 675, 1050, 1770, 3017, 3284, 3445, 4767, 4779, 77, 260, 270, 20, 1014, 3557, 4487, 4700, 1, 122, 226, 264, 656, 707, 1364, 35, 73, 82, 213, 660, 3, 34, 1502, 2391, 2808]
RKP_05000_01000_3_09.txt|9616.8|9899|0.07900226000000089|[1322, 664, 671, 655, 760, 2511, 2621, 73, 242, 384, 661, 3256, 4292, 51, 2497, 3538, 556, 1189, 1313, 106, 281, 376, 2024, 2401, 7, 9, 87, 3392, 3572, 152, 1471, 2486, 136, 492, 751, 1148, 3868, 4136, 786, 237, 252, 1978, 462, 1684, 2941, 14, 26, 40, 77, 83, 99, 159, 453, 494, 995, 2, 207, 886, 2287, 1, 8, 1040, 13, 86, 290, 4, 61, 111, 931, 852, 3443, 921, 1104, 2706, 193, 222, 830, 310, 42, 57, 81, 412, 673, 1420, 1488, 3020, 564, 1872, 4818]
RKP_05000_01000_3_10.txt|10284.99|10591|0.07917995299999575|[16, 196, 219, 1125, 2322, 2764, 50, 270, 876, 1329, 3150, 3589, 33, 2894, 369, 1785, 2813, 2940, 3240, 145, 413, 692, 811, 1184, 3234, 393, 3435, 4466, 2, 2189, 14, 2915, 434, 1530, 3251, 62, 69, 1854, 3127, 4052, 6, 287, 907, 2224, 2749, 52, 235, 1093, 4227, 1, 3, 25, 112, 223, 789, 808, 1621, 1635, 4747, 4788, 1803, 4631, 343, 344, 2139, 1097, 1847, 2877, 1019, 10, 3119, 446, 458, 944, 1279, 2611, 73, 191, 1343, 3064, 218, 308, 312, 400, 417, 479, 502, 3879, 5, 66, 194, 272, 275, 353, 360, 1317]
RKP_05000_01000_4_01.txt|999.95|1000|0.07806497000000036|[4615]
RKP_05000_01000_4_02.txt|999.97|1000|0.07762492500001372|[4655]
RKP_05000_01000_4_03.txt|1000.0|1000|0.07795857499999556|[4567]
RKP_05000_01000_4_04.txt|1000.0|1000|0.07763210300000196|[4559]
RKP_05000_01000_4_05.txt|1000.0|1000|0.07802072299999964|[4623]
RKP_05000_01000_4_06.txt|1000.0|1000|0.07779770900000585|[4578]
RKP_05000_01000_4_07.txt|1000.0|1000|0.07790112900000395|[4493]
RKP_05000_01000_4_08.txt|1000.0|1000|0.07801928599999428|[4472]
RKP_05000_01000_4_09.txt|1000.0|1000|0.07797874999999863|[4528]
RKP_05000_01000_4_10.txt|1000.0|1000|0.07783059999999409|[4469]
RKP_05000_01000_5_01.txt|974.99|1009|0.07749455599999805|[1, 3, 4, 5, 8, 10, 11, 12, 13, 14, 15, 16, 18, 19, 20, 21, 22, 23, 25, 26, 27, 28, 29, 30]
RKP_05000_01000_5_02.txt|978.91|1008|0.07774645200000123|[1, 2, 4, 7, 8, 10, 11, 13, 15, 16, 18, 20, 23, 25, 26, 28, 29, 31, 32, 34, 35, 36, 37, 38, 39, 41, 43]
RKP_05000_01000_5_03.txt|971.4|1006|0.07760336400000484|[1, 3, 4, 5, 6, 7, 11, 12, 13, 15, 18, 19, 20, 21, 22, 23, 24, 25, 26, 28, 30, 31, 32, 33, 34, 35, 36]
RKP_05000_01000_5_04.txt|963.53|1008|0.07768590700000118|[1, 3, 4, 5, 6, 7, 9, 11, 12, 13, 14, 15, 16, 17, 18, 19, 20, 21, 22, 24, 25, 26, 28, 29, 30, 31, 32]
RKP_05000_01000_5_05.txt|964.96|1010|0.07803883500000097|[1, 4, 5, 6, 7, 8, 11, 13, 14, 15, 16, 17, 18, 19, 20, 21, 22, 23, 25, 26, 27, 28, 29, 30, 31, 32, 34]
RKP_05000_01000_5_06.txt|964.93|1003|0.07820833999999877|[3, 4, 5, 6, 8, 9, 10, 11, 12, 14, 15, 16, 20, 22, 23, 24, 25, 26, 27, 29, 30, 32, 33, 34, 35, 36, 37, 38, 42]
RKP_05000_01000_5_07.txt|970.73|1014|0.07884210700000609|[3, 4, 5, 6, 7, 8, 9, 10, 11, 14, 15, 16, 17, 20, 22, 23, 27, 28, 30, 31, 32, 33, 34, 35, 36, 37]
RKP_05000_01000_5_08.txt|968.16|1026|0.07848107400000004|[3, 4, 7, 8, 9, 10, 11, 12, 13, 15, 16, 17, 18, 20, 21, 22, 23, 24, 25, 26, 27, 29, 30, 31]
RKP_05000_01000_5_09.txt|976.52|1017|0.0776205069999935|[1, 2, 3, 4, 6, 7, 8, 9, 11, 12, 13, 14, 15, 17, 18, 19, 20, 21, 24, 26, 27, 28, 29, 30, 31, 32, 33, 34, 35, 36]
RKP_05000_01000_5_10.txt|971.58|1010|0.07753811700000142|[1, 3, 4, 5, 6, 7, 8, 9, 11, 12, 13, 14, 15, 17, 18, 19, 20, 21, 23, 25, 27, 28, 30, 31, 32]
RKP_05000_05000_1_01.txt|259711.11|269053|0.07864509099999167|[2195, 1201, 226, 1260, 134, 254, 1200, 74, 239, 2997, 826, 1595, 255, 1416, 688, 75, 1247, 477, 36, 2945, 2685, 3721, 263, 1437, 496, 2321, 2687, 3, 2, 100, 498, 1543, 78, 174, 1674, 940, 4810, 358, 747, 290, 1305, 21, 127, 1231, 8, 522, 4, 1939, 41, 601, 206, 3813, 94, 40, 234, 562, 4777, 1083, 1246, 33, 604, 96, 248, 798, 274, 449, 149, 3113, 1270, 47, 1685, 521, 50, 168, 1293, 30, 1999, 901, 2002, 1768]
RKP_05000_05000_1_02.txt|313266.83|321616|0.07935784799999396|[1005, 3921, 2706, 24, 269, 3940, 474, 787, 45, 537, 1115, 4402, 361, 21, 8, 10, 1855, 238, 805, 55, 297, 2174, 1044, 712, 1374, 1, 113, 334, 4197, 1107, 3754, 3059, 240, 903, 444, 1152, 310, 1041, 378, 785, 2177, 2322, 2501, 104, 2667, 4, 2, 470, 4382, 1075, 2306, 668, 1556, 20, 3588, 3696, 3886, 213, 231, 117, 258, 1722, 1309, 4013, 669, 1203, 341, 2039, 126, 4074, 89, 1434, 1786, 396, 9, 18, 1266, 59, 3842, 1089, 814, 38, 2089, 2403, 3538, 14, 876, 365, 1379]
RKP_05000_05000_1_03.txt|281284.13|293198|0.07946498799998836|[3247, 557, 435, 426, 233, 4414, 2859, 3493, 2630, 582, 115, 1098, 1265, 1477, 1261, 1115, 25, 1414, 3414, 318, 482, 1441, 1, 18, 2760, 393, 586, 249, 1775, 231, 39, 80, 1099, 4284, 2264, 1594, 451, 86, 7, 3512, 2438, 3490, 1309, 206, 3443, 62, 8, 1235, 339, 3593, 1236, 429, 246, 1083, 2426, 297, 960, 2124, 779, 5, 1108, 811, 3417, 22, 1290, 353, 651, 504, 488, 645, 3154, 1374, 46, 133, 908, 1212, 110, 692, 1227, 3843]
RKP_05000_05000_1_04.txt|299205.89|307866|0.07928457600000001|[4668, 3850, 90, 332, 34, 557, 5, 484, 1072, 376, 291, 9, 2003, 1, 2581, 3, 148, 2372, 1677, 145, 75, 4260, 368, 25, 1418, 408, 1859, 1389, 3813, 2584, 787, 222, 189, 1758, 422, 81, 559, 85, 3547, 1938, 2051, 3651, 240, 1753, 2328, 675, 3260, 1417, 76, 4172, 814, 48, 135, 38, 2813, 318, 169, 4715, 3568, 2013, 4384, 173, 1675, 226, 809, 12, 710, 2061, 105, 1875, 326, 4286, 299, 2553, 3431, 3059, 333, 3410, 387, 18, 202, 68, 24, 3305, 390, 2991, 2312, 197, 3652, 468]
RKP_05000_05000_1_05.txt|298364.5|309026|0.08011776299999837|[130, 2467, 301, 694, 3722, 227, 2579, 403, 378, 2657, 1, 4208, 3024, 1929, 2309, 62, 22, 210, 582, 214, 559, 55, 1460, 3186, 1483, 950, 127, 1662, 38, 3175, 143, 2804, 153, 32, 2411, 4354, 4846, 2045, 1432, 1088, 1993, 2118, 2, 2025, 992, 1098, 923, 3, 33, 2138, 1281, 12, 463, 348, 1887, 459, 1492, 46, 2703, 1668, 7, 3873, 1692, 245, 2910, 2427, 838, 518, 4789, 1003, 261, 1016, 1372, 677, 20, 1521, 2223, 1221, 26, 4301, 1690, 148, 23, 167, 3813, 663, 139, 8, 4374, 2732]
RKP_05000_05000_1_06.txt|276042.55|287598|0.0783336130000066|[1730, 693, 2701, 651, 1227, 2729, 1981, 1154, 1065, 581, 621, 87, 3361, 2210, 40, 120, 2309, 1927, 4561, 4692, 2204, 82, 3978, 2048, 23, 925, 813, 850, 715, 4540, 18, 2509, 707, 613, 378, 956, 243, 113, 2, 1280, 649, 71, 825, 2132, 608, 66, 2240, 338, 4076, 514, 2386, 568, 3613, 85, 2646, 8, 7, 1305, 445, 363, 3938, 274, 333, 1054, 1671, 523, 3104, 1374, 2228, 275, 76, 1041, 64, 830, 538, 1855, 236, 407, 20, 347, 754, 299, 1428, 2949, 106, 2592, 1641, 79, 1125]
RKP_05000_05000_1_07.txt|253062.67|259603|0.07828591799999572|[31, 1, 2688, 730, 2854, 3, 457, 536, 15, 3045, 829, 248, 182, 1616, 864, 83, 2, 1228, 1263, 4664, 29, 303, 739, 785, 1267, 380, 8, 30, 1820, 2725, 529, 1849, 190, 44, 4, 478, 1897, 1315, 1406, 4260, 249, 153, 287, 1520, 1894, 175, 215, 3888, 4225, 187, 2273, 230, 121, 4751, 667, 233, 745, 1019, 4149, 381, 109, 16, 1804, 1246, 916, 690, 79, 575, 768, 2162, 413, 463, 507, 137, 3875, 119, 2846, 294, 6, 332, 237]
RKP_05000_05000_1_08.txt|259766.45|268098|0.07811346999999955|[95, 674, 596, 253, 124, 91, 156, 3998, 1421, 2525, 2536, 342, 38, 523, 1941, 371, 2047, 97, 2428, 836, 1549, 122, 1179, 4195, 3744, 171, 30, 3599, 3666, 280, 2312, 1439, 984, 16, 3, 4080, 2, 3833, 1562, 1247, 471, 232, 275, 402, 192, 451, 138, 303, 1737, 1678, 367, 140, 3792, 4934, 478, 850, 262, 1167, 706, 115, 878, 4527, 51, 2042, 2285, 4393, 2813, 669, 2643, 2805, 2600, 137, 41, 2681, 528, 314, 5, 902, 7, 560, 4596, 2676, 1, 1919]
RKP_05000_05000_1_09.txt|278722.94|287219|0.07991804099999512|[170, 5, 66, 4248, 339, 1458, 325, 565, 871, 1314, 1635, 682, 4615, 1006, 537, 542, 3197, 4486, 460, 4489, 234, 2593, 1350, 1, 299, 1227, 113, 1592, 196, 77, 139, 2636, 1245, 438, 2450, 632, 1254, 6, 820, 1917, 921, 221, 55, 2016, 160, 2143, 2834, 1788, 126, 492, 1416, 114, 1808, 2, 382, 1979, 2497, 312, 52, 17, 12, 563, 1114, 156, 355, 726, 2557, 701, 380, 544, 99, 1596, 376, 1466, 179, 404, 151, 1064, 1504, 1126, 3, 243, 1355, 1078, 42, 2554, 14, 104, 176]
RKP_05000_05000_1_10.txt|246753.17|256111|0.0787118289999978|[3078, 7, 414, 2580, 1609, 1652, 2629, 472, 756, 3067, 2050, 803, 3261, 959, 2870, 2151, 153, 185, 144, 659, 467, 2281, 1504, 2608, 38, 1766, 3101, 1402, 909, 380, 4380, 981, 60, 92, 89, 278, 746, 428, 2786, 2, 2306, 2607, 18, 24, 1479, 1209, 3450, 4532, 1986, 867, 1930, 1725, 2504, 2942, 10, 3198, 3471, 286, 863, 14, 322, 3696, 1015, 724, 454, 3229, 2810, 131, 470]
RKP_05000_05000_2_01.txt|23257.94|24428|0.07835066300000108|[2236, 293, 411, 1045, 866, 1665, 748, 93, 475, 235, 4844, 1367, 2937, 515, 1059, 1308, 1505, 2251, 986, 20, 2687, 279, 1885, 3883, 250, 1784, 1635, 21, 690, 3403, 1937, 1482, 579, 70, 335, 1, 3667, 32, 49, 2113, 2458, 1497, 19, 3722, 3808, 937, 1292, 18, 319, 106, 52, 157, 1239]
RKP_05000_05000_2_02.txt|20898.04|21945|0.07834245399999418|[220, 1649, 15, 530, 14, 4007, 2244, 710, 1069, 582, 3641, 56, 3796, 2429, 1172, 1058, 208, 3100, 5, 2162, 707, 161, 91, 4564, 677, 79, 2060, 1287, 96, 2814, 762, 2069, 105, 28, 131, 3984, 2142, 696, 722, 1714, 203, 3813, 563, 3515, 191, 2272, 2839, 1171, 106]
RKP_05000_05000_2_03.txt|20564.14|21523|0.07814887600000361|[3630, 983, 1269, 4565, 3839, 1, 3090, 1429, 44, 177, 502, 1432, 3428, 375, 3957, 394, 2272, 4, 4235, 1207, 583, 441, 2224, 94, 1481, 1422, 306, 477, 50, 38, 783, 3368, 4939, 812, 659, 544, 2790, 64, 49, 216, 13, 338, 411, 465, 45, 2868, 1998, 729, 2512, 966, 128, 387]
RKP_05000_05000_2_04.txt|26953.13|27858|0.07862816700000166|[455, 122, 307, 832, 2382, 23, 2, 3257, 37, 4, 1124, 1586, 71, 2773, 47, 1606, 126, 637, 1223, 1335, 21, 1, 2632, 554, 2308, 238, 147, 893, 1329, 187, 655, 322, 3, 625, 346, 1412, 583, 131, 372, 49, 82, 2318, 2093, 491, 3288, 3212, 406, 2705, 3593, 60, 19, 3704, 154, 262, 77, 264, 422, 862, 1748, 1519, 20, 2319, 1508, 43, 1068, 78, 1187, 769, 1770, 693]
RKP_05000_05000_2_05.txt|22982.89|24009|0.07891118900000038|[1022, 1813, 1011, 1260, 932, 1103, 1588, 163, 501, 1153, 128, 4330, 103, 1232, 481, 858, 4182, 34, 5, 513, 317, 13, 220, 606, 4410, 1768, 874, 1242, 595, 3623, 2678, 1175, 4, 2694, 962, 4902, 3798, 662, 167, 4092, 1503, 9, 1034, 145, 2493, 350, 976, 551, 856, 734, 2057, 370, 626, 96, 312, 2060, 67]
RKP_05000_05000_2_06.txt|20375.08|21278|0.07806653200000141|[303, 731, 3580, 832, 1073, 1070, 629, 872, 136, 912, 3064, 3764, 437, 449, 2245, 574, 866, 637, 2357, 1756, 985, 373, 370, 726, 411, 1342, 3105, 689, 30, 1814, 3371, 1542, 281, 2039, 3248, 8, 526, 17, 523, 356, 1807, 748, 16, 3746]
RKP_05000_05000_2_07.txt|23489.64|24353|0.07931025600000567|[1734, 129, 1137, 1460, 725, 4066, 1115, 30, 624, 903, 36, 926, 1438, 1819, 989, 1326, 3995, 3935, 3396, 932, 152, 2045, 273, 1581, 199, 3005, 4239, 452, 1614, 421, 7, 3180, 3704, 26, 461, 4779, 528, 1988, 957, 3060, 2664, 2838, 16, 383, 2037, 411, 409, 872, 713, 232, 169, 3189, 667, 301, 3690, 4720]
RKP_05000_05000_2_08.txt|24204.7|25023|0.07881791399999656|[116, 3617, 449, 1262, 760, 2, 286, 155, 1834, 179, 17, 1520, 659, 2598, 603, 746, 953, 811, 3119, 919, 551, 1239, 1835, 192, 782, 3335, 2907, 20, 724, 83, 3039, 1064, 1597, 2856, 9, 160, 2390, 1464, 2024, 409, 1692, 1714, 93, 3691, 1473, 259, 3274, 112, 461, 2814, 944, 315, 2078, 2350, 2219, 125, 242, 899, 1277, 127]
RKP_05000_05000_2_09.txt|25382.03|26248|0.07898735800000167|[83, 3, 1231, 385, 82, 105, 1308, 1179, 3741, 1378, 7, 36, 129, 634, 423, 899, 2, 394, 2555, 327, 973, 1478, 1213, 128, 519, 157, 180, 1482, 2889, 1771, 61, 1802, 413, 137, 60, 920, 1, 279, 1687, 1462, 893, 84, 26, 173, 1177, 2129, 152, 4959, 181, 44, 1012, 1184, 1086, 360, 221, 19, 2382, 829, 2368, 2584, 184, 74, 95, 632]
RKP_05000_05000_2_10.txt|23792.64|24779|0.07844402599999625|[2884, 666, 1620, 70, 725, 1, 330, 1136, 23, 899, 2, 3568, 205, 351, 3467, 2524, 856, 1908, 3618, 82, 2605, 185, 14, 2732, 2854, 311, 1530, 42, 1230, 1078, 3271, 723, 1060, 481, 2264, 35, 1015, 24, 175, 3185, 3272, 586, 233, 1757, 117, 4367, 268, 1742, 2102, 452, 1601, 153, 4670, 657, 2594, 465, 294, 424, 608]
RKP_05000_05000_3_01.txt|51777.41|53468|0.07894128399999886|[1430, 88, 106, 1410, 1075, 449, 528, 2024, 1328, 1004, 21, 54, 2544, 45, 926, 2987, 1887, 79, 2831, 736, 2738, 814, 3210, 16, 58, 94, 646, 1080, 1664, 638, 55, 1409, 800, 4143, 39, 132, 563, 628, 2100, 6, 870, 1846, 336, 2454, 521, 530, 1850, 2266, 480, 3715, 83, 787, 452, 625, 4, 1132, 198, 164, 510, 3361, 171, 1158, 13, 1758, 3941, 833, 4483, 1, 595, 1180, 1291, 12, 465, 731, 2145, 66, 634, 96, 284, 102, 2312, 2025, 2122, 122, 157, 2781, 4085, 9, 56, 169, 4523, 10, 499, 4117, 1223, 2296, 1019]
RKP_05000_05000_3_02.txt|49790.83|51002|0.07926288000000227|[2345, 2826, 4175, 773, 969, 2038, 509, 407, 601, 38, 99, 133, 3922, 2392, 507, 32, 33, 51, 3779, 4134, 4221, 151, 885, 1914, 217, 30, 1220, 4553, 221, 303, 50, 25, 4589, 58, 9, 1093, 1675, 155, 4488, 970, 985, 1151, 1, 55, 227, 1232, 1763, 59, 1970, 3096, 115, 2025, 1199, 1793, 3282, 117, 1509, 607, 85, 409, 106, 389, 568, 92, 967, 1229, 493, 558, 597, 2556, 769, 1132, 8, 405, 2259, 10, 3230, 2529, 16, 2589, 212, 23, 205, 869, 3092, 1200, 123, 747, 1814, 42, 360, 598]
RKP_05000_05000_3_03.txt|51746.13|53466|0.0794144440000025|[523, 3909, 2585, 13, 3385, 1029, 1960, 1677, 1129, 636, 194, 950, 3819, 3452, 185, 682, 856, 90, 67, 323, 489, 1255, 219, 2297, 763, 2430, 1696, 127, 4, 223, 1729, 281, 25, 2713, 366, 1099, 1187, 2, 1505, 88, 1011, 1875, 1777, 970, 963, 3, 1715, 2750, 79, 542, 1911, 3389, 826, 1, 21, 1061, 12, 1278, 1703, 1516, 6, 471, 618, 1691, 1238, 433, 1495, 46, 58, 777, 116, 703, 1547, 2420, 554, 1800, 372, 1855, 373, 128, 2143, 183, 2274, 9, 140, 1284, 2768, 186, 937, 8, 4032, 742, 2657, 2439, 1613, 2683, 561]
RKP_05000_05000_3_04.txt|52644.38|53995|0.07923487000000819|[936, 779, 3625, 343, 479, 61, 868, 454, 156, 2428, 1589, 27, 585, 2854, 476, 3856, 4, 843, 505, 2727, 3391, 404, 3143, 256, 3454, 183, 109, 177, 642, 1033, 4104, 173, 3841, 51, 249, 412, 304, 1208, 71, 3543, 3870, 4678, 1276, 101, 229, 965, 2441, 3065, 12, 1800, 455, 102, 3872, 4170, 169, 198, 3497, 241, 4343, 2018, 94, 547, 1130, 640, 888, 1433, 19, 907, 284, 1804, 2146, 720, 2081, 2704, 93, 1119, 6, 11, 282, 1793, 4107, 4713, 215, 2688, 47, 274, 31, 648, 205, 2343, 32, 34, 236, 3330, 934, 375, 1109, 3167]
RKP_05000_05000_3_05.txt|50678.84|52405|0.07899485799999298|[81, 97, 139, 331, 13, 368, 2910, 1044, 406, 537, 1680, 44, 2428, 50, 1771, 3138, 72, 259, 969, 2, 3566, 1506, 1664, 150, 12, 984, 1640, 555, 4707, 372, 1519, 1982, 1843, 1758, 2994, 20, 4618, 1951, 5, 75, 617, 958, 141, 70, 945, 15, 115, 1004, 4267, 1960, 1686, 3569, 24, 34, 202, 3442, 2606, 1182, 28, 166, 779, 1313, 1696, 2386, 17, 4, 58, 268, 814, 242, 207, 1, 616, 95, 309, 839, 32, 25, 1655, 317, 620, 3509, 4138, 503, 1073, 138, 533, 1378, 62, 743, 628, 375, 3119, 1852, 351]
RKP_05000_05000_3_06.txt|51744.59|52997|0.07933328300001563|[2697, 234, 1191, 3441, 313, 1123, 645, 924, 2300, 386, 1678, 2537, 28, 1989, 2724, 78, 1005, 2338, 480, 737, 671, 22, 2115, 6, 23, 30, 55, 607, 2334, 115, 377, 1115, 382, 845, 3065, 285, 839, 8, 2100, 43, 239, 617, 2793, 4180, 262, 1939, 1, 44, 2626, 242, 909, 3251, 48, 101, 125, 623, 934, 4383, 1379, 1967, 318, 2412, 2, 7, 3946, 97, 985, 3857, 165, 3325, 3, 190, 203, 430, 1745, 2540, 3448, 4300, 18, 1323, 817, 3359, 2035, 3327, 692, 2868, 542, 616, 132, 3871, 141, 955, 9, 1248, 213, 495]
RKP_05000_05000_3_07.txt|48858.85|49979|0.07904582899999013|[217, 1664, 1728, 718, 796, 304, 924, 2, 88, 766, 2201, 4, 609, 684, 817, 525, 4656, 2093, 835, 348, 490, 232, 1338, 82, 2287, 813, 1818, 1420, 3987, 143, 1721, 2643, 487, 866, 2747, 2824, 1049, 231, 1, 459, 1279, 462, 1213, 3347, 2399, 2511, 1497, 897, 1127, 544, 220, 717, 3, 723, 1854, 3503, 656, 1005, 599, 1405, 192, 3036, 4288, 739, 1375, 412, 598, 4796, 4750, 13, 2551, 1579, 2379, 1939, 1060, 652, 12, 61, 1964, 2655, 3295, 1090, 124, 1323, 476, 1264, 1102, 2255, 50, 224]
RKP_05000_05000_3_08.txt|47910.33|49498|0.07879322099998262|[433, 4469, 1833, 938, 147, 150, 640, 1969, 18, 2446, 351, 1311, 762, 1104, 1105, 1, 524, 54, 39, 752, 2393, 16, 2528, 22, 784, 4805, 2, 14, 2221, 1145, 1042, 2413, 876, 1371, 4731, 294, 2250, 28, 2750, 1613, 43, 110, 205, 122, 484, 742, 391, 53, 1224, 73, 2150, 430, 1520, 128, 105, 1450, 89, 1856, 60, 254, 3967, 731, 280, 692, 857, 9, 192, 38, 91, 547, 3512, 2945, 237, 563, 3072, 3, 241, 6, 289, 2859, 4022, 251, 1185, 1405, 4, 1262, 66, 3102, 8]
RKP_05000_05000_3_09.txt|53923.75|54996|0.07901182899999185|[42, 1667, 1282, 17, 932, 609, 233, 2885, 1146, 2994, 345, 643, 851, 767, 913, 3338, 19, 43, 877, 2427, 1945, 4246, 1328, 1813, 4338, 4825, 629, 13, 789, 2838, 2435, 431, 1343, 3684, 387, 1933, 4052, 2166, 133, 313, 3677, 8, 252, 1549, 111, 406, 96, 532, 4, 123, 512, 1727, 2926, 317, 2247, 693, 1489, 7, 150, 354, 3864, 4789, 534, 593, 679, 3453, 165, 299, 4240, 1555, 25, 929, 2773, 2, 54, 2746, 4313, 112, 1563, 3009, 75, 1, 344, 2111, 281, 35, 184, 356, 1479, 4077, 2525, 10, 26, 533, 413, 3, 2748, 308, 259, 2090]
RKP_05000_05000_3_10.txt|51879.78|52985|0.07897219199997607|[3, 1202, 1284, 1258, 59, 313, 577, 2698, 402, 3454, 120, 1062, 3468, 3222, 2573, 2748, 1358, 1135, 3759, 4808, 44, 13, 2643, 1405, 4, 1075, 481, 675, 490, 137, 2521, 26, 1224, 2536, 1, 535, 576, 48, 1786, 607, 1714, 2, 1567, 1653, 3531, 3937, 2923, 1099, 60, 278, 14, 716, 3046, 172, 1639, 665, 243, 664, 18, 1891, 3640, 102, 1444, 276, 988, 5, 202, 28, 9, 1969, 227, 1159, 23, 67, 616, 668, 261, 309, 3218, 605, 319, 2978, 190, 181, 394, 893, 405, 101, 3459, 41, 371, 722, 2562, 3824, 457, 2131]
RKP_05000_05000_4_01.txt|4999.83|5000|0.07698880500000542|[4658]
RKP_05000_05000_4_02.txt|4999.75|5000|0.07732953600000883|[4978]
RKP_05000_05000_4_03.txt|4999.95|5000|0.07761283399999684|[4795]
RKP_05000_05000_4_04.txt|4999.85|5000|0.0774011650000125|[4597]
RKP_05000_05000_4_05.txt|4999.98|5000|0.07788952300000573|[4783]
RKP_05000_05000_4_06.txt|4999.48|5000|0.07728317399999923|[4625]
RKP_05000_05000_4_07.txt|4999.84|5000|0.07756697399998756|[4778]
RKP_05000_05000_4_08.txt|4999.92|5000|0.07776078799999141|[4648]
RKP_05000_05000_4_09.txt|4999.94|5000|0.07757822200001784|[4770]
RKP_05000_05000_4_10.txt|4998.81|4999|0.07756904799998438|[4786]
RKP_05000_05000_5_01.txt|4831.05|5014|0.07780782300000738|[2, 3, 4, 5, 6, 8, 9, 10, 11, 12, 14, 15, 16, 17, 20, 22, 24, 26, 27, 28, 31, 33, 34, 35, 36, 37]
RKP_05000_05000_5_02.txt|4816.07|5080|0.07715369300000476|[4, 7, 8, 9, 10, 11, 12, 13, 14, 16, 17, 18, 19, 20, 21, 22, 23, 25, 27, 29, 30, 31, 32, 33]
RKP_05000_05000_5_03.txt|4876.46|5073|0.0771162829999912|[3, 4, 5, 6, 7, 8, 9, 10, 11, 12, 13, 14, 15, 16, 17, 19, 21, 22, 25, 26, 27, 28, 29, 30, 32]
RKP_05000_05000_5_04.txt|4832.04|5022|0.07711385599998494|[1, 4, 5, 6, 7, 8, 9, 10, 11, 12, 13, 14, 15, 16, 17, 19, 20, 21, 22, 23, 25, 27, 29, 30, 31]
RKP_05000_05000_5_05.txt|4957.2|5102|0.07714792200000829|[1, 3, 6, 7, 9, 10, 11, 12, 13, 14, 15, 16, 18, 19, 20, 21, 22, 23, 24, 25, 26, 27, 28, 29, 31, 33, 34]
RKP_05000_05000_5_06.txt|4779.03|5026|0.07726475299998128|[3, 4, 5, 6, 8, 9, 12, 13, 15, 16, 17, 19, 20, 21, 22, 23, 24, 25, 26, 27, 28]
RKP_05000_05000_5_07.txt|4889.64|5036|0.0770464179999908|[1, 2, 4, 5, 7, 8, 9, 10, 11, 12, 13, 14, 15, 16, 17, 18, 19, 20, 22, 23, 24, 26, 27, 28, 29]
RKP_05000_05000_5_08.txt|4869.91|5055|0.0770376329999931|[2, 3, 4, 5, 7, 8, 9, 10, 11, 12, 13, 14, 15, 16, 18, 19, 20, 21, 22, 25, 26, 27, 28, 29, 30, 32, 33, 34, 35, 37, 38]
RKP_05000_05000_5_09.txt|4793.87|5050|0.07703349700001581|[2, 4, 6, 8, 9, 11, 13, 16, 17, 18, 19, 20, 21, 22, 23, 24, 25, 26, 30, 31, 33, 34, 35]
RKP_05000_05000_5_10.txt|4812.86|5007|0.0768756980000012|[1, 2, 3, 4, 5, 6, 7, 8, 9, 10, 11, 12, 13, 14, 15, 16, 17, 20, 21, 23, 24, 25, 27, 28, 29, 30, 31]
