RKP_00100_00100_1_01.txt|639.57|760|0.0005978209999999962|[28, 3, 29, 31, 17, 16, 22, 1, 66, 4]
RKP_00100_00100_1_02.txt|736.88|842|0.0006083590000000017|[50, 37, 48, 91, 9, 15, 1, 44, 56, 2, 16]
RKP_00100_00100_1_03.txt|583.85|750|0.0005747660000000032|[34, 1, 4, 10, 14, 63, 5, 6, 12, 16, 2]
RKP_00100_00100_1_04.txt|596.3|728|0.0005692270000000099|[15, 7, 9, 74, 43, 3, 10, 4, 5, 16]
RKP_00100_00100_1_05.txt|599.91|730|0.0005656430000000012|[79, 20, 11, 16, 30, 44, 66, 14, 3, 22]
RKP_00100_00100_1_06.txt|864.41|1004|0.0006017989999999962|[57, 97, 47, 17, 31, 48, 55, 20, 34, 16, 83, 12, 3]
RKP_00100_00100_1_07.txt|434.16|529|0.000545041999999999|[60, 39, 51, 9, 5, 13, 71, 46]
RKP_00100_00100_1_08.txt|737.29|852|0.000592405000000007|[30, 87, 6, 7, 92, 2, 76, 24, 1, 88, 9, 5, 11]
RKP_00100_00100_1_09.txt|497.63|626|0.0005536289999999921|[24, 5, 18, 16, 52, 2, 8, 77, 4, 23]
RKP_00100_00100_1_10.txt|617.13|722|0.0005725760000000002|[4, 1, 2, 27, 11, 33, 13, 18, 24, 5, 12, 3]
RKP_00100_00100_2_01.txt|126.35|164|0.0005241840000000098|[6, 20, 1, 43, 22, 13, 57, 68]
RKP_00100_00100_2_02.txt|132.47|163|0.0005317819999999962|[28, 4, 8, 30, 40, 47, 36, 11]
RKP_00100_00100_2_03.txt|136.55|169|0.0005414369999999846|[51, 31, 1, 75, 3, 5, 48, 26, 64]
RKP_00100_00100_2_04.txt|131.11|162|0.0005205239999999911|[11, 18, 50, 2, 9, 28, 26, 41]
RKP_00100_00100_2_05.txt|125.89|153|0.0005278300000000113|[96, 64, 30, 32, 82, 36]
RKP_00100_00100_2_06.txt|117.75|145|0.0005112419999999896|[2, 23, 53, 10]
RKP_00100_00100_2_07.txt|123.16|154|0.0005270699999999806|[7, 22, 28, 15, 3, 4, 49, 63]
RKP_00100_00100_2_08.txt|125.77|150|0.0005184860000000069|[28, 16, 1, 48, 5, 51]
RKP_00100_00100_2_09.txt|119.27|143|0.0005167649999999946|[4, 9, 23, 27, 38, 33]
RKP_00100_00100_2_10.txt|125.89|152|0.0005266449999999856|[65, 64, 40, 1, 85, 14, 28, 4]
RKP_00100_00100_3_01.txt|179.06|225|0.0005486659999999998|[5, 8, 3, 6, 29, 44, 2, 47, 10, 24, 21, 52]
RKP_00100_00100_3_02.txt|184.15|219|0.0005535759999999979|[2, 17, 3, 59, 52, 1, 8, 24, 48, 7, 68, 12]
RKP_00100_00100_3_03.txt|206.63|241|0.0005739110000000025|[4, 3, 14, 49, 12, 45, 2, 23, 66, 1, 75, 19, 81, 15]
RKP_00100_00100_3_04.txt|187.28|221|0.0005522790000000088|[34, 8, 21, 26, 6, 42, 48, 50, 31, 72, 15, 1]
RKP_00100_00100_3_05.txt|192.71|220|0.0005495999999999856|[1, 52, 7, 25, 2, 12, 15, 22, 3, 33, 72, 10]
RKP_00100_00100_3_06.txt|204.38|231|0.000564223000000017|[11, 2, 3, 72, 40, 8, 27, 31, 4, 19, 10, 39, 5]
RKP_00100_00100_3_07.txt|179.06|209|0.0005522099999999864|[2, 14, 89, 27, 83, 7, 50, 6, 88, 13, 1]
RKP_00100_00100_3_08.txt|177.66|213|0.0005406409999999617|[12, 7, 3, 33, 62, 1, 15, 58, 6, 2, 67]
RKP_00100_00100_3_09.txt|174.72|201|0.0005365370000000125|[32, 89, 1, 57, 8, 42, 2, 35, 44, 3]
RKP_00100_00100_3_10.txt|202.36|242|0.0005570969999999687|[20, 60, 69, 46, 1, 61, 93, 5, 34, 45, 54, 62, 6, 55]
RKP_00100_00100_4_01.txt|98.07|100|0.0004719670000000198|[97]
RKP_00100_00100_4_02.txt|98.98|100|0.0004791899999999982|[88]
RKP_00100_00100_4_03.txt|99.48|100|0.0004796600000000062|[84]
RKP_00100_00100_4_04.txt|98.56|100|0.00047650699999996605|[95]
RKP_00100_00100_4_05.txt|98.92|100|0.0004803909999999867|[87]
RKP_00100_00100_4_06.txt|96.63|98|0.00047906800000000247|[93]
RKP_00100_00100_4_07.txt|97.45|98|0.00047493999999995926|[98]
RKP_00100_00100_4_08.txt|98.45|100|0.00047398499999998125|[97]
RKP_00100_00100_4_09.txt|97.76|99|0.0004838449999999783|[89]
RKP_00100_00100_4_10.txt|96.76|98|0.0004716910000000052|[88]
RKP_00100_00100_5_01.txt|89.82|122|0.0005079670000000158|[4, 6, 7, 9, 13]
RKP_00100_00100_5_02.txt|88.25|126|0.0005069999999999731|[11, 12, 13, 14]
RKP_00100_00100_5_03.txt|92.08|108|0.000510809999999986|[1, 2, 3, 4, 5, 6]
RKP_00100_00100_5_04.txt|87.42|120|0.000519946999999985|[2, 6, 7, 10]
RKP_00100_00100_5_05.txt|90.75|119|0.0005117000000000349|[5, 9, 14, 15, 16, 18]
RKP_00100_00100_5_06.txt|92.43|132|0.0004980350000000122|[6, 7, 9]
RKP_00100_00100_5_07.txt|90.61|120|0.0005121169999999831|[4, 8, 10, 11, 12]
RKP_00100_00100_5_08.txt|89.47|113|0.0005225570000000079|[6, 7, 8, 10, 13]
RKP_00100_00100_5_09.txt|91.53|119|0.0004927289999999873|[1, 5, 6, 7]
RKP_00100_00100_5_10.txt|87.49|110|0.0005569180000000351|[1, 2, 5, 7, 8, 9, 18]
RKP_00500_00100_1_01.txt|1450.07|1588|0.0031452200000000284|[284, 140, 40, 500, 25, 2, 148, 222, 120, 173, 6, 131, 304, 38, 280, 63, 211, 158, 75, 168, 18, 3, 325]
RKP_00500_00100_1_02.txt|1285.53|1427|0.0030980089999999814|[13, 87, 288, 77, 89, 205, 351, 388, 325, 132, 433, 30, 394, 109, 175, 14, 88, 62, 3, 102, 376]
RKP_00500_00100_1_03.txt|1181.33|1321|0.0031371530000000015|[496, 11, 5, 228, 147, 139, 1, 140, 477, 158, 113, 15, 30, 16, 227, 111, 73, 37, 23, 20]
RKP_00500_00100_1_04.txt|1438.93|1573|0.0031265220000000226|[64, 315, 93, 245, 197, 359, 59, 94, 156, 11, 254, 121, 467, 65, 62, 151, 10, 41, 212]
RKP_00500_00100_1_05.txt|1482.29|1659|0.003237430000000012|[10, 11, 17, 215, 363, 402, 192, 24, 2, 23, 116, 18, 203, 5, 13, 76, 136, 104, 3, 292, 320, 382]
RKP_00500_00100_1_06.txt|1697.71|1846|0.003388579000000025|[34, 230, 3, 13, 165, 240, 35, 52, 190, 211, 89, 182, 490, 5, 189, 281, 225, 55, 107, 411, 7, 16, 27, 4]
RKP_00500_00100_1_07.txt|1718.41|1885|0.003165997999999961|[97, 22, 31, 40, 322, 469, 206, 21, 410, 192, 165, 89, 49, 359, 461, 147, 133, 492, 4, 13, 387, 2, 47, 126, 39]
RKP_00500_00100_1_08.txt|1431.93|1671|0.0031474250000000305|[10, 4, 258, 156, 332, 378, 29, 106, 165, 146, 3, 2, 225, 150, 149, 122, 167, 357, 63, 185, 35, 254, 1]
RKP_00500_00100_1_09.txt|1370.43|1554|0.00313803899999999|[19, 221, 39, 77, 108, 148, 180, 16, 153, 163, 496, 151, 344, 307, 229, 48, 173, 214, 11, 150, 27, 12, 215]
RKP_00500_00100_1_10.txt|1348.03|1514|0.0031501960000000205|[234, 62, 413, 14, 3, 6, 214, 75, 84, 21, 30, 33, 277, 59, 342, 5, 49, 78, 155, 464, 17, 4, 162]
RKP_00500_00100_2_01.txt|209.77|235|0.003119504000000042|[11, 168, 39, 226, 441, 447, 32, 137, 16, 148, 40, 3, 50, 100, 351, 150, 472, 20, 220]
RKP_00500_00100_2_02.txt|205.83|233|0.0031136109999999294|[336, 65, 6, 72, 314, 156, 195, 142, 4, 59, 441, 186, 131, 299, 21, 100, 7, 36]
RKP_00500_00100_2_03.txt|204.07|229|0.0031499479999999025|[155, 436, 107, 71, 100, 2, 31, 382, 142, 3, 104, 18, 318, 13, 370, 479, 12]
RKP_00500_00100_2_04.txt|194.31|222|0.003146256000000038|[58, 112, 105, 204, 26, 11, 14, 125, 429, 306, 163, 38, 16, 8, 131, 236, 61]
RKP_00500_00100_2_05.txt|196.14|221|0.003133644999999996|[5, 260, 426, 48, 218, 294, 4, 16, 77, 322, 417, 52, 240, 109, 143, 55, 32]
RKP_00500_00100_2_06.txt|188.45|223|0.0031941810000000715|[70, 9, 18, 1, 35, 3, 27, 150, 57, 50, 5, 53, 24, 89, 358]
RKP_00500_00100_2_07.txt|184.97|211|0.003149176999999863|[1, 17, 260, 292, 452, 53, 114, 5, 83, 3, 308, 123, 129, 6, 9, 162, 278, 226]
RKP_00500_00100_2_08.txt|178.53|200|0.003155304000000019|[495, 45, 15, 1, 3, 6, 7, 96, 123, 42, 350, 278, 265, 43]
RKP_00500_00100_2_09.txt|165.19|184|0.003173653000000023|[108, 70, 87, 277, 433, 52, 39, 335, 426, 16, 25, 74]
RKP_00500_00100_2_10.txt|172.63|201|0.003168715000000013|[20, 14, 372, 2, 118, 21, 40, 166, 19, 154, 276, 498, 83, 46, 62, 105]
RKP_00500_00100_3_01.txt|292.43|320|0.003155002999999983|[1, 96, 260, 43, 401, 5, 11, 143, 2, 31, 38, 148, 158, 64, 344, 223, 225, 55, 78, 36, 293, 343]
RKP_00500_00100_3_02.txt|341.27|390|0.00314885100000005|[189, 1, 4, 73, 103, 110, 167, 172, 32, 5, 20, 39, 56, 152, 160, 64, 111, 202, 203, 179, 195, 336, 413, 15, 162, 351, 18, 143, 9]
RKP_00500_00100_3_03.txt|331.92|360|0.003130834999999923|[9, 71, 113, 454, 1, 351, 11, 22, 258, 264, 93, 148, 444, 193, 266, 14, 45, 5, 118, 123, 139, 43, 75, 111, 121, 322]
RKP_00500_00100_3_04.txt|338.55|371|0.0031646670000000654|[168, 209, 280, 282, 350, 1, 142, 163, 2, 66, 68, 104, 312, 345, 31, 72, 119, 156, 125, 4, 50, 3, 5, 301, 400, 6, 219]
RKP_00500_00100_3_05.txt|337.45|369|0.0031726550000000307|[12, 377, 417, 1, 106, 143, 319, 381, 108, 211, 33, 9, 32, 102, 196, 199, 340, 392, 7, 30, 88, 263, 397, 167, 468, 3, 5]
RKP_00500_00100_3_06.txt|299.05|331|0.003142162000000006|[204, 24, 186, 242, 311, 56, 281, 433, 16, 52, 283, 12, 1, 2, 11, 137, 199, 67, 316, 330, 405, 5, 10]
RKP_00500_00100_3_07.txt|295.27|330|0.003126125000000073|[5, 17, 30, 33, 196, 200, 2, 4, 141, 3, 76, 326, 37, 99, 102, 111, 77, 244, 65, 191, 193, 335, 69]
RKP_00500_00100_3_08.txt|358.99|390|0.0031663940000000146|[49, 63, 90, 114, 19, 58, 84, 150, 172, 8, 25, 302, 323, 14, 31, 275, 301, 214, 484, 4, 26, 470, 1, 5, 32, 389, 46, 13, 16]
RKP_00500_00100_3_09.txt|326.67|362|0.0031191319999999754|[294, 221, 4, 12, 58, 70, 154, 169, 231, 54, 108, 269, 315, 83, 136, 14, 59, 13, 90, 18, 32, 104, 148, 171, 347, 434]
RKP_00500_00100_3_10.txt|327.4|360|0.003154619000000025|[322, 13, 18, 305, 325, 153, 159, 183, 189, 7, 25, 32, 99, 123, 388, 14, 28, 38, 57, 9, 36, 47, 48, 217, 222, 282]
RKP_00500_00100_4_01.txt|99.95|100|0.002920420000000039|[434]
RKP_00500_00100_4_02.txt|99.99|100|0.0029274999999999453|[494]
RKP_00500_00100_4_03.txt|99.98|100|0.002924002999999935|[436]
RKP_00500_00100_4_04.txt|99.95|100|0.003009691999999955|[428]
RKP_00500_00100_4_05.txt|100.0|100|0.0029170199999999724|[421]
RKP_00500_00100_4_06.txt|99.75|100|0.0029345419999999224|[464]
RKP_00500_00100_4_07.txt|99.85|100|0.00296233000000008|[467]
RKP_00500_00100_4_08.txt|99.83|100|0.0029364259999999478|[480]
RKP_00500_00100_4_09.txt|99.98|100|0.0029684159999999694|[440]
RKP_00500_00100_4_10.txt|99.89|100|0.0029543200000000346|[497]
RKP_00500_00100_5_01.txt|92.75|103|0.00311431200000003|[1, 3, 4, 5, 9, 11, 12, 13, 15, 17, 18, 19, 20]
RKP_00500_00100_5_02.txt|98.67|111|0.0029619440000001164|[5, 6, 7, 8, 11, 13, 14, 16, 19]
RKP_00500_00100_5_03.txt|94.74|107|0.0030513039999999947|[2, 6, 8, 11, 13, 14, 16, 20, 23]
RKP_00500_00100_5_04.txt|93.53|111|0.0030105710000001905|[5, 9, 10, 12, 13, 16, 18, 19, 20, 21, 23]
RKP_00500_00100_5_05.txt|92.94|106|0.0029992979999998682|[3, 6, 8, 10, 11, 13, 18, 19, 20, 21, 22, 23]
RKP_00500_00100_5_06.txt|92.6|108|0.0030244190000000516|[5, 9, 10, 11, 13, 15, 21, 22, 23, 25]
RKP_00500_00100_5_07.txt|95.0|114|0.002996714999999881|[6, 12, 14, 16, 17, 19, 22, 23]
RKP_00500_00100_5_08.txt|95.74|110|0.002982774999999833|[5, 7, 9, 11, 13, 14, 19]
RKP_00500_00100_5_09.txt|92.31|110|0.002996398000000049|[8, 14, 16, 18, 19, 21]
RKP_00500_00100_5_10.txt|90.9|104|0.003025223999999724|[6, 8, 9, 10, 11, 14, 15, 17, 18, 20]
RKP_01000_00100_1_01.txt|1888.71|2175|0.008702631999999823|[261, 47, 2, 64, 123, 465, 13, 432, 42, 51, 27, 39, 10, 646, 8, 67, 560, 40, 531, 116, 91, 36, 48, 151, 97, 244, 745, 50, 260]
RKP_01000_00100_1_02.txt|1764.64|1912|0.008590576999999974|[16, 30, 171, 195, 486, 182, 9, 557, 72, 38, 359, 294, 1, 49, 527, 292, 519, 108, 515, 696, 694, 872, 18, 754, 58, 32, 185, 905, 408]
RKP_01000_00100_1_03.txt|1738.72|1929|0.008604809000000414|[174, 199, 114, 800, 2, 869, 4, 56, 1, 326, 182, 19, 128, 3, 172, 145, 754, 116, 813, 65, 380, 121, 704, 535, 978]
RKP_01000_00100_1_04.txt|2072.64|2205|0.008657843000000227|[1, 75, 566, 151, 429, 277, 20, 12, 733, 255, 726, 2, 247, 3, 283, 44, 790, 6, 69, 14, 204, 592, 172, 165, 53, 758, 5, 45, 402, 732, 110]
RKP_01000_00100_1_05.txt|1933.02|2086|0.00869391500000006|[41, 49, 75, 696, 307, 121, 89, 915, 673, 39, 222, 16, 12, 553, 188, 26, 123, 74, 865, 207, 29, 1, 198, 159, 635, 340, 101, 139, 1000]
RKP_01000_00100_1_06.txt|2131.84|2310|0.008738703999999693|[383, 58, 78, 168, 250, 993, 442, 120, 349, 10, 632, 44, 176, 4, 177, 8, 283, 265, 33, 1, 55, 99, 38, 233, 236, 83, 773, 235, 242, 645, 941, 6]
RKP_01000_00100_1_07.txt|2175.14|2421|0.008793975999999972|[440, 86, 436, 3, 556, 874, 7, 128, 204, 37, 129, 190, 90, 382, 342, 19, 170, 88, 372, 484, 641, 226, 1, 2, 18, 42, 8, 96, 12, 127, 558, 368]
RKP_01000_00100_1_08.txt|1932.39|2150|0.008825011999999894|[922, 4, 68, 421, 1, 149, 716, 223, 22, 303, 274, 366, 356, 26, 10, 5, 422, 29, 390, 101, 294, 278, 780, 16, 111, 51, 145, 80, 6, 132]
RKP_01000_00100_1_09.txt|1821.34|2019|0.008612214999999885|[36, 31, 290, 513, 672, 48, 691, 1, 898, 103, 32, 579, 196, 782, 108, 925, 170, 39, 15, 248, 14, 213, 405, 409, 10, 155, 150, 763, 27]
RKP_01000_00100_1_10.txt|2200.96|2331|0.008818076999999747|[669, 111, 331, 534, 19, 466, 76, 618, 43, 480, 813, 931, 785, 50, 221, 188, 1, 748, 253, 158, 8, 4, 30, 754, 439, 368, 724, 55, 104, 63, 491, 565, 656]
RKP_01000_00100_2_01.txt|230.56|259|0.008774931999999893|[12, 374, 13, 7, 264, 16, 111, 253, 73, 690, 186, 21, 375, 252, 24, 41, 47, 76, 183, 209, 90, 361, 901]
RKP_01000_00100_2_02.txt|221.11|248|0.008728564000000034|[202, 782, 311, 63, 73, 410, 547, 357, 583, 183, 213, 69, 397, 954, 625, 3, 23, 84, 385, 580, 718]
RKP_01000_00100_2_03.txt|266.57|307|0.008677540000000015|[87, 84, 417, 141, 330, 5, 416, 81, 97, 171, 394, 123, 33, 64, 13, 746, 420, 928, 282, 404, 256, 340, 854, 186, 371, 214]
RKP_01000_00100_2_04.txt|236.54|258|0.0085997050000001|[35, 37, 21, 60, 123, 428, 698, 58, 443, 147, 49, 782, 74, 24, 207, 332, 77, 150, 246]
RKP_01000_00100_2_05.txt|229.46|253|0.008641276999999831|[380, 84, 428, 236, 152, 222, 26, 73, 409, 30, 299, 501, 162, 512, 11, 12, 351, 462, 823, 7, 293, 111, 713, 311]
RKP_01000_00100_2_06.txt|264.99|299|0.008942878999999628|[6, 858, 33, 1, 16, 602, 122, 259, 24, 876, 255, 805, 154, 187, 57, 399, 827, 322, 185, 233, 290, 894, 258, 289]
RKP_01000_00100_2_07.txt|226.03|255|0.008755016000000424|[7, 173, 796, 81, 457, 396, 208, 950, 378, 284, 520, 783, 433, 1, 337, 480, 531, 305, 271, 69, 405, 47, 689]
RKP_01000_00100_2_08.txt|256.83|285|0.008768633999999836|[10, 121, 3, 7, 862, 39, 9, 26, 11, 44, 1, 41, 49, 175, 131, 21, 294, 223, 414, 485, 519, 661, 76]
RKP_01000_00100_2_09.txt|228.67|256|0.008740609000000177|[205, 18, 348, 191, 235, 436, 656, 651, 31, 30, 225, 6, 118, 25, 127, 176, 382, 470, 236, 411, 241]
RKP_01000_00100_2_10.txt|245.73|270|0.00862286800000021|[252, 521, 56, 164, 4, 122, 309, 15, 282, 579, 548, 163, 273, 700, 58, 184, 191, 443, 522, 755, 196, 33, 341]
RKP_01000_00100_3_01.txt|443.54|480|0.008640393000000088|[49, 249, 337, 857, 1, 11, 15, 55, 186, 340, 348, 464, 704, 740, 94, 322, 326, 441, 565, 567, 605, 32, 65, 119, 133, 537, 659, 763, 21, 22, 69, 77, 179, 634, 959, 166, 297, 468]
RKP_01000_00100_3_02.txt|407.99|449|0.008664643000000184|[9, 25, 120, 137, 138, 295, 3, 37, 69, 79, 94, 126, 300, 533, 2, 16, 31, 53, 56, 70, 110, 121, 216, 586, 600, 654, 286, 377, 381, 567, 978, 35, 8, 51, 77]
RKP_01000_00100_3_03.txt|431.31|470|0.008683274000000409|[1, 378, 692, 3, 84, 143, 170, 222, 270, 392, 530, 580, 62, 74, 321, 443, 738, 822, 13, 17, 31, 54, 93, 431, 836, 22, 44, 142, 181, 625, 720, 8, 28, 87, 184, 305, 809]
RKP_01000_00100_3_04.txt|439.84|470|0.00872221500000002|[3, 42, 149, 274, 645, 4, 5, 16, 65, 558, 639, 2, 10, 31, 41, 83, 293, 1, 142, 277, 305, 389, 449, 740, 786, 15, 433, 657, 24, 35, 62, 201, 232, 309, 339, 480, 527]
RKP_01000_00100_3_05.txt|369.52|401|0.008588163999999949|[460, 5, 24, 29, 31, 163, 172, 86, 100, 141, 151, 480, 57, 183, 630, 661, 107, 128, 315, 876, 910, 50, 76, 145, 674, 851, 49, 91, 119, 778]
RKP_01000_00100_3_06.txt|377.22|420|0.008672802000000104|[5, 112, 204, 249, 7, 16, 22, 37, 224, 347, 471, 886, 970, 15, 63, 129, 207, 217, 543, 36, 242, 25, 153, 239, 4, 64, 158, 116, 237, 345, 450, 26]
RKP_01000_00100_3_07.txt|458.27|480|0.00874500000000019|[31, 190, 591, 695, 822, 888, 1, 5, 354, 433, 605, 3, 62, 131, 282, 337, 402, 483, 12, 16, 20, 23, 112, 129, 169, 231, 34, 124, 204, 583, 942, 2, 17, 96, 144, 202, 287, 828]
RKP_01000_00100_3_08.txt|364.36|400|0.008597984000000026|[35, 340, 2, 71, 89, 97, 131, 7, 11, 53, 130, 252, 257, 524, 591, 703, 198, 33, 118, 152, 233, 342, 655, 883, 13, 74, 250, 528, 81, 88]
RKP_01000_00100_3_09.txt|382.01|421|0.008636028000000096|[23, 17, 211, 318, 385, 403, 578, 758, 871, 1, 6, 26, 77, 202, 83, 141, 480, 647, 2, 3, 199, 446, 885, 930, 19, 39, 66, 100, 228, 432, 547, 29]
RKP_01000_00100_3_10.txt|412.69|450|0.00864496900000013|[12, 245, 677, 3, 16, 18, 22, 35, 46, 169, 334, 467, 632, 104, 187, 439, 964, 10, 122, 156, 524, 764, 1, 61, 566, 687, 799, 2, 4, 9, 87, 90, 113, 170, 426]
RKP_01000_00100_4_01.txt|99.9|100|0.008368432999999627|[866]
RKP_01000_00100_4_02.txt|100.0|100|0.008341834999999947|[858]
RKP_01000_00100_4_03.txt|100.0|100|0.008396968999999928|[863]
RKP_01000_00100_4_04.txt|100.0|100|0.008381335000000333|[828]
RKP_01000_00100_4_05.txt|100.0|100|0.00830495400000018|[872]
RKP_01000_00100_4_06.txt|99.98|100|0.008310121999999965|[878]
RKP_01000_00100_4_07.txt|99.99|100|0.0083400359999996|[887]
RKP_01000_00100_4_08.txt|100.0|100|0.008335362999999844|[847]
RKP_01000_00100_4_09.txt|100.0|100|0.00831427899999987|[936]
RKP_01000_00100_4_10.txt|100.0|100|0.008329577999999813|[862]
RKP_01000_00100_5_01.txt|97.7|108|0.008408073999999885|[3, 5, 6, 7, 9, 11, 12, 13, 14, 15, 16, 17]
RKP_01000_00100_5_02.txt|94.1|111|0.00834914000000019|[7, 9, 10, 11, 15, 17, 18, 19, 22]
RKP_01000_00100_5_03.txt|96.29|105|0.008385702000000066|[1, 3, 4, 6, 8, 9, 10, 12, 16, 17, 18, 20]
RKP_01000_00100_5_04.txt|95.97|104|0.008425122999999318|[3, 4, 5, 8, 9, 11, 13, 14, 15, 17, 19, 20, 22, 24, 25]
RKP_01000_00100_5_05.txt|95.28|107|0.008345985000000198|[7, 8, 11, 14, 15, 16, 18, 20, 23, 24]
RKP_01000_00100_5_06.txt|94.56|106|0.008364755999999574|[3, 5, 7, 8, 9, 10, 11, 13, 14, 15, 16, 20, 23]
RKP_01000_00100_5_07.txt|95.23|103|0.008375513999999883|[2, 4, 9, 11, 12, 13, 19, 20, 23, 24, 25, 27, 28, 29]
RKP_01000_00100_5_08.txt|97.94|107|0.008364832999999834|[1, 8, 9, 10, 11, 20, 23, 25, 26, 28, 31, 34, 35, 37]
RKP_01000_00100_5_09.txt|94.93|107|0.008372441000000065|[1, 5, 7, 8, 9, 11, 15, 17, 19, 22, 23]
RKP_01000_00100_5_10.txt|93.91|102|0.008354844000000057|[2, 3, 4, 9, 11, 12, 13, 14, 24, 26]
RKP_05000_00100_1_01.txt|4133.16|4375|0.14021362400000015|[302, 1275, 1839, 1373, 2556, 4, 553, 8, 20, 2106, 1268, 540, 589, 904, 1485, 150, 1700, 1482, 68, 59, 852, 89, 1277, 1181, 1207, 24, 115, 2548, 99, 2478, 21, 847, 801, 1568, 2505, 22, 465, 363, 4545, 3, 13, 5, 9, 343, 518, 1731, 1, 4758, 2091, 1465, 183, 299, 533, 3645, 1406, 3781, 198, 642, 1244]
RKP_05000_00100_1_02.txt|4083.07|4329|0.13908469699999984|[3648, 60, 275, 892, 4066, 73, 350, 4311, 2, 4439, 1210, 2337, 716, 1201, 501, 3013, 1, 347, 338, 601, 135, 374, 235, 151, 2809, 1720, 1929, 2669, 99, 28, 75, 463, 3415, 437, 4339, 171, 3158, 31, 277, 794, 1557, 1432, 1821, 4071, 262, 357, 1908, 2056, 2586, 1236, 3592, 2196, 4318, 398, 176, 4651]
RKP_05000_00100_1_03.txt|4090.24|4339|0.14019417400000095|[3382, 81, 4396, 4053, 193, 1588, 10, 2992, 3261, 27, 3471, 26, 1880, 1417, 3801, 1634, 4436, 3036, 612, 203, 3005, 7, 5, 326, 1550, 304, 793, 6, 1020, 2, 2442, 2646, 22, 350, 1237, 1044, 591, 929, 961, 1355, 436, 1, 1069, 1912, 207, 410, 47, 52, 338, 1784, 136, 1284, 1193, 1006, 1332]
RKP_05000_00100_1_04.txt|3815.7|4087|0.1397129229999996|[795, 41, 2565, 38, 147, 2594, 7, 1931, 378, 23, 1521, 5, 3064, 135, 4470, 4280, 3644, 3336, 16, 868, 1367, 3338, 131, 233, 2859, 78, 3225, 3474, 1764, 205, 416, 2304, 3703, 3605, 1675, 455, 20, 792, 1173, 2831, 3053, 26, 936, 3484, 4248, 1048, 4320, 69, 203, 1659, 4377, 261, 713, 1309, 1237, 142, 1965, 159, 593, 2528]
RKP_05000_00100_1_05.txt|3749.23|3987|0.1400210959999994|[64, 644, 38, 541, 427, 542, 8, 1433, 3856, 20, 4, 1309, 174, 1432, 33, 53, 2447, 2549, 101, 2995, 60, 119, 96, 4179, 507, 356, 23, 270, 230, 3160, 977, 158, 14, 907, 2886, 317, 2537, 3454, 4002, 4588, 2, 2097, 386, 1759, 1024, 1809, 976, 2850, 1866, 1818, 16, 171, 214, 3939, 6]
RKP_05000_00100_1_06.txt|3840.62|4064|0.13902598199999916|[2608, 208, 747, 569, 25, 133, 645, 62, 1279, 896, 860, 3, 122, 1512, 8, 1319, 435, 701, 17, 1606, 147, 2, 71, 920, 1259, 111, 108, 2510, 7, 44, 652, 866, 1031, 45, 41, 3571, 131, 912, 115, 4655, 139, 1799, 219, 1186, 171, 2077, 455, 73, 457, 2055, 1485, 2326, 189, 338, 3834]
RKP_05000_00100_1_07.txt|4258.43|4505|0.13970826499999958|[30, 219, 880, 55, 118, 1437, 2037, 876, 204, 2883, 1762, 124, 4, 11, 931, 54, 451, 991, 1401, 453, 3370, 3, 2367, 1199, 3162, 155, 104, 457, 2085, 3473, 930, 1, 5, 97, 2207, 180, 244, 3167, 1149, 3419, 2438, 494, 192, 2041, 35, 3320, 582, 1913, 2018, 2258, 188, 914, 46, 98, 3072, 1713, 1687]
RKP_05000_00100_1_08.txt|3904.27|4163|0.13989394800000013|[2845, 441, 906, 3876, 264, 266, 82, 1, 276, 1717, 3259, 4344, 275, 4811, 154, 179, 687, 985, 1267, 739, 3226, 120, 3137, 4473, 215, 183, 3911, 1358, 1632, 4998, 2535, 54, 1318, 820, 29, 186, 1079, 260, 1029, 234, 1186, 2899, 2250, 1908, 816, 2248, 217, 2054, 564, 865, 300, 359, 1044, 3588, 502, 257, 1926, 4109]
RKP_05000_00100_1_09.txt|3584.88|3876|0.13959383099999997|[2965, 2596, 270, 816, 4135, 3051, 30, 3, 1184, 1441, 3697, 10, 121, 2, 70, 3572, 423, 1856, 6, 2807, 447, 729, 383, 1260, 4156, 83, 987, 1769, 796, 747, 1427, 90, 190, 325, 533, 1387, 329, 43, 1736, 1945, 1869, 4062, 445, 635, 4378, 179, 619, 430, 512, 593, 3704, 559, 178]
RKP_05000_00100_1_10.txt|4013.28|4302|0.1404165039999998|[43, 3373, 437, 952, 3176, 3086, 83, 429, 189, 2958, 143, 111, 1350, 3065, 1422, 352, 4572, 780, 1342, 2, 2616, 4369, 8, 26, 153, 795, 3734, 662, 445, 21, 180, 363, 1221, 956, 1804, 48, 4185, 20, 1517, 304, 2061, 230, 629, 25, 612, 2028, 14, 2552, 67, 564, 585, 2149, 176, 321, 3390, 307, 79, 2554]
RKP_05000_00100_2_01.txt|383.68|418|0.1390311610000009|[540, 1741, 551, 1057, 77, 648, 868, 2210, 1078, 220, 736, 25, 626, 848, 1238, 2735, 4039, 1647, 1835, 2120, 2295, 2913, 2948, 3573, 44, 110, 2729, 4620, 4675, 246, 315, 1715, 3, 204, 560, 948, 1095, 1272, 1735, 1887, 2218]
RKP_05000_00100_2_02.txt|435.92|460|0.13928922799999868|[4347, 677, 455, 656, 1793, 1570, 4063, 4978, 4, 73, 1493, 10, 35, 1770, 3, 763, 1800, 2437, 15, 22, 103, 1194, 1838, 3004, 407, 578, 871, 4384, 101, 2263, 1014, 2360, 2984, 155, 242, 532, 556, 929, 1307, 2412, 3238, 3612, 3848, 25, 144, 4134, 29, 275, 13]
RKP_05000_00100_2_03.txt|404.98|424|0.13958709299999839|[769, 1463, 5, 1122, 1234, 39, 388, 2844, 4806, 442, 840, 895, 1925, 842, 2606, 6, 314, 3166, 9, 185, 524, 711, 2973, 4028, 1, 22, 82, 4655, 1749, 54, 260, 500, 608, 610, 798, 1867, 4547, 639, 2287, 7, 2352, 157, 242, 710]
RKP_05000_00100_2_04.txt|396.54|436|0.1390616200000008|[506, 4139, 12, 168, 3153, 387, 531, 45, 283, 1864, 5, 491, 687, 355, 1565, 752, 1551, 1107, 1671, 31, 67, 87, 156, 225, 1138, 1566, 3108, 109, 637, 2042, 2100, 13, 363, 674, 950, 3028, 3572, 1, 840, 1139, 1295, 2568, 101, 659, 4]
RKP_05000_00100_2_05.txt|420.72|456|0.13933997899999895|[3758, 1741, 274, 1029, 3238, 991, 2083, 942, 1224, 1654, 2545, 3226, 752, 879, 3406, 3383, 984, 3374, 69, 693, 797, 29, 99, 2614, 426, 612, 167, 2206, 2261, 2815, 3573, 413, 522, 51, 3549, 3817, 31, 90, 355, 473, 744, 1503, 1735, 2365, 2703, 3555]
RKP_05000_00100_2_06.txt|399.66|429|0.13892964100000085|[2322, 1288, 2453, 4405, 466, 816, 1581, 2118, 2148, 3347, 62, 324, 758, 6, 356, 2040, 437, 1208, 129, 369, 1688, 639, 853, 1433, 210, 326, 3682, 1025, 1917, 222, 1383, 8, 33, 602, 1193, 23, 367, 3184, 342, 2312, 496, 291]
RKP_05000_00100_2_07.txt|407.37|447|0.13916007200000138|[7, 3, 71, 333, 2751, 58, 180, 938, 2246, 595, 1949, 2323, 105, 373, 183, 261, 2108, 3866, 177, 194, 1063, 3229, 3555, 55, 74, 4327, 1, 396, 649, 2528, 216, 79, 2, 11, 28, 341, 345, 498, 1073, 1485, 1601, 2446, 2641, 3488, 3689]
RKP_05000_00100_2_08.txt|389.48|418|0.1387018329999978|[792, 25, 199, 14, 99, 152, 953, 2915, 11, 24, 2149, 3421, 41, 1387, 1617, 4332, 4658, 524, 560, 671, 15, 98, 291, 1492, 1700, 94, 464, 672, 967, 3246, 3696, 9, 1273, 2312, 3365, 1301, 1330, 51, 2133, 19, 1000, 1011]
RKP_05000_00100_2_09.txt|421.99|458|0.13961301900000478|[151, 1331, 4778, 86, 433, 1873, 2352, 2953, 3113, 293, 392, 846, 1338, 2179, 2318, 4070, 110, 75, 2196, 218, 1335, 1397, 6, 18, 238, 355, 955, 1008, 1679, 5, 15, 2692, 4171, 796, 20, 66, 558, 574, 747, 1611, 1919, 2520, 3441, 29, 1529, 2027]
RKP_05000_00100_2_10.txt|387.48|428|0.1390600429999995|[120, 2435, 3300, 477, 502, 918, 1932, 2345, 2755, 2802, 113, 2283, 2768, 19, 136, 326, 2133, 291, 184, 210, 253, 163, 373, 978, 3005, 3077, 4424, 660, 1253, 72, 1547, 1773, 66, 48, 387, 463, 1183, 1576, 1608, 2249, 2456, 3484, 2497, 1196]
RKP_05000_00100_3_01.txt|669.34|730|0.139750398999999|[1, 8, 11, 48, 83, 135, 145, 224, 231, 288, 312, 334, 361, 588, 661, 692, 900, 1006, 1096, 1192, 1272, 1751, 1768, 2039, 3252, 3674, 2, 5, 18, 58, 69, 80, 188, 242, 276, 297, 322, 377, 383, 395, 413, 504, 506, 530, 533, 821, 1119, 1187, 1232, 1636, 1702, 1994, 2035, 2090, 2190, 2691, 2768, 2908, 3020, 3323, 3683, 3743, 4835]
RKP_05000_00100_3_02.txt|722.86|770|0.14129297400000268|[1, 93, 98, 132, 148, 167, 254, 272, 301, 312, 313, 373, 415, 496, 512, 542, 856, 1047, 1119, 1267, 1271, 1335, 1664, 1834, 1876, 2409, 2674, 2689, 2722, 2848, 3318, 3344, 3645, 4494, 4912, 31, 74, 89, 166, 168, 242, 304, 427, 452, 453, 554, 796, 863, 879, 993, 1093, 1147, 1322, 1326, 1510, 1524, 1637, 1689, 1824, 2059, 2367, 2988, 3228, 3623, 4233, 4432, 5]
RKP_05000_00100_3_03.txt|692.08|759|0.13973519300000192|[1, 15, 20, 21, 52, 86, 129, 140, 156, 159, 191, 283, 341, 387, 403, 820, 894, 977, 1058, 1109, 1226, 1256, 1304, 1409, 1459, 1571, 1847, 1888, 1941, 2793, 2858, 2989, 3115, 4254, 4440, 4520, 4528, 4547, 4874, 24, 73, 124, 155, 165, 351, 380, 397, 446, 546, 698, 721, 780, 901, 996, 1525, 2079, 2659, 3260, 3566, 4111, 2, 8, 11, 316, 345, 400]
RKP_05000_00100_3_04.txt|689.61|740|0.13978338300000076|[1, 9, 11, 16, 59, 100, 298, 320, 325, 335, 446, 578, 688, 769, 898, 984, 1024, 1182, 1193, 1264, 1338, 1348, 1433, 1570, 1739, 1757, 1905, 2274, 2340, 2386, 2600, 3384, 3851, 4679, 2, 24, 47, 51, 68, 72, 118, 232, 266, 282, 377, 411, 473, 607, 819, 991, 995, 1293, 1380, 1758, 1817, 3105, 3399, 3697, 6, 7, 8, 29, 61, 89]
RKP_05000_00100_3_05.txt|616.82|669|0.13962918500000115|[7, 79, 122, 238, 292, 362, 485, 513, 638, 669, 909, 936, 950, 1668, 2337, 3114, 3135, 4073, 4398, 4423, 1, 25, 109, 147, 206, 220, 230, 304, 345, 435, 448, 542, 563, 588, 590, 614, 994, 1259, 1526, 1529, 1764, 1858, 2471, 2671, 2837, 3492, 3753, 4063, 4074, 4118, 4182, 4207, 2, 3, 11, 28, 55]
RKP_05000_00100_3_06.txt|688.63|750|0.14055338499999834|[1, 10, 15, 24, 25, 27, 35, 68, 121, 179, 203, 244, 248, 270, 352, 492, 564, 638, 683, 755, 1130, 1148, 1376, 1451, 1657, 1860, 1884, 2159, 2457, 2528, 2710, 2878, 2889, 2978, 3112, 4282, 4, 5, 12, 80, 86, 157, 181, 221, 278, 290, 413, 440, 588, 700, 765, 899, 1347, 1775, 1854, 3095, 3943, 4151, 4211, 8, 9, 13, 14, 30, 31]
RKP_05000_00100_3_07.txt|687.54|758|0.1411909360000044|[14, 20, 30, 89, 98, 114, 119, 169, 189, 206, 356, 362, 416, 507, 523, 729, 750, 812, 876, 883, 890, 980, 1030, 1095, 1453, 1577, 1615, 1892, 1960, 2632, 2701, 2869, 3232, 3416, 3653, 4835, 9, 26, 68, 85, 96, 166, 178, 185, 355, 485, 549, 566, 570, 583, 799, 859, 1060, 1109, 1116, 1411, 2232, 2528, 3509, 3596, 3863, 4083, 4185, 4467, 4, 7]
RKP_05000_00100_3_08.txt|724.33|800|0.13975723000000018|[5, 13, 17, 28, 47, 101, 169, 215, 227, 238, 346, 382, 428, 563, 925, 969, 1076, 1238, 1244, 1355, 1414, 1502, 1517, 1589, 1973, 2091, 2154, 2276, 2430, 2572, 2702, 3001, 3335, 3410, 3716, 3821, 4178, 4225, 4353, 4604, 21, 36, 44, 59, 60, 108, 216, 273, 296, 484, 515, 525, 611, 684, 785, 807, 1017, 1027, 1106, 1228, 1344, 1458, 2068, 2084, 2313, 2363, 3642, 3689, 4049, 4708]
RKP_05000_00100_3_09.txt|704.08|758|0.14034934099999988|[1, 40, 55, 63, 94, 111, 137, 205, 262, 355, 409, 585, 600, 662, 789, 827, 981, 1067, 1683, 1913, 2048, 2227, 2453, 2609, 2846, 2862, 2897, 2925, 3120, 3500, 3562, 4681, 4813, 4902, 4948, 3, 10, 18, 25, 29, 229, 307, 350, 419, 447, 501, 579, 610, 882, 973, 1074, 1430, 1499, 1517, 1715, 1818, 1972, 2275, 2805, 2885, 3071, 3477, 3596, 4097, 4677, 7]
RKP_05000_00100_3_10.txt|685.09|760|0.13951146000000222|[21, 30, 47, 63, 119, 216, 236, 252, 283, 438, 627, 659, 775, 787, 860, 881, 1046, 1166, 1430, 1547, 1938, 1946, 2181, 2235, 2312, 2477, 2929, 2988, 2990, 3361, 3877, 4448, 4628, 4783, 2, 10, 11, 39, 50, 57, 79, 109, 110, 141, 166, 211, 227, 336, 526, 540, 614, 1040, 1111, 1132, 1187, 1323, 1396, 1457, 1688, 2051, 2280, 2583, 2720, 3415, 16, 189]
RKP_05000_00100_4_01.txt|100.0|100|0.1409577070000006|[4203]
RKP_05000_00100_4_02.txt|100.0|100|0.1389863800000029|[4283]
RKP_05000_00100_4_03.txt|100.0|100|0.14029553699999042|[4228]
RKP_05000_00100_4_04.txt|100.0|100|0.14259750299999951|[4218]
RKP_05000_00100_4_05.txt|100.0|100|0.13864961700000095|[4227]
RKP_05000_00100_4_06.txt|100.0|100|0.13832669999999894|[4219]
RKP_05000_00100_4_07.txt|100.0|100|0.1391560610000056|[4211]
RKP_05000_00100_4_08.txt|100.0|100|0.13977907199999437|[4210]
RKP_05000_00100_4_09.txt|100.0|100|0.1390306880000071|[4209]
RKP_05000_00100_4_10.txt|100.0|100|0.13954640200000995|[4226]
RKP_05000_00100_5_01.txt|96.09|101|0.13977351699999985|[3, 6, 8, 12, 13, 16, 17, 18, 20, 21, 25, 27, 28, 29, 30, 31, 32, 33, 34, 37, 38, 40, 43, 46, 50, 52]
RKP_05000_00100_5_02.txt|98.62|104|0.1390898989999971|[3, 7, 8, 9, 11, 12, 13, 14, 16, 17, 18, 20, 21, 23, 25, 27, 34, 35]
RKP_05000_00100_5_03.txt|97.06|102|0.1392285940000079|[4, 6, 7, 9, 11, 13, 14, 15, 16, 20, 22, 24, 26, 27, 28, 30, 32, 34, 35, 37, 39, 40, 41]
RKP_05000_00100_5_04.txt|98.03|105|0.13954007300000626|[6, 7, 11, 15, 16, 17, 18, 21, 23, 24, 25, 26, 27, 28, 29, 32, 33, 34]
RKP_05000_00100_5_05.txt|96.74|102|0.13995407200000273|[1, 4, 6, 7, 8, 10, 16, 17, 19, 20, 21, 23, 26, 27, 28, 29, 30, 33, 37, 39]
RKP_05000_00100_5_06.txt|96.56|102|0.13967212400000675|[1, 2, 4, 7, 10, 12, 14, 16, 17, 18, 19, 20, 27, 29, 30, 31, 32, 34, 40, 41, 45]
RKP_05000_00100_5_07.txt|97.32|102|0.1385435109999969|[2, 4, 5, 6, 9, 11, 12, 17, 19, 21, 22, 24, 25, 26, 28, 31, 33, 34, 35, 36, 42]
RKP_05000_00100_5_08.txt|96.67|102|0.1395972589999974|[5, 7, 8, 9, 10, 12, 16, 17, 20, 22, 26, 31, 32, 36, 37, 38, 39, 43, 45, 47, 49, 50, 51]
RKP_05000_00100_5_09.txt|96.73|104|0.13927835500000468|[4, 6, 7, 8, 10, 11, 14, 16, 17, 19, 22, 23, 25, 27, 30, 32, 33, 35, 36, 40, 42, 48, 50]
RKP_05000_00100_5_10.txt|97.87|103|0.13882504700000367|[3, 4, 5, 6, 7, 10, 11, 13, 15, 18, 19, 21, 23, 25, 27, 28, 29, 33, 34, 35]
RKP_05000_01000_1_01.txt|52140.3|54117|0.14636000099999819|[164, 1232, 53, 424, 3485, 18, 226, 23, 4971, 17, 751, 1742, 2254, 700, 1858, 1724, 778, 2077, 334, 866, 328, 1431, 4223, 732, 1214, 2777, 1919, 3534, 3799, 491, 2629, 96, 3791, 10, 3256, 151, 368, 16, 399, 684, 15, 1233, 2874, 1145, 33, 991, 252, 1034, 30, 212, 2481, 3144, 1775, 1756, 3282, 1591, 1841, 1810, 1, 2814, 59, 2187, 153, 3403, 310, 416, 1686, 13, 436, 202, 379, 304, 1425, 4479, 4085, 78, 318, 2172]
RKP_05000_01000_1_02.txt|55153.92|58134|0.14832965199999648|[918, 304, 1590, 675, 4489, 7, 728, 406, 622, 2800, 89, 4961, 1055, 1414, 988, 41, 3875, 222, 2594, 2825, 10, 36, 1455, 2011, 1999, 3565, 3349, 17, 772, 155, 837, 1677, 39, 2379, 588, 1205, 1329, 337, 965, 1337, 109, 3628, 1277, 2973, 694, 3668, 790, 3, 96, 3585, 1261, 928, 1343, 1683, 2745, 2198, 539, 3095, 2041, 1860, 78, 2750, 165, 2093, 65, 1, 203, 681, 22, 4414, 153, 971, 506, 388, 2832, 1698, 282, 609, 235, 3955]
RKP_05000_01000_1_03.txt|50119.37|52747|0.14649237100000392|[1614, 1039, 3276, 22, 1150, 2688, 882, 135, 1822, 852, 272, 940, 24, 933, 1534, 1475, 533, 3194, 2016, 1364, 1, 2471, 3392, 1339, 174, 649, 3920, 1854, 479, 76, 3682, 248, 165, 3232, 72, 1605, 1483, 2201, 60, 2314, 749, 62, 1719, 1415, 3, 1219, 1815, 515, 1006, 1146, 988, 2161, 4640, 4193, 192, 176, 339, 2110, 1027, 2682, 441, 4191, 4216, 8, 67, 28, 1945, 344, 2779, 2136, 21, 645, 678, 4]
RKP_05000_01000_1_04.txt|51712.2|54890|0.1468225689999997|[61, 1450, 223, 716, 1218, 35, 238, 135, 794, 952, 9, 2060, 4775, 1275, 10, 114, 64, 1107, 181, 16, 191, 594, 498, 687, 546, 3023, 351, 2320, 482, 724, 3051, 1546, 533, 5, 4232, 1916, 2999, 189, 1311, 25, 133, 465, 1416, 1021, 1689, 2047, 270, 4277, 132, 2580, 4329, 886, 6, 71, 49, 1597, 4397, 1074, 1395, 3271, 2550, 1901, 792, 210, 105, 2177, 2922, 1, 421, 3926, 17, 318, 2470, 547, 304, 378, 625, 683, 1142, 30, 1533, 52, 3055]
RKP_05000_01000_1_05.txt|50912.16|53632|0.14679897200000142|[1142, 430, 1649, 2, 14, 254, 65, 1316, 1606, 1588, 91, 168, 2069, 1227, 2271, 1093, 94, 279, 46, 119, 352, 259, 4, 1162, 3067, 267, 97, 816, 1320, 157, 651, 93, 9, 1023, 1411, 1474, 132, 580, 985, 1321, 1883, 1049, 2547, 4096, 73, 943, 4053, 130, 120, 48, 2004, 2834, 330, 19, 85, 2397, 5, 2256, 25, 592, 231, 67, 903, 72, 208, 2350, 1150, 838, 1607, 4118, 2786, 2570, 12, 467, 434, 3468, 1576, 189, 368, 1853, 339, 350, 334]
RKP_05000_01000_1_06.txt|48675.53|51246|0.14633324700000117|[8, 736, 691, 48, 4603, 2050, 51, 498, 2517, 1689, 159, 1097, 697, 943, 297, 2865, 1879, 1910, 288, 3076, 107, 2195, 998, 3846, 2, 217, 503, 399, 1368, 1530, 150, 336, 90, 343, 616, 1002, 1192, 52, 42, 13, 2483, 80, 646, 1062, 429, 2633, 1040, 269, 601, 163, 4793, 1, 894, 2442, 224, 2168, 1145, 1720, 1305, 2857, 1916, 1511, 3109, 1242, 4183, 637, 1812, 66, 15, 644, 54, 88, 23, 73, 1004, 1360, 3468, 577, 1677]
RKP_05000_01000_1_07.txt|46687.2|49241|0.1498039469999992|[1904, 1741, 15, 226, 753, 2, 568, 161, 130, 2669, 213, 77, 1865, 1, 65, 2593, 957, 523, 23, 21, 628, 46, 795, 198, 2245, 616, 651, 8, 1359, 569, 1607, 4471, 985, 1047, 1489, 640, 2145, 204, 1697, 241, 453, 3438, 1178, 393, 1666, 91, 2235, 27, 119, 38, 94, 1052, 363, 1659, 666, 1433, 637, 1198, 115, 84, 1231, 110, 205, 633, 2507, 1449, 44, 522, 577, 1175]
RKP_05000_01000_1_08.txt|47365.23|49981|0.14629519200000118|[4497, 140, 2585, 651, 427, 2382, 2356, 24, 81, 190, 20, 1487, 2110, 2528, 279, 89, 527, 235, 670, 2841, 488, 15, 1138, 7, 257, 26, 1574, 738, 151, 3937, 4666, 849, 66, 419, 39, 2070, 411, 75, 531, 52, 2099, 207, 3788, 1275, 1088, 389, 3437, 43, 217, 529, 4070, 3323, 430, 1029, 534, 10, 78, 4242, 785, 1391, 3083, 1065, 823, 1736, 952, 109, 3680, 3244, 36, 9]
RKP_05000_01000_1_09.txt|51165.5|54227|0.14583770200000573|[4115, 1714, 2381, 157, 1, 1362, 104, 51, 684, 427, 364, 6, 3179, 996, 1434, 2364, 3964, 1242, 191, 39, 390, 1679, 17, 128, 47, 2, 499, 1854, 563, 2121, 190, 2328, 1366, 1579, 302, 714, 1788, 1113, 1414, 844, 7, 2012, 1401, 73, 3156, 1699, 94, 18, 163, 106, 1509, 1337, 4, 1495, 2034, 153, 49, 32, 2239, 136, 3744, 377, 2844, 8, 883, 451, 2651, 101, 5, 184, 223, 1329, 3245, 1481, 107, 2943]
RKP_05000_01000_1_10.txt|55851.22|58292|0.1461934680000047|[129, 1680, 47, 104, 785, 1479, 1640, 2, 11, 528, 461, 2184, 740, 2867, 2671, 2216, 261, 1253, 245, 1044, 1076, 1095, 100, 2309, 9, 4815, 500, 1284, 2544, 38, 839, 486, 3137, 1914, 2541, 1686, 3309, 187, 2560, 1436, 1476, 2608, 198, 1, 634, 4698, 28, 1731, 4036, 1413, 604, 844, 384, 1350, 4, 813, 2768, 1430, 1817, 3687, 180, 1361, 255, 495, 2153, 103, 2753, 359, 152, 3836, 1644, 1333, 1175, 49, 417, 1313, 13, 30, 484, 3828, 6, 827, 286, 670, 807, 1554]
RKP_05000_01000_2_01.txt|3881.56|4141|0.14581863399999406|[176, 3060, 761, 413, 3919, 947, 1844, 2671, 2, 1173, 88, 2400, 1730, 2057, 1100, 4166, 1641, 541, 265, 103, 2000, 1898, 1487, 3764, 1046, 7, 395, 339, 724, 997, 153, 1473, 147, 3395, 115, 4598, 2569, 352, 1154, 951, 5, 165, 351, 26, 4001, 602, 483, 3824, 2708, 280, 471]
RKP_05000_01000_2_02.txt|4094.77|4408|0.14859932999999614|[2, 279, 88, 1577, 365, 1294, 1693, 964, 44, 1068, 4977, 1189, 2682, 2581, 545, 62, 121, 3024, 126, 1739, 1812, 311, 471, 317, 667, 76, 2983, 653, 78, 214, 1196, 2259, 1964, 2419, 2537, 491, 2308, 3342, 139, 2933, 2213, 820, 1856, 1159, 1503, 79, 51, 166, 3498, 3942, 1112]
RKP_05000_01000_2_03.txt|4230.83|4563|0.1456855429999962|[305, 51, 726, 1002, 217, 4964, 3416, 3938, 2930, 286, 69, 86, 862, 2182, 3351, 1958, 507, 4457, 3343, 1354, 308, 2548, 3087, 118, 1550, 341, 1732, 858, 3822, 2164, 2610, 106, 1483, 63, 655, 414, 185, 589, 3540, 88, 1676, 1684, 2617, 49, 7, 155, 2754]
RKP_05000_01000_2_04.txt|4621.95|4975|0.14528150000000664|[17, 1740, 585, 2408, 4454, 1672, 1989, 2245, 183, 768, 63, 758, 371, 4424, 2518, 400, 2989, 545, 1906, 3530, 3, 2237, 3498, 1086, 2928, 2249, 3872, 302, 509, 1, 4236, 22, 567, 7, 1398, 557, 1210, 1799, 1209, 153, 82, 84, 547, 667, 2242, 1065, 348, 3767, 124, 274, 41, 222, 1712, 1178, 3429, 134]
RKP_05000_01000_2_05.txt|4191.39|4505|0.14604835999999635|[734, 34, 8, 33, 1132, 360, 526, 420, 204, 5, 4, 1064, 201, 70, 2513, 2943, 1762, 427, 4485, 1269, 260, 3, 344, 16, 390, 273, 453, 80, 23, 1052, 30, 1158, 737, 1680, 957, 2686, 324, 876, 1672, 306, 43, 4215, 4333, 807, 3321, 784, 1920, 2179, 125, 1967, 1471]
RKP_05000_01000_2_06.txt|4365.83|4653|0.1464508229999967|[464, 61, 105, 473, 672, 2476, 27, 1933, 1569, 30, 1991, 36, 1, 344, 1619, 403, 154, 925, 1477, 59, 900, 1898, 2446, 739, 2287, 683, 714, 138, 94, 4131, 2690, 2484, 109, 336, 4545, 481, 670, 184, 2638, 4951, 242, 252, 1317, 4407, 470, 78, 2, 790, 2204, 2435, 443, 4039, 2997]
RKP_05000_01000_2_07.txt|4491.75|4847|0.1461708889999943|[1, 1902, 2282, 909, 4279, 1625, 3129, 759, 2608, 1437, 3275, 207, 12, 4453, 4495, 1552, 368, 2233, 1643, 2206, 1123, 772, 771, 1265, 516, 157, 238, 3147, 199, 3882, 294, 2843, 2241, 1935, 2341, 257, 3196, 1811, 1425, 3085, 1886, 1702, 1976, 228, 1461, 997, 3507, 33, 1231, 3974, 11, 59, 3259, 4429, 3658, 239, 3278]
RKP_05000_01000_2_08.txt|4467.11|4834|0.14563380899999628|[1499, 312, 44, 3191, 2399, 298, 108, 972, 17, 59, 30, 213, 1184, 658, 264, 4, 846, 78, 1783, 2808, 3148, 747, 242, 1314, 660, 1114, 2632, 1156, 1924, 14, 1664, 114, 1802, 236, 362, 580, 397, 901, 4386, 1016, 823, 4129, 137, 385, 1256, 3623, 38, 720, 608, 3385, 6, 386, 1766]
RKP_05000_01000_2_09.txt|4133.72|4405|0.14886334000000828|[1556, 1226, 4, 379, 128, 897, 3478, 1583, 1967, 2140, 677, 1786, 25, 10, 22, 270, 13, 3297, 63, 2317, 997, 1992, 536, 419, 118, 2887, 1259, 784, 1627, 935, 1132, 3113, 3974, 1428, 3583, 130, 377, 1587, 77, 44, 1844, 151, 17, 107, 3399, 3, 137, 28]
RKP_05000_01000_2_10.txt|4054.52|4328|0.14776203300000135|[4267, 4015, 137, 2998, 420, 1494, 18, 191, 99, 227, 149, 1686, 3712, 36, 1926, 922, 19, 749, 1491, 1049, 1523, 3674, 1303, 4809, 3584, 1858, 82, 587, 74, 941, 305, 3163, 25, 880, 1175, 1502, 1176, 4057, 15, 2318, 64, 1631, 2292, 3629, 2474, 2034, 1328, 1713, 4084, 1619]
RKP_05000_01000_3_01.txt|8833.74|9292|0.14590147299998762|[1, 3246, 562, 2851, 34, 46, 1698, 1958, 2461, 455, 1081, 2241, 2783, 40, 72, 550, 114, 21, 1615, 917, 2748, 284, 1198, 3421, 2250, 108, 1038, 2178, 2874, 119, 384, 749, 1600, 9, 87, 398, 3683, 237, 2416, 132, 193, 757, 1382, 2429, 23, 381, 604, 623, 4452, 97, 112, 372, 560, 1047, 1365, 45, 241, 1087, 15, 37, 539, 1139, 4101, 728, 996, 1369, 3591, 109, 527, 2640, 3545, 161, 181, 77, 2794, 3426, 4, 50, 2206, 176, 207, 1779, 3]
RKP_05000_01000_3_02.txt|9561.09|9996|0.14569849199999452|[140, 1499, 2113, 28, 425, 562, 129, 230, 1041, 2425, 446, 878, 3041, 13, 1046, 2, 33, 849, 2067, 3308, 1436, 40, 107, 169, 3546, 883, 1020, 2667, 4134, 39, 90, 379, 542, 2330, 2853, 305, 445, 730, 2989, 4507, 801, 2136, 41, 66, 1022, 3393, 1486, 2704, 2080, 2933, 2998, 2953, 71, 1334, 345, 1193, 1488, 38, 68, 295, 646, 759, 448, 304, 1484, 2808, 1885, 2978, 3750, 1083, 111, 624, 1243, 727, 843, 309, 581, 1631, 209, 1161, 2215, 10, 60, 378, 1084, 1312, 1, 25, 214, 1908]
RKP_05000_01000_3_03.txt|9932.51|10290|0.14689199499999858|[286, 4215, 399, 3166, 360, 652, 4041, 5, 26, 36, 1498, 3273, 609, 3, 199, 856, 1597, 4529, 158, 621, 975, 4813, 1164, 2386, 3910, 4695, 709, 3545, 465, 896, 2, 215, 568, 1, 38, 156, 163, 1022, 1041, 1523, 1559, 2202, 3928, 115, 1465, 4084, 221, 1082, 1533, 246, 2319, 190, 2034, 1605, 308, 480, 1157, 1222, 4, 1663, 669, 2298, 153, 765, 770, 1169, 1767, 3239, 3697, 4149, 127, 452, 592, 1231, 1360, 1688, 1874, 2613, 3175, 4447, 11, 22, 129, 239, 439, 710, 16, 455, 1188, 3508, 10, 14, 1043]
RKP_05000_01000_3_04.txt|9951.87|10399|0.14518522300000314|[175, 2150, 2372, 2868, 6, 111, 619, 1080, 261, 989, 132, 198, 448, 548, 680, 1872, 9, 4880, 1, 1049, 1064, 1396, 2516, 2568, 321, 360, 574, 2747, 657, 27, 3448, 18, 306, 3523, 29, 864, 4, 63, 610, 7, 142, 769, 4440, 225, 747, 1907, 2865, 15, 1322, 70, 205, 263, 1768, 2593, 3, 94, 258, 1996, 13, 648, 1398, 495, 709, 1276, 472, 568, 730, 1309, 89, 400, 827, 2871, 1165, 1493, 1557, 1801, 2115, 362, 437, 650, 835, 2394, 337, 456, 144, 496, 1296, 2775, 8, 45, 277, 3197, 16, 1244]
RKP_05000_01000_3_05.txt|9198.63|9600|0.1455182109999987|[26, 1, 985, 1759, 1859, 16, 48, 1516, 1619, 162, 638, 1500, 3106, 7, 143, 344, 2460, 19, 1552, 4338, 3440, 3558, 29, 620, 34, 1588, 1909, 3635, 37, 184, 2920, 3469, 555, 768, 32, 912, 2970, 3055, 658, 748, 1060, 1090, 2615, 212, 296, 335, 183, 219, 2123, 3439, 3584, 2, 256, 486, 1770, 3068, 3370, 10, 2723, 4, 6, 25, 283, 386, 491, 692, 1292, 2447, 3258, 632, 1502, 11, 501, 1305, 1068, 1206, 91, 4357, 24, 224, 1261, 1541, 2634, 2744, 45, 790]
RKP_05000_01000_3_06.txt|9496.1|9995|0.1455233099999964|[4, 813, 760, 4322, 85, 6, 12, 488, 4258, 7, 734, 1522, 1917, 1, 1119, 94, 46, 288, 801, 4808, 623, 1359, 206, 276, 889, 1978, 3324, 3533, 4315, 286, 287, 573, 1610, 3433, 213, 931, 2251, 3214, 665, 946, 2799, 4000, 1640, 86, 124, 418, 1296, 3264, 404, 431, 859, 45, 55, 1551, 2026, 3390, 16, 41, 2741, 141, 490, 1212, 1697, 4424, 39, 71, 214, 839, 1281, 1991, 2138, 2756, 76, 603, 106, 37, 345, 350, 607, 900, 3095, 540, 756, 88, 1595, 368, 1726, 3341, 4039, 87]
RKP_05000_01000_3_07.txt|9363.22|9893|0.14611400499999946|[762, 60, 593, 1470, 884, 896, 13, 79, 94, 291, 293, 827, 1003, 1792, 36, 849, 2716, 73, 100, 3628, 413, 1789, 3146, 295, 398, 417, 1123, 2357, 3085, 214, 360, 487, 883, 1055, 2587, 3854, 427, 1998, 477, 218, 527, 4233, 3, 220, 370, 608, 714, 1044, 2104, 2966, 5, 1262, 1544, 3609, 113, 393, 1, 1179, 84, 891, 221, 6, 8, 4659, 462, 539, 1090, 2360, 3402, 4456, 33, 319, 1407, 2111, 3836, 76, 216, 991, 65, 707, 975, 1561, 1825, 2095, 3323, 725, 870, 2381, 2448]
RKP_05000_01000_3_08.txt|9633.71|10092|0.14497401300001228|[1588, 3808, 4022, 134, 14, 1036, 28, 152, 250, 1135, 1733, 4, 77, 2364, 3237, 2088, 217, 394, 1976, 301, 901, 2858, 489, 556, 686, 1159, 1395, 4192, 80, 525, 3087, 3571, 36, 1967, 944, 4463, 6, 30, 1117, 1134, 953, 2977, 7, 22, 162, 911, 3346, 126, 1770, 3017, 3284, 4767, 20, 1014, 1810, 3557, 4700, 260, 270, 1970, 2019, 2402, 1, 2, 122, 264, 295, 656, 707, 73, 82, 213, 895, 3, 34, 1502, 2391, 2808, 2236, 2381, 331, 883, 1009, 2484, 230, 466, 679, 26, 1729, 2070, 154]
RKP_05000_01000_3_09.txt|8871.5|9391|0.14527863300000035|[655, 2051, 2621, 664, 1189, 242, 2486, 3256, 4292, 1322, 2511, 51, 2497, 852, 1313, 556, 671, 2024, 2401, 136, 492, 751, 1148, 3868, 4136, 73, 152, 384, 661, 1471, 786, 237, 252, 1978, 462, 2055, 14, 26, 40, 83, 99, 453, 494, 995, 3538, 207, 1, 8, 797, 1040, 2577, 86, 61, 111, 354, 931, 3443, 193, 42, 81, 673, 1488, 2657, 3020, 2450, 444, 1153, 1468, 106, 281, 310, 376, 12, 196, 238, 1954, 2071, 7, 9, 87, 3392, 3572, 140, 299]
RKP_05000_01000_3_10.txt|9531.54|9979|0.14470516799999814|[33, 219, 1125, 393, 876, 1329, 3435, 4466, 16, 119, 2322, 2764, 2894, 3, 2940, 145, 811, 1019, 1184, 50, 270, 3150, 3589, 2915, 434, 1530, 3251, 62, 69, 1854, 3127, 4052, 369, 6, 907, 52, 1093, 1498, 4227, 112, 789, 1621, 1635, 4747, 4788, 1803, 1, 25, 1785, 2813, 3240, 343, 344, 1097, 1847, 10, 3119, 413, 692, 3234, 73, 191, 781, 218, 312, 400, 417, 502, 627, 5, 66, 353, 1317, 3788, 2, 2189, 37, 389, 456, 2030, 2631, 4578, 342, 445, 2061, 3012, 1890, 83, 2417, 14]
RKP_05000_01000_4_01.txt|999.73|1000|0.1441594060000034|[4615]
RKP_05000_01000_4_02.txt|999.75|1000|0.14391278099999683|[4655]
RKP_05000_01000_4_03.txt|999.94|1000|0.14510483899998688|[4639]
RKP_05000_01000_4_04.txt|999.92|1000|0.1445882909999932|[4559]
RKP_05000_01000_4_05.txt|1000.0|1000|0.14629109200000356|[4575]
RKP_05000_01000_4_06.txt|1000.0|1000|0.14708032299999332|[4580]
RKP_05000_01000_4_07.txt|999.94|1000|0.14427476600001454|[4493]
RKP_05000_01000_4_08.txt|999.98|1000|0.14382643599999936|[4472]
RKP_05000_01000_4_09.txt|1000.0|1000|0.1439958870000146|[4561]
RKP_05000_01000_4_10.txt|1000.0|1000|0.14474024100000407|[4520]
RKP_05000_01000_5_01.txt|966.4|1037|0.14271210799999154|[7, 11, 13, 18, 22, 26, 34, 37, 38, 39, 44, 45, 47, 48, 49, 50, 55, 57, 58, 59, 60]
RKP_05000_01000_5_02.txt|958.2|1023|0.14294552100000602|[3, 5, 7, 8, 10, 11, 17, 18, 20, 23, 24, 27, 28, 30, 31, 34, 35, 36, 37, 44, 48, 51, 52, 53]
RKP_05000_01000_5_03.txt|962.89|1032|0.14379040700000587|[6, 7, 11, 12, 13, 16, 19, 20, 22, 23, 24, 27, 29, 31, 33, 34, 35, 39, 40, 44, 48, 49]
RKP_05000_01000_5_04.txt|968.01|1013|0.14341791699999248|[3, 4, 6, 7, 8, 9, 14, 15, 17, 18, 20, 22, 25, 28, 29, 32, 33, 34, 37, 42, 43, 45, 49, 50]
RKP_05000_01000_5_05.txt|969.15|1020|0.1438016689999813|[5, 8, 11, 12, 13, 18, 20, 21, 22, 25, 26, 29, 33, 36, 37, 40, 41, 43, 45, 46, 48, 50]
RKP_05000_01000_5_06.txt|951.79|1020|0.14349693600001046|[6, 7, 11, 14, 15, 16, 19, 20, 21, 22, 23, 24, 26, 29, 30, 31, 35, 37, 39, 40, 41, 42, 45]
RKP_05000_01000_5_07.txt|976.87|1022|0.14495568000000048|[2, 11, 12, 13, 17, 19, 25, 27, 28, 32, 33, 34, 38, 40, 41, 43, 45, 46, 47, 49, 50, 53, 57, 59]
RKP_05000_01000_5_08.txt|965.68|1034|0.14305736400001706|[3, 4, 5, 6, 8, 9, 10, 11, 13, 16, 17, 18, 20, 21, 23, 24, 26, 30, 33, 36, 37, 39, 42]
RKP_05000_01000_5_09.txt|970.78|1019|0.14500654900000426|[2, 4, 5, 6, 12, 13, 15, 18, 19, 26, 27, 29, 32, 33, 35, 37, 41, 44, 45, 46, 47, 48, 49, 52, 56, 57, 60]
RKP_05000_01000_5_10.txt|963.88|1011|0.14366562099998645|[6, 11, 12, 13, 14, 15, 16, 17, 18, 20, 21, 22, 26, 27, 28, 29, 31, 34, 37, 38]
RKP_05000_05000_1_01.txt|238423.26|255169|0.14491838700000698|[1201, 1260, 134, 226, 2685, 263, 1595, 255, 254, 1200, 75, 74, 477, 239, 1437, 2997, 496, 826, 1416, 688, 2687, 279, 2, 498, 1543, 78, 174, 940, 4810, 358, 747, 1305, 21, 1247, 1231, 8, 522, 2896, 4, 601, 206, 3813, 94, 40, 1939, 4308, 234, 1083, 1246, 36, 604, 96, 2945, 798, 449, 4077, 1270, 47, 1685, 3721, 50, 149, 25, 1293, 901, 2002, 1768, 981, 168, 203, 2489, 91, 1850, 1617, 457]
RKP_05000_05000_1_02.txt|295977.1|307266|0.1469337120000023|[787, 3921, 2706, 474, 45, 1115, 1005, 903, 238, 24, 269, 297, 2174, 3940, 117, 1374, 334, 4197, 113, 1107, 3842, 537, 1041, 785, 4402, 2322, 361, 2501, 21, 104, 1459, 4, 2, 2667, 8, 4832, 10, 4382, 1855, 805, 1870, 1069, 55, 1556, 3588, 3696, 1044, 3886, 231, 258, 1722, 1309, 712, 669, 341, 141, 126, 89, 1, 9, 18, 59, 396, 1089, 38, 3754, 349, 3059, 2089, 2403, 3538, 14, 240, 876, 5, 365, 1379, 2786, 857, 2313, 1842, 1428, 1390, 771, 444, 1152]
RKP_05000_05000_1_03.txt|262588.85|278515|0.14665584499999795|[3247, 557, 435, 426, 233, 1, 2859, 78, 3493, 2760, 582, 249, 115, 1265, 1115, 1414, 1441, 4414, 18, 393, 2630, 110, 231, 39, 80, 1098, 1099, 451, 1477, 1261, 2438, 3490, 1309, 206, 62, 25, 8, 1235, 3443, 339, 3593, 3414, 429, 318, 1083, 2426, 297, 481, 482, 960, 779, 2615, 1108, 353, 811, 4374, 504, 488, 692, 1227, 31, 46, 872, 1244, 2, 73, 586, 1775, 847, 3326, 2850, 904, 3449, 51, 4284, 1446, 2264, 1594]
RKP_05000_05000_1_04.txt|280854.84|297973|0.14960901099998863|[3802, 4668, 332, 557, 3850, 484, 90, 9, 2581, 34, 5, 1072, 2328, 1417, 376, 4260, 291, 25, 1418, 2003, 787, 1, 222, 3, 1758, 390, 422, 148, 2372, 81, 1677, 559, 85, 145, 2051, 240, 831, 1753, 75, 675, 3260, 76, 4172, 814, 48, 135, 38, 2813, 318, 169, 4715, 3568, 368, 4384, 226, 809, 12, 408, 710, 105, 4286, 778, 299, 2061, 1859, 1389, 333, 3813, 3410, 387, 18, 2584, 189, 68, 3305, 2991, 2323, 865, 2283, 2364, 6, 2036, 2047, 2032, 3547, 2543, 2255, 502]
RKP_05000_05000_1_05.txt|279510.65|290786|0.1465778679999994|[130, 378, 2467, 694, 3722, 2579, 2657, 3024, 1929, 301, 62, 227, 1668, 559, 55, 403, 1483, 950, 127, 1662, 143, 2804, 153, 2411, 4354, 1, 2045, 4208, 1088, 1993, 2025, 992, 1098, 2, 3, 33, 2309, 1281, 12, 463, 1887, 459, 1492, 7, 1692, 22, 245, 2910, 2427, 210, 46, 582, 214, 4789, 1460, 1003, 1016, 146, 1642, 4108, 1521, 3186, 2223, 4301, 148, 167, 3813, 663, 139, 8, 156, 555, 2215, 471, 17, 163, 4691, 38, 21, 3175, 1050, 1797, 2761, 427, 32]
RKP_05000_05000_1_06.txt|256481.9|268244|0.14514253800002508|[1730, 1227, 2729, 1981, 1154, 693, 2701, 581, 23, 925, 4540, 378, 2, 2210, 40, 120, 2309, 1927, 4561, 4692, 2204, 82, 2048, 1065, 850, 621, 2509, 87, 1280, 649, 3361, 71, 825, 2132, 608, 66, 4076, 514, 43, 2386, 1308, 568, 3613, 85, 8, 7, 445, 274, 1054, 1671, 523, 363, 3104, 275, 76, 3978, 1041, 64, 830, 236, 20, 347, 754, 407, 1428, 427, 1578, 1641, 79, 1125, 3233, 813, 9, 19, 2640, 1483, 334, 1610, 715, 18]
RKP_05000_05000_1_07.txt|239451.68|250496|0.1451598509999917|[31, 1, 2688, 730, 2854, 3, 1616, 3045, 248, 380, 182, 864, 457, 536, 1263, 15, 829, 1267, 1820, 2725, 529, 1849, 4, 2529, 1897, 44, 1315, 1406, 4260, 153, 1520, 1894, 7, 83, 2, 1228, 215, 4225, 4664, 29, 2273, 230, 121, 4751, 667, 303, 739, 1019, 1375, 785, 109, 16, 1804, 4149, 916, 8, 381, 30, 1525, 768, 2162, 3875, 575, 119, 2846, 237, 2937, 294, 28, 347, 415, 190, 2017, 1088, 873, 478, 436, 1108, 61]
RKP_05000_05000_1_08.txt|237425.89|247736|0.14631380099999888|[95, 674, 253, 124, 38, 156, 596, 3998, 1421, 2536, 523, 451, 1941, 371, 2047, 91, 836, 2600, 122, 1179, 560, 764, 3666, 280, 2312, 1439, 984, 2525, 4080, 3833, 1562, 342, 1247, 3, 232, 275, 402, 138, 367, 140, 4934, 478, 850, 706, 878, 4527, 51, 2042, 1167, 97, 4393, 949, 669, 137, 2428, 41, 2681, 528, 1549, 5, 902, 7, 2676, 3166, 1, 1919, 1506, 4199, 512, 164, 4195, 4485, 3744, 2236, 615, 4, 171]
RKP_05000_05000_1_09.txt|262830.35|277767|0.1462122669999985|[5, 448, 170, 339, 1458, 325, 565, 871, 1314, 4248, 1006, 537, 3197, 542, 4486, 4489, 234, 1350, 1416, 1, 299, 1227, 113, 1635, 77, 139, 682, 3, 4615, 42, 1245, 2450, 2636, 632, 6, 820, 1917, 921, 460, 221, 55, 160, 2143, 1788, 126, 492, 114, 2, 2593, 382, 312, 17, 12, 563, 1114, 355, 726, 2557, 380, 544, 1592, 196, 76, 1480, 1596, 376, 1466, 385, 179, 404, 151, 701, 1064, 1504, 1594, 1355, 1078, 104, 3551, 1510, 1082, 847, 2837, 936, 475]
RKP_05000_05000_1_10.txt|224713.67|236889|0.1461848130000044|[3078, 7, 414, 2580, 1609, 1652, 153, 2629, 659, 3067, 2050, 803, 4380, 3261, 959, 2151, 286, 185, 472, 2281, 1504, 756, 2608, 38, 1766, 909, 380, 92, 89, 278, 746, 813, 2, 2306, 2607, 18, 24, 1479, 2498, 1209, 4532, 1986, 1930, 1725, 10, 863, 14, 322, 3696, 2870, 1015, 454, 131, 470, 302, 1304, 1998, 1861, 3654, 5, 144, 2500, 98, 596, 4006, 2821]
RKP_05000_05000_2_01.txt|20892.45|22620|0.1447529849999978|[2236, 293, 411, 1045, 1665, 93, 475, 235, 4844, 1367, 1505, 2251, 515, 986, 4544, 20, 2687, 279, 1885, 3883, 250, 1784, 690, 3403, 750, 1937, 1482, 579, 65, 3667, 32, 49, 2113, 2458, 3808, 866, 1292, 319, 748, 52, 157, 1239, 33, 383, 18, 668, 5, 1533, 82, 198]
RKP_05000_05000_2_02.txt|19184.97|20448|0.14537159000000657|[220, 1649, 15, 530, 2244, 1069, 582, 3641, 3796, 2429, 1172, 208, 5, 707, 161, 91, 4564, 677, 79, 2060, 294, 96, 2814, 14, 4007, 2069, 105, 3355, 131, 722, 1714, 3813, 2839, 1171, 710, 106, 1592, 1026, 563, 997, 598, 276, 3455, 1437]
RKP_05000_05000_2_03.txt|18767.34|20123|0.1444217390000108|[3630, 1429, 983, 1269, 4565, 3839, 1, 44, 1432, 394, 2272, 4, 1207, 583, 441, 2224, 94, 1481, 306, 1422, 38, 783, 477, 1289, 3368, 72, 544, 3090, 2790, 64, 13, 338, 411, 45, 582, 2868, 729, 966, 128, 177, 387, 2869, 3757, 1536, 146, 8]
RKP_05000_05000_2_04.txt|24768.41|26095|0.1452783449999947|[455, 122, 307, 23, 21, 2, 3257, 37, 4, 832, 1586, 2382, 2773, 126, 637, 1223, 2632, 554, 2308, 238, 147, 893, 322, 625, 346, 1412, 187, 583, 131, 165, 2318, 1124, 491, 3212, 406, 19, 71, 3704, 2705, 77, 264, 47, 1748, 1519, 1606, 314, 20, 1187, 769, 1770, 1335, 693, 2293, 1965, 1508, 78, 206, 1, 2376, 2136, 86, 2282]
RKP_05000_05000_2_05.txt|20593.82|21893|0.14423404100000425|[1022, 113, 1011, 1103, 1813, 501, 128, 4330, 103, 1232, 481, 932, 858, 4182, 5, 317, 13, 220, 4410, 70, 513, 1768, 874, 595, 1394, 3623, 2678, 2694, 962, 145, 1489, 976, 551, 1588, 8, 66, 842, 626, 96, 2345, 12, 163, 1456, 4048, 1468, 3472, 142, 1153, 43]
RKP_05000_05000_2_06.txt|18151.47|19899|0.14453139100000498|[731, 3580, 136, 912, 3064, 3764, 437, 449, 832, 2245, 574, 866, 2357, 1756, 985, 1073, 370, 726, 411, 1342, 3105, 1814, 3371, 1542, 1070, 281, 8, 30, 526, 523, 356, 748, 3746, 3749, 976, 51, 1256, 1630, 2795, 6]
RKP_05000_05000_2_07.txt|21207.78|23265|0.145382390999996|[1137, 1460, 4066, 932, 1734, 1115, 30, 2118, 903, 129, 411, 36, 926, 1819, 989, 1326, 3995, 725, 3935, 3396, 152, 2045, 273, 1581, 3005, 4239, 452, 1614, 421, 7, 26, 461, 624, 528, 72, 2838, 16, 383, 2037, 872, 713, 232, 169, 212, 667, 301, 12, 3690, 4720, 75, 1241, 23, 1380]
RKP_05000_05000_2_08.txt|22280.75|23605|0.1449714849999964|[3356, 3617, 116, 659, 449, 2, 286, 155, 179, 17, 1520, 899, 603, 1262, 274, 953, 919, 551, 332, 3119, 1239, 782, 760, 3335, 724, 83, 3039, 1064, 2856, 9, 160, 2390, 1834, 409, 34, 3691, 2024, 1473, 259, 1692, 3274, 112, 461, 291, 944, 2078, 2350, 242, 1683, 668, 4709, 8, 1479, 3257, 2598, 818, 5]
RKP_05000_05000_2_09.txt|22993.38|24937|0.145699636000013|[83, 3, 82, 1308, 1179, 1231, 385, 1, 893, 105, 2129, 3741, 2, 394, 2555, 327, 973, 1478, 1213, 1378, 157, 180, 7, 1771, 61, 1802, 413, 36, 137, 60, 920, 279, 1687, 1462, 84, 4, 1555, 129, 152, 44, 4959, 1812, 1184, 1086, 360, 221, 19, 2382, 251, 2368, 2584, 184, 178, 95, 634, 632, 33, 2432, 4702, 12]
RKP_05000_05000_2_10.txt|21531.24|23048|0.144810707000006|[2884, 666, 1620, 725, 330, 3568, 205, 70, 351, 97, 1, 261, 856, 1908, 3618, 82, 2605, 185, 14, 2732, 1530, 1078, 311, 42, 3271, 35, 1015, 24, 175, 3185, 3272, 233, 1757, 117, 1136, 1742, 728, 2102, 1601, 153, 4670, 3018, 2594, 2312, 23, 465, 424, 608, 899, 133, 84, 2556, 9, 2]
RKP_05000_05000_3_01.txt|47908.81|50884|0.14675245899999936|[1430, 88, 106, 1410, 1075, 1004, 2100, 2544, 449, 528, 45, 926, 2987, 2024, 736, 16, 58, 94, 646, 1328, 638, 55, 800, 1409, 132, 563, 628, 39, 6, 870, 1846, 336, 2454, 530, 21, 54, 1850, 480, 3715, 83, 787, 1290, 17, 452, 4, 1132, 164, 510, 3361, 171, 1158, 13, 1758, 3941, 833, 1887, 595, 1291, 79, 465, 2831, 731, 2145, 2738, 96, 284, 2312, 814, 3210, 2122, 1080, 2781, 4085, 1664, 9, 56, 169, 1539, 499, 4117, 289, 1223, 4060, 927, 4143, 7, 352, 1429, 3309, 60, 241, 179]
RKP_05000_05000_3_02.txt|46026.77|48470|0.14628870899997992|[4175, 2826, 2345, 4488, 407, 601, 1509, 99, 133, 773, 32, 2392, 3230, 2529, 1914, 217, 303, 50, 25, 4589, 58, 9, 1093, 155, 969, 2038, 970, 985, 1, 55, 509, 1232, 1763, 1970, 3096, 3743, 5, 115, 1199, 3282, 117, 2, 607, 409, 106, 38, 4338, 2501, 92, 967, 1229, 493, 558, 3922, 507, 33, 1457, 51, 3779, 212, 2259, 4134, 4221, 869, 3092, 151, 885, 747, 1814, 42, 598, 365, 45, 4322, 2223, 69, 1238, 738, 1979, 2320, 30, 1220, 4553, 277, 162, 221, 351]
RKP_05000_05000_3_03.txt|48648.15|50499|0.1448283670000069|[3909, 2585, 13, 3385, 1960, 523, 3112, 1129, 636, 3819, 3452, 185, 856, 90, 1029, 323, 1255, 219, 1677, 763, 2430, 1696, 194, 223, 950, 281, 25, 2713, 1187, 88, 1875, 1777, 682, 963, 3, 1715, 79, 67, 489, 21, 1061, 12, 1278, 1516, 1, 2297, 618, 1238, 433, 1495, 58, 777, 5, 116, 2420, 46, 554, 372, 1855, 373, 38, 127, 128, 2143, 3213, 9, 140, 2768, 186, 937, 4, 8, 553, 742, 2657, 764, 1729, 2683, 286, 2077, 113, 297, 366, 1099, 4001, 244, 2, 1505, 1630, 28, 1955]
RKP_05000_05000_3_04.txt|48181.59|50424|0.14487624699999743|[936, 3625, 479, 61, 779, 2428, 2854, 343, 476, 868, 3856, 4, 454, 2727, 3391, 3143, 256, 2704, 3454, 183, 156, 1589, 177, 1033, 4104, 173, 27, 585, 412, 304, 1208, 14, 3543, 3870, 4678, 1, 101, 965, 2441, 3065, 1564, 1800, 2915, 102, 3872, 4170, 169, 198, 3497, 4343, 2018, 94, 547, 640, 888, 843, 2146, 720, 1746, 2081, 505, 6, 11, 404, 282, 4107, 31, 599, 648, 1304, 205, 9, 32, 3330, 934, 1109, 3167, 83, 895, 1112, 1834, 2495, 21, 4637, 5, 3, 2547, 109, 16, 642, 8]
RKP_05000_05000_3_05.txt|46585.18|48447|0.1449513580000098|[2428, 2910, 537, 50, 1771, 3138, 2606, 259, 969, 72, 97, 139, 207, 1664, 331, 13, 368, 984, 1044, 372, 1519, 1982, 1758, 2994, 20, 406, 1680, 75, 44, 141, 70, 945, 15, 115, 1004, 4267, 3569, 24, 34, 3442, 28, 166, 779, 1313, 1696, 2386, 17, 4, 268, 814, 1, 95, 309, 2, 839, 32, 42, 25, 1655, 3566, 3509, 138, 1378, 62, 1506, 375, 3733, 1745, 1852, 150, 4138, 247, 351, 652, 2222, 465, 508, 18, 628, 12, 76, 1640, 67, 101, 542, 555, 1623]
RKP_05000_05000_3_06.txt|47281.57|49502|0.14537139299999352|[234, 3441, 1123, 313, 645, 2537, 2697, 2724, 1, 78, 1191, 2338, 737, 480, 2115, 924, 2300, 30, 55, 386, 1678, 115, 377, 382, 28, 3065, 1115, 839, 8, 2100, 239, 2793, 130, 1989, 262, 1939, 44, 977, 2626, 4129, 909, 125, 623, 10, 1967, 1005, 3251, 318, 2412, 2, 93, 97, 3857, 3, 190, 203, 430, 1745, 2540, 3448, 18, 3359, 2035, 3327, 2868, 4300, 542, 616, 817, 3871, 141, 671, 1248, 213, 1087, 22, 241, 26, 187, 6, 23, 100, 3700, 1215, 2702, 2489, 607, 2334, 3067]
RKP_05000_05000_3_07.txt|44716.2|47407|0.14606899299999668|[217, 2, 718, 796, 1664, 88, 2201, 4, 684, 817, 1728, 525, 4656, 835, 348, 232, 304, 924, 82, 813, 1818, 766, 609, 1420, 3987, 143, 1721, 2643, 487, 866, 2747, 2824, 1049, 231, 2345, 459, 1279, 462, 1213, 3347, 2399, 2093, 2511, 1497, 897, 1127, 544, 490, 1403, 220, 717, 3, 119, 3503, 46, 4288, 412, 4750, 2551, 2379, 395, 1939, 1060, 1338, 61, 2287, 2655, 3295, 3890, 1264, 1102, 2255, 50, 224, 1588, 169, 2348, 6, 2476, 38, 260, 22, 197, 1148, 2191]
RKP_05000_05000_3_08.txt|44832.23|46492|0.14507944499998757|[4469, 2446, 433, 938, 150, 640, 1969, 18, 1833, 1104, 524, 2750, 54, 147, 391, 39, 752, 1450, 2393, 784, 4022, 2221, 1145, 1042, 2413, 876, 351, 1311, 4731, 762, 294, 2250, 28, 1105, 1, 1613, 43, 110, 205, 122, 484, 742, 1224, 73, 2636, 2150, 1520, 105, 89, 60, 692, 91, 547, 3072, 3, 857, 6, 2859, 16, 2528, 251, 1185, 2988, 22, 2418, 241, 491, 4805, 886, 633, 1639, 993, 164, 1559, 248, 2, 4789, 808, 14, 344, 2869, 988, 191]
RKP_05000_05000_3_09.txt|49574.17|51893|0.14550350400001436|[42, 1282, 851, 1667, 629, 609, 2885, 1146, 345, 4240, 17, 43, 877, 4246, 1813, 4338, 4825, 789, 2484, 932, 660, 3684, 387, 1933, 2166, 1343, 313, 8, 252, 111, 406, 233, 3677, 96, 123, 512, 1727, 2926, 2247, 150, 3864, 4789, 317, 534, 593, 679, 1469, 165, 299, 338, 1555, 2994, 1746, 2773, 4192, 643, 2, 929, 54, 2746, 767, 913, 3338, 1563, 3009, 75, 1, 830, 344, 793, 281, 4313, 35, 356, 10, 19, 1162, 3, 814, 2427, 2090, 52, 1575, 1945, 511, 2139, 259, 1328, 51, 167, 13, 2838, 2639, 2435]
RKP_05000_05000_3_10.txt|48176.58|49998|0.14466507099999262|[1284, 1202, 3, 1258, 3454, 59, 2698, 402, 1062, 3222, 2573, 2748, 2923, 3759, 313, 44, 577, 4, 2643, 1075, 137, 26, 1224, 490, 1, 535, 1307, 120, 48, 1786, 3468, 1714, 4381, 2, 1567, 1099, 278, 14, 716, 3046, 60, 1358, 243, 664, 18, 1135, 1891, 3640, 102, 1444, 276, 4391, 57, 202, 28, 4808, 98, 1159, 23, 668, 77, 605, 319, 2978, 13, 227, 181, 355, 1405, 848, 371, 2562, 3824, 405, 457, 24, 481, 675, 170, 119, 1598, 1007, 1987, 2521, 96, 306, 2536, 633, 477, 3924]
RKP_05000_05000_4_01.txt|4999.41|5000|0.1437483829999951|[4658]
RKP_05000_05000_4_02.txt|4999.05|5000|0.14402879599999552|[4978]
RKP_05000_05000_4_03.txt|4999.54|5000|0.1438234569999986|[4795]
RKP_05000_05000_4_04.txt|4998.93|5000|0.14360034600000973|[4597]
RKP_05000_05000_4_05.txt|4999.71|5000|0.14389396900001203|[4946]
RKP_05000_05000_4_06.txt|4998.64|5000|0.1437381630000118|[4625]
RKP_05000_05000_4_07.txt|4998.46|5000|0.14429694799998743|[4778]
RKP_05000_05000_4_08.txt|4999.5|5000|0.1452895190000004|[4910]
RKP_05000_05000_4_09.txt|4999.59|5000|0.14347150399999692|[4770]
RKP_05000_05000_4_10.txt|4997.82|4999|0.14359794099999362|[4786]
RKP_05000_05000_5_01.txt|4836.43|5084|0.1438070820000439|[4, 5, 6, 7, 11, 13, 18, 19, 21, 22, 24, 28, 29, 33, 35, 37, 39, 41, 45, 46, 49, 50, 52]
RKP_05000_05000_5_02.txt|4823.81|5159|0.14279346300001636|[4, 8, 11, 12, 13, 16, 19, 20, 21, 22, 23, 25, 26, 27, 28, 30, 32, 33, 36, 37, 38]
RKP_05000_05000_5_03.txt|4806.49|5104|0.1428483649999953|[4, 8, 9, 10, 11, 12, 13, 14, 17, 19, 20, 22, 25, 26, 27, 29, 30, 33, 34, 36, 37, 38, 39]
RKP_05000_05000_5_04.txt|4833.86|5058|0.14278977499999201|[4, 7, 9, 10, 16, 17, 23, 25, 28, 31, 32, 34, 38, 41, 42, 43, 44, 47, 49]
RKP_05000_05000_5_05.txt|4853.44|5126|0.14430454200002715|[3, 6, 7, 8, 12, 14, 16, 19, 20, 21, 23, 26, 27, 28, 30, 32, 33, 37, 38, 39, 42, 45]
RKP_05000_05000_5_06.txt|4852.48|5245|0.14500383999998576|[13, 16, 18, 19, 21, 24, 27, 29, 31, 34, 36, 37, 38, 39, 40, 41, 44]
RKP_05000_05000_5_07.txt|4832.29|5067|0.14365898200001084|[6, 9, 10, 12, 13, 14, 15, 17, 22, 23, 27, 29, 30, 31, 32, 35, 36, 38, 39, 40, 41, 42, 43, 44, 47, 48, 50]
RKP_05000_05000_5_08.txt|4829.07|5079|0.14337853699999414|[3, 6, 8, 9, 10, 16, 23, 24, 26, 27, 31, 34, 35, 36, 37, 40, 41, 42, 43, 44, 47, 48, 49, 50]
RKP_05000_05000_5_09.txt|4860.53|5068|0.14433430100001715|[6, 8, 13, 14, 15, 21, 22, 28, 29, 30, 32, 39, 40, 41, 42, 44, 45, 49, 56, 59, 62]
RKP_05000_05000_5_10.txt|4767.82|5041|0.144781194999955|[2, 6, 7, 8, 12, 13, 14, 15, 16, 20, 21, 24, 29, 31, 37, 40, 41, 43, 45, 47]
