RKP_00100_00100_1_01.txt|695.39|772|0.0005453729999999979|[17, 1, 28, 22, 29, 10, 31, 16, 24, 3, 30]
RKP_00100_00100_1_02.txt|770.63|833|0.000549027000000003|[50, 91, 48, 9, 1, 37, 15, 44, 23, 2, 31, 47]
RKP_00100_00100_1_03.txt|656.53|709|0.0005436669999999977|[1, 4, 10, 63, 5, 6, 70, 12, 15, 2, 14]
RKP_00100_00100_1_04.txt|674.95|728|0.0005452039999999991|[15, 7, 9, 74, 43, 3, 10, 4, 5, 16]
RKP_00100_00100_1_05.txt|672.91|737|0.0005266509999999946|[79, 20, 22, 11, 16, 30, 44, 6, 1, 3]
RKP_00100_00100_1_06.txt|896.44|1017|0.0005737030000000021|[57, 97, 48, 47, 16, 17, 31, 55, 20, 34, 5, 50, 83, 3]
RKP_00100_00100_1_07.txt|467.64|529|0.0005361830000000067|[39, 46, 60, 51, 9, 5, 13, 71]
RKP_00100_00100_1_08.txt|779.28|838|0.0005953889999999996|[6, 87, 30, 92, 1, 7, 76, 24, 88, 9, 12, 5, 13, 29]
RKP_00100_00100_1_09.txt|575.67|652|0.0005443299999999973|[23, 18, 24, 5, 16, 52, 29, 42, 2, 8]
RKP_00100_00100_1_10.txt|652.45|726|0.000550127000000018|[27, 13, 1, 4, 11, 2, 33, 18, 24, 20, 15, 5]
RKP_00100_00100_2_01.txt|148.08|173|0.0005108000000000023|[6, 20, 1, 2, 43, 22, 13, 57, 68]
RKP_00100_00100_2_02.txt|154.04|170|0.0005219449999999904|[30, 28, 80, 8, 5, 40, 47, 1, 36]
RKP_00100_00100_2_03.txt|152.93|172|0.0005085600000000067|[5, 48, 59, 51, 75, 31, 1, 3, 47, 16]
RKP_00100_00100_2_04.txt|145.48|162|0.000502624000000016|[11, 18, 50, 2, 8, 9, 26, 14]
RKP_00100_00100_2_05.txt|138.41|155|0.000495999999999992|[96, 64, 34, 13, 30, 82, 36, 8]
RKP_00100_00100_2_06.txt|120.52|138|0.0004836419999999997|[67, 47, 2, 3, 23, 50]
RKP_00100_00100_2_07.txt|137.19|154|0.0004997380000000252|[7, 22, 28, 15, 3, 13, 4, 21]
RKP_00100_00100_2_08.txt|128.28|149|0.0005098500000000006|[2, 28, 16, 1, 6, 15, 29]
RKP_00100_00100_2_09.txt|124.05|143|0.0005023580000000094|[37, 9, 42, 20, 23, 27, 7]
RKP_00100_00100_2_10.txt|139.32|157|0.0004982729999999891|[65, 64, 2, 40, 1, 85, 14, 28]
RKP_00100_00100_3_01.txt|206.38|225|0.0005235099999999826|[5, 8, 3, 6, 29, 44, 2, 10, 24, 21, 16, 22]
RKP_00100_00100_3_02.txt|207.0|232|0.00052121599999998|[24, 2, 17, 1, 3, 59, 52, 8, 56, 25, 41, 48, 7]
RKP_00100_00100_3_03.txt|231.74|252|0.0005500269999999996|[75, 14, 46, 6, 4, 49, 45, 2, 23, 66, 3, 1, 19, 81, 15]
RKP_00100_00100_3_04.txt|211.35|231|0.0005338019999999787|[34, 8, 21, 26, 6, 9, 42, 4, 48, 50, 2, 72, 15]
RKP_00100_00100_3_05.txt|208.88|221|0.0005278399999999883|[1, 12, 52, 7, 25, 15, 22, 70, 3, 72, 10, 31]
RKP_00100_00100_3_06.txt|239.49|251|0.000559406999999994|[40, 11, 2, 3, 72, 8, 66, 6, 4, 12, 16, 19, 10, 95, 27]
RKP_00100_00100_3_07.txt|198.08|209|0.0005256799999999972|[2, 14, 89, 27, 83, 50, 5, 67, 88, 8, 13]
RKP_00100_00100_3_08.txt|201.38|222|0.000525313999999999|[1, 9, 12, 7, 18, 3, 33, 15, 58, 6, 70, 2]
RKP_00100_00100_3_09.txt|183.31|201|0.0005100419999999684|[1, 89, 32, 48, 8, 42, 2, 35, 44, 3]
RKP_00100_00100_3_10.txt|221.49|249|0.0005388669999999874|[20, 60, 67, 5, 62, 66, 69, 46, 1, 61, 93, 47, 34, 45, 6]
RKP_00100_00100_4_01.txt|99.46|100|0.00043982699999999485|[97]
RKP_00100_00100_4_02.txt|99.69|100|0.0004412840000000262|[88]
RKP_00100_00100_4_03.txt|99.87|100|0.000440927999999996|[84]
RKP_00100_00100_4_04.txt|99.73|100|0.00043879499999997405|[95]
RKP_00100_00100_4_05.txt|99.79|100|0.000440015999999992|[87]
RKP_00100_00100_4_06.txt|97.59|98|0.00044306900000001814|[93]
RKP_00100_00100_4_07.txt|97.78|98|0.0004388900000000051|[98]
RKP_00100_00100_4_08.txt|99.62|100|0.00043887600000001024|[97]
RKP_00100_00100_4_09.txt|98.8|99|0.0004406940000000237|[89]
RKP_00100_00100_4_10.txt|97.55|98|0.0004367279999999818|[88]
RKP_00100_00100_5_01.txt|97.12|118|0.0004775950000000151|[2, 4, 8, 9, 10]
RKP_00100_00100_5_02.txt|86.74|106|0.0004880019999999963|[2, 5, 6, 7, 9, 10]
RKP_00100_00100_5_03.txt|97.09|108|0.0004766740000000125|[1, 2, 3, 4, 5, 6]
RKP_00100_00100_5_04.txt|94.21|106|0.0004754069999999988|[1, 2, 5, 6, 7, 8]
RKP_00100_00100_5_05.txt|92.64|103|0.0004778129999999914|[1, 2, 3, 4, 5, 7, 9]
RKP_00100_00100_5_06.txt|93.28|112|0.0005174120000000304|[1, 3, 5, 6]
RKP_00100_00100_5_07.txt|85.78|116|0.000512592000000014|[3, 4, 6, 8, 9]
RKP_00100_00100_5_08.txt|91.3|102|0.0004853640000000281|[1, 2, 3, 6, 7, 8, 9]
RKP_00100_00100_5_09.txt|94.33|115|0.0004640720000000043|[1, 4, 5, 6]
RKP_00100_00100_5_10.txt|88.12|110|0.0005068620000000079|[1, 2, 3, 5, 6, 7, 9, 11]
RKP_00500_00100_1_01.txt|1585.48|1715|0.002460385000000005|[284, 211, 500, 75, 40, 304, 2, 148, 27, 222, 173, 6, 131, 269, 274, 4, 38, 5, 140, 280, 3, 63, 129, 158, 25]
RKP_00500_00100_1_02.txt|1398.88|1500|0.002475747000000008|[77, 87, 288, 175, 13, 102, 89, 351, 289, 388, 325, 132, 433, 4, 30, 394, 109, 14, 205, 170, 62, 3]
RKP_00500_00100_1_03.txt|1294.71|1389|0.0024342310000000024|[496, 11, 113, 30, 16, 111, 228, 1, 147, 5, 139, 40, 123, 140, 477, 158, 15, 227, 73, 164, 37]
RKP_00500_00100_1_04.txt|1531.9|1636|0.0024192549999999978|[64, 315, 11, 359, 41, 245, 156, 197, 94, 48, 65, 93, 254, 121, 62, 23, 151, 10, 258, 59]
RKP_00500_00100_1_05.txt|1592.23|1726|0.0024802349999999596|[24, 10, 11, 72, 215, 363, 402, 26, 192, 17, 2, 23, 116, 18, 203, 5, 76, 136, 104, 3, 1, 60, 292, 320]
RKP_00500_00100_1_06.txt|1809.8|1918|0.002473455999999983|[13, 34, 89, 230, 3, 411, 240, 52, 22, 211, 182, 490, 5, 189, 281, 225, 50, 83, 131, 244, 55, 35, 53, 2, 190, 353, 27]
RKP_00500_00100_1_07.txt|1869.0|1963|0.002540276999999991|[97, 22, 31, 461, 40, 492, 47, 126, 257, 322, 469, 21, 7, 410, 192, 165, 89, 49, 16, 94, 2, 147, 80, 133, 206, 183, 5, 4]
RKP_00500_00100_1_08.txt|1564.86|1693|0.002529381000000015|[29, 4, 146, 10, 258, 156, 332, 185, 378, 106, 3, 16, 2, 1, 225, 326, 150, 149, 122, 167, 357, 254, 165, 23]
RKP_00500_00100_1_09.txt|1553.84|1649|0.0024915059999999567|[19, 307, 221, 39, 77, 108, 16, 163, 496, 151, 54, 344, 229, 324, 210, 48, 173, 68, 214, 148, 11, 180, 150, 153, 2, 257]
RKP_00500_00100_1_10.txt|1479.92|1582|0.0026006310000000533|[234, 62, 5, 413, 14, 75, 4, 3, 162, 6, 277, 1, 214, 84, 31, 21, 30, 33, 59, 342, 8, 110, 15, 49]
RKP_00500_00100_2_01.txt|232.42|249|0.002446951999999989|[168, 259, 226, 16, 148, 39, 441, 447, 32, 137, 60, 102, 40, 3, 50, 101, 88, 218, 351, 150]
RKP_00500_00100_2_02.txt|231.2|248|0.0025000709999999948|[336, 131, 112, 65, 6, 156, 72, 97, 167, 314, 195, 13, 142, 4, 441, 186, 299, 100, 141, 7]
RKP_00500_00100_2_03.txt|228.23|243|0.0025558890000000113|[155, 107, 436, 135, 71, 166, 154, 2, 31, 382, 142, 64, 3, 104, 18, 21, 24, 164, 318, 13, 37, 151]
RKP_00500_00100_2_04.txt|224.69|243|0.0024924289999999336|[163, 58, 112, 105, 204, 14, 26, 55, 216, 11, 125, 429, 306, 7, 9, 80, 20, 22, 38, 19, 16]
RKP_00500_00100_2_05.txt|219.79|242|0.002478106999999978|[5, 260, 426, 10, 38, 48, 218, 294, 4, 87, 2, 16, 58, 77, 275, 322, 417, 34, 182, 52, 240]
RKP_00500_00100_2_06.txt|209.57|223|0.002405650999999933|[9, 70, 155, 1, 35, 3, 27, 150, 117, 57, 15, 302, 50, 5, 53, 89]
RKP_00500_00100_2_07.txt|212.36|226|0.0024632359999999577|[1, 17, 260, 75, 452, 53, 114, 5, 83, 3, 308, 123, 129, 4, 9, 162, 278, 67, 292]
RKP_00500_00100_2_08.txt|191.55|208|0.002379050000000005|[87, 96, 15, 1, 495, 3, 6, 7, 123, 42, 184, 46, 384, 54, 45]
RKP_00500_00100_2_09.txt|176.85|192|0.002359706000000017|[38, 2, 108, 304, 335, 70, 87, 277, 433, 52, 39, 115, 312, 426, 16]
RKP_00500_00100_2_10.txt|198.68|220|0.00241061199999999|[20, 14, 372, 2, 118, 40, 166, 19, 154, 216, 276, 498, 116, 83, 46, 9, 441, 62]
RKP_00500_00100_3_01.txt|322.7|340|0.0026369880000000024|[1, 5, 11, 143, 96, 260, 43, 401, 2, 31, 38, 148, 158, 240, 64, 344, 33, 223, 8, 24, 225, 248, 55, 78]
RKP_00500_00100_3_02.txt|386.19|400|0.002546354999999938|[5, 39, 56, 152, 160, 189, 1, 4, 73, 167, 26, 32, 221, 64, 111, 202, 203, 7, 38, 179, 195, 413, 103, 110, 172, 15, 68, 162, 331, 351]
RKP_00500_00100_3_03.txt|362.41|380|0.0024791719999999627|[52, 93, 454, 1, 351, 9, 113, 148, 444, 11, 22, 258, 264, 142, 193, 198, 266, 292, 14, 40, 45, 126, 191, 118, 123, 139, 2, 43]
RKP_00500_00100_3_04.txt|378.6|390|0.002518862999999971|[2, 68, 104, 168, 312, 345, 209, 278, 280, 282, 1, 142, 163, 31, 103, 119, 146, 156, 328, 20, 27, 125, 217, 350, 8, 9, 50, 159, 3]
RKP_00500_00100_3_05.txt|393.6|410|0.0025432300000001362|[12, 225, 417, 1, 74, 92, 377, 8, 84, 87, 211, 294, 382, 9, 32, 102, 196, 199, 340, 392, 7, 30, 88, 189, 252, 263, 106, 143, 319, 381, 35]
RKP_00500_00100_3_06.txt|339.26|358|0.0025475479999999707|[16, 24, 45, 186, 189, 242, 311, 52, 204, 56, 91, 281, 433, 283, 12, 73, 90, 5, 1, 11, 19, 68, 137, 199, 7, 67]
RKP_00500_00100_3_07.txt|339.97|361|0.002480135999999966|[5, 17, 33, 196, 200, 1, 2, 4, 141, 157, 308, 3, 76, 302, 326, 37, 99, 102, 111, 430, 30, 24, 77, 244, 287, 7]
RKP_00500_00100_3_08.txt|414.32|430|0.0025536649999999385|[14, 57, 63, 90, 114, 275, 301, 19, 62, 49, 8, 25, 133, 159, 302, 323, 35, 214, 4, 26, 280, 470, 58, 84, 144, 150, 172, 451, 1, 5, 32, 93, 141]
RKP_00500_00100_3_09.txt|370.31|390|0.002526481999999941|[4, 70, 154, 169, 104, 148, 171, 347, 434, 12, 231, 2, 115, 221, 1, 3, 24, 54, 108, 63, 269, 315, 294, 83, 122, 173, 208, 14, 59]
RKP_00500_00100_3_10.txt|362.12|380|0.002539030000000029|[153, 183, 13, 18, 165, 305, 189, 322, 1, 40, 325, 3, 7, 10, 25, 32, 99, 123, 193, 388, 14, 28, 38, 57, 392, 9, 60, 174]
RKP_00500_00100_4_01.txt|100.0|100|0.002256634000000144|[434]
RKP_00500_00100_4_02.txt|100.0|100|0.0022095529999999817|[431]
RKP_00500_00100_4_03.txt|100.0|100|0.0023426320000001157|[434]
RKP_00500_00100_4_04.txt|100.0|100|0.0022213470000000336|[419]
RKP_00500_00100_4_05.txt|100.0|100|0.002240234000000019|[421]
RKP_00500_00100_4_06.txt|99.96|100|0.0022811800000000202|[431]
RKP_00500_00100_4_07.txt|99.99|100|0.0022200879999999578|[467]
RKP_00500_00100_4_08.txt|99.99|100|0.0022244460000001355|[449]
RKP_00500_00100_4_09.txt|100.0|100|0.002241133999999949|[440]
RKP_00500_00100_4_10.txt|99.98|100|0.0022329740000000342|[497]
RKP_00500_00100_5_01.txt|95.15|103|0.002338153000000087|[1, 3, 4, 5, 6, 7, 10, 11, 12, 13, 14, 15, 17, 18, 20]
RKP_00500_00100_5_02.txt|96.19|106|0.002316459000000037|[1, 2, 5, 8, 10, 11, 12, 13]
RKP_00500_00100_5_03.txt|92.8|102|0.0023013880000000066|[3, 5, 6, 8, 9, 10, 11, 13, 15]
RKP_00500_00100_5_04.txt|94.69|103|0.002309366999999973|[3, 5, 6, 7, 8, 10, 11, 12, 14, 15, 16]
RKP_00500_00100_5_05.txt|92.93|102|0.002314081000000101|[1, 2, 3, 4, 5, 6, 7, 8, 10, 11, 14, 15, 16, 19]
RKP_00500_00100_5_06.txt|96.88|105|0.002367643999999913|[3, 4, 6, 7, 8, 9, 10, 11, 13, 14, 15, 16, 17]
RKP_00500_00100_5_07.txt|92.94|106|0.002283150000000038|[2, 3, 4, 5, 6, 7, 8, 9, 10, 12, 13]
RKP_00500_00100_5_08.txt|93.61|105|0.0023111669999999764|[1, 4, 5, 6, 7, 8, 9, 11, 12, 14, 15]
RKP_00500_00100_5_09.txt|91.65|103|0.0022832049999998816|[2, 3, 4, 5, 6, 7, 9, 11, 12, 13, 16]
RKP_00500_00100_5_10.txt|91.14|103|0.0023400769999999582|[3, 4, 5, 6, 7, 8, 9, 10, 12, 13, 14, 15, 17]
RKP_01000_00100_1_01.txt|2086.7|2186|0.005878176999999969|[67, 91, 151, 47, 50, 260, 2, 51, 465, 13, 432, 42, 27, 39, 10, 604, 646, 8, 560, 40, 97, 531, 222, 64, 376, 116, 36, 123, 48]
RKP_01000_00100_1_02.txt|1961.63|2040|0.005837900999999999|[182, 292, 696, 16, 171, 754, 195, 294, 486, 9, 557, 72, 30, 38, 193, 359, 1, 49, 8, 2, 527, 519, 50, 108, 515, 89, 64, 694, 872, 81, 599]
RKP_01000_00100_1_03.txt|1960.62|2109|0.005870224999999998|[174, 128, 172, 199, 116, 535, 32, 114, 800, 50, 2, 869, 498, 4, 48, 56, 1, 326, 182, 252, 19, 3, 16, 725, 145, 754, 366, 813, 380, 704]
RKP_01000_00100_1_04.txt|2221.79|2288|0.005924677999999978|[12, 1, 726, 283, 75, 44, 429, 566, 14, 151, 5, 277, 247, 20, 732, 3, 857, 184, 165, 790, 6, 69, 42, 204, 592, 91, 172, 255, 53, 266, 758, 2, 163]
RKP_01000_00100_1_05.txt|2075.71|2158|0.00598227700000006|[75, 41, 89, 915, 673, 123, 207, 1, 635, 307, 776, 39, 16, 12, 553, 188, 582, 26, 74, 865, 49, 1000, 151, 299, 696, 29, 82, 198, 37, 340]
RKP_01000_00100_1_06.txt|2356.64|2436|0.005968675999999888|[383, 790, 58, 168, 33, 1, 99, 78, 242, 250, 442, 120, 349, 632, 44, 176, 38, 4, 177, 8, 283, 265, 57, 255, 55, 993, 645, 37, 117, 233, 6, 210, 546, 83, 52]
RKP_01000_00100_1_07.txt|2387.91|2474|0.006026877999999982|[7, 204, 440, 382, 86, 436, 226, 3, 556, 37, 127, 874, 49, 129, 190, 90, 476, 342, 19, 170, 88, 372, 484, 80, 627, 641, 1, 2, 42, 130, 146, 96, 778]
RKP_01000_00100_1_08.txt|2134.59|2253|0.006024521999999948|[922, 422, 4, 68, 421, 223, 145, 149, 80, 6, 356, 716, 22, 303, 242, 274, 366, 26, 118, 15, 10, 1, 5, 7, 29, 390, 101, 294, 278, 780, 16, 111, 183]
RKP_01000_00100_1_09.txt|2034.43|2148|0.0059858919999999215|[36, 782, 31, 168, 672, 27, 103, 290, 17, 513, 48, 691, 1, 898, 32, 262, 579, 14, 213, 2, 108, 925, 942, 170, 427, 133, 39, 15, 248]
RKP_01000_00100_1_10.txt|2376.87|2456|0.005936056000000036|[19, 76, 618, 785, 748, 253, 111, 8, 331, 669, 534, 55, 104, 491, 968, 1, 37, 43, 480, 813, 931, 805, 50, 221, 188, 286, 158, 399, 663, 295, 4, 11, 30, 198, 754, 439, 368]
RKP_01000_00100_2_01.txt|252.1|266|0.0058540789999999635|[7, 24, 209, 12, 374, 13, 3, 111, 253, 47, 366, 73, 380, 690, 185, 186, 21, 375, 252, 33, 41, 76, 183, 614]
RKP_01000_00100_2_02.txt|248.79|268|0.005923916999999897|[84, 385, 375, 782, 311, 63, 73, 179, 410, 547, 357, 583, 202, 183, 213, 69, 8, 397, 77, 954, 625, 3, 23, 129]
RKP_01000_00100_2_03.txt|294.05|310|0.006072971000000145|[5, 97, 171, 87, 58, 417, 123, 124, 141, 81, 394, 335, 897, 84, 33, 64, 13, 746, 420, 928, 282, 55, 404, 256, 340, 854, 149]
RKP_01000_00100_2_04.txt|255.85|273|0.0059061989999997875|[35, 37, 94, 21, 60, 443, 123, 428, 698, 58, 504, 147, 130, 8, 49, 782, 74, 244, 158, 332, 77]
RKP_01000_00100_2_05.txt|247.84|271|0.005888367000000017|[152, 7, 380, 420, 222, 84, 428, 299, 236, 26, 73, 409, 30, 501, 162, 742, 2, 512, 5, 11, 12, 214, 255, 351, 462, 823, 172, 111]
RKP_01000_00100_2_06.txt|295.96|311|0.005981671000000368|[122, 858, 590, 876, 33, 805, 1, 16, 602, 6, 259, 24, 138, 255, 152, 154, 187, 9, 48, 383, 399, 322, 185, 233, 290, 115, 894, 46]
RKP_01000_00100_2_07.txt|254.06|277|0.005888157999999848|[208, 173, 796, 7, 81, 457, 396, 284, 950, 531, 3, 378, 2, 61, 444, 520, 783, 821, 20, 1, 337, 682, 305, 731]
RKP_01000_00100_2_08.txt|286.2|303|0.005950572999999935|[39, 121, 3, 7, 44, 129, 609, 1, 9, 26, 10, 11, 406, 250, 41, 49, 573, 661, 175, 131, 228, 21, 278, 294, 549, 223, 133]
RKP_01000_00100_2_09.txt|250.6|265|0.005827946999999902|[205, 127, 382, 436, 417, 18, 348, 191, 904, 656, 651, 573, 982, 31, 30, 225, 6, 9, 118, 1, 25, 176, 175]
RKP_01000_00100_2_10.txt|272.94|288|0.00588547299999977|[15, 163, 252, 191, 341, 521, 1, 56, 5, 164, 4, 122, 309, 710, 564, 282, 579, 30, 89, 273, 314, 409, 700, 58, 71, 78, 184, 443, 522, 755]
RKP_01000_00100_3_01.txt|491.09|510|0.006099376999999926|[32, 51, 65, 119, 133, 337, 537, 659, 763, 1, 11, 15, 55, 186, 340, 348, 464, 704, 740, 249, 857, 2, 94, 134, 157, 208, 322, 326, 441, 565, 567, 605, 962, 22, 69, 77, 83, 179, 240, 294, 72]
RKP_01000_00100_3_02.txt|462.65|489|0.006021837999999953|[9, 137, 138, 654, 3, 37, 69, 79, 94, 126, 176, 300, 318, 533, 644, 18, 120, 295, 1, 2, 16, 19, 24, 31, 53, 56, 70, 110, 121, 216, 386, 586, 600, 7, 286, 377, 381, 567, 4]
RKP_01000_00100_3_03.txt|480.34|510|0.006008870000000002|[1, 31, 54, 93, 378, 692, 836, 3, 84, 143, 170, 175, 204, 222, 270, 392, 530, 580, 652, 994, 13, 325, 431, 46, 62, 74, 99, 321, 443, 738, 822, 22, 44, 89, 142, 180, 181, 256, 382, 448, 720]
RKP_01000_00100_3_04.txt|472.88|490|0.006200100999999911|[1, 9, 142, 149, 274, 277, 305, 389, 449, 645, 740, 786, 4, 5, 16, 44, 65, 235, 558, 639, 42, 2, 10, 29, 31, 41, 161, 293, 15, 119, 433, 492, 657, 35, 53, 58, 148, 154, 201]
RKP_01000_00100_3_05.txt|420.77|440|0.005970729999999876|[57, 460, 630, 661, 2, 5, 23, 24, 29, 31, 46, 108, 144, 163, 172, 10, 86, 100, 141, 151, 480, 1, 37, 85, 107, 128, 192, 204, 315, 910, 76, 145, 674, 739]
RKP_01000_00100_3_06.txt|438.14|450|0.006243160000000038|[5, 36, 112, 204, 1, 16, 22, 224, 347, 886, 970, 242, 249, 15, 28, 63, 71, 129, 207, 217, 278, 543, 25, 153, 13, 18, 64, 66, 158, 6, 7, 37, 471, 3, 12]
RKP_01000_00100_3_07.txt|494.66|510|0.006172554000000048|[12, 31, 53, 112, 231, 591, 695, 888, 4, 5, 27, 38, 354, 433, 605, 750, 867, 16, 20, 129, 169, 190, 822, 56, 62, 131, 282, 337, 402, 407, 483, 34, 124, 161, 204, 583, 942, 2, 63, 96, 144]
RKP_01000_00100_3_08.txt|420.77|440|0.006211238999999935|[198, 1, 2, 71, 97, 129, 266, 303, 35, 179, 340, 7, 11, 53, 130, 145, 252, 257, 292, 524, 591, 636, 703, 33, 118, 152, 154, 233, 342, 472, 655, 883, 13, 74]
RKP_01000_00100_3_09.txt|422.28|440|0.006101609999999766|[23, 141, 480, 647, 17, 211, 216, 318, 385, 403, 578, 758, 871, 1, 9, 16, 26, 48, 77, 202, 257, 2, 3, 4, 126, 127, 199, 446, 471, 825, 885, 930, 39, 66]
RKP_01000_00100_3_10.txt|457.1|480|0.006089754000000056|[10, 26, 156, 524, 677, 764, 3, 16, 18, 22, 35, 46, 72, 106, 169, 227, 334, 467, 632, 122, 245, 37, 56, 104, 187, 439, 964, 61, 247, 264, 314, 566, 687, 799, 2, 4, 5, 11]
RKP_01000_00100_4_01.txt|99.98|100|0.005708297000000258|[866]
RKP_01000_00100_4_02.txt|100.0|100|0.005697765999999973|[858]
RKP_01000_00100_4_03.txt|100.0|100|0.005647419999999954|[856]
RKP_01000_00100_4_04.txt|100.0|100|0.005783559999999852|[828]
RKP_01000_00100_4_05.txt|100.0|100|0.005616225000000057|[851]
RKP_01000_00100_4_06.txt|100.0|100|0.005687237000000138|[878]
RKP_01000_00100_4_07.txt|100.0|100|0.005566367999999642|[956]
RKP_01000_00100_4_08.txt|100.0|100|0.0056489470000001775|[847]
RKP_01000_00100_4_09.txt|100.0|100|0.005569559999999783|[877]
RKP_01000_00100_4_10.txt|100.0|100|0.0055366710000000555|[843]
RKP_01000_00100_5_01.txt|96.71|104|0.005620827999999918|[3, 5, 6, 7, 8, 9, 10, 12, 13, 16, 17, 18, 20]
RKP_01000_00100_5_02.txt|94.54|102|0.005617419999999953|[1, 2, 3, 6, 7, 8, 9, 10, 11, 12, 13, 14, 16]
RKP_01000_00100_5_03.txt|98.03|105|0.005657386000000315|[1, 3, 5, 6, 7, 9, 10, 11, 12, 13, 14, 15, 16, 17]
RKP_01000_00100_5_04.txt|97.03|103|0.005724059999999867|[3, 4, 5, 8, 10, 11, 12, 13, 14, 16, 19, 20, 21, 23, 24, 25, 26, 27]
RKP_01000_00100_5_05.txt|96.19|103|0.005639456000000181|[2, 4, 5, 6, 7, 8, 9, 10, 11, 14, 15, 16, 17]
RKP_01000_00100_5_06.txt|96.76|104|0.005679774999999694|[1, 3, 4, 5, 6, 7, 9, 10, 11, 12, 13, 14, 15, 16, 19, 21]
RKP_01000_00100_5_07.txt|96.58|104|0.005766051000000232|[3, 4, 5, 6, 7, 8, 9, 10, 13, 14, 15, 16, 17, 18, 19, 20, 21, 22]
RKP_01000_00100_5_08.txt|97.86|105|0.0057441399999996175|[2, 3, 4, 6, 7, 8, 11, 12, 14, 15, 17, 18, 19]
RKP_01000_00100_5_09.txt|92.98|102|0.0058008499999999685|[4, 5, 6, 8, 9, 13, 15, 16, 18, 19, 20]
RKP_01000_00100_5_10.txt|94.18|104|0.005672162999999699|[3, 7, 8, 10, 12, 13, 14, 17, 19, 20, 21]
RKP_05000_00100_1_01.txt|4601.51|4769|0.07737397699999989|[302, 1839, 465, 3, 2556, 4, 5, 9, 1, 553, 2091, 1406, 642, 2106, 1268, 540, 116, 589, 51, 3411, 904, 49, 1485, 150, 1700, 1482, 31, 68, 2398, 1366, 1373, 3733, 4536, 59, 852, 89, 213, 1277, 1181, 1207, 24, 115, 2548, 99, 2478, 8, 21, 1723, 847, 20, 3645, 801, 2505, 1213, 2003, 22, 7, 363, 4545, 13, 16, 1021, 518, 1731]
RKP_05000_00100_1_02.txt|4473.03|4603|0.0770831190000002|[3648, 2939, 3415, 60, 277, 275, 892, 73, 4311, 4651, 174, 4439, 1210, 104, 42, 716, 1201, 501, 16, 3013, 1, 347, 338, 601, 171, 135, 374, 31, 18, 235, 304, 1821, 151, 2809, 51, 1720, 1929, 130, 301, 4066, 3739, 350, 2669, 2, 99, 75, 420, 448, 437, 3158, 44, 794, 2337, 1432, 4071, 57, 262, 357, 1908, 2056, 1099, 2586]
RKP_05000_00100_1_03.txt|4472.16|4597|0.07641704499999982|[6, 2646, 22, 591, 929, 1355, 1, 207, 3382, 4798, 81, 52, 4396, 4053, 136, 193, 1588, 10, 2992, 3261, 27, 3127, 3471, 26, 1880, 1417, 3686, 3801, 1634, 4436, 3036, 961, 114, 1171, 612, 203, 1069, 3005, 7, 2382, 5, 1550, 304, 2797, 793, 1020, 219, 1066, 2442, 350, 1237, 656, 1044, 1363, 401, 1035, 1283, 1179, 208, 4693]
RKP_05000_00100_1_04.txt|4227.83|4382|0.0767914650000013|[795, 2, 41, 2565, 38, 147, 2594, 7, 1931, 378, 713, 2528, 1521, 5, 135, 4470, 2030, 444, 4280, 3644, 3336, 3198, 16, 868, 1633, 1367, 579, 3338, 131, 233, 2859, 78, 3225, 3474, 3503, 1048, 205, 2255, 416, 2304, 4320, 3703, 69, 3605, 1675, 455, 20, 651, 557, 23, 792, 1173, 4914, 1210, 3053, 979, 26, 3006, 936, 2940, 3085, 3484, 3064, 337, 1814, 2934]
RKP_05000_00100_1_05.txt|4162.77|4265|0.0768773240000003|[64, 644, 38, 541, 427, 542, 4588, 2, 8, 1759, 1433, 2850, 3856, 20, 16, 4, 1309, 174, 306, 1432, 33, 53, 2447, 2549, 101, 2995, 288, 60, 4969, 119, 96, 4179, 44, 527, 356, 1088, 23, 270, 230, 3160, 977, 1249, 4630, 2922, 428, 608, 4251, 907, 660, 2886, 2537, 30, 667, 2097, 1510, 5, 81, 106]
RKP_05000_00100_1_06.txt|4295.14|4473|0.077210323999999|[2608, 41, 208, 747, 569, 73, 457, 3167, 152, 3825, 9, 807, 133, 645, 62, 1279, 896, 860, 3, 122, 329, 1512, 8, 1319, 435, 866, 21, 745, 701, 14, 17, 1606, 11, 1799, 2, 71, 920, 1259, 219, 111, 108, 2510, 25, 7, 44, 1542, 652, 2842, 1031, 18, 131, 912, 377, 4655, 3239, 139, 694, 1186, 888, 2000]
RKP_05000_00100_1_07.txt|4713.5|4847|0.07798442699999995|[30, 3473, 219, 1, 97, 880, 180, 244, 55, 1149, 3419, 118, 1437, 582, 188, 2037, 876, 204, 2883, 1762, 124, 4, 11, 931, 32, 54, 1758, 79, 90, 451, 2591, 991, 1401, 453, 13, 3111, 3370, 3, 2367, 1199, 3162, 155, 362, 3566, 104, 646, 457, 1477, 1299, 1827, 930, 3167, 2438, 1187, 3484, 4252, 494, 192, 35, 811, 551, 2018, 1222, 8, 914]
RKP_05000_00100_1_08.txt|4355.03|4476|0.07716521599999965|[1318, 6, 441, 906, 3876, 264, 266, 816, 2248, 2054, 865, 300, 502, 82, 288, 1717, 3259, 4344, 275, 4811, 148, 154, 179, 687, 985, 1267, 2845, 739, 48, 120, 186, 52, 3137, 4473, 2780, 215, 1781, 183, 3911, 1358, 4638, 745, 1632, 25, 538, 2535, 341, 777, 54, 29, 779, 72, 2399, 1079, 260, 345, 1, 234, 276, 1186, 2899, 1337, 2250]
RKP_05000_00100_1_09.txt|4013.36|4161|0.07620602500000047|[325, 2596, 270, 816, 3051, 30, 178, 3, 4424, 1184, 1363, 3759, 3697, 4341, 10, 121, 2, 70, 3572, 74, 2965, 423, 1856, 463, 6, 42, 853, 230, 2349, 4135, 2807, 447, 307, 383, 1260, 4156, 588, 83, 987, 1309, 1769, 747, 3556, 1427, 90, 190, 533, 43, 1945, 4220, 1869, 445, 635, 1441, 4378, 179, 430]
RKP_05000_00100_1_10.txt|4450.8|4601|0.07742476500000009|[1804, 1395, 3373, 437, 2061, 230, 952, 3176, 83, 564, 429, 2958, 143, 1091, 111, 3065, 1422, 352, 4572, 780, 1342, 2, 2616, 8, 60, 48, 1, 4883, 26, 153, 795, 3734, 662, 13, 654, 445, 25, 21, 3086, 180, 363, 1221, 956, 176, 189, 321, 2120, 385, 484, 4185, 20, 1517, 482, 304, 90, 1350, 15, 134, 714, 805, 930, 629, 2462]
RKP_05000_00100_2_01.txt|428.57|444|0.07699599000000049|[1647, 144, 2729, 1741, 2218, 551, 1057, 2019, 3518, 3020, 77, 648, 868, 540, 1292, 2000, 44, 1078, 68, 148, 220, 736, 25, 626, 848, 1187, 1238, 2735, 4039, 1835, 2120, 2295, 2913, 2948, 3573, 40, 4620, 4675, 5, 142, 246, 315, 3]
RKP_05000_00100_2_02.txt|480.5|496|0.07748828400000037|[407, 871, 4347, 677, 1014, 455, 532, 1793, 3238, 29, 275, 1570, 4063, 4978, 4, 1493, 2707, 10, 35, 1178, 1770, 3, 14, 298, 3178, 3654, 152, 778, 763, 1800, 2437, 656, 8, 15, 22, 40, 103, 1194, 1838, 2992, 3004, 2439, 101, 2263, 2360, 2501, 2984, 73, 536, 61, 242, 292, 556, 929, 1714]
RKP_05000_00100_2_03.txt|455.87|475|0.07705723000000234|[769, 4655, 1463, 1867, 4547, 5, 242, 710, 1122, 1234, 4989, 4, 388, 826, 2844, 4806, 442, 840, 895, 1925, 2550, 3332, 3969, 842, 2606, 6, 3890, 4206, 314, 1332, 3166, 185, 202, 524, 711, 1469, 2973, 4028, 1, 22, 82, 17, 39, 113, 592, 1749, 11, 12, 54]
RKP_05000_00100_2_04.txt|445.9|461|0.07636651199999704|[506, 950, 1, 2126, 4139, 12, 168, 3153, 387, 531, 45, 283, 1864, 5, 483, 491, 687, 917, 99, 355, 1415, 1565, 1633, 752, 1551, 35, 1107, 1671, 31, 87, 156, 225, 1138, 1566, 2299, 3108, 3585, 72, 109, 637, 2052, 2100, 13, 3028, 111, 143]
RKP_05000_00100_2_05.txt|469.83|489|0.07634277899999915|[3758, 522, 1741, 355, 1029, 2703, 3238, 3555, 2083, 5, 22, 52, 942, 1224, 1654, 2332, 2545, 3226, 366, 752, 879, 3406, 2785, 3383, 1823, 3374, 69, 693, 797, 274, 2365, 29, 99, 370, 1076, 1903, 2614, 991, 426, 612, 3241, 167, 829, 2206, 2261, 3573, 413, 51, 434]
RKP_05000_00100_2_06.txt|448.18|465|0.07663350800000103|[326, 3682, 1109, 1288, 2453, 4405, 135, 816, 1581, 2118, 2148, 62, 136, 324, 758, 6, 356, 2040, 2408, 437, 1208, 129, 369, 2044, 4478, 1688, 3081, 23, 466, 1, 639, 853, 1433, 210, 2422, 3, 182, 926, 1025, 1917, 1383, 2075, 3347, 8, 602, 1193, 2974, 327]
RKP_05000_00100_2_07.txt|460.35|487|0.07685929899999934|[1, 79, 2, 7, 516, 3, 71, 333, 43, 58, 180, 235, 938, 1389, 2246, 2419, 141, 260, 595, 1949, 2323, 2528, 15, 105, 4183, 183, 261, 689, 2108, 3866, 177, 194, 1063, 3229, 3555, 2641, 55, 74, 244, 2332, 4327, 103, 649, 4507, 49, 216, 429, 744, 2751, 169, 11]
RKP_05000_00100_2_08.txt|440.25|457|0.07659147099999984|[1700, 199, 1204, 14, 2915, 11, 24, 1638, 2149, 2068, 3421, 98, 792, 2, 41, 636, 1617, 342, 48, 23, 621, 4332, 4658, 1, 79, 524, 560, 671, 735, 1415, 4543, 15, 291, 367, 869, 1492, 7, 94, 672, 967, 3246, 3696, 9, 1273, 2312, 3365, 99, 152, 953, 2584]
RKP_05000_00100_2_09.txt|472.74|494|0.07741663800000112|[6, 355, 5, 151, 1149, 2520, 4778, 86, 433, 1873, 2352, 2953, 3113, 293, 88, 112, 392, 846, 1338, 2179, 2318, 4070, 110, 142, 75, 2196, 2365, 1331, 2692, 218, 755, 362, 1203, 1335, 1397, 1818, 61, 238, 955, 1008, 1679, 2213, 15, 4171, 294, 678, 796, 13, 45, 66, 558, 574, 1400]
RKP_05000_00100_2_10.txt|441.58|466|0.07651041899999797|[120, 275, 2435, 3300, 477, 250, 502, 918, 1932, 2345, 2755, 2802, 3321, 113, 2283, 2318, 2768, 4994, 19, 74, 136, 326, 1547, 291, 315, 2022, 184, 210, 253, 1459, 78, 163, 373, 978, 1313, 3005, 3077, 4424, 660, 1253, 4012, 72, 302, 3123, 66, 935]
RKP_05000_00100_3_01.txt|761.15|790|0.0768062059999997|[1, 10, 26, 48, 83, 97, 135, 145, 224, 231, 279, 288, 312, 334, 349, 465, 471, 588, 610, 661, 692, 900, 1006, 1096, 1192, 1272, 1725, 1751, 1768, 2039, 2321, 2608, 3252, 3272, 3292, 3674, 3675, 4195, 2, 4, 5, 18, 22, 28, 55, 58, 69, 77, 80, 109, 118, 188, 242, 276, 297, 322, 345, 377, 383, 395, 413, 533, 534, 558, 821, 948, 995, 1037, 1119]
RKP_05000_00100_3_02.txt|838.28|870|0.07737946099999987|[9, 36, 38, 55, 93, 94, 98, 132, 135, 145, 148, 167, 203, 219, 254, 301, 312, 313, 351, 356, 373, 392, 415, 434, 472, 512, 542, 776, 856, 973, 989, 1047, 1119, 1136, 1267, 1271, 1335, 1664, 1834, 2362, 2409, 2674, 2689, 2722, 2762, 2848, 3287, 3318, 3344, 3615, 4055, 4114, 4494, 4912, 3, 17, 19, 31, 40, 54, 74, 89, 97, 168, 175, 242, 304, 330, 355, 365, 426, 427, 554, 796, 879, 917, 993]
RKP_05000_00100_3_03.txt|824.32|850|0.07727422200000063|[1, 6, 15, 18, 20, 27, 52, 76, 86, 96, 129, 140, 159, 191, 205, 258, 283, 341, 387, 403, 520, 820, 894, 977, 1109, 1226, 1256, 1304, 1305, 1409, 1459, 1487, 1558, 1571, 1712, 1847, 1888, 1941, 2676, 2793, 2858, 2962, 2984, 2989, 4254, 4520, 4528, 4547, 4563, 4874, 3, 14, 24, 42, 73, 124, 155, 165, 192, 351, 380, 397, 446, 459, 546, 647, 656, 690, 698, 714, 721, 780, 901, 909, 979]
RKP_05000_00100_3_04.txt|810.26|840|0.07704590999999965|[1, 9, 11, 16, 56, 59, 100, 298, 318, 320, 325, 335, 365, 375, 446, 578, 708, 769, 770, 808, 898, 984, 1182, 1193, 1227, 1264, 1283, 1338, 1348, 1433, 1570, 1739, 1757, 1788, 1905, 2156, 2274, 2340, 2386, 2433, 2600, 2634, 3111, 3384, 3639, 3851, 4679, 4996, 3, 4, 14, 15, 24, 51, 66, 68, 98, 99, 103, 118, 122, 130, 133, 136, 205, 232, 266, 309, 315, 364, 377, 403, 411, 473]
RKP_05000_00100_3_05.txt|722.55|750|0.07663550000000129|[7, 52, 79, 122, 238, 292, 295, 480, 485, 573, 638, 669, 909, 950, 973, 1668, 2337, 2456, 2596, 2928, 3114, 4073, 4423, 1, 24, 47, 60, 76, 206, 230, 345, 435, 486, 542, 583, 588, 590, 614, 656, 769, 994, 1088, 1259, 1491, 1526, 1529, 1760, 1764, 2471, 2837, 2859, 3753, 4063, 4074, 4110, 4118, 4182, 4207, 362, 513, 905, 936, 2040, 2714, 3135]
RKP_05000_00100_3_06.txt|817.43|850|0.07689106699999883|[1, 10, 24, 25, 26, 27, 32, 35, 58, 68, 79, 103, 113, 119, 121, 179, 244, 248, 270, 452, 492, 551, 564, 638, 683, 755, 838, 956, 1046, 1130, 1376, 1451, 1477, 1657, 1698, 1735, 1860, 1884, 2159, 2205, 2457, 2528, 2710, 2738, 2878, 2889, 2978, 3082, 3112, 4282, 3, 4, 5, 6, 12, 29, 45, 82, 104, 108, 157, 181, 278, 413, 440, 460, 700, 765, 775, 787, 899, 1081, 1227, 1347, 1366]
RKP_05000_00100_3_07.txt|825.21|860|0.07688950899999923|[1, 10, 14, 16, 18, 20, 30, 77, 89, 93, 98, 99, 114, 119, 169, 189, 206, 213, 222, 281, 304, 356, 362, 372, 416, 495, 500, 507, 550, 699, 729, 750, 812, 817, 883, 890, 1030, 1095, 1453, 1615, 1833, 1892, 1960, 2113, 2510, 2632, 2667, 2701, 2869, 3232, 3416, 3653, 26, 96, 166, 167, 185, 211, 355, 485, 526, 549, 566, 570, 583, 799, 859, 865, 894, 985, 1060, 1109, 1411, 2232, 3509, 3542]
RKP_05000_00100_3_08.txt|834.22|880|0.07710508600000139|[1, 6, 13, 17, 28, 47, 92, 100, 101, 129, 161, 169, 215, 227, 238, 328, 346, 382, 428, 491, 557, 563, 572, 645, 700, 925, 969, 1208, 1238, 1240, 1244, 1355, 1414, 1478, 1502, 1517, 1589, 1802, 1973, 2091, 2154, 2276, 2430, 2572, 2702, 3001, 3330, 3335, 3716, 3821, 4062, 4178, 4225, 4353, 4604, 4735, 2, 4, 21, 35, 36, 44, 89, 99, 108, 115, 191, 216, 273, 294, 296, 309, 426, 484, 502, 515, 525, 611]
RKP_05000_00100_3_09.txt|814.38|850|0.07694438299999888|[1, 4, 24, 40, 55, 63, 94, 111, 137, 205, 217, 262, 271, 355, 409, 466, 585, 600, 636, 662, 696, 789, 827, 839, 981, 986, 1067, 1161, 1532, 1558, 1913, 2048, 2372, 2453, 2595, 2609, 2846, 2897, 2925, 3120, 3500, 3562, 3603, 3727, 3987, 4348, 4681, 4813, 4902, 4948, 3, 8, 10, 18, 25, 57, 78, 101, 110, 116, 119, 154, 229, 274, 277, 307, 350, 373, 419, 501, 610, 754, 882, 973, 1004]
RKP_05000_00100_3_10.txt|802.56|840|0.07648825900000589|[8, 21, 22, 27, 30, 47, 52, 63, 119, 173, 216, 236, 252, 283, 383, 438, 627, 659, 666, 775, 787, 860, 881, 1046, 1075, 1419, 1426, 1463, 1547, 1938, 1946, 2107, 2181, 2195, 2235, 2244, 2312, 2477, 2567, 2929, 2988, 2990, 3361, 3869, 3997, 4448, 4628, 4783, 1, 4, 10, 11, 39, 50, 57, 109, 113, 138, 141, 142, 166, 211, 227, 337, 540, 559, 685, 780, 793, 933, 1040, 1132, 1187, 1323]
RKP_05000_00100_4_01.txt|100.0|100|0.07587999099999877|[4210]
RKP_05000_00100_4_02.txt|100.0|100|0.07525637599999868|[4283]
RKP_05000_00100_4_03.txt|100.0|100|0.07630218300000365|[4228]
RKP_05000_00100_4_04.txt|100.0|100|0.07616335000000049|[4218]
RKP_05000_00100_4_05.txt|100.0|100|0.07561218699999869|[4218]
RKP_05000_00100_4_06.txt|100.0|100|0.07564471499999854|[4207]
RKP_05000_00100_4_07.txt|100.0|100|0.07602538399999731|[4211]
RKP_05000_00100_4_08.txt|100.0|100|0.07597932600000093|[4203]
RKP_05000_00100_4_09.txt|100.0|100|0.07538894100000278|[4209]
RKP_05000_00100_4_10.txt|100.0|100|0.07545150500000375|[4213]
RKP_05000_00100_5_01.txt|96.91|100|0.07605477200000052|[1, 4, 5, 6, 7, 10, 11, 12, 14, 15, 16, 18, 19, 20, 21, 22, 23, 24, 25, 26, 27, 28, 29, 31]
RKP_05000_00100_5_02.txt|97.95|104|0.0758975839999988|[1, 4, 5, 6, 7, 9, 10, 11, 12, 13, 14, 15, 16, 20, 21, 22, 23, 25, 26]
RKP_05000_00100_5_03.txt|97.13|101|0.0755209149999996|[1, 2, 3, 4, 6, 7, 8, 9, 11, 12, 13, 14, 16, 18, 20, 22, 23, 24, 25, 26, 27, 28, 29, 30, 31]
RKP_05000_00100_5_04.txt|97.25|102|0.07519045100000199|[2, 4, 5, 6, 7, 9, 11, 12, 13, 14, 15, 17, 18, 19, 21, 22, 23]
RKP_05000_00100_5_05.txt|97.57|102|0.07574238099999718|[2, 5, 6, 8, 9, 10, 15, 17, 18, 19, 20, 21, 22, 23, 24, 25, 27, 29, 30, 31]
RKP_05000_00100_5_06.txt|99.05|102|0.07571598399999857|[1, 2, 3, 4, 5, 9, 10, 11, 12, 13, 14, 16, 17, 18, 20, 21, 22, 23, 24, 26, 27, 28, 31, 32, 33, 35, 36]
RKP_05000_00100_5_07.txt|96.75|101|0.07600561099999993|[1, 2, 3, 4, 6, 7, 8, 9, 10, 12, 13, 14, 15, 16, 17, 18, 19, 20, 21, 22, 24, 25, 26, 27, 28, 30]
RKP_05000_00100_5_08.txt|96.09|101|0.07658897199999672|[1, 4, 7, 8, 9, 11, 12, 13, 14, 15, 16, 17, 18, 19, 20, 22, 23, 24, 25, 26, 27, 28, 29, 30, 31, 32, 33]
RKP_05000_00100_5_09.txt|97.08|101|0.0764894240000001|[1, 4, 6, 8, 9, 10, 11, 12, 13, 14, 15, 18, 19, 20, 21, 22, 23, 24, 28, 29, 30]
RKP_05000_00100_5_10.txt|98.99|102|0.07631562599999597|[2, 3, 4, 5, 6, 7, 8, 10, 11, 12, 14, 15, 16, 17, 18, 20, 22, 23, 24, 25, 26]
RKP_05000_01000_1_01.txt|56581.55|58238|0.07899997299999996|[3485, 53, 424, 2254, 700, 1232, 164, 328, 732, 4971, 18, 1742, 226, 151, 23, 15, 17, 751, 1858, 2481, 1724, 1756, 778, 1591, 2077, 1841, 1, 334, 13, 379, 3791, 866, 4223, 4479, 78, 1214, 661, 2777, 1919, 1979, 3534, 3799, 491, 2629, 96, 86, 8, 1034, 10, 3256, 2266, 368, 16, 399, 2567, 684, 3187, 1233, 1928, 1145, 33, 5, 271, 1196, 969, 252, 800, 30, 921, 1431, 212, 82, 511, 1387, 4129, 1775, 2, 3282, 35, 551, 1810, 2814, 726, 59, 974, 2187]
RKP_05000_01000_1_02.txt|59585.55|61028|0.07848058799999706|[918, 2800, 89, 304, 1590, 36, 675, 4489, 728, 3565, 1205, 1337, 109, 622, 3, 1055, 1261, 222, 539, 78, 988, 7, 22, 41, 506, 3875, 2832, 2594, 2825, 10, 2379, 588, 282, 235, 1403, 1455, 2011, 425, 3349, 2769, 17, 772, 155, 837, 4961, 1677, 39, 1329, 337, 2745, 965, 368, 3795, 236, 1414, 917, 1604, 1277, 2973, 694, 3668, 790, 2727, 207, 3585, 84, 464, 928, 2120, 1343, 1683, 2229, 2198, 3095, 2041, 1860, 2750, 471, 293, 165, 2093, 130, 65, 1999]
RKP_05000_01000_1_03.txt|54556.9|56087|0.07842073299999867|[1614, 882, 1039, 24, 1534, 3194, 3276, 22, 1854, 1150, 2688, 135, 1415, 272, 933, 1475, 176, 339, 533, 1, 344, 3392, 1339, 174, 649, 3920, 1822, 852, 479, 76, 940, 3682, 248, 165, 4104, 3232, 72, 1605, 1483, 2201, 3835, 2080, 114, 60, 1027, 2848, 1478, 2314, 749, 62, 1719, 67, 3, 1219, 129, 2016, 1364, 1006, 2471, 1146, 988, 4640, 4193, 810, 192, 1979, 94, 875, 2110, 13, 2682, 441, 2468, 33, 1262, 4216, 400, 186, 8, 1268]
RKP_05000_01000_1_04.txt|56529.32|57944|0.07864822399999866|[223, 238, 135, 61, 4624, 1450, 4775, 1275, 716, 952, 35, 16, 594, 794, 9, 4277, 2060, 49, 498, 10, 114, 64, 181, 3926, 318, 2470, 3055, 687, 546, 3023, 351, 2320, 482, 724, 3051, 1546, 533, 5, 2023, 4232, 33, 1174, 1916, 413, 50, 4397, 189, 1311, 25, 133, 465, 1416, 2, 248, 1021, 24, 1107, 7, 1689, 2047, 270, 1, 2649, 395, 8, 132, 2580, 4329, 886, 6, 71, 1142, 191, 1597, 522, 52, 1074, 1395, 3271, 670, 792, 210, 105, 2177, 421, 103, 2269]
RKP_05000_01000_1_05.txt|55671.44|57795|0.07902424099999905|[1142, 1649, 91, 385, 2069, 430, 2, 14, 254, 65, 352, 259, 97, 93, 1411, 1588, 132, 985, 168, 2547, 2834, 1227, 2271, 1093, 94, 1607, 4118, 467, 1316, 279, 1606, 339, 4385, 119, 1418, 4053, 667, 4, 1155, 1162, 3067, 267, 816, 1320, 157, 651, 9, 1023, 1474, 711, 8, 580, 1321, 1883, 1049, 4096, 16, 73, 943, 593, 130, 120, 48, 2819, 2004, 19, 2263, 3468, 85, 1893, 4204, 2397, 5, 584, 25, 592, 231, 67, 903, 46, 2360, 72, 27, 208, 1012, 2350, 349, 1150, 838]
RKP_05000_01000_1_06.txt|54818.45|57058|0.07823630899999955|[4603, 51, 736, 8, 691, 1879, 48, 2050, 52, 498, 80, 2517, 1689, 269, 159, 894, 697, 2857, 1916, 1242, 943, 297, 2865, 336, 1910, 288, 3076, 107, 2195, 998, 3846, 2, 2967, 3, 10, 503, 399, 1368, 1530, 9, 6, 150, 90, 343, 1097, 2925, 616, 1002, 1192, 42, 13, 2483, 612, 292, 157, 646, 1511, 1062, 429, 3109, 656, 2633, 1040, 721, 1662, 601, 688, 163, 4793, 4196, 2012, 1494, 37, 687, 192, 224, 2168, 4, 337, 188, 2861, 1145, 1720, 2048, 684, 60, 883, 4183, 217]
RKP_05000_01000_1_07.txt|50849.38|52087|0.07838113000000135|[753, 4009, 1741, 15, 226, 2, 568, 161, 1359, 2669, 213, 77, 1, 2593, 84, 957, 1449, 44, 522, 577, 421, 188, 2087, 523, 23, 21, 628, 130, 1764, 3455, 46, 1865, 795, 198, 386, 204, 1697, 2245, 616, 651, 65, 4242, 91, 8, 569, 1607, 848, 731, 4471, 985, 1047, 1489, 640, 2984, 993, 2145, 1378, 241, 453, 3438, 1175, 1178, 1346, 393, 4078, 2235, 27, 119, 1645, 94, 363, 424, 666, 1605, 637, 2537]
RKP_05000_01000_1_08.txt|52594.95|54383|0.0787489179999949|[4497, 427, 140, 20, 89, 651, 24, 2382, 2356, 2585, 1275, 1088, 81, 1487, 430, 2110, 10, 2528, 1391, 527, 109, 235, 670, 3925, 2841, 15, 1138, 7, 257, 3318, 115, 1574, 738, 3, 151, 3937, 4666, 849, 12, 66, 118, 890, 419, 40, 39, 190, 2070, 411, 75, 892, 29, 32, 531, 52, 279, 548, 785, 952, 207, 3788, 79, 389, 3288, 1344, 3437, 43, 217, 117, 4070, 3323, 575, 3908, 1029, 488, 1485, 534, 1, 78]
RKP_05000_01000_1_09.txt|55552.06|57366|0.07897549200000242|[4115, 1714, 684, 2381, 157, 3179, 1434, 3964, 1, 1362, 128, 104, 2, 51, 1366, 427, 1788, 364, 996, 18, 1242, 3744, 883, 191, 3245, 39, 390, 1481, 1679, 17, 47, 499, 6, 1854, 563, 163, 1761, 3, 2364, 562, 4, 190, 2328, 2845, 27, 1579, 29, 302, 714, 342, 473, 844, 2399, 7, 2012, 3556, 3900, 1401, 73, 3156, 1699, 94, 106, 25, 1509, 1337, 359, 3644, 1495, 3448, 153, 49, 32, 1911, 136, 320, 377, 2844, 8, 451, 2651, 12, 101]
RKP_05000_01000_1_10.txt|60432.1|61605|0.07822030899999674|[129, 528, 2671, 245, 1044, 1640, 1680, 47, 104, 785, 2, 11, 1914, 1, 2184, 740, 2867, 2216, 384, 180, 1253, 2153, 500, 103, 2753, 359, 1076, 1095, 3836, 1479, 486, 49, 100, 1313, 2309, 9, 286, 4815, 461, 1284, 807, 2544, 1554, 38, 839, 3137, 43, 33, 212, 2541, 3309, 187, 844, 2560, 261, 1436, 472, 1476, 1430, 2608, 198, 1361, 634, 1553, 4698, 1731, 4036, 1413, 604, 193, 582, 4, 1934, 161, 813, 220, 1817, 1423, 3687, 1641, 255, 495, 904, 17, 464, 152, 1636, 124, 2698]
RKP_05000_01000_2_01.txt|4339.09|4515|0.07795618399999682|[176, 1844, 4166, 2000, 339, 1473, 3060, 951, 761, 413, 3919, 483, 103, 2, 1173, 2400, 1730, 2057, 1100, 1641, 541, 265, 2351, 1898, 1487, 3764, 309, 2281, 1046, 32, 7, 81, 604, 395, 4493, 724, 997, 153, 147, 2671, 3395, 687, 115, 4598, 12, 2569, 38, 1011, 352, 23, 88, 2581, 716]
RKP_05000_01000_2_02.txt|4594.0|4728|0.0784466800000007|[279, 88, 2, 1577, 365, 491, 2308, 1856, 1294, 1693, 44, 1068, 4977, 862, 1189, 3, 317, 462, 2581, 545, 62, 121, 3024, 126, 1739, 1812, 311, 471, 667, 2983, 653, 78, 1049, 94, 214, 964, 1196, 2259, 1964, 1000, 2515, 2419, 2682, 2537, 3342, 139, 2933, 820, 3711, 1159, 1503, 299, 1, 51]
RKP_05000_01000_2_03.txt|4642.79|4852|0.07822990899999809|[726, 305, 51, 217, 3416, 69, 465, 3351, 1002, 4964, 3938, 655, 86, 3540, 2930, 286, 235, 862, 3180, 2340, 308, 1958, 507, 4457, 3343, 518, 104, 1354, 942, 2548, 3087, 118, 1550, 177, 2601, 1732, 858, 3822, 375, 1132, 2164, 2610, 106, 63, 414, 185, 477, 350, 2182, 171, 88, 1684, 1256, 2617]
RKP_05000_01000_2_04.txt|5101.4|5258|0.07770713500000057|[17, 1740, 63, 2518, 585, 3, 2408, 4454, 2928, 1989, 2245, 768, 153, 82, 758, 348, 371, 4424, 400, 2989, 545, 3530, 2237, 3498, 1086, 54, 1672, 2249, 183, 3872, 302, 509, 4236, 22, 567, 7, 1136, 916, 1398, 1319, 247, 662, 1210, 19, 1539, 1799, 51, 163, 1209, 59, 1906, 703, 84, 3183, 667, 57, 1100, 2242, 23, 1412]
RKP_05000_01000_2_05.txt|4580.22|4735|0.07751491499999474|[734, 420, 34, 204, 8, 201, 33, 4485, 3, 1132, 273, 1680, 4215, 3321, 1064, 360, 526, 5, 4, 70, 1158, 2513, 876, 1762, 427, 1925, 1269, 260, 2008, 344, 16, 390, 2548, 187, 453, 80, 23, 9, 1052, 30, 1424, 737, 290, 957, 2686, 324, 1335, 1672, 156, 306, 43, 4333, 807, 1576, 1622]
RKP_05000_01000_2_06.txt|4819.92|4975|0.0788348109999913|[473, 464, 1933, 1, 1477, 105, 683, 138, 672, 61, 2638, 4951, 27, 2, 344, 1569, 30, 1991, 900, 1948, 793, 36, 1619, 386, 282, 403, 154, 2476, 925, 152, 59, 707, 242, 1898, 2446, 3111, 2282, 739, 2287, 1064, 714, 862, 94, 1852, 328, 4131, 2690, 2201, 2484, 109, 10, 4545, 481, 670, 184, 1369, 1746, 5, 252, 1317, 4407]
RKP_05000_01000_2_07.txt|4958.58|5125|0.07865283400000295|[4279, 759, 1, 207, 2282, 4495, 909, 1643, 2206, 2608, 3129, 771, 157, 1902, 1437, 1811, 3275, 1625, 4453, 11, 1552, 751, 2233, 1123, 1265, 516, 238, 3147, 199, 212, 3882, 2461, 294, 1593, 2843, 12, 2241, 5, 1935, 1945, 2341, 387, 44, 368, 257, 3196, 1425, 3085, 105, 1886, 1139, 1702, 1976, 228, 1461, 997, 2864, 33, 1231, 3031]
RKP_05000_01000_2_08.txt|4934.85|5090|0.07920761999998717|[1499, 298, 312, 972, 1184, 264, 78, 44, 3148, 3191, 59, 236, 2399, 580, 108, 385, 3385, 6, 17, 30, 213, 1067, 371, 658, 4, 846, 1783, 677, 2808, 747, 634, 242, 2941, 1314, 200, 660, 2632, 2133, 1156, 1924, 3857, 201, 14, 1664, 174, 114, 1802, 473, 362, 397, 901, 4386, 278, 2683, 823, 4129, 137]
RKP_05000_01000_2_09.txt|4671.83|4823|0.07984471599999665|[3478, 1556, 1226, 10, 897, 379, 1132, 128, 408, 1583, 4, 2140, 3, 2789, 15, 1786, 22, 270, 175, 821, 2637, 3297, 63, 997, 1992, 536, 419, 36, 118, 2887, 310, 1259, 1967, 1627, 2, 561, 4691, 935, 677, 3113, 3974, 25, 1428, 579, 3583, 130, 377, 2094, 2005, 4669, 247, 1587, 77, 44, 13, 2037]
RKP_05000_01000_2_10.txt|4480.28|4665|0.07801760199999762|[4015, 2998, 420, 9, 1494, 18, 191, 137, 1502, 227, 2318, 149, 1686, 3712, 36, 922, 19, 294, 749, 4050, 2559, 1491, 1049, 1523, 3674, 1011, 1303, 4809, 555, 3584, 1858, 99, 95, 1745, 82, 587, 206, 2034, 1926, 4084, 1619, 351, 941, 29, 3887, 305, 1416, 3163, 25, 880, 1175, 1176, 4057, 15, 337]
RKP_05000_01000_3_01.txt|9641.47|9898|0.07886395800000401|[1, 46, 47, 1698, 1958, 3246, 21, 562, 1615, 2461, 237, 455, 1081, 2241, 2783, 2851, 40, 97, 372, 996, 108, 77, 2748, 207, 284, 1198, 1779, 3421, 2416, 2250, 1038, 1894, 2056, 2178, 2874, 119, 150, 276, 688, 72, 112, 550, 384, 749, 1600, 9, 60, 87, 3683, 114, 728, 132, 193, 757, 1382, 2429, 12, 23, 1190, 917, 53, 623, 4452, 560, 1047, 1140, 1365, 45, 241, 632, 951, 1087, 176, 15, 16, 37, 539, 1139, 4101, 274, 305, 387, 1369, 3591, 2, 109, 400, 553, 13]
RKP_05000_01000_3_02.txt|10483.94|10697|0.07881441600000016|[129, 230, 1041, 1087, 2113, 2425, 849, 2067, 3308, 1499, 90, 425, 542, 2853, 446, 878, 1486, 2704, 28, 13, 2, 1885, 2978, 3750, 39, 379, 562, 2330, 209, 1161, 1436, 2215, 107, 169, 214, 1908, 3546, 3041, 436, 883, 892, 1020, 2667, 4134, 305, 445, 609, 730, 2772, 1117, 2989, 4507, 1046, 2136, 2565, 4, 41, 66, 718, 1022, 1174, 3393, 33, 2080, 2933, 2998, 4719, 235, 2953, 3171, 71, 931, 1240, 1334, 3832, 263, 345, 1193, 1488, 38, 295, 646, 759, 1, 25, 40, 116, 304, 953, 2808, 4419, 595, 111, 624, 1243, 790, 843]
RKP_05000_01000_3_03.txt|10842.37|11100|0.07897297700000991|[5, 36, 286, 881, 3273, 4215, 158, 3166, 4813, 1498, 2, 360, 568, 246, 609, 2319, 399, 621, 975, 3, 4, 1663, 22, 129, 439, 710, 856, 1597, 4529, 215, 652, 4041, 989, 1164, 3910, 4695, 2439, 3545, 465, 896, 4671, 1, 38, 156, 163, 330, 339, 763, 794, 1022, 1041, 1523, 1559, 2202, 2957, 952, 199, 214, 1465, 4084, 4338, 200, 221, 1082, 1533, 2087, 11, 239, 6, 190, 2034, 1605, 1733, 3722, 2386, 308, 480, 544, 1157, 1222, 97, 669, 2298, 3477, 153, 377, 765, 770, 1169, 1767, 1926, 2529, 2901, 3239, 4149, 4329, 709, 127, 452, 592, 1077]
RKP_05000_01000_3_04.txt|10827.99|10999|0.07847766600000455|[132, 198, 448, 680, 1872, 2150, 2372, 2868, 6, 657, 1080, 206, 548, 4, 63, 261, 610, 989, 9, 4880, 111, 619, 1, 495, 1064, 1276, 1396, 2568, 337, 574, 2747, 27, 45, 277, 3197, 3448, 18, 306, 3523, 70, 29, 58, 864, 1786, 3330, 5, 7, 142, 2541, 4042, 769, 1226, 4440, 709, 1049, 2516, 225, 747, 1907, 2865, 15, 962, 1322, 321, 360, 263, 977, 1589, 1768, 2593, 3612, 3, 94, 258, 1996, 648, 2575, 39, 472, 568, 730, 1309, 1912, 3274, 89, 827, 2871, 25, 784, 1165, 1557, 1801, 1852, 2115, 362, 413, 835, 2394, 3645, 35]
RKP_05000_01000_3_05.txt|10148.68|10301|0.07875789000000281|[26, 1, 7, 143, 344, 985, 1859, 2460, 16, 34, 48, 1516, 1619, 3635, 162, 1060, 1759, 219, 3439, 3584, 11, 501, 638, 1305, 1500, 3106, 1588, 1909, 19, 1552, 2634, 2744, 4338, 1069, 3440, 3558, 285, 620, 37, 184, 2920, 3469, 56, 768, 2123, 32, 49, 348, 912, 2970, 3055, 169, 658, 708, 748, 998, 1263, 3167, 8, 112, 1033, 1090, 2615, 212, 296, 335, 122, 183, 814, 2077, 2298, 2, 256, 486, 777, 1259, 1770, 3068, 3370, 3, 10, 2723, 4, 6, 25, 283, 386, 491, 692, 1292, 2447, 2610, 3258]
RKP_05000_01000_3_06.txt|10497.06|10698|0.07885804499999835|[4, 12, 488, 813, 46, 288, 760, 801, 4322, 4808, 227, 4258, 85, 213, 931, 2251, 3214, 7, 45, 734, 1522, 1551, 1917, 1, 41, 1119, 76, 603, 368, 623, 1359, 206, 276, 889, 1978, 3324, 3533, 4315, 55, 2026, 3, 287, 469, 573, 3433, 665, 946, 2799, 4000, 1640, 4911, 2741, 86, 124, 184, 418, 1030, 1296, 3264, 82, 102, 249, 404, 431, 859, 94, 702, 3390, 16, 135, 193, 219, 265, 490, 767, 4582, 2, 686, 1035, 1212, 1697, 4424, 39, 839, 1281, 1991, 2138, 2756, 286, 1610, 106, 126, 37, 345, 350, 607, 3095]
RKP_05000_01000_3_07.txt|10429.17|10697|0.07857335400000466|[13, 293, 762, 1003, 1783, 1792, 60, 413, 593, 79, 94, 827, 427, 884, 896, 1998, 36, 1470, 84, 891, 76, 100, 216, 1789, 2448, 3146, 2, 125, 295, 398, 417, 2357, 2900, 3085, 3731, 4131, 849, 214, 883, 1055, 2587, 3854, 477, 18, 75, 218, 527, 4233, 2716, 3, 11, 220, 370, 608, 714, 1044, 2104, 2966, 3438, 5, 658, 1262, 1544, 3609, 73, 3628, 113, 393, 1709, 3135, 3716, 1, 640, 1179, 194, 221, 422, 1564, 8, 31, 4659, 1123, 462, 539, 1090, 1173, 2043, 2360, 3402, 33, 319, 1407, 2111, 3836, 360, 487, 29]
RKP_05000_01000_3_08.txt|10460.36|10599|0.07805258000000435|[3214, 4022, 134, 217, 394, 1976, 1588, 14, 525, 1036, 3087, 3571, 28, 152, 250, 953, 1135, 1733, 2977, 4, 77, 260, 270, 1970, 2019, 2364, 3237, 331, 883, 1009, 2088, 80, 154, 301, 901, 2858, 489, 686, 1159, 1395, 4192, 36, 279, 654, 1967, 3396, 944, 1077, 4463, 2402, 6, 30, 1273, 1636, 1117, 1134, 2484, 22, 162, 911, 2025, 3346, 118, 126, 675, 1050, 1770, 3017, 3284, 3445, 4767, 4779, 20, 1014, 1810, 3557, 4487, 4700, 1, 2, 122, 226, 264, 295, 656, 1364, 35, 82, 213, 660, 895, 34, 1502, 2391, 2808, 116]
RKP_05000_01000_3_09.txt|9769.36|10000|0.07788580999999795|[655, 1322, 2051, 2511, 2621, 556, 664, 671, 1189, 73, 152, 242, 384, 661, 1471, 3256, 4292, 51, 2497, 3538, 852, 3443, 2486, 106, 281, 310, 376, 2024, 9, 87, 3572, 136, 751, 1148, 4136, 786, 237, 252, 462, 1684, 2055, 2941, 14, 26, 40, 77, 83, 99, 159, 453, 494, 995, 1313, 2, 207, 886, 2287, 3618, 1, 8, 797, 1040, 2577, 2401, 13, 1003, 4, 111, 354, 931, 426, 7, 3392, 921, 1104, 2706, 492, 3868, 193, 222, 830, 42, 81, 412, 673, 1420, 1488, 2657, 3020, 564]
RKP_05000_01000_3_10.txt|10396.78|10600|0.07818284000000517|[16, 119, 196, 219, 2322, 2764, 50, 270, 393, 876, 1329, 3150, 3589, 4466, 1125, 2894, 369, 1, 3, 25, 1785, 2813, 2940, 3240, 3435, 145, 413, 692, 1019, 3234, 2189, 14, 1530, 3251, 69, 1854, 3127, 4052, 6, 907, 2224, 2749, 52, 235, 1093, 1498, 811, 1184, 112, 223, 789, 808, 1621, 1635, 4747, 4788, 1803, 4631, 2, 343, 344, 2139, 1097, 1847, 2877, 2915, 3119, 305, 446, 458, 944, 1279, 2611, 73, 191, 781, 1343, 2458, 3064, 434, 218, 308, 312, 400, 417, 479, 627, 3879, 5, 272, 275, 360, 1317, 62, 389, 2030]
RKP_05000_01000_4_01.txt|999.97|1000|0.07718146199999637|[4615]
RKP_05000_01000_4_02.txt|999.96|1000|0.07673792600000183|[4655]
RKP_05000_01000_4_03.txt|999.99|1000|0.0772101180000027|[4567]
RKP_05000_01000_4_04.txt|1000.0|1000|0.07723373899999843|[4559]
RKP_05000_01000_4_05.txt|1000.0|1000|0.07746881200000075|[4575]
RKP_05000_01000_4_06.txt|1000.0|1000|0.0770405070000038|[4578]
RKP_05000_01000_4_07.txt|1000.0|1000|0.07705015499999832|[4589]
RKP_05000_01000_4_08.txt|1000.0|1000|0.07670859400000041|[4472]
RKP_05000_01000_4_09.txt|1000.0|1000|0.07733209700001226|[4561]
RKP_05000_01000_4_10.txt|1000.0|1000|0.07749136300000486|[4520]
RKP_05000_01000_5_01.txt|976.43|1009|0.07741334199999074|[1, 2, 4, 5, 6, 7, 8, 9, 10, 12, 15, 16, 17, 18, 19, 20, 21, 22, 23, 25, 27, 28, 30, 31, 32, 33, 34]
RKP_05000_01000_5_02.txt|977.91|1013|0.07772439599999871|[2, 5, 6, 7, 8, 10, 11, 12, 13, 14, 16, 17, 20, 21, 22, 23, 24, 25, 26, 27, 28, 29, 30, 31, 32, 34, 35, 36, 37]
RKP_05000_01000_5_03.txt|969.14|1013|0.07742186100000367|[4, 7, 8, 10, 11, 12, 13, 14, 15, 16, 17, 18, 19, 20, 21, 22, 23, 24, 25, 26, 27, 29, 30, 31, 33, 34, 35]
RKP_05000_01000_5_04.txt|964.5|1006|0.077126673000015|[1, 4, 6, 7, 8, 9, 10, 11, 12, 13, 14, 16, 17, 19, 20, 21, 23, 24, 25, 27, 28, 32, 33, 34, 35]
RKP_05000_01000_5_05.txt|966.45|1005|0.07704758399999605|[1, 3, 4, 6, 7, 8, 11, 12, 13, 14, 15, 17, 18, 20, 22, 24, 25, 28, 29, 32, 33, 35, 36, 37, 39]
RKP_05000_01000_5_06.txt|959.9|1001|0.07734164000000192|[1, 4, 5, 6, 7, 8, 9, 10, 11, 12, 14, 15, 16, 17, 18, 20, 21, 22, 23, 24, 25, 26, 27, 28, 29, 30, 31, 32, 33, 35]
RKP_05000_01000_5_07.txt|974.43|1008|0.07712627199999929|[2, 4, 6, 7, 9, 10, 11, 12, 13, 14, 15, 16, 17, 18, 20, 22, 23, 24, 26, 28, 29, 30, 31, 32, 34, 35, 37]
RKP_05000_01000_5_08.txt|969.39|1011|0.07774609100000361|[1, 2, 3, 4, 5, 6, 7, 8, 9, 10, 11, 13, 14, 16, 17, 19, 20, 21, 22, 24, 26, 27, 28, 29, 30, 31, 33, 34, 35]
RKP_05000_01000_5_09.txt|972.48|1017|0.07762100999999574|[2, 4, 5, 6, 7, 8, 9, 10, 11, 12, 13, 14, 15, 16, 17, 18, 19, 20, 21, 22, 24, 25, 28, 29, 30, 31, 32, 33]
RKP_05000_01000_5_10.txt|972.57|1010|0.07784273100000633|[1, 3, 4, 5, 6, 8, 9, 10, 12, 13, 14, 15, 16, 17, 19, 20, 21, 22, 23, 24, 25, 28, 29, 30]
RKP_05000_05000_1_01.txt|263393.3|271520|0.07767289699999878|[2195, 1201, 226, 134, 254, 1260, 74, 239, 2685, 1200, 263, 2997, 826, 1595, 255, 688, 75, 1247, 477, 1939, 36, 1416, 149, 168, 1437, 496, 2321, 2687, 3, 2, 100, 498, 1543, 78, 174, 1674, 940, 4810, 358, 747, 2945, 290, 1305, 21, 127, 1231, 8, 522, 2896, 4, 3721, 41, 601, 206, 3266, 3813, 234, 562, 4777, 1083, 1246, 33, 604, 96, 248, 798, 274, 449, 4077, 3113, 1270, 809, 47, 1685, 1034, 50, 1286, 25, 1293]
RKP_05000_05000_1_02.txt|316907.59|326820|0.0776935160000039|[474, 2706, 1005, 3921, 24, 269, 297, 3940, 787, 113, 45, 537, 1115, 903, 4402, 361, 21, 2174, 2667, 8, 10, 1855, 805, 55, 1044, 117, 1374, 1, 334, 4197, 1107, 240, 1152, 310, 1041, 378, 238, 785, 2177, 2322, 2501, 104, 1459, 4, 2, 470, 4832, 712, 4712, 4382, 1870, 1069, 1075, 668, 1556, 20, 3588, 3696, 396, 3754, 3059, 3886, 3842, 213, 231, 1979, 258, 1722, 1309, 4013, 444, 669, 1203, 341, 2039, 141, 126, 4074, 89, 1786, 9, 18, 59, 1089, 814, 38, 2089, 2403]
RKP_05000_05000_1_03.txt|286236.5|293663|0.07787907199999382|[3247, 557, 435, 426, 233, 1, 2859, 2760, 2630, 582, 115, 1098, 1265, 1477, 1115, 4414, 25, 1414, 3443, 3414, 3493, 318, 482, 1441, 811, 249, 18, 46, 110, 586, 1261, 231, 80, 1099, 4284, 2264, 1594, 451, 86, 7, 3512, 3490, 1309, 206, 62, 8, 1235, 339, 1236, 393, 429, 246, 1083, 2426, 297, 481, 960, 2124, 779, 5, 2615, 1108, 3417, 22, 1290, 1775, 353, 4374, 504, 39, 488, 645, 3154, 133, 908, 399, 1212, 692, 1227, 3843]
RKP_05000_05000_1_04.txt|302522.56|308835|0.07825643600000262|[4668, 3850, 90, 332, 34, 557, 5, 484, 376, 291, 9, 1, 3, 1072, 2372, 1677, 75, 2003, 25, 1418, 2581, 408, 148, 2061, 1859, 145, 1389, 787, 222, 1758, 3305, 390, 2991, 422, 81, 2328, 559, 85, 1417, 3547, 1938, 4260, 368, 2051, 3651, 240, 831, 1753, 675, 3260, 76, 4172, 814, 48, 135, 38, 2813, 318, 169, 4715, 3568, 3813, 2013, 2584, 189, 4384, 173, 1675, 226, 809, 12, 710, 105, 326, 4286, 778, 299, 2553, 3431, 3059, 3410, 2017, 387, 18, 202, 935, 68, 24, 2312, 96, 197, 3652]
RKP_05000_05000_1_05.txt|303539.41|310534|0.07877728199998955|[130, 3722, 2352, 378, 2467, 301, 694, 227, 2579, 403, 2657, 1, 4208, 3024, 1929, 2, 2309, 62, 210, 582, 214, 559, 55, 1460, 3186, 1483, 127, 1662, 38, 3175, 143, 2804, 153, 32, 2411, 4354, 4846, 2045, 1432, 1088, 22, 1993, 2118, 46, 2025, 1668, 992, 1098, 923, 3, 33, 2138, 1281, 12, 463, 348, 1887, 459, 1492, 2703, 7, 3873, 950, 245, 2910, 2427, 838, 518, 4789, 1003, 261, 1016, 146, 1372, 1642, 677, 20, 4108, 1521, 2223, 1221, 26, 1690, 148, 23, 167, 3813, 663, 139, 8]
RKP_05000_05000_1_06.txt|279021.18|285856|0.07906555200000298|[651, 1730, 1154, 1227, 2729, 1981, 693, 2701, 1065, 581, 925, 621, 4540, 87, 378, 2, 2210, 40, 120, 2309, 1927, 4692, 2204, 82, 3978, 23, 407, 2048, 813, 3361, 850, 715, 18, 2509, 707, 613, 4561, 243, 113, 1280, 363, 649, 71, 825, 66, 2240, 338, 4076, 514, 43, 2386, 1308, 568, 3613, 85, 2646, 8, 7, 1305, 445, 3938, 333, 1054, 1671, 523, 3104, 1374, 2228, 275, 76, 1041, 830, 538, 1855, 236, 20, 754, 1428, 427, 2949, 1578, 106, 956, 2592, 2011, 79, 3233]
RKP_05000_05000_1_07.txt|256700.86|263185|0.07908263799999418|[1, 730, 2688, 1616, 457, 536, 15, 3045, 2854, 3, 248, 1267, 380, 182, 44, 864, 83, 1228, 1263, 829, 4664, 303, 785, 4149, 8, 381, 30, 1820, 575, 2725, 1849, 190, 2, 4, 2529, 478, 1897, 1315, 29, 1406, 4260, 249, 153, 1520, 1894, 739, 7, 215, 3888, 187, 2273, 230, 121, 4751, 667, 529, 233, 745, 1019, 294, 1375, 109, 16, 266, 1804, 3965, 1246, 916, 1525, 79, 768, 346, 2162, 413, 463, 3875, 119, 2846, 287, 6, 332]
RKP_05000_05000_1_08.txt|263942.11|272232|0.07833770700000173|[95, 253, 124, 674, 596, 38, 91, 156, 523, 3998, 2525, 2536, 3, 451, 1941, 371, 2047, 1167, 97, 2428, 1549, 122, 1421, 1179, 560, 342, 4195, 3744, 171, 30, 764, 3599, 1546, 3666, 2312, 1439, 984, 16, 4080, 2, 3833, 1562, 1247, 471, 232, 275, 402, 192, 138, 303, 1737, 836, 1678, 2600, 367, 140, 3792, 4934, 262, 706, 115, 878, 4527, 51, 2042, 2285, 4393, 2813, 949, 669, 2643, 2805, 4186, 41, 453, 2681, 528, 314, 5, 280, 902, 7, 4596]
RKP_05000_05000_1_09.txt|281155.46|289199|0.07910102800000232|[66, 170, 5, 448, 4248, 339, 542, 1458, 4486, 565, 1314, 1635, 1006, 325, 2636, 3197, 871, 460, 4489, 234, 682, 2593, 1416, 4615, 1227, 1592, 196, 701, 77, 139, 537, 3, 42, 1245, 2450, 1254, 6, 820, 1350, 1917, 921, 1, 299, 221, 55, 113, 2016, 160, 2143, 2834, 126, 492, 114, 1808, 2, 382, 1979, 2497, 312, 52, 17, 12, 563, 1114, 726, 2557, 438, 544, 99, 76, 1596, 376, 1466, 179, 404, 151, 282, 1504, 1126, 1594, 243, 632, 1078, 2554, 14, 104, 3551, 1510, 176, 1082]
RKP_05000_05000_1_10.txt|247723.4|257899|0.07824996099999339|[3078, 7, 2580, 1609, 1652, 414, 153, 2629, 472, 756, 659, 3067, 2050, 803, 4380, 959, 2151, 286, 144, 467, 1504, 3261, 2608, 38, 1766, 3101, 1402, 909, 380, 2641, 981, 60, 92, 89, 278, 746, 813, 2870, 428, 2786, 2, 2306, 2607, 18, 24, 1479, 1209, 3450, 4532, 185, 1986, 867, 1930, 1725, 2504, 2942, 10, 3198, 3471, 14, 322, 3696, 2281, 1015, 724, 454, 862, 3229, 2810, 131]
RKP_05000_05000_2_01.txt|23270.73|24411|0.07715176800000449|[2236, 293, 515, 411, 1045, 866, 1665, 748, 93, 475, 235, 4844, 1367, 2937, 1059, 1308, 1505, 2251, 986, 4544, 20, 2687, 279, 1885, 3883, 250, 1784, 1635, 21, 690, 3403, 750, 1937, 1482, 579, 65, 70, 1, 3667, 18, 32, 2113, 2458, 8, 1435, 1497, 3808, 1292, 319, 106, 52, 1239, 33, 383]
RKP_05000_05000_2_02.txt|21307.55|22113|0.07737163600000257|[3100, 1649, 15, 530, 14, 2244, 710, 563, 220, 1069, 582, 3641, 56, 3796, 2429, 1172, 1058, 208, 5, 2162, 4007, 707, 161, 91, 4564, 677, 79, 2060, 1287, 294, 836, 2814, 762, 2069, 105, 3355, 2142, 696, 722, 1714, 203, 3813, 3515, 191, 2272, 2839, 1171, 106, 1592]
RKP_05000_05000_2_03.txt|20739.17|21517|0.07734355799999662|[3630, 983, 1269, 3839, 4565, 1429, 477, 1, 3090, 44, 1432, 375, 1422, 394, 2272, 4, 4235, 1207, 583, 441, 2224, 94, 1481, 306, 38, 783, 177, 1289, 3368, 21, 4939, 502, 1212, 812, 41, 659, 544, 2790, 64, 49, 216, 13, 338, 411, 45, 582, 2868, 1998, 729, 2512, 3428, 128, 3957, 387]
RKP_05000_05000_2_04.txt|27265.59|28047|0.07869576499999767|[455, 122, 307, 37, 832, 23, 21, 2, 2382, 3257, 4, 1586, 71, 2773, 47, 1606, 637, 1223, 1335, 78, 187, 1, 2632, 554, 238, 147, 1124, 893, 1329, 115, 655, 322, 3, 625, 2705, 346, 1412, 583, 131, 165, 372, 82, 2318, 2093, 491, 3288, 126, 3212, 406, 3593, 60, 3704, 154, 1508, 262, 77, 264, 422, 862, 1748, 2308, 1519, 314, 2343, 2319, 43, 1068, 1187, 769, 1770]
RKP_05000_05000_2_05.txt|23323.02|24138|0.07793063400000393|[1022, 1813, 1011, 932, 513, 113, 1103, 1588, 163, 128, 4330, 103, 1232, 481, 858, 4182, 34, 5, 317, 220, 606, 4410, 70, 1768, 874, 1242, 595, 1394, 3623, 2678, 1175, 4, 2694, 962, 4902, 2569, 662, 167, 4092, 1503, 9, 501, 1034, 1153, 145, 2493, 350, 976, 551, 856, 734, 8, 2906, 2057, 66, 370]
RKP_05000_05000_2_06.txt|20492.82|21577|0.07727176699999973|[303, 731, 3580, 832, 1070, 30, 629, 872, 1073, 136, 912, 3064, 3764, 437, 449, 574, 866, 637, 2357, 1756, 74, 985, 373, 370, 726, 411, 1342, 3105, 689, 1814, 3371, 1542, 281, 2039, 3248, 8, 526, 17, 326, 523, 356, 1807, 748, 106, 16]
RKP_05000_05000_2_07.txt|23741.21|24442|0.0782294110000032|[1734, 129, 725, 2118, 4066, 1115, 30, 624, 1137, 903, 411, 1460, 36, 926, 932, 1438, 1819, 1326, 3995, 1730, 3935, 3396, 152, 2045, 273, 1581, 3005, 4239, 1614, 421, 7, 631, 3180, 3704, 26, 461, 4779, 528, 72, 1988, 957, 3060, 2664, 2838, 16, 383, 2037, 409, 713, 169, 3189, 212, 1153, 989, 301, 12, 3690]
RKP_05000_05000_2_08.txt|24586.36|25480|0.07741738200000099|[116, 3617, 3356, 449, 659, 1262, 760, 2, 286, 155, 1834, 1692, 179, 17, 1520, 899, 3119, 2598, 603, 274, 953, 811, 919, 551, 332, 1239, 1835, 192, 2024, 782, 3335, 724, 83, 3039, 1064, 1597, 2856, 9, 160, 2390, 30, 1464, 409, 34, 93, 3691, 259, 3274, 112, 461, 291, 2814, 944, 315, 2078, 2350, 746, 2219, 125, 1822]
RKP_05000_05000_2_09.txt|25937.71|26804|0.07808950900000468|[83, 3, 1231, 385, 82, 1308, 1179, 3741, 1378, 7, 105, 893, 2129, 4959, 423, 899, 2, 394, 36, 2555, 164, 327, 973, 1478, 1213, 128, 519, 157, 1, 180, 1482, 129, 2889, 1771, 61, 1802, 413, 137, 60, 920, 279, 1687, 1462, 634, 84, 26, 173, 4, 1555, 1177, 152, 181, 44, 1012, 1812, 1086, 360, 221, 19, 2382, 251, 2368, 2584, 184, 178, 74]
RKP_05000_05000_2_10.txt|24121.8|25080|0.07744021399999611|[2884, 666, 1620, 70, 725, 1, 330, 311, 42, 1136, 23, 899, 2, 3568, 205, 351, 3467, 2524, 261, 856, 1908, 3618, 82, 2605, 185, 14, 2732, 2854, 1530, 1230, 1078, 3271, 723, 1060, 2264, 35, 1015, 24, 175, 3185, 3272, 586, 233, 1757, 117, 4367, 268, 1742, 728, 2102, 1601, 153, 3018, 2594, 2312, 465, 424, 97, 608, 2690]
RKP_05000_05000_3_01.txt|52344.4|53472|0.07831116699999598|[1430, 88, 106, 1410, 1075, 449, 528, 2024, 1328, 1409, 39, 1004, 2100, 21, 2544, 45, 926, 2987, 1887, 2831, 736, 2738, 814, 3210, 58, 94, 646, 1080, 1664, 638, 55, 800, 4143, 54, 132, 563, 6, 870, 1846, 336, 2454, 521, 530, 1850, 2266, 79, 480, 3715, 83, 787, 1290, 17, 452, 625, 4, 1132, 198, 164, 16, 3361, 171, 1158, 13, 3941, 833, 4483, 1, 595, 1180, 1291, 12, 465, 731, 66, 634, 96, 284, 628, 2312, 137, 2025, 2122, 122, 157, 4085, 9, 26, 56, 169, 4523, 1539, 499, 4117, 289, 1223, 2296, 2836]
RKP_05000_05000_3_02.txt|50310.73|51490|0.0780801539999993|[2345, 2826, 2392, 969, 509, 4488, 773, 407, 601, 38, 1509, 99, 507, 32, 33, 3779, 4134, 4221, 151, 885, 3230, 2529, 1914, 217, 2038, 30, 1220, 4553, 221, 303, 50, 25, 4589, 58, 9, 1093, 1675, 1198, 155, 970, 985, 133, 1, 55, 227, 3922, 1232, 1763, 59, 1970, 3096, 3743, 5, 115, 1199, 51, 3282, 117, 2259, 2, 607, 85, 409, 106, 389, 47, 4338, 2501, 568, 92, 967, 1229, 493, 558, 3478, 3717, 597, 2556, 384, 769, 1132, 8, 2118, 10, 1457, 16, 2589, 212, 23, 205, 869, 1200, 747]
RKP_05000_05000_3_03.txt|52516.49|53986|0.07873172799999793|[3112, 636, 2585, 13, 3385, 523, 3909, 1029, 1960, 1677, 194, 950, 3452, 185, 682, 856, 90, 67, 1129, 323, 1255, 1, 219, 2297, 3819, 763, 2430, 1696, 127, 1729, 281, 25, 2713, 366, 1099, 1187, 2, 1505, 88, 489, 1011, 1777, 970, 3, 1715, 2750, 79, 542, 1911, 3389, 826, 46, 21, 1061, 12, 1278, 1703, 1516, 4, 6, 471, 223, 618, 1691, 1238, 433, 1495, 58, 777, 116, 703, 1547, 554, 1800, 372, 15, 1855, 373, 38, 128, 2143, 183, 2274, 3213, 9, 140, 1284, 2768, 1875, 186, 937, 8, 553, 4032, 136, 742, 1128, 2657]
RKP_05000_05000_3_04.txt|53402.03|54997|0.07829677299999048|[936, 779, 3625, 343, 476, 479, 61, 868, 454, 156, 2428, 1589, 27, 585, 2854, 3856, 4, 843, 2727, 3143, 256, 2704, 3454, 183, 177, 642, 1033, 4104, 173, 3841, 51, 412, 304, 1208, 71, 3543, 3870, 4678, 1, 1276, 505, 3391, 101, 229, 965, 2441, 3065, 12, 1564, 1800, 2915, 404, 455, 102, 3872, 4170, 169, 198, 3497, 241, 718, 4343, 2018, 94, 208, 547, 640, 888, 19, 907, 284, 109, 155, 1804, 720, 1746, 2081, 93, 1119, 6, 11, 282, 1793, 141, 4713, 215, 2688, 47, 274, 3523, 31, 599, 648, 1304, 249, 205, 2343, 9, 32, 2551]
RKP_05000_05000_3_05.txt|51143.57|52498|0.07791918299999906|[81, 2428, 72, 97, 331, 13, 368, 2910, 406, 537, 1680, 44, 50, 1771, 139, 3138, 259, 1044, 969, 3566, 150, 4138, 628, 12, 984, 1640, 555, 4707, 372, 1519, 1843, 2994, 20, 4618, 1951, 5, 2606, 75, 617, 958, 141, 70, 15, 115, 1004, 4267, 2, 207, 1960, 1686, 3569, 1506, 1664, 24, 34, 202, 3442, 1182, 28, 166, 779, 1313, 1696, 2386, 17, 4, 58, 268, 814, 242, 616, 95, 309, 839, 32, 42, 317, 620, 503, 1073, 138, 1378, 1982, 62, 743, 375, 3119, 3733, 1745, 1852, 1758, 8, 247, 3993, 442]
RKP_05000_05000_3_06.txt|52425.23|53496|0.07807135000000472|[313, 234, 3441, 480, 1123, 645, 2697, 924, 2300, 386, 2537, 28, 1115, 1191, 78, 3251, 2338, 1678, 4300, 671, 1989, 6, 23, 55, 607, 115, 377, 2724, 382, 845, 1, 3065, 1005, 285, 8, 2100, 43, 239, 617, 2793, 130, 4180, 1939, 44, 977, 737, 2626, 4129, 242, 909, 48, 101, 125, 623, 934, 4383, 817, 10, 1379, 318, 2412, 2, 7, 93, 3690, 97, 985, 3857, 165, 3214, 3325, 3, 190, 22, 2115, 1745, 2540, 219, 30, 18, 1323, 3359, 2035, 2334, 692, 2868, 233, 542, 616, 3871, 141, 403, 955, 9, 1248, 839, 213]
RKP_05000_05000_3_07.txt|49585.12|50501|0.07834367599999723|[217, 2, 1664, 718, 796, 1728, 88, 766, 2201, 4, 609, 684, 817, 525, 2093, 304, 924, 348, 490, 220, 232, 1338, 82, 813, 1818, 4656, 1721, 2643, 835, 487, 866, 2747, 2824, 1049, 231, 2345, 1, 459, 1279, 462, 1213, 3347, 2399, 2511, 1497, 897, 1127, 544, 2287, 1403, 717, 3, 723, 119, 3503, 656, 1005, 599, 619, 192, 3036, 4288, 1375, 1420, 3987, 412, 598, 4796, 4750, 13, 2551, 1579, 2379, 1939, 143, 283, 1060, 652, 12, 61, 1964, 2655, 1090, 124, 1323, 476, 3890, 1264, 1102, 2255, 50]
RKP_05000_05000_3_08.txt|48546.54|49499|0.07771989999999278|[938, 1969, 4469, 433, 1833, 2446, 147, 150, 640, 18, 351, 1311, 762, 1105, 1, 524, 54, 391, 39, 1450, 2393, 16, 22, 784, 241, 4022, 4805, 1104, 2, 14, 2221, 2750, 1145, 1042, 876, 1371, 4731, 294, 2250, 28, 752, 1613, 43, 110, 205, 122, 484, 742, 53, 1224, 73, 2636, 857, 2150, 2528, 430, 1520, 152, 105, 89, 60, 254, 3967, 731, 280, 692, 9, 38, 2413, 91, 547, 3512, 2945, 237, 563, 2697, 3072, 3, 6, 2859, 251, 1185, 1405, 4, 1262, 2988, 8, 2418, 4510]
RKP_05000_05000_3_09.txt|54913.95|55957|0.0796779880000031|[42, 1667, 1282, 17, 851, 609, 629, 932, 1343, 233, 3677, 317, 2885, 1146, 2994, 345, 643, 4240, 929, 767, 3338, 4313, 19, 877, 2427, 1945, 4246, 1328, 1813, 13, 2838, 2484, 431, 3684, 1933, 4052, 2166, 313, 8, 252, 1549, 111, 406, 532, 4, 123, 512, 1727, 2926, 2247, 913, 693, 1489, 7, 150, 354, 3864, 4789, 534, 593, 679, 3453, 1469, 165, 299, 43, 338, 1555, 25, 140, 1746, 2773, 4192, 2, 54, 2746, 259, 4338, 4825, 112, 789, 75, 2435, 1, 830, 344, 793, 2111, 281, 660, 35, 184, 356, 4077, 387, 2525, 10, 26, 533, 133, 3, 814]
RKP_05000_05000_3_10.txt|52870.61|53985|0.07827061099999583|[1284, 1202, 3, 1258, 3454, 59, 313, 577, 2698, 402, 2643, 490, 120, 3468, 3222, 2573, 2748, 2923, 60, 1358, 1135, 3759, 4808, 44, 227, 1405, 1062, 1075, 481, 675, 2521, 26, 1224, 2536, 1, 576, 1307, 10, 48, 1786, 51, 607, 1714, 4381, 2, 1567, 1653, 3531, 3937, 1099, 278, 14, 716, 3046, 172, 1639, 13, 665, 243, 18, 1891, 3640, 102, 4, 276, 988, 4391, 57, 405, 5, 202, 28, 25, 98, 3301, 137, 23, 616, 668, 261, 309, 77, 535, 2978, 190, 181, 394, 355, 848, 893, 101, 3459, 41, 371, 722, 2562, 3824, 457]
RKP_05000_05000_4_01.txt|4999.77|5000|0.077207456000001|[4658]
RKP_05000_05000_4_02.txt|4999.72|5000|0.07675626400001193|[4978]
RKP_05000_05000_4_03.txt|4999.95|5000|0.076622282000003|[4714]
RKP_05000_05000_4_04.txt|4999.63|5000|0.0769331960000136|[4597]
RKP_05000_05000_4_05.txt|5000.0|5000|0.07738336700000673|[4783]
RKP_05000_05000_4_06.txt|4999.65|5000|0.07651864399998885|[4625]
RKP_05000_05000_4_07.txt|4999.76|5000|0.07723420000002307|[4778]
RKP_05000_05000_4_08.txt|4999.91|5000|0.07626925399999891|[4648]
RKP_05000_05000_4_09.txt|4999.94|5000|0.0763854089999927|[4988]
RKP_05000_05000_4_10.txt|4998.72|4999|0.07737160899999936|[4786]
RKP_05000_05000_5_01.txt|4820.64|5014|0.07705070600001818|[2, 3, 4, 6, 7, 8, 9, 10, 11, 12, 13, 14, 15, 16, 17, 18, 19, 20, 21, 22, 25, 27, 29, 31, 33, 34, 36, 37]
RKP_05000_05000_5_02.txt|4804.08|5031|0.07737183999998024|[2, 3, 4, 5, 7, 8, 9, 10, 11, 12, 15, 16, 17, 20, 21, 22, 23, 25, 26, 27, 28, 29, 30, 31, 32, 33]
RKP_05000_05000_5_03.txt|4889.82|5098|0.07734174699998903|[3, 4, 5, 7, 8, 9, 10, 11, 12, 13, 14, 15, 17, 18, 19, 20, 21, 22, 23, 24, 26, 27, 28, 29]
RKP_05000_05000_5_04.txt|4798.41|5091|0.07681907299999693|[5, 7, 8, 9, 10, 14, 15, 16, 17, 18, 19, 20, 21, 22, 23, 25, 26, 28, 29, 31, 32]
RKP_05000_05000_5_05.txt|4944.41|5098|0.0762033169999836|[1, 4, 5, 6, 7, 8, 9, 10, 11, 12, 13, 14, 15, 16, 17, 18, 19, 20, 21, 22, 23, 24, 25, 26, 27, 30]
RKP_05000_05000_5_06.txt|4781.19|5036|0.07722117600001638|[2, 4, 5, 6, 7, 8, 9, 10, 11, 12, 14, 15, 16, 17, 18, 20, 21, 22, 23, 24, 25, 26, 27]
RKP_05000_05000_5_07.txt|4883.7|5034|0.07662491599999384|[1, 3, 5, 6, 7, 8, 9, 10, 11, 12, 13, 15, 18, 19, 20, 21, 22, 23, 24, 26, 27, 28, 29, 30]
RKP_05000_05000_5_08.txt|4861.51|5070|0.07648633300000711|[2, 3, 5, 6, 7, 10, 12, 13, 14, 16, 17, 18, 19, 21, 24, 25, 27, 28, 29, 31, 32, 33, 36, 38, 39, 40]
RKP_05000_05000_5_09.txt|4770.0|5030|0.07660667300000114|[2, 4, 5, 6, 7, 8, 10, 11, 12, 13, 14, 15, 16, 17, 18, 20, 21, 22, 23, 24, 25, 26, 27, 29, 32, 33]
RKP_05000_05000_5_10.txt|4808.9|5078|0.07671013400000902|[2, 6, 7, 8, 9, 10, 11, 12, 15, 16, 17, 18, 19, 20, 21, 22, 23, 24, 25, 26, 27, 28, 29]
