RKP_00100_00100_1_01.txt|678.97|774|0.0005912539999999988|[1, 28, 17, 22, 29, 10, 31, 24, 3, 14, 30]
RKP_00100_00100_1_02.txt|767.94|884|0.0005959190000000114|[56, 91, 1, 50, 37, 15, 47, 48, 44, 23, 2, 9, 31]
RKP_00100_00100_1_03.txt|631.58|709|0.0005692189999999986|[1, 10, 2, 14, 63, 5, 6, 70, 12, 4, 15]
RKP_00100_00100_1_04.txt|626.11|728|0.0005936129999999928|[15, 7, 74, 43, 3, 10, 4, 5, 9, 16]
RKP_00100_00100_1_05.txt|665.22|746|0.0005558589999999997|[79, 20, 22, 16, 66, 6, 3, 11, 30, 44]
RKP_00100_00100_1_06.txt|861.9|1004|0.0006181570000000025|[57, 97, 31, 48, 47, 16, 55, 17, 20, 34, 83, 12, 3]
RKP_00100_00100_1_07.txt|436.8|532|0.0006196049999999997|[39, 46, 60, 51, 9, 5, 13, 1, 4]
RKP_00100_00100_1_08.txt|780.07|885|0.0006141870000000016|[2, 87, 6, 30, 92, 1, 76, 7, 24, 88, 9, 5, 13, 36]
RKP_00100_00100_1_09.txt|543.18|630|0.000569306000000005|[23, 18, 16, 29, 42, 2, 8, 77, 24, 5]
RKP_00100_00100_1_10.txt|620.94|726|0.000585833|[27, 1, 11, 13, 2, 4, 33, 18, 24, 20, 15, 5]
RKP_00100_00100_2_01.txt|129.77|163|0.0005314039999999998|[20, 1, 2, 43, 22, 13, 57, 68]
RKP_00100_00100_2_02.txt|136.73|169|0.0005291139999999839|[30, 28, 4, 8, 5, 40, 47, 26, 80, 3]
RKP_00100_00100_2_03.txt|138.38|172|0.000557514999999984|[5, 48, 59, 51, 75, 31, 1, 3, 47, 16]
RKP_00100_00100_2_04.txt|128.95|159|0.0005460160000000003|[11, 18, 50, 2, 8, 28, 14]
RKP_00100_00100_2_05.txt|123.89|155|0.0005213610000000024|[96, 64, 34, 13, 30, 32, 36]
RKP_00100_00100_2_06.txt|113.87|138|0.000516519000000002|[67, 47, 2, 3, 23, 50]
RKP_00100_00100_2_07.txt|124.07|154|0.0005238780000000088|[7, 22, 28, 15, 3, 36, 14]
RKP_00100_00100_2_08.txt|126.05|152|0.0005756769999999922|[28, 16, 1, 2, 29, 5, 55]
RKP_00100_00100_2_09.txt|119.85|151|0.000526730999999987|[9, 20, 7, 38, 8]
RKP_00100_00100_2_10.txt|125.99|157|0.0005307069999999992|[65, 2, 40, 1, 64, 85, 14, 28]
RKP_00100_00100_3_01.txt|177.56|206|0.0005590069999999958|[5, 8, 6, 29, 44, 2, 47, 10, 24, 22, 1]
RKP_00100_00100_3_02.txt|188.41|221|0.0005625550000000002|[24, 2, 17, 1, 3, 59, 52, 8, 25, 48, 12, 10]
RKP_00100_00100_3_03.txt|216.77|243|0.0006014249999999843|[3, 6, 4, 75, 49, 45, 2, 23, 66, 14, 46, 19, 5, 11]
RKP_00100_00100_3_04.txt|197.42|221|0.0005566489999999801|[34, 8, 21, 26, 6, 42, 4, 48, 2, 14, 15, 37]
RKP_00100_00100_3_05.txt|191.84|219|0.0005689450000000052|[1, 12, 52, 7, 25, 2, 15, 22, 70, 3, 72, 31]
RKP_00100_00100_3_06.txt|222.39|251|0.0005869659999999799|[40, 2, 3, 72, 31, 11, 66, 6, 4, 1, 19, 10, 8, 27, 35]
RKP_00100_00100_3_07.txt|187.57|208|0.0005616050000000161|[72, 14, 89, 27, 83, 7, 50, 67, 88, 13, 55]
RKP_00100_00100_3_08.txt|180.59|208|0.0005568079999999931|[1, 9, 12, 7, 18, 33, 15, 58, 6, 2, 11]
RKP_00100_00100_3_09.txt|173.16|198|0.0005471819999999905|[1, 89, 32, 48, 57, 8, 2, 3, 5, 61]
RKP_00100_00100_3_10.txt|203.9|242|0.0005684780000000211|[20, 67, 5, 62, 66, 69, 61, 93, 47, 34, 45, 54, 6, 55]
RKP_00100_00100_4_01.txt|98.2|100|0.0004750680000000029|[97]
RKP_00100_00100_4_02.txt|98.31|100|0.0004762500000000225|[88]
RKP_00100_00100_4_03.txt|99.52|100|0.0004753989999999986|[84]
RKP_00100_00100_4_04.txt|99.02|100|0.00047818100000000195|[95]
RKP_00100_00100_4_05.txt|99.0|100|0.0004772260000000017|[87]
RKP_00100_00100_4_06.txt|96.43|98|0.0004783880000000096|[93]
RKP_00100_00100_4_07.txt|97.59|98|0.00047792699999999133|[98]
RKP_00100_00100_4_08.txt|98.5|100|0.00047927899999998134|[97]
RKP_00100_00100_4_09.txt|97.84|99|0.0004746969999999884|[89]
RKP_00100_00100_4_10.txt|96.3|98|0.00048151600000000626|[88]
RKP_00100_00100_5_01.txt|94.05|119|0.0005072879999999857|[4, 9, 15, 16, 21, 22]
RKP_00100_00100_5_02.txt|89.0|135|0.0005120670000000338|[12, 14, 17]
RKP_00100_00100_5_03.txt|94.46|117|0.0005070580000000157|[2, 6, 7, 8, 10]
RKP_00100_00100_5_04.txt|92.09|145|0.0005105519999999864|[10, 12, 13]
RKP_00100_00100_5_05.txt|90.03|123|0.0005086400000000157|[5, 6, 8, 10, 11]
RKP_00100_00100_5_06.txt|91.41|130|0.0004968130000000226|[5, 7, 10]
RKP_00100_00100_5_07.txt|92.65|118|0.0005208330000000138|[4, 8, 9, 11]
RKP_00100_00100_5_08.txt|89.45|115|0.0005229330000000143|[5, 7, 11, 13, 16]
RKP_00100_00100_5_09.txt|92.08|123|0.000497958000000005|[5, 9, 13, 14]
RKP_00100_00100_5_10.txt|86.61|110|0.0005262420000000035|[1, 2, 6, 8, 9, 10, 13]
RKP_00500_00100_1_01.txt|1521.84|1688|0.0032040969999999813|[27, 500, 75, 140, 3, 40, 304, 284, 25, 120, 173, 269, 211, 274, 4, 5, 63, 17, 168, 41, 2, 148, 222, 6, 131]
RKP_00500_00100_1_02.txt|1312.94|1441|0.003122088999999986|[77, 87, 288, 13, 351, 289, 175, 388, 132, 433, 30, 102, 109, 89, 14, 205, 170, 88, 62, 10, 377]
RKP_00500_00100_1_03.txt|1244.64|1345|0.0031481829999999668|[11, 5, 113, 16, 496, 1, 30, 139, 40, 123, 111, 140, 477, 158, 228, 15, 147, 164, 37, 327]
RKP_00500_00100_1_04.txt|1495.82|1636|0.0031208650000000126|[359, 315, 156, 64, 41, 93, 245, 11, 94, 65, 254, 121, 467, 197, 62, 5, 151, 10, 59, 212]
RKP_00500_00100_1_05.txt|1549.7|1661|0.003315965000000043|[72, 10, 17, 24, 363, 26, 192, 11, 2, 203, 5, 215, 76, 402, 136, 104, 3, 1, 130, 23, 116, 6, 48, 18]
RKP_00500_00100_1_06.txt|1793.31|1924|0.0031763350000000657|[165, 13, 3, 240, 52, 89, 190, 211, 490, 5, 189, 281, 230, 225, 131, 411, 30, 244, 55, 35, 53, 107, 22, 182, 50, 83, 188]
RKP_00500_00100_1_07.txt|1799.55|1941|0.003311134999999945|[97, 22, 40, 492, 2, 47, 322, 206, 31, 21, 461, 89, 49, 359, 147, 126, 80, 257, 469, 183, 4, 7, 410, 192, 39, 165, 16, 117, 94]
RKP_00500_00100_1_08.txt|1528.33|1661|0.0032508610000000003|[29, 10, 258, 185, 1, 378, 4, 146, 165, 3, 156, 332, 2, 450, 225, 326, 150, 149, 122, 357, 63, 35, 106, 23, 22]
RKP_00500_00100_1_09.txt|1494.5|1603|0.0032770960000000128|[19, 307, 39, 180, 16, 153, 221, 496, 151, 77, 344, 229, 324, 210, 48, 56, 108, 68, 214, 148, 11, 150, 163, 2, 1]
RKP_00500_00100_1_10.txt|1438.92|1550|0.003232584999999988|[234, 62, 5, 75, 4, 162, 6, 277, 1, 214, 84, 31, 30, 33, 413, 59, 8, 110, 14, 49, 109, 155, 3, 464]
RKP_00500_00100_2_01.txt|214.53|243|0.0031116930000000577|[11, 259, 16, 148, 168, 39, 441, 447, 32, 60, 102, 40, 3, 50, 101, 88, 100, 218, 351]
RKP_00500_00100_2_02.txt|221.2|241|0.003134181000000016|[156, 336, 6, 97, 167, 314, 131, 195, 59, 112, 441, 186, 65, 299, 100, 72, 83, 16, 10]
RKP_00500_00100_2_03.txt|215.88|244|0.003202016999999966|[155, 107, 164, 100, 71, 166, 154, 31, 382, 142, 64, 3, 104, 436, 18, 60, 135, 13, 37, 151, 113]
RKP_00500_00100_2_04.txt|207.88|232|0.0031253110000000017|[58, 112, 14, 216, 163, 11, 125, 429, 306, 7, 80, 20, 22, 38, 19, 105, 204, 234, 26]
RKP_00500_00100_2_05.txt|210.43|238|0.0030932329999999644|[5, 260, 48, 218, 294, 4, 2, 58, 77, 275, 322, 417, 34, 52, 426, 109, 143, 10, 38]
RKP_00500_00100_2_06.txt|191.97|221|0.0031635820000000515|[18, 70, 155, 1, 35, 3, 27, 150, 117, 57, 47, 302, 50, 5, 203, 452, 53]
RKP_00500_00100_2_07.txt|195.42|218|0.0031725820000000305|[1, 17, 114, 5, 260, 83, 3, 75, 129, 6, 9, 278, 67, 292, 226, 452, 2, 18]
RKP_00500_00100_2_08.txt|183.0|206|0.003156042999999933|[87, 96, 15, 495, 3, 6, 7, 50, 123, 42, 23, 184, 350, 46, 136]
RKP_00500_00100_2_09.txt|165.39|187|0.003117940999999966|[335, 2, 108, 304, 70, 87, 277, 433, 39, 312, 176, 16, 72]
RKP_00500_00100_2_10.txt|182.66|212|0.003233490000000039|[9, 14, 20, 118, 21, 40, 166, 19, 154, 216, 276, 498, 116, 83, 105, 157]
RKP_00500_00100_3_01.txt|305.11|340|0.0032347270000000704|[143, 33, 260, 1, 3, 5, 11, 43, 401, 2, 31, 38, 158, 64, 344, 96, 77, 223, 8, 24, 225, 55, 227, 333]
RKP_00500_00100_3_02.txt|365.6|390|0.0031974809999999465|[5, 39, 56, 152, 160, 189, 1, 4, 73, 26, 32, 221, 64, 111, 202, 7, 38, 179, 195, 336, 103, 110, 167, 172, 15, 162, 351, 9, 263]
RKP_00500_00100_3_03.txt|341.64|360|0.003238132000000018|[9, 454, 52, 71, 93, 113, 148, 22, 264, 193, 198, 266, 292, 40, 45, 126, 191, 1, 351, 123, 139, 43, 75, 111, 168, 228]
RKP_00500_00100_3_04.txt|355.8|389|0.0032730109999999433|[68, 209, 278, 280, 350, 2, 66, 104, 168, 312, 345, 1, 142, 163, 31, 72, 119, 146, 328, 27, 125, 217, 453, 282, 9, 11, 5, 24, 221]
RKP_00500_00100_3_05.txt|366.58|400|0.0032455439999999314|[33, 377, 417, 1, 319, 12, 8, 84, 87, 108, 211, 294, 382, 9, 32, 196, 340, 392, 88, 189, 252, 263, 74, 92, 106, 143, 381, 468, 15, 6]
RKP_00500_00100_3_06.txt|328.94|351|0.003219421999999934|[16, 5, 45, 189, 311, 52, 204, 56, 433, 283, 73, 24, 186, 242, 1, 2, 11, 19, 67, 316, 404, 70, 284, 91, 281]
RKP_00500_00100_3_07.txt|316.81|340|0.0031829559999999547|[5, 2, 4, 141, 157, 308, 3, 76, 302, 326, 102, 111, 17, 30, 33, 196, 200, 24, 244, 287, 335, 429, 69, 487]
RKP_00500_00100_3_08.txt|391.85|418|0.0033085180000001733|[31, 275, 301, 150, 14, 49, 57, 90, 114, 8, 25, 133, 159, 302, 35, 214, 484, 280, 470, 19, 58, 62, 84, 144, 172, 451, 5, 32, 93, 141, 389, 46]
RKP_00500_00100_3_09.txt|351.9|378|0.003176980000000018|[4, 70, 169, 231, 294, 434, 58, 154, 2, 115, 221, 1, 24, 54, 108, 63, 269, 315, 104, 148, 171, 347, 122, 136, 173, 208, 13, 90]
RKP_00500_00100_3_10.txt|343.0|370|0.0031888279999999192|[159, 189, 322, 13, 18, 153, 1, 40, 325, 3, 10, 25, 32, 99, 123, 193, 38, 57, 392, 165, 305, 9, 36, 47, 48, 174, 282]
RKP_00500_00100_4_01.txt|99.95|100|0.0029373739999999948|[434]
RKP_00500_00100_4_02.txt|99.98|100|0.002952239999999904|[431]
RKP_00500_00100_4_03.txt|99.92|100|0.0029374610000000878|[436]
RKP_00500_00100_4_04.txt|99.96|100|0.002941554999999969|[419]
RKP_00500_00100_4_05.txt|99.98|100|0.0030111660000001626|[440]
RKP_00500_00100_4_06.txt|99.67|100|0.0030919109999999073|[431]
RKP_00500_00100_4_07.txt|99.86|100|0.003013194999999982|[497]
RKP_00500_00100_4_08.txt|99.89|100|0.002953072000000052|[430]
RKP_00500_00100_4_09.txt|100.0|100|0.002932643999999982|[440]
RKP_00500_00100_4_10.txt|99.82|100|0.002947642000000066|[473]
RKP_00500_00100_5_01.txt|92.7|103|0.0030567509999998776|[6, 8, 10, 11, 14, 15, 17, 20, 23, 25, 27]
RKP_00500_00100_5_02.txt|98.26|110|0.003004417000000039|[3, 5, 7, 9, 10, 11, 13, 16, 17, 21]
RKP_00500_00100_5_03.txt|93.39|107|0.0030155679999997174|[2, 5, 6, 7, 8, 9, 10, 15, 16, 18, 19, 21, 26]
RKP_00500_00100_5_04.txt|95.04|108|0.0030264039999998715|[4, 5, 8, 11, 12, 20, 22, 24, 25]
RKP_00500_00100_5_05.txt|94.41|107|0.003055684999999997|[2, 6, 7, 9, 10, 11, 12, 13, 14, 15, 18, 19]
RKP_00500_00100_5_06.txt|93.74|109|0.0030888610000000226|[5, 9, 14, 15, 17, 18, 19, 20, 24, 26, 28]
RKP_00500_00100_5_07.txt|95.24|106|0.0030909429999999814|[2, 3, 4, 9, 10, 11, 13, 15, 17, 18]
RKP_00500_00100_5_08.txt|95.05|109|0.0031036990000000487|[4, 5, 6, 8, 9, 11, 13, 17, 20]
RKP_00500_00100_5_09.txt|91.71|107|0.0030381169999996517|[6, 11, 13, 14, 16, 17]
RKP_00500_00100_5_10.txt|91.38|105|0.0031199769999999917|[4, 8, 9, 10, 11, 12, 14, 15, 18, 23, 25]
RKP_01000_00100_1_01.txt|2005.92|2127|0.009004413000000148|[51, 97, 47, 2, 64, 123, 67, 432, 42, 27, 39, 91, 10, 604, 646, 8, 151, 560, 531, 50, 222, 260, 376, 116, 606, 465, 11, 19, 314]
RKP_01000_00100_1_02.txt|1902.13|2048|0.008916768000000061|[30, 696, 16, 182, 171, 584, 294, 557, 72, 292, 38, 359, 49, 8, 2, 527, 754, 108, 515, 195, 486, 64, 872, 9, 32, 331, 193, 905, 408, 1]
RKP_01000_00100_1_03.txt|1937.09|2065|0.008766194999999897|[174, 128, 172, 199, 116, 535, 32, 114, 50, 2, 869, 4, 56, 326, 252, 19, 16, 725, 145, 754, 800, 65, 380, 268, 483, 498, 48, 1, 80, 57, 182]
RKP_01000_00100_1_04.txt|2176.55|2291|0.008771393000000174|[75, 429, 12, 733, 1, 726, 247, 20, 732, 283, 255, 2, 44, 566, 14, 151, 184, 165, 5, 790, 277, 6, 204, 592, 91, 172, 266, 376, 758, 163, 45, 36]
RKP_01000_00100_1_05.txt|1972.07|2155|0.00885471699999993|[673, 75, 207, 121, 41, 89, 915, 307, 776, 1, 39, 222, 16, 12, 553, 635, 188, 74, 865, 49, 1000, 299, 696, 29, 82, 159, 37, 340, 69, 101]
RKP_01000_00100_1_06.txt|2283.07|2432|0.008647558999999774|[10, 168, 33, 1, 99, 38, 383, 790, 242, 250, 993, 58, 52, 632, 44, 176, 8, 283, 265, 78, 244, 442, 645, 117, 233, 6, 236, 210, 546, 120, 349, 773, 108, 235]
RKP_01000_00100_1_07.txt|2309.34|2455|0.008719334000000103|[440, 7, 128, 204, 556, 37, 874, 382, 129, 86, 476, 436, 342, 19, 226, 170, 88, 3, 372, 484, 127, 80, 627, 1, 2, 18, 42, 130, 49, 96, 778, 147]
RKP_01000_00100_1_08.txt|2090.2|2197|0.008726836000000055|[223, 422, 4, 68, 421, 1, 6, 356, 922, 366, 26, 10, 145, 5, 149, 29, 80, 390, 101, 780, 111, 716, 22, 303, 242, 2, 51, 274, 118, 15, 132]
RKP_01000_00100_1_09.txt|2003.32|2122|0.008615030000000096|[36, 31, 672, 27, 103, 290, 17, 196, 782, 48, 32, 262, 168, 14, 213, 2, 925, 942, 427, 133, 513, 409, 10, 155, 728, 150, 691, 1, 898]
RKP_01000_00100_1_10.txt|2306.46|2430|0.008728363999999829|[76, 253, 331, 669, 19, 466, 618, 491, 785, 1, 748, 43, 111, 813, 931, 8, 50, 221, 286, 534, 55, 104, 968, 399, 663, 295, 11, 198, 754, 439, 368, 825, 428, 159, 37, 58]
RKP_01000_00100_2_01.txt|236.67|262|0.00889579299999994|[264, 7, 374, 13, 3, 253, 24, 47, 209, 73, 380, 12, 185, 186, 21, 375, 252, 33, 41, 183, 470, 37, 361]
RKP_01000_00100_2_02.txt|225.97|253|0.008596553000000071|[84, 385, 202, 782, 63, 73, 410, 547, 357, 583, 183, 213, 69, 8, 397, 23, 376, 375, 129, 718, 109, 147, 311]
RKP_01000_00100_2_03.txt|278.28|299|0.008587848000000165|[171, 5, 416, 97, 417, 123, 124, 87, 81, 394, 335, 84, 33, 64, 746, 420, 928, 58, 186, 187, 207, 708, 141, 330, 214, 264, 266]
RKP_01000_00100_2_04.txt|245.0|264|0.00850800900000003|[35, 37, 443, 428, 58, 504, 94, 130, 8, 49, 782, 74, 207, 244, 21, 60, 158, 332, 77]
RKP_01000_00100_2_05.txt|238.17|259|0.008761039999999767|[299, 380, 420, 152, 222, 236, 26, 73, 7, 501, 162, 742, 2, 84, 11, 214, 351, 462, 823, 428, 846, 293, 713, 98, 339]
RKP_01000_00100_2_06.txt|279.98|306|0.008735202000000122|[805, 138, 858, 122, 590, 876, 33, 1, 602, 259, 24, 647, 154, 187, 9, 57, 383, 399, 827, 322, 185, 290, 115, 258, 289, 16]
RKP_01000_00100_2_07.txt|238.4|263|0.008705239999999748|[7, 173, 208, 81, 457, 950, 531, 3, 378, 2, 444, 796, 520, 783, 433, 20, 1, 682, 218, 271, 69, 405, 396]
RKP_01000_00100_2_08.txt|269.4|299|0.008624203999999977|[1, 121, 661, 39, 3, 44, 26, 10, 11, 406, 250, 41, 49, 573, 175, 131, 228, 7, 21, 278, 73, 198, 414, 485, 862, 129]
RKP_01000_00100_2_09.txt|233.69|257|0.008856852999999916|[436, 205, 18, 191, 13, 235, 904, 656, 127, 382, 573, 982, 31, 30, 6, 9, 118, 1, 25, 470, 175, 411, 241]
RKP_01000_00100_2_10.txt|259.4|283|0.008832228999999359|[15, 191, 341, 1, 56, 5, 548, 4, 122, 309, 163, 252, 564, 282, 30, 521, 273, 700, 58, 71, 412, 522, 755, 164, 196, 42, 356]
RKP_01000_00100_3_01.txt|480.67|510|0.008953219000000132|[32, 51, 119, 337, 659, 763, 1, 11, 340, 348, 65, 133, 249, 537, 857, 2, 94, 134, 157, 208, 322, 441, 565, 567, 605, 21, 22, 69, 83, 294, 143, 351, 634, 15, 55, 186, 456, 464, 704, 740, 795]
RKP_01000_00100_3_02.txt|446.5|480|0.008849857999999884|[9, 137, 654, 79, 300, 318, 18, 25, 138, 295, 1, 2, 16, 19, 24, 31, 53, 70, 110, 121, 216, 586, 600, 7, 567, 978, 47, 178, 207, 891, 3, 37, 69, 94, 126, 176, 533, 644]
RKP_01000_00100_3_03.txt|470.38|490|0.008793668999999938|[17, 93, 431, 692, 836, 204, 270, 530, 652, 994, 1, 13, 31, 325, 378, 62, 74, 321, 443, 22, 44, 89, 256, 382, 448, 720, 797, 8, 305, 427, 809, 3, 84, 143, 170, 175, 222, 392, 580]
RKP_01000_00100_3_04.txt|461.98|480|0.009097744999999904|[1, 142, 277, 389, 786, 235, 3, 42, 149, 274, 305, 449, 645, 740, 10, 29, 41, 83, 161, 293, 550, 492, 53, 58, 62, 148, 232, 339, 535, 816, 4, 5, 16, 44, 65, 558, 639, 6]
RKP_01000_00100_3_05.txt|408.39|441|0.00890589400000067|[630, 5, 23, 29, 31, 46, 108, 163, 57, 183, 460, 661, 10, 86, 100, 141, 480, 1, 37, 107, 128, 308, 315, 910, 50, 76, 145, 355, 851, 2, 24, 144, 172, 72]
RKP_01000_00100_3_06.txt|415.48|440|0.008791557999999781|[5, 112, 242, 1, 6, 7, 37, 224, 347, 886, 36, 204, 249, 28, 63, 71, 129, 207, 278, 543, 25, 4, 13, 18, 64, 66, 158, 330, 16, 22, 471, 970, 12, 450]
RKP_01000_00100_3_07.txt|477.92|500|0.009032813999999618|[20, 53, 169, 231, 695, 822, 888, 5, 27, 354, 750, 867, 12, 16, 31, 112, 129, 190, 591, 3, 56, 131, 337, 402, 483, 124, 942, 2, 63, 96, 144, 198, 287, 410, 791, 1, 4, 38, 433, 605]
RKP_01000_00100_3_08.txt|397.76|429|0.008981044000000153|[179, 2, 97, 35, 198, 340, 7, 11, 130, 145, 252, 292, 524, 591, 703, 118, 152, 154, 233, 342, 655, 883, 74, 600, 1, 71, 89, 129, 131, 266, 303, 23, 137]
RKP_01000_00100_3_09.txt|406.91|430|0.008799593999999545|[647, 17, 871, 23, 83, 141, 480, 1, 9, 26, 48, 77, 202, 2, 3, 36, 47, 446, 471, 930, 19, 100, 432, 547, 864, 211, 216, 318, 385, 403, 578, 758, 75]
RKP_01000_00100_3_10.txt|450.59|470|0.008822664000000487|[12, 156, 245, 524, 677, 3, 18, 22, 46, 10, 26, 764, 37, 56, 439, 964, 1, 61, 247, 264, 687, 799, 4, 11, 87, 90, 217, 426, 16, 35, 72, 106, 169, 227, 334, 467, 632]
RKP_01000_00100_4_01.txt|99.96|100|0.008325894000000318|[866]
RKP_01000_00100_4_02.txt|99.98|100|0.00840442500000023|[858]
RKP_01000_00100_4_03.txt|100.0|100|0.00832772300000009|[863]
RKP_01000_00100_4_04.txt|100.0|100|0.008335819999999786|[828]
RKP_01000_00100_4_05.txt|100.0|100|0.008378832999999872|[901]
RKP_01000_00100_4_06.txt|99.96|100|0.008417380000000491|[940]
RKP_01000_00100_4_07.txt|100.0|100|0.008433202999999808|[888]
RKP_01000_00100_4_08.txt|100.0|100|0.008364067000000048|[847]
RKP_01000_00100_4_09.txt|100.0|100|0.008342984999999602|[896]
RKP_01000_00100_4_10.txt|100.0|100|0.008373474999999502|[843]
RKP_01000_00100_5_01.txt|96.81|108|0.008376465000000196|[3, 5, 6, 9, 11, 12, 13, 14, 15, 17, 19]
RKP_01000_00100_5_02.txt|94.4|108|0.00834614399999957|[4, 7, 11, 12, 13, 18, 19, 21]
RKP_01000_00100_5_03.txt|96.56|106|0.008384089000000046|[5, 8, 9, 10, 13, 14, 16, 19, 20, 21, 24]
RKP_01000_00100_5_04.txt|96.57|105|0.008435222000000521|[6, 7, 11, 14, 16, 17, 20, 22, 26, 27, 28, 31, 34, 35, 39]
RKP_01000_00100_5_05.txt|96.45|104|0.00840769800000011|[2, 4, 5, 6, 7, 9, 10, 12, 14, 15, 17, 20, 22]
RKP_01000_00100_5_06.txt|94.8|105|0.008390652999999304|[3, 5, 10, 15, 16, 22, 23, 24, 27, 28, 30]
RKP_01000_00100_5_07.txt|95.08|104|0.008417941000000227|[6, 8, 10, 12, 13, 16, 18, 19, 21, 22, 23, 24, 26, 27]
RKP_01000_00100_5_08.txt|98.1|106|0.008376292999999962|[2, 3, 6, 7, 9, 12, 13, 15, 19, 21, 24, 25, 28]
RKP_01000_00100_5_09.txt|94.97|106|0.008437890000000437|[1, 5, 6, 9, 10, 11, 12, 13, 14, 15, 20, 21]
RKP_01000_00100_5_10.txt|92.86|102|0.008529578000000058|[3, 7, 10, 11, 12, 13, 15, 16, 17]
RKP_05000_00100_1_01.txt|4476.65|4606|0.14194641000000047|[302, 1373, 2091, 8, 3645, 1406, 642, 2106, 540, 116, 3411, 904, 49, 1482, 2398, 1275, 1839, 4536, 465, 59, 89, 3, 2556, 213, 1277, 4, 5, 9, 1181, 1, 553, 1207, 24, 2548, 99, 2478, 2692, 21, 1723, 847, 20, 7, 363, 1268, 1731, 4758, 1465, 3251, 299, 589, 77, 51, 533, 1485, 3781, 150, 1700, 467, 198, 68, 1366, 3733]
RKP_05000_00100_1_02.txt|4325.67|4515|0.14284827499999936|[3415, 1821, 892, 73, 350, 4311, 4651, 4439, 2337, 716, 1201, 501, 16, 3013, 1, 347, 338, 3648, 601, 463, 2939, 60, 135, 374, 31, 277, 18, 304, 275, 2809, 3107, 1720, 130, 301, 4066, 174, 2669, 2, 28, 75, 420, 437, 4339, 1210, 1585, 794, 1432, 262, 1908, 104, 2056, 1099, 2586, 65, 213, 42, 1236, 3592]
RKP_05000_00100_1_03.txt|4279.68|4465|0.1424473859999999|[591, 1, 3382, 4798, 52, 4053, 1588, 10, 2992, 1880, 1417, 6, 3686, 2, 2646, 22, 3801, 1634, 929, 3036, 114, 1171, 1355, 612, 203, 1069, 3005, 207, 7, 2382, 5, 81, 326, 1550, 4396, 2797, 136, 793, 1020, 219, 2442, 193, 1237, 656, 1044, 1035, 1179, 3261, 436, 27, 4693, 684, 1912, 410, 3127, 47, 338, 3471]
RKP_05000_00100_1_04.txt|3982.58|4131|0.1423891749999997|[2831, 147, 1931, 69, 378, 713, 23, 2528, 1521, 135, 4280, 3644, 795, 868, 1633, 2, 41, 579, 3338, 38, 233, 3474, 3503, 1048, 1764, 2594, 7, 2255, 4320, 1527, 3605, 1675, 455, 20, 651, 792, 4914, 3053, 979, 5, 26, 936, 3064, 104, 898, 4470, 1603, 203, 2030, 48, 444, 10, 103, 218, 3336, 4087, 3198, 16, 1218, 1367]
RKP_05000_00100_1_05.txt|4021.26|4159|0.1418894270000007|[38, 542, 2, 8, 1433, 3856, 16, 174, 306, 1432, 53, 2549, 101, 64, 1169, 60, 644, 4969, 119, 541, 96, 92, 4179, 4588, 356, 1088, 1759, 270, 2347, 3160, 2850, 977, 1249, 20, 14, 428, 608, 4, 1309, 907, 317, 3454, 30, 667, 81, 106, 386, 4331, 33, 2447, 1818, 2995, 1559, 2399, 288, 2229]
RKP_05000_00100_1_06.txt|4141.68|4254|0.14330053000000048|[866, 745, 41, 1799, 569, 25, 3167, 807, 133, 62, 896, 860, 3, 122, 1512, 2608, 21, 701, 14, 208, 11, 2, 747, 219, 111, 108, 2510, 7, 73, 457, 652, 2842, 1031, 18, 3571, 115, 152, 377, 3825, 139, 9, 694, 6, 238, 594, 1295, 2077, 645, 1279, 1226, 2384, 707, 1485, 329, 189, 8, 1319, 691, 435]
RKP_05000_00100_1_07.txt|4556.48|4710|0.1424857320000001|[30, 219, 1, 180, 3419, 188, 876, 204, 1762, 124, 4, 11, 931, 54, 1758, 79, 90, 991, 453, 3111, 3473, 3, 97, 880, 244, 55, 3162, 1149, 155, 118, 362, 1437, 104, 582, 2037, 1299, 1827, 2883, 930, 5, 2438, 1187, 4639, 3320, 551, 32, 60, 1222, 8, 568, 3072, 127, 1713, 76, 451, 2591, 1401, 3521, 13, 3370, 459, 2367, 1199]
RKP_05000_00100_1_08.txt|4185.75|4347|0.14212967700000007|[2845, 186, 441, 906, 3876, 266, 300, 276, 288, 1717, 3259, 4344, 275, 4811, 154, 179, 985, 739, 1318, 48, 3226, 120, 6, 52, 4473, 2780, 215, 1781, 183, 3911, 745, 264, 816, 4998, 2248, 2054, 865, 2535, 341, 502, 54, 29, 779, 72, 2399, 1079, 82, 345, 1029, 1, 2994, 1337, 2250, 1984, 3927, 2337, 564, 359, 3588, 148, 687, 1267]
RKP_05000_00100_1_09.txt|3729.99|3912|0.14235091899999902|[786, 270, 3051, 178, 3, 4424, 1441, 3759, 4341, 325, 10, 121, 2, 70, 3572, 2965, 423, 1856, 463, 816, 4135, 447, 30, 307, 1260, 4156, 588, 83, 1769, 796, 3556, 1427, 533, 1387, 1736, 1945, 1869, 1184, 445, 635, 619, 802, 185, 410, 845, 1363, 165, 3697, 275, 74, 6, 42, 853]
RKP_05000_00100_1_10.txt|4242.97|4428|0.14248965099999908|[1804, 1395, 437, 952, 3176, 25, 83, 564, 143, 1091, 111, 4572, 780, 8, 48, 3373, 4883, 26, 153, 795, 2061, 3734, 662, 230, 654, 445, 21, 3086, 429, 176, 189, 321, 2958, 385, 4185, 20, 482, 1350, 15, 134, 629, 2462, 612, 2028, 1983, 67, 3065, 1422, 585, 235, 352, 307, 4813, 1342, 84, 2274, 4169, 2, 2616, 4369, 60, 373, 1]
RKP_05000_00100_2_01.txt|401.17|425|0.14140441999999864|[1741, 551, 1057, 2019, 77, 648, 868, 540, 1647, 2210, 44, 110, 144, 2729, 68, 220, 736, 626, 848, 1187, 2735, 4039, 1835, 2120, 2913, 2948, 40, 4620, 4675, 3518, 142, 246, 1715, 3, 560, 948, 1272, 1735, 3393, 3020, 665]
RKP_05000_00100_2_02.txt|457.36|481|0.14166912500000164|[578, 4347, 455, 532, 1793, 29, 275, 4063, 4, 2707, 35, 1178, 3, 14, 407, 3178, 3654, 152, 677, 1014, 778, 763, 1800, 2437, 656, 3238, 22, 1194, 2992, 3004, 1570, 4978, 2439, 4384, 101, 2263, 2360, 2501, 2984, 73, 1493, 33, 242, 292, 929, 1714, 2320, 2412, 10, 1770, 144, 71, 3640]
RKP_05000_00100_2_03.txt|433.35|457|0.14134345100000217|[3625, 4547, 710, 1122, 1234, 4989, 17, 39, 4, 388, 826, 4806, 442, 895, 3332, 769, 842, 2606, 4655, 6, 3890, 4206, 314, 3166, 1867, 9, 202, 524, 1469, 4028, 5, 242, 54, 195, 608, 610, 839, 2844, 639, 7, 3367, 840, 1925, 2550, 3969, 3318, 614]
RKP_05000_00100_2_04.txt|421.33|444|0.14230249300000025|[506, 1, 4139, 12, 283, 1864, 687, 99, 355, 1565, 1633, 674, 752, 35, 1107, 1671, 2126, 31, 54, 67, 156, 225, 1138, 1566, 168, 3153, 3108, 3585, 3838, 109, 2100, 363, 387, 531, 3572, 229, 291, 840, 45, 659, 2050, 2319, 5, 483, 491, 917]
RKP_05000_00100_2_05.txt|456.43|478|0.14231162000000325|[3758, 274, 1029, 3238, 3555, 991, 2083, 22, 942, 1224, 1654, 3226, 752, 2785, 3383, 452, 1741, 984, 3374, 69, 693, 355, 2365, 2703, 1076, 1903, 2614, 426, 3241, 167, 829, 2206, 2208, 2815, 434, 3549, 23, 31, 90, 744, 1503, 1735, 5, 52, 2332, 2545, 545, 366, 879, 3406]
RKP_05000_00100_2_06.txt|428.27|447|0.1409320279999997|[326, 3682, 1288, 23, 466, 135, 1581, 2118, 758, 356, 2408, 437, 1208, 1109, 2453, 4405, 129, 1688, 3081, 1, 853, 1433, 210, 2422, 182, 926, 1025, 1917, 222, 816, 2148, 3347, 8, 2039, 2974, 327, 367, 3184, 62, 136, 324, 861, 6, 2040, 9]
RKP_05000_00100_2_07.txt|435.61|461|0.14027105100000142|[79, 180, 235, 938, 1389, 2246, 141, 260, 1949, 2323, 1, 396, 2528, 105, 373, 4183, 183, 261, 2108, 177, 3229, 3555, 2, 2641, 55, 74, 2332, 4327, 7, 516, 103, 649, 216, 429, 3, 333, 2751, 169, 11, 345, 498, 1103, 1387, 1485, 3488, 3689, 43, 58, 2419]
RKP_05000_00100_2_08.txt|417.4|444|0.1423827259999996|[792, 99, 2915, 24, 2149, 2068, 3421, 98, 1700, 2, 41, 1387, 1617, 342, 621, 4658, 25, 199, 1, 524, 560, 671, 735, 15, 291, 367, 1492, 7, 94, 464, 672, 3246, 1273, 2312, 3365, 14, 152, 953, 2584, 1301, 1330, 394, 2133, 3097, 3854, 11, 1638]
RKP_05000_00100_2_09.txt|462.76|478|0.14380410900000073|[6, 151, 1331, 2692, 2520, 86, 433, 1873, 2352, 3113, 293, 294, 112, 1338, 4070, 110, 142, 18, 355, 75, 2196, 1149, 4778, 1397, 1818, 2953, 61, 238, 315, 1008, 2213, 15, 4171, 244, 678, 13, 20, 45, 574, 673, 747, 1617, 3441, 88, 392, 846, 2179, 2318, 29]
RKP_05000_00100_2_10.txt|421.2|441|0.14193465899999866|[120, 1773, 2435, 3300, 477, 250, 502, 1932, 2345, 113, 2283, 2318, 4994, 19, 74, 136, 326, 2133, 2022, 210, 253, 275, 78, 163, 373, 1313, 4424, 660, 1253, 4012, 302, 3123, 935, 48, 123, 1576, 1608, 2249, 918, 2755, 2802, 3321, 640, 956]
RKP_05000_00100_3_01.txt|767.93|800|0.14321307500000274|[10, 83, 135, 231, 288, 312, 361, 465, 471, 588, 661, 900, 1006, 1192, 1725, 1768, 2321, 3252, 3292, 3675, 4195, 2, 4, 5, 7, 18, 22, 44, 67, 80, 104, 118, 297, 322, 377, 410, 504, 530, 558, 676, 948, 1232, 1556, 2035, 2090, 2190, 2768, 3020, 3323, 3683, 3743, 1, 3, 8, 26, 48, 97, 145, 224, 279, 334, 349, 610, 692, 1096, 1272, 1751, 2039, 2608, 3272]
RKP_05000_00100_3_02.txt|825.96|900|0.14364518699999962|[1, 22, 55, 94, 98, 148, 167, 203, 272, 312, 313, 356, 373, 542, 776, 856, 989, 1047, 1092, 1119, 1136, 1267, 1335, 1876, 2362, 2689, 3318, 4055, 4494, 11, 40, 89, 175, 242, 304, 365, 426, 427, 452, 554, 863, 1407, 1510, 1637, 1727, 2059, 2861, 2988, 4432, 36, 38, 93, 132, 135, 145, 219, 254, 301, 351, 392, 415, 434, 472, 496, 512, 973, 1271, 1664, 1834, 2409, 2674, 2722, 2762, 2772, 2848, 3287, 3344, 3615, 3645, 4114]
RKP_05000_00100_3_03.txt|861.18|880|0.14272629699999811|[1, 18, 20, 21, 86, 156, 159, 191, 258, 283, 387, 520, 820, 945, 977, 1109, 1226, 1256, 1304, 1305, 1409, 1888, 1941, 2676, 2858, 2962, 2984, 4254, 4440, 4528, 4547, 24, 42, 155, 165, 351, 380, 459, 546, 647, 780, 901, 963, 996, 1051, 1086, 1525, 1890, 2662, 3663, 4968, 6, 15, 27, 52, 76, 96, 129, 140, 205, 341, 403, 894, 914, 1058, 1459, 1487, 1558, 1571, 1712, 1847, 2793, 2989, 3115, 4520, 4563, 4874, 4]
RKP_05000_00100_3_04.txt|832.1|860|0.14165236100000186|[11, 298, 318, 320, 578, 688, 708, 769, 984, 1182, 1227, 1264, 1283, 1433, 1757, 1905, 2156, 2274, 2340, 2433, 3384, 4679, 2, 15, 51, 68, 72, 122, 130, 136, 232, 266, 282, 309, 315, 411, 473, 991, 1293, 1347, 1380, 1399, 1817, 2231, 2992, 3697, 1, 5, 9, 16, 48, 59, 100, 325, 335, 365, 375, 446, 759, 770, 808, 898, 1024, 1193, 1338, 1348, 1570, 1739, 1788, 2386, 2600, 2634, 2810, 3111, 3639, 3851]
RKP_05000_00100_3_05.txt|720.23|750|0.1428651979999978|[7, 238, 292, 295, 362, 485, 513, 573, 638, 669, 909, 950, 2596, 2928, 4073, 1, 25, 47, 81, 147, 230, 235, 304, 345, 435, 448, 563, 583, 590, 614, 656, 891, 994, 1259, 1526, 1529, 1760, 1764, 1858, 2471, 2671, 2837, 2859, 2877, 4063, 4110, 4118, 4182, 32, 52, 122, 480, 905, 936, 973, 1668, 2040, 2337, 2456, 2714, 3114, 3135, 4398, 4423, 3]
RKP_05000_00100_3_06.txt|844.51|870|0.14184474699999497|[1, 27, 32, 58, 79, 103, 113, 244, 248, 352, 452, 492, 551, 638, 683, 796, 838, 1046, 1130, 1148, 1376, 1451, 1477, 1860, 2457, 2528, 2710, 2878, 2889, 3082, 3, 12, 80, 86, 104, 157, 207, 221, 434, 460, 765, 775, 899, 1081, 1227, 1393, 1702, 2206, 2535, 3091, 3151, 2, 15, 24, 25, 26, 35, 68, 119, 121, 179, 203, 270, 564, 755, 956, 1657, 1698, 1735, 1884, 2159, 2205, 2738, 2978, 3112, 4282, 7]
RKP_05000_00100_3_07.txt|865.75|880|0.14280015500000218|[1, 10, 16, 18, 20, 30, 77, 89, 99, 169, 206, 281, 362, 416, 495, 523, 699, 883, 980, 1453, 1577, 1615, 1833, 2510, 2632, 2667, 2701, 2869, 3416, 3653, 29, 32, 68, 96, 178, 185, 355, 485, 526, 566, 570, 607, 719, 859, 865, 894, 1116, 1411, 3509, 3863, 4083, 4467, 14, 93, 98, 114, 119, 189, 213, 222, 304, 356, 372, 500, 507, 550, 729, 750, 812, 817, 876, 890, 1030, 1095, 1892, 1960, 2113, 3232]
RKP_05000_00100_3_08.txt|809.67|900|0.1422009670000017|[1, 6, 17, 47, 97, 100, 129, 161, 169, 346, 382, 428, 491, 557, 572, 969, 1076, 1240, 1355, 1414, 1478, 1502, 1973, 2091, 2154, 2572, 3001, 3330, 3335, 3410, 4178, 4225, 4735, 21, 35, 36, 44, 60, 99, 124, 216, 294, 426, 484, 684, 785, 888, 1027, 1028, 1047, 2084, 2363, 3689, 13, 28, 92, 101, 215, 227, 238, 328, 343, 563, 645, 700, 925, 1208, 1238, 1244, 1517, 1589, 1802, 2276, 2430, 2702, 3716, 3821, 4062, 4353, 4604]
RKP_05000_00100_3_09.txt|814.63|870|0.14283928000000004|[40, 94, 288, 585, 636, 696, 827, 986, 1161, 1558, 1683, 1913, 2033, 2227, 2372, 2453, 2609, 2862, 3120, 3500, 3562, 3603, 3987, 4813, 4948, 10, 18, 25, 29, 49, 57, 110, 116, 154, 229, 350, 373, 447, 754, 1004, 1328, 1818, 2032, 2579, 3596, 4097, 4425, 4609, 1, 2, 4, 24, 63, 111, 137, 205, 217, 262, 271, 355, 409, 466, 600, 662, 789, 839, 981, 1067, 1532, 2048, 2595, 2846, 2897, 2925, 3727, 4348, 4681]
RKP_05000_00100_3_10.txt|830.28|860|0.14285162699999718|[3, 21, 22, 30, 52, 216, 283, 383, 438, 666, 787, 1166, 1430, 1463, 1547, 1938, 2181, 2312, 2929, 3877, 3997, 4628, 4783, 1, 39, 50, 57, 79, 110, 113, 142, 166, 333, 336, 526, 559, 685, 798, 1111, 1259, 1323, 1396, 1688, 1928, 2583, 3506, 4218, 19, 27, 47, 63, 119, 173, 236, 252, 627, 659, 775, 860, 881, 1046, 1075, 1419, 1426, 1946, 2107, 2195, 2235, 2244, 2477, 2567, 2988, 2990, 3361, 3869, 4448]
RKP_05000_00100_4_01.txt|100.0|100|0.14304243200000089|[4248]
RKP_05000_00100_4_02.txt|100.0|100|0.14177895199999568|[4283]
RKP_05000_00100_4_03.txt|100.0|100|0.14304081199999474|[4228]
RKP_05000_00100_4_04.txt|100.0|100|0.1425540179999939|[4218]
RKP_05000_00100_4_05.txt|100.0|100|0.14380599799999005|[4238]
RKP_05000_00100_4_06.txt|100.0|100|0.14008234600000377|[4207]
RKP_05000_00100_4_07.txt|100.0|100|0.14165425399999548|[4210]
RKP_05000_00100_4_08.txt|100.0|100|0.14144668299999466|[4203]
RKP_05000_00100_4_09.txt|100.0|100|0.1419216689999996|[4209]
RKP_05000_00100_4_10.txt|100.0|100|0.14233910299999933|[4213]
RKP_05000_00100_5_01.txt|96.45|103|0.141376767999991|[8, 10, 15, 16, 18, 19, 21, 23, 24, 25, 27, 32, 37, 43, 44, 47, 48, 50]
RKP_05000_00100_5_02.txt|99.18|104|0.1420474670000067|[4, 7, 9, 10, 11, 16, 19, 20, 22, 25, 31, 32, 33, 38, 43, 45, 47]
RKP_05000_00100_5_03.txt|97.63|102|0.14166799299999752|[4, 5, 8, 14, 15, 16, 17, 18, 19, 21, 23, 25, 28, 29, 30, 32, 33, 34, 35, 36, 37]
RKP_05000_00100_5_04.txt|98.3|103|0.14174837700000922|[4, 5, 7, 9, 13, 15, 17, 18, 19, 20, 21, 22, 23, 24, 26]
RKP_05000_00100_5_05.txt|96.21|103|0.14112463600000297|[5, 12, 13, 14, 15, 16, 19, 22, 23, 24, 25, 26, 27, 29, 36, 37, 38]
RKP_05000_00100_5_06.txt|96.71|102|0.14088189700000497|[1, 2, 3, 4, 6, 7, 8, 10, 12, 13, 16, 17, 19, 20, 23, 25, 27, 28, 29, 30, 32, 33, 34, 39, 42]
RKP_05000_00100_5_07.txt|97.27|103|0.14106492599999798|[4, 7, 9, 10, 13, 17, 18, 22, 24, 26, 28, 29, 34, 35, 36, 37, 38, 40, 41]
RKP_05000_00100_5_08.txt|96.0|103|0.14155783500000552|[4, 5, 9, 11, 12, 13, 14, 15, 18, 20, 21, 22, 24, 25, 29, 33, 37, 38, 43, 44, 45, 48, 49, 51]
RKP_05000_00100_5_09.txt|96.37|104|0.14191407499998832|[4, 9, 12, 15, 20, 21, 25, 26, 28, 29, 30, 31, 33, 35, 41, 42, 43, 47]
RKP_05000_00100_5_10.txt|98.29|105|0.141428623999999|[5, 6, 7, 9, 10, 11, 13, 14, 17, 19, 23, 26, 27, 28, 29, 30, 33, 38, 39, 40, 41]
RKP_05000_01000_1_01.txt|55063.37|57108|0.1506619000000012|[424, 53, 1742, 3485, 700, 1232, 164, 328, 732, 4971, 226, 2254, 15, 17, 751, 1034, 1858, 18, 1756, 778, 1591, 2077, 379, 3791, 866, 1431, 151, 4223, 4479, 23, 1214, 2777, 1919, 3534, 3799, 2629, 10, 2266, 368, 16, 2567, 2481, 1724, 3187, 1233, 1928, 2874, 1841, 1, 33, 22, 991, 5, 334, 1196, 13, 252, 800, 921, 118, 212, 82, 78, 3144, 1775, 661, 2, 3282, 551, 1979, 1810, 59, 974, 2187, 123, 491, 310, 416, 1686, 2284, 96, 1512, 86, 8, 3256]
RKP_05000_01000_1_02.txt|58032.33|59650|0.15005032099999538|[918, 304, 1590, 406, 36, 675, 4489, 2800, 89, 2379, 588, 1205, 1337, 222, 539, 1414, 78, 7, 728, 3565, 282, 235, 109, 1403, 622, 1999, 2769, 3, 155, 4961, 1677, 1055, 1261, 2745, 965, 368, 3628, 236, 917, 1277, 2973, 694, 3668, 988, 790, 22, 96, 41, 3585, 506, 3875, 84, 2832, 2594, 2825, 10, 464, 2120, 1343, 1683, 2229, 3095, 1455, 2750, 165, 2011, 425, 1, 203, 3349, 17, 3957, 153, 772, 2021, 971, 837, 39, 1687, 3053, 1329]
RKP_05000_01000_1_03.txt|52362.24|54095|0.14858200499999952|[1614, 1039, 3276, 882, 1854, 1150, 24, 135, 1534, 852, 3194, 272, 940, 933, 22, 176, 339, 533, 1, 344, 2688, 649, 1822, 1415, 479, 3682, 1483, 1475, 2080, 114, 60, 1027, 2848, 1478, 749, 62, 67, 1219, 129, 2016, 1815, 1364, 515, 1006, 2471, 1146, 2161, 4193, 3392, 94, 875, 2110, 1339, 13, 174, 3920, 441, 4191, 2468, 33, 1262, 4216, 400, 186, 446, 8, 20, 76, 32, 28, 9, 248, 165, 4104, 2779, 3232, 72]
RKP_05000_01000_1_04.txt|55014.55|57036|0.14837073199999168|[238, 952, 223, 1218, 4624, 716, 16, 61, 594, 794, 1450, 4775, 1275, 35, 2060, 49, 4397, 498, 10, 1, 3926, 1142, 52, 3055, 546, 9, 2320, 482, 724, 4277, 1546, 533, 4232, 33, 1916, 50, 2999, 1311, 133, 465, 1416, 2, 114, 64, 24, 1107, 1689, 2047, 181, 2649, 318, 395, 8, 2470, 132, 2580, 4329, 886, 6, 191, 1597, 522, 1074, 3271, 687, 670, 1901, 210, 3023, 105, 351, 2177, 2922, 421, 3051, 2269, 882, 84, 304, 5, 2023, 683, 1174]
RKP_05000_01000_1_05.txt|54132.3|55873|0.14798026699999467|[1142, 1649, 385, 2069, 2, 14, 254, 91, 430, 93, 985, 2547, 4053, 65, 352, 259, 1607, 4118, 467, 1316, 279, 97, 1606, 339, 1411, 1588, 46, 132, 4385, 119, 168, 1418, 667, 4, 1155, 1162, 2834, 3067, 267, 1227, 2271, 816, 1320, 651, 9, 1474, 711, 1321, 1093, 94, 1049, 4096, 943, 593, 48, 2819, 330, 19, 2263, 3468, 85, 4204, 2397, 5, 2256, 584, 25, 201, 231, 903, 2360, 1012, 838, 2570, 12, 1319, 1576, 3770, 189, 1853, 157, 1023, 334, 8, 876, 913, 580]
RKP_05000_01000_1_06.txt|53217.41|54697|0.14742797900000595|[736, 51, 4603, 48, 336, 52, 498, 8, 2517, 1689, 269, 691, 697, 1879, 1916, 1511, 1242, 297, 2050, 1910, 188, 3076, 80, 998, 3846, 2, 3, 1368, 1530, 9, 6, 159, 90, 894, 1097, 2925, 616, 1192, 2483, 292, 2857, 646, 1062, 429, 3109, 2633, 721, 943, 601, 688, 163, 4793, 1, 2865, 4196, 37, 687, 2442, 288, 192, 224, 337, 2861, 1145, 107, 2048, 684, 60, 1305, 2195, 2967, 4183, 217, 10, 637, 594, 503, 399, 1812, 15, 54, 150, 343, 1002]
RKP_05000_01000_1_07.txt|49435.33|50928|0.1490008609999927|[1904, 1741, 753, 4009, 15, 226, 568, 161, 1359, 213, 77, 1865, 1697, 1, 65, 2, 2593, 957, 1449, 44, 522, 577, 1175, 421, 188, 2087, 21, 628, 130, 2669, 46, 204, 2245, 616, 4242, 91, 569, 1607, 848, 731, 84, 4471, 1489, 640, 2984, 993, 1378, 241, 453, 608, 1178, 393, 4078, 2235, 119, 94, 1659, 523, 23, 1367, 637, 1198, 115, 1764, 1231, 3402, 423, 3455, 2001, 205, 795, 198, 2507, 386, 7]
RKP_05000_01000_1_08.txt|50969.58|52708|0.1489813349999929|[4497, 140, 89, 2585, 427, 24, 20, 1275, 651, 2110, 785, 1391, 952, 527, 235, 3925, 2382, 2356, 488, 1138, 7, 257, 115, 2723, 3, 1088, 81, 849, 66, 118, 890, 419, 40, 39, 190, 2070, 411, 75, 1487, 430, 32, 10, 531, 52, 2528, 279, 548, 2099, 207, 3788, 109, 670, 3437, 43, 117, 575, 2841, 1029, 15, 1485, 534, 8, 3318, 4618, 823, 26, 1574, 3680, 738, 3244, 151, 3937, 9, 4666, 1579]
RKP_05000_01000_1_09.txt|53870.88|55927|0.14884149399999613|[157, 1714, 4115, 3179, 3964, 1, 684, 2381, 104, 2, 1434, 1366, 1362, 364, 6, 163, 4, 1242, 128, 3744, 883, 191, 390, 51, 17, 427, 1788, 47, 996, 18, 1761, 3, 2364, 2328, 2845, 998, 29, 714, 473, 1113, 844, 7, 3556, 1401, 73, 1699, 94, 106, 25, 3245, 1509, 1337, 359, 39, 1481, 1679, 1495, 2034, 49, 32, 1911, 320, 377, 499, 91, 101, 2227, 184, 223, 1854, 563, 897, 107, 2943, 562, 906, 2121, 190, 1554, 93, 27, 1579, 302]
RKP_05000_01000_1_10.txt|59256.88|61209|0.14935531200001265|[2671, 129, 245, 1044, 1640, 888, 528, 104, 2, 11, 1, 2184, 1680, 384, 47, 180, 1361, 1253, 2153, 500, 785, 3836, 1479, 486, 2309, 1914, 4815, 461, 2698, 740, 2867, 43, 212, 3309, 2216, 187, 844, 261, 1436, 472, 1430, 2608, 1553, 4698, 103, 28, 2753, 359, 1076, 1095, 1731, 4036, 1413, 604, 193, 49, 100, 1313, 9, 1350, 582, 1934, 813, 220, 1817, 1423, 286, 3687, 495, 17, 1284, 807, 2544, 80, 1554, 464, 152, 1636, 38, 839, 3137, 417, 2737, 33, 2541, 1686, 2615, 2763, 2560]
RKP_05000_01000_2_01.txt|4104.48|4304|0.14719037700000853|[176, 1844, 4166, 28, 1473, 3060, 761, 483, 2671, 103, 2, 2000, 1173, 2400, 2057, 1641, 541, 265, 339, 2351, 1487, 3764, 309, 951, 1046, 413, 7, 3919, 81, 604, 395, 4493, 724, 997, 153, 4598, 22, 1011, 352, 88, 2168, 1730, 5, 351, 4001, 1100, 602, 487, 2014, 1896]
RKP_05000_01000_2_02.txt|4342.33|4538|0.15035041400000637|[279, 2, 1045, 365, 2308, 1294, 1693, 44, 1068, 4977, 862, 1189, 2682, 1577, 317, 1, 2581, 545, 62, 121, 126, 311, 491, 667, 76, 1856, 2983, 653, 78, 1049, 946, 964, 1196, 2515, 2419, 2537, 3, 3342, 338, 139, 2213, 462, 820, 3711, 1159, 299, 166, 3498, 1284, 3942, 1112]
RKP_05000_01000_2_03.txt|4417.46|4653|0.1480559639999967|[217, 51, 726, 305, 1002, 465, 86, 3416, 4964, 3938, 655, 69, 3540, 3351, 235, 2340, 308, 2182, 507, 3343, 131, 104, 1354, 2548, 3087, 118, 177, 341, 1732, 858, 375, 2930, 1132, 2164, 2610, 106, 1483, 286, 862, 3180, 477, 350, 88, 1676, 1684, 2617, 49, 933, 2754, 541, 1958]
RKP_05000_01000_2_04.txt|4836.22|5027|0.148148357999994|[17, 1740, 585, 4454, 63, 768, 2518, 153, 82, 758, 3, 2408, 2928, 4424, 545, 1906, 3530, 3498, 54, 1672, 2249, 1989, 2245, 183, 3872, 302, 509, 4236, 348, 7, 1136, 916, 1398, 1319, 371, 247, 1210, 19, 1539, 400, 2989, 163, 59, 84, 667, 2237, 23, 1065, 1086, 1412, 3767, 2508, 124, 86, 857, 222, 1178]
RKP_05000_01000_2_05.txt|4290.5|4576|0.15085859200000415|[734, 204, 8, 201, 1132, 273, 1158, 1680, 420, 34, 1064, 360, 33, 4485, 4, 3, 70, 2513, 876, 2943, 4215, 1762, 427, 1925, 1269, 2008, 3321, 344, 16, 2548, 187, 526, 80, 23, 9, 1052, 30, 775, 290, 957, 5, 2686, 1335, 156, 306, 43, 807, 784, 269, 1839, 208, 1920, 1478]
RKP_05000_01000_2_06.txt|4507.55|4789|0.1497527959999968|[464, 61, 473, 1477, 105, 1933, 138, 4951, 2, 1, 344, 30, 900, 36, 683, 1619, 672, 386, 282, 154, 2638, 2476, 925, 152, 59, 707, 242, 1898, 2446, 27, 3111, 739, 159, 1064, 94, 1852, 328, 2690, 2201, 336, 1569, 481, 670, 1746, 1991, 5, 252, 114, 1317, 63, 4407, 1948, 78, 793, 2328, 790, 443, 4039]
RKP_05000_01000_2_07.txt|4695.6|5072|0.14928220000000125|[4279, 759, 1, 207, 1643, 2608, 1625, 3129, 1902, 2282, 4495, 909, 1811, 2206, 3275, 771, 11, 157, 1552, 1123, 1437, 772, 516, 238, 199, 212, 2446, 3882, 2461, 294, 1593, 2843, 12, 5, 1935, 4453, 1945, 387, 44, 368, 751, 257, 3196, 2233, 1425, 3085, 105, 1886, 1139, 1976, 1461, 3507, 33, 1231, 3031, 3974, 239, 1265, 3278, 193, 3147]
RKP_05000_01000_2_08.txt|4643.91|4968|0.1492818170000055|[1499, 298, 59, 312, 972, 3191, 580, 1184, 385, 264, 6, 78, 44, 3148, 213, 371, 658, 4, 1783, 677, 236, 2399, 2808, 747, 242, 2941, 1314, 200, 660, 108, 1114, 2632, 3385, 1924, 3857, 201, 14, 1664, 17, 114, 1802, 473, 397, 901, 30, 4386, 278, 1067, 823, 137, 720, 413, 846, 386, 1766, 1865]
RKP_05000_01000_2_09.txt|4454.09|4667|0.14946371899999122|[1226, 1556, 408, 10, 4, 897, 379, 3478, 128, 1583, 3, 22, 175, 3297, 63, 1132, 1992, 419, 36, 310, 1259, 1967, 784, 2140, 2, 935, 2789, 677, 15, 1786, 3974, 25, 1428, 579, 377, 270, 247, 1587, 44, 821, 13, 2037, 2637, 17, 2982, 107, 2317, 28, 135, 9, 569, 997]
RKP_05000_01000_2_10.txt|4252.21|4504|0.14976008299998966|[4015, 137, 4267, 420, 1494, 191, 1502, 227, 149, 1686, 3712, 1926, 2998, 19, 294, 18, 749, 4050, 2559, 1491, 1049, 1523, 3674, 1011, 4809, 3584, 99, 2318, 82, 587, 206, 2034, 36, 4084, 1619, 351, 941, 29, 3887, 305, 3163, 880, 1175, 922, 55, 312, 64, 536, 150, 1818, 30]
RKP_05000_01000_3_01.txt|9255.57|9598|0.1483291729999746|[34, 1958, 2461, 2851, 1, 47, 1698, 3246, 237, 455, 2783, 21, 562, 1615, 40, 72, 112, 372, 550, 114, 728, 996, 108, 2748, 207, 1779, 1081, 2241, 2416, 2178, 150, 97, 384, 749, 1600, 9, 60, 398, 193, 757, 1382, 2429, 12, 23, 77, 917, 53, 381, 604, 623, 4452, 560, 1047, 1140, 1365, 45, 1087, 176, 284, 1198, 3421, 37, 1139, 274, 305, 387, 2250, 1369, 3591, 109, 400, 586, 1021, 2640, 1038, 1894, 2056, 2874, 1923, 2183, 8, 2608, 2794, 670, 119, 276]
RKP_05000_01000_3_02.txt|10060.96|10379|0.14989633999999114|[129, 1499, 2113, 2067, 230, 1041, 1087, 2425, 39, 542, 562, 2330, 1486, 2704, 3041, 28, 849, 3308, 13, 1046, 3750, 90, 379, 425, 2853, 2215, 1, 25, 40, 169, 446, 878, 1020, 4134, 305, 2772, 1117, 2989, 4507, 801, 2136, 4, 41, 66, 718, 1022, 1174, 2, 33, 1885, 2978, 2933, 4719, 235, 2953, 209, 1161, 1436, 71, 931, 1240, 3832, 263, 345, 1488, 38, 68, 295, 646, 759, 107, 214, 1908, 3546, 448, 953, 4419, 436, 883, 892, 2667, 303, 111, 624, 1243, 652, 727, 790, 843, 445, 609, 730, 65, 309]
RKP_05000_01000_3_03.txt|10561.08|10800|0.14779613099999098|[5, 4215, 399, 621, 3166, 26, 36, 286, 881, 1498, 2, 360, 568, 4041, 246, 609, 158, 975, 4813, 4, 199, 1663, 22, 215, 652, 4695, 2439, 2319, 4671, 156, 763, 1041, 1523, 2202, 952, 3, 115, 214, 4084, 4338, 200, 1082, 1533, 2087, 11, 129, 239, 439, 710, 856, 1597, 4529, 6, 190, 2034, 839, 1605, 3722, 989, 1164, 2386, 3910, 308, 480, 97, 669, 907, 3477, 153, 1169, 1767, 2901, 4329, 709, 3545, 452, 592, 1077, 1231, 1688, 1874, 137, 3175, 465, 896, 16, 455, 1188, 3508, 14, 983, 1, 38, 163, 330, 339, 794, 1022]
RKP_05000_01000_3_04.txt|10407.15|10700|0.14861953400000175|[132, 206, 680, 2150, 2372, 2868, 619, 657, 1080, 175, 448, 548, 1872, 4, 63, 6, 111, 1, 709, 1064, 1276, 1396, 2516, 321, 574, 261, 610, 989, 3197, 18, 3523, 9, 70, 4880, 29, 864, 3330, 5, 769, 1226, 4440, 495, 1049, 2568, 747, 1907, 2865, 15, 1322, 337, 360, 2747, 263, 977, 1589, 2593, 3, 17, 258, 27, 45, 277, 3448, 13, 648, 39, 472, 568, 1912, 3274, 2871, 306, 784, 1165, 1557, 1801, 1852, 2115, 2601, 413, 437, 650, 835, 58, 1786, 4324, 51, 109, 1296, 3474, 2506, 7, 142, 2541, 4042, 723, 3625]
RKP_05000_01000_3_05.txt|9574.12|10001|0.1476720900000032|[26, 1, 1859, 16, 1516, 1588, 1619, 1909, 3635, 162, 1060, 7, 143, 344, 985, 1759, 2460, 219, 3439, 3584, 11, 501, 638, 1305, 3106, 34, 48, 19, 1552, 2744, 4338, 3440, 285, 620, 184, 2920, 56, 555, 2123, 49, 912, 3055, 169, 658, 708, 748, 998, 3167, 1500, 112, 1090, 212, 296, 358, 2634, 122, 2077, 2298, 256, 486, 777, 3068, 3370, 3, 10, 2723, 1069, 3558, 6, 25, 283, 386, 491, 2447, 2610, 3258, 4405, 830, 1502, 29, 513, 54, 117, 2381, 91, 1037, 4357, 37, 3469, 15]
RKP_05000_01000_3_06.txt|10082.09|10495|0.1475892299999873|[6, 288, 801, 4322, 4808, 4, 12, 227, 488, 813, 4258, 931, 3214, 45, 1522, 1917, 2026, 46, 760, 2741, 603, 85, 213, 2251, 889, 1978, 3324, 3533, 4315, 7, 55, 734, 1551, 286, 469, 1610, 946, 2799, 4000, 1466, 4911, 1, 41, 1119, 124, 184, 418, 3264, 82, 249, 404, 431, 859, 76, 94, 3390, 135, 193, 219, 265, 2623, 368, 623, 1359, 490, 767, 4582, 2, 1035, 1212, 1697, 206, 276, 71, 214, 839, 1281, 1991, 2756, 3, 287, 573, 3433, 106, 37, 345, 607, 3095, 3239, 119, 540, 756, 665, 88, 165]
RKP_05000_01000_3_07.txt|9930.88|10298|0.14790061099999322|[13, 60, 1470, 79, 94, 291, 293, 827, 1003, 1783, 1792, 884, 896, 413, 593, 84, 2716, 73, 3628, 427, 1998, 1789, 2448, 3146, 125, 417, 1123, 2357, 3085, 36, 849, 214, 487, 3854, 18, 75, 218, 527, 891, 3, 220, 714, 1044, 2104, 2966, 3438, 5, 658, 1262, 76, 100, 216, 113, 393, 3716, 1, 251, 1179, 221, 422, 1564, 6, 8, 31, 4659, 2, 295, 398, 2900, 3731, 4131, 1066, 1090, 3402, 4456, 20, 33, 319, 2111, 3836, 360, 883, 1055, 2587, 991, 91, 146, 1825, 265, 870, 2381, 477, 500]
RKP_05000_01000_3_08.txt|10067.74|10482|0.14740788400000837|[3214, 134, 217, 1976, 1588, 3808, 4022, 80, 525, 3571, 28, 250, 2977, 394, 260, 270, 1970, 2019, 2402, 331, 883, 1009, 2484, 14, 1036, 3087, 301, 2858, 489, 152, 953, 1135, 1733, 556, 1159, 1395, 279, 474, 1967, 3396, 944, 1077, 4463, 4, 77, 2364, 3237, 30, 1273, 1636, 725, 1134, 2088, 7, 162, 911, 3346, 118, 126, 3017, 3284, 4767, 4779, 154, 901, 20, 1014, 4487, 4700, 2, 122, 264, 295, 656, 707, 1364, 35, 213, 660, 895, 3, 34, 1502, 2391, 116, 498, 571, 2381, 686, 4192, 679, 36, 654, 1513, 26]
RKP_05000_01000_3_09.txt|9268.25|9596|0.14812136099999862|[760, 664, 1189, 655, 1322, 2051, 2511, 2621, 73, 242, 2486, 3256, 3538, 556, 671, 852, 1313, 3443, 152, 384, 661, 1471, 4292, 310, 9, 51, 2497, 4136, 786, 252, 462, 1684, 2055, 2941, 40, 99, 453, 995, 2, 886, 3618, 1, 797, 1040, 2577, 106, 281, 376, 2024, 2401, 290, 1003, 61, 354, 7, 87, 3392, 3572, 921, 1104, 2706, 136, 492, 751, 1148, 3868, 193, 222, 42, 57, 81, 412, 1420, 1488, 2657, 1872, 4818, 46, 516, 6, 20, 1311, 237, 1978, 196, 238]
RKP_05000_01000_3_10.txt|9986.17|10198|0.15034690400000045|[33, 196, 1125, 2322, 2894, 876, 3150, 3435, 4466, 16, 219, 2764, 3, 1785, 2940, 50, 270, 393, 1329, 3589, 145, 413, 811, 1019, 2189, 369, 2915, 434, 1530, 1, 25, 2813, 3240, 4052, 907, 2224, 2749, 1093, 1498, 692, 1184, 3234, 112, 223, 1635, 4747, 4788, 4631, 2, 343, 2139, 1097, 1847, 2877, 14, 3119, 305, 446, 944, 1279, 73, 781, 1343, 2458, 3064, 3251, 218, 308, 502, 627, 3879, 5, 66, 194, 272, 62, 69, 1854, 3127, 37, 456, 4578, 149, 159, 445, 1549, 3012, 2770, 6, 287, 4, 13]
RKP_05000_01000_4_01.txt|999.74|1000|0.1492707510000014|[4922]
RKP_05000_01000_4_02.txt|999.81|1000|0.14752342999999882|[4655]
RKP_05000_01000_4_03.txt|999.9|1000|0.14954713499999797|[4639]
RKP_05000_01000_4_04.txt|999.89|1000|0.15038864899999907|[4573]
RKP_05000_01000_4_05.txt|1000.0|1000|0.1485047190000091|[4606]
RKP_05000_01000_4_06.txt|1000.0|1000|0.14779075400001374|[4578]
RKP_05000_01000_4_07.txt|999.92|1000|0.14742862199998627|[4493]
RKP_05000_01000_4_08.txt|1000.0|1000|0.1464735350000069|[4472]
RKP_05000_01000_4_09.txt|1000.0|1000|0.14747824000000037|[4528]
RKP_05000_01000_4_10.txt|1000.0|1000|0.14903283199999123|[4469]
RKP_05000_01000_5_01.txt|967.53|1009|0.14759314700000004|[1, 3, 4, 7, 8, 10, 11, 13, 14, 17, 18, 22, 23, 27, 29, 30, 32, 34, 36, 41, 42, 44, 48, 53, 54]
RKP_05000_01000_5_02.txt|968.29|1021|0.14909158899998828|[3, 6, 7, 10, 14, 15, 17, 19, 20, 21, 24, 25, 26, 27, 28, 29, 31, 32, 33, 36, 37, 38, 41, 42]
RKP_05000_01000_5_03.txt|966.54|1017|0.1475045470000191|[4, 7, 8, 10, 12, 13, 17, 18, 20, 23, 24, 25, 28, 29, 30, 33, 34, 35, 36, 39, 42, 44, 45]
RKP_05000_01000_5_04.txt|963.04|1013|0.1475829210000029|[3, 4, 5, 8, 9, 12, 14, 16, 18, 20, 24, 27, 29, 34, 35, 36, 37, 38, 39, 40, 41]
RKP_05000_01000_5_05.txt|972.07|1022|0.14927456399998845|[7, 9, 10, 11, 12, 13, 14, 16, 17, 18, 22, 25, 28, 29, 31, 32, 35, 38, 41, 43, 45, 46, 47]
RKP_05000_01000_5_06.txt|953.59|1005|0.14681855300001417|[4, 5, 6, 7, 12, 14, 15, 16, 17, 19, 20, 23, 24, 28, 29, 32, 33, 35, 36, 39, 42, 43]
RKP_05000_01000_5_07.txt|967.69|1021|0.14832178800000292|[2, 4, 5, 9, 12, 16, 18, 22, 24, 25, 26, 28, 30, 32, 33, 35, 36, 39, 40, 41, 42, 43, 45]
RKP_05000_01000_5_08.txt|966.31|1036|0.14650295600000846|[8, 9, 14, 15, 16, 17, 18, 20, 21, 22, 24, 25, 28, 34, 37, 39, 40, 41]
RKP_05000_01000_5_09.txt|969.96|1016|0.14723768299999165|[1, 4, 5, 9, 11, 15, 16, 22, 23, 24, 25, 27, 28, 29, 30, 32, 33, 34, 35, 36, 37, 38]
RKP_05000_01000_5_10.txt|965.36|1012|0.14685412499999073|[1, 3, 6, 7, 10, 11, 12, 13, 15, 19, 20, 21, 24, 25, 26, 27, 29, 30, 31, 32, 33, 37]
RKP_05000_05000_1_01.txt|255005.64|265423|0.14811348099998667|[2195, 1201, 226, 254, 1200, 1260, 134, 239, 826, 1595, 1416, 74, 75, 2685, 1939, 36, 263, 2945, 2997, 255, 688, 149, 168, 1437, 496, 1247, 2687, 100, 477, 78, 1674, 940, 4810, 290, 1305, 21, 127, 2896, 4, 3721, 601, 206, 3266, 3813, 94, 4308, 234, 4777, 1246, 96, 248, 798, 274, 4077, 1270, 809, 47, 1685, 2321, 1034, 521, 1286, 1293, 30, 3, 1999, 279, 2, 901, 2002, 498, 203, 1543, 1235, 4862, 174]
RKP_05000_05000_1_02.txt|309152.33|319279|0.14791029299999764|[474, 2706, 787, 3921, 2174, 1005, 45, 24, 361, 21, 269, 297, 3940, 2667, 10, 238, 805, 55, 113, 1044, 537, 1115, 117, 1374, 903, 4197, 4402, 1107, 3754, 240, 8, 1041, 378, 1855, 2322, 1459, 4, 712, 4712, 1, 334, 2306, 1556, 20, 3588, 3696, 396, 3059, 3842, 213, 231, 1979, 1722, 4013, 444, 669, 1203, 1152, 341, 141, 310, 4074, 89, 1434, 785, 2177, 1089, 814, 38, 2089, 2403, 2501, 104, 14, 876, 1379, 2786, 2783, 2, 470, 1390, 2066, 4832, 3042, 4382, 1322, 50, 1870, 1069, 1075]
RKP_05000_05000_1_03.txt|275476.32|283597|0.14852334600002678|[3247, 557, 435, 426, 233, 78, 4414, 2859, 2760, 2630, 249, 115, 1265, 1477, 1261, 1115, 1, 1414, 3443, 3414, 3493, 1441, 811, 582, 1098, 18, 393, 110, 586, 231, 39, 80, 25, 1099, 2264, 86, 318, 482, 3512, 3490, 206, 8, 1236, 46, 429, 246, 2426, 297, 960, 779, 5, 3417, 22, 1290, 1775, 353, 4374, 651, 488, 645, 133, 399, 1212, 4284, 3843, 1594, 31, 872, 1244, 451, 2, 2957, 73, 7, 63, 434, 2850, 1728, 1042, 2438]
RKP_05000_05000_1_04.txt|294337.71|302787|0.14812119700000267|[3802, 4668, 3850, 90, 5, 1072, 332, 376, 291, 9, 34, 557, 1, 484, 1677, 145, 75, 1417, 2003, 4260, 2581, 3, 148, 2372, 2061, 2584, 222, 422, 81, 2328, 559, 1938, 368, 25, 1418, 240, 831, 1753, 408, 675, 3260, 4172, 48, 38, 2813, 1859, 1389, 318, 4715, 3813, 2013, 787, 189, 4384, 173, 1675, 226, 809, 12, 1758, 710, 3305, 390, 2991, 105, 1875, 2553, 85, 3059, 3547, 333, 2017, 202, 68, 24, 2051, 96, 3651, 197, 468, 865, 398, 76, 814, 2283, 289, 135, 2047, 2032, 130, 835, 611]
RKP_05000_05000_1_05.txt|294461.19|303662|0.1485257669999919|[130, 3722, 2352, 378, 2467, 301, 227, 694, 2657, 2579, 403, 62, 22, 46, 582, 214, 559, 55, 1, 4208, 3024, 1662, 1929, 2, 2309, 32, 2411, 4354, 210, 1668, 992, 1098, 1460, 2138, 12, 463, 348, 3186, 1887, 459, 1483, 2703, 7, 3873, 1692, 950, 127, 2910, 2427, 518, 4789, 38, 261, 1016, 3175, 146, 143, 1642, 2804, 20, 4108, 1521, 153, 2223, 1221, 4301, 148, 23, 167, 4846, 3813, 2045, 139, 1432, 1088, 2732, 31, 1993, 2215, 2118, 2025, 163, 4691, 43, 923, 3933, 3, 33, 1050, 2761]
RKP_05000_05000_1_06.txt|271074.73|278123|0.147902160000001|[1154, 693, 2701, 651, 1730, 1227, 1981, 581, 925, 2729, 87, 2309, 1065, 23, 621, 4540, 378, 2, 3361, 2210, 40, 2509, 613, 120, 1927, 4561, 956, 113, 4692, 2204, 363, 649, 825, 82, 3978, 338, 4076, 43, 2386, 1308, 568, 3613, 8, 445, 407, 3938, 274, 333, 1054, 2048, 523, 3104, 1374, 2228, 813, 830, 850, 1855, 715, 18, 707, 299, 427, 1578, 243, 122, 79, 1280, 361, 9, 71, 2132, 2640, 1483, 1508, 608, 66, 2240, 245, 514, 2151, 3, 85, 2646, 7]
RKP_05000_05000_1_07.txt|249673.61|257458|0.1485880969999903|[730, 1, 31, 1616, 2688, 536, 15, 2854, 3, 829, 248, 380, 457, 3045, 864, 83, 1228, 1263, 1267, 4664, 29, 303, 739, 182, 785, 381, 44, 575, 2725, 529, 294, 190, 2, 4, 478, 1315, 4260, 153, 287, 1894, 4149, 8, 3888, 30, 2273, 1820, 4751, 667, 745, 1019, 1375, 1849, 16, 266, 1804, 3965, 1246, 2529, 1897, 916, 690, 1525, 79, 768, 1406, 507, 249, 137, 119, 6, 2937, 1520, 7, 2833, 175, 617, 873, 215, 366, 61, 43]
RKP_05000_05000_1_08.txt|255228.45|264612|0.1482988420000129|[95, 674, 253, 156, 124, 596, 38, 523, 3998, 91, 342, 1941, 371, 1167, 1549, 2600, 122, 1421, 1179, 2525, 2536, 560, 3, 4195, 171, 764, 1546, 3666, 451, 280, 2312, 16, 2047, 3833, 1562, 471, 232, 275, 402, 97, 138, 1737, 2428, 836, 1678, 367, 4934, 478, 850, 262, 706, 878, 4527, 2042, 3744, 2285, 4393, 2813, 949, 669, 2643, 4186, 30, 3599, 41, 2681, 314, 5, 7, 1439, 984, 4596, 363, 2676, 1506, 4080, 2, 1247, 164]
RKP_05000_05000_1_09.txt|269841.17|277844|0.14754058899999337|[170, 66, 448, 4248, 1458, 325, 4486, 339, 542, 1006, 2636, 565, 3197, 871, 460, 1314, 1635, 682, 2593, 1416, 4615, 1, 299, 1227, 1592, 701, 77, 537, 42, 438, 4489, 234, 632, 1254, 6, 1350, 221, 55, 113, 196, 2143, 139, 2834, 1788, 126, 492, 1808, 2, 382, 1979, 2497, 312, 3, 17, 12, 563, 1114, 156, 355, 726, 2557, 1245, 544, 2450, 376, 179, 404, 151, 282, 243, 1355, 1078, 2554, 14, 104, 3551, 820, 1510, 176, 847, 1917, 2837, 921, 4, 475, 667, 64]
RKP_05000_05000_1_10.txt|237436.14|247463|0.14813383399998428|[3078, 7, 2580, 414, 153, 659, 803, 1609, 1652, 4380, 2629, 472, 2870, 286, 756, 3067, 2050, 144, 467, 3261, 2608, 959, 380, 2641, 981, 60, 92, 89, 278, 2151, 2, 2607, 18, 24, 1479, 2498, 4532, 185, 1986, 1930, 1725, 2942, 10, 3471, 863, 3696, 2281, 1504, 1015, 724, 454, 2810, 1340, 1304, 38, 3060, 1766, 78, 5, 852, 3101, 2500, 1402, 909, 596, 2821, 2397, 746, 813]
RKP_05000_05000_2_01.txt|22048.56|23535|0.14729657500000712|[2236, 293, 411, 1045, 748, 475, 235, 515, 1367, 2937, 1059, 1505, 986, 3883, 250, 866, 3403, 750, 1937, 1482, 1665, 1, 3667, 18, 93, 32, 2113, 2458, 8, 1497, 3722, 937, 319, 4844, 52, 157, 4833, 5, 2191, 1308, 283, 2251, 2870, 4544, 20, 2687, 279, 1885, 1784, 1635, 21]
RKP_05000_05000_2_02.txt|20471.47|21863|0.14725337500000252|[220, 15, 4007, 2244, 710, 582, 56, 3796, 3100, 1649, 2429, 1172, 530, 1058, 208, 5, 2162, 14, 707, 563, 91, 4564, 677, 79, 2060, 1069, 1287, 294, 836, 96, 2814, 3641, 762, 2069, 28, 3355, 131, 696, 3813, 3515, 191, 2272, 2839, 1171, 1592, 1026, 598, 200]
RKP_05000_05000_2_03.txt|19533.73|20899|0.1468586610000034|[3630, 3839, 983, 1429, 1269, 4565, 1422, 1, 44, 177, 375, 394, 477, 4235, 1207, 3090, 583, 441, 94, 1481, 50, 38, 783, 1289, 3368, 502, 812, 41, 659, 544, 2790, 64, 49, 13, 338, 465, 45, 582, 1432, 1998, 2512, 3428, 128, 3957, 2869, 3757, 2272, 1536, 4, 5, 1770]
RKP_05000_05000_2_04.txt|26298.55|27313|0.14782528499999217|[455, 122, 2382, 23, 307, 37, 832, 187, 21, 2, 1335, 1508, 3257, 2632, 554, 238, 4, 1124, 1329, 1586, 3, 625, 71, 2705, 131, 2773, 372, 47, 49, 82, 2318, 2093, 491, 3288, 1606, 126, 3212, 406, 637, 1223, 60, 3704, 154, 78, 1, 262, 422, 862, 2308, 147, 314, 893, 20, 2343, 2319, 1068, 1770, 115, 655, 322, 2293, 1965, 34, 16, 346, 1412, 583, 2376, 2136]
RKP_05000_05000_2_05.txt|21811.12|23093|0.14761485799998808|[1022, 1813, 1011, 113, 1103, 1588, 932, 163, 501, 4330, 513, 103, 1232, 481, 858, 4182, 34, 317, 13, 70, 1768, 595, 1394, 3623, 2678, 2694, 962, 4902, 3798, 2569, 167, 4092, 1503, 9, 1034, 1153, 145, 128, 350, 551, 734, 8, 66, 842, 312, 2060, 67, 2345, 5, 14, 43, 114, 220, 606]
RKP_05000_05000_2_06.txt|19004.1|20266|0.14719562899999347|[731, 3580, 832, 1070, 629, 1073, 136, 912, 3064, 3764, 2245, 574, 30, 866, 637, 2357, 1756, 74, 985, 373, 370, 411, 1342, 3105, 689, 1814, 1542, 281, 2039, 3248, 8, 523, 356, 872, 51, 6, 437, 129, 449, 786, 110, 1107]
RKP_05000_05000_2_07.txt|22641.85|23970|0.14715181699999674|[1734, 129, 1460, 2118, 4066, 1115, 1137, 903, 411, 725, 926, 932, 30, 1819, 1730, 624, 273, 199, 3005, 452, 421, 7, 3180, 3704, 26, 4779, 36, 1988, 957, 3060, 16, 409, 872, 713, 169, 3189, 212, 1438, 989, 667, 3690, 1326, 3995, 4720, 3747, 781, 253, 3935, 3396, 23, 152, 2045, 24, 1581, 4239]
RKP_05000_05000_2_08.txt|23307.98|24378|0.14715779199998225|[3356, 3617, 116, 449, 659, 286, 155, 2024, 1262, 1520, 899, 3119, 2598, 603, 760, 2, 746, 811, 551, 1834, 1239, 1692, 782, 179, 20, 724, 83, 17, 1064, 1597, 2856, 160, 2390, 30, 409, 1714, 34, 93, 1473, 259, 112, 461, 291, 2814, 944, 125, 1822, 274, 953, 1683, 1277, 127, 919, 1051, 826, 8, 332]
RKP_05000_05000_2_09.txt|24739.29|25717|0.14745298099999674|[83, 3, 385, 82, 1231, 105, 1308, 1179, 7, 36, 1, 3741, 129, 1378, 899, 2555, 164, 327, 519, 157, 180, 1482, 893, 2889, 413, 137, 60, 2129, 4959, 920, 279, 1462, 634, 84, 4, 423, 1177, 4230, 152, 2, 394, 1012, 1812, 360, 221, 973, 19, 1478, 1213, 128, 2382, 2584, 74, 95, 632, 2432, 38, 574, 234, 108, 1771, 61]
RKP_05000_05000_2_10.txt|22880.09|23847|0.14901862000001073|[2884, 666, 70, 330, 1620, 42, 1136, 725, 1, 2, 351, 311, 261, 185, 14, 2732, 2854, 1230, 23, 723, 899, 2264, 24, 175, 586, 3568, 205, 1757, 117, 4367, 268, 1742, 1601, 153, 4670, 3018, 657, 2594, 465, 424, 97, 84, 2189, 3467, 2524, 856, 288, 1908, 3618, 82, 1950, 460]
RKP_05000_05000_3_01.txt|50025.62|51981|0.14790177599999424|[1430, 106, 1075, 88, 1410, 1328, 449, 528, 1004, 2100, 2024, 21, 54, 2544, 45, 2987, 1887, 79, 1409, 39, 3210, 16, 58, 94, 646, 638, 55, 4143, 870, 926, 2454, 521, 530, 1850, 2266, 83, 787, 2831, 17, 736, 2738, 4, 1132, 814, 198, 164, 1080, 510, 3361, 1664, 171, 1158, 13, 1758, 3941, 833, 800, 4483, 1, 1291, 12, 465, 731, 2145, 96, 284, 132, 563, 628, 102, 137, 6, 9, 1846, 4523, 1539, 336, 499, 4117, 289, 1223, 2296, 2836, 4060, 1013, 3020, 501, 7, 1884, 1429, 3309, 241, 480, 3715]
RKP_05000_05000_3_02.txt|47868.3|49409|0.1472063349999985|[2345, 2826, 2038, 509, 4488, 773, 2392, 601, 1509, 133, 3779, 2259, 4134, 4221, 2529, 969, 1220, 4553, 221, 50, 4589, 407, 9, 1093, 1675, 155, 38, 99, 970, 985, 1151, 1, 55, 3922, 1232, 1763, 507, 59, 3096, 115, 2025, 32, 33, 1199, 51, 1793, 3282, 117, 607, 85, 151, 885, 3230, 389, 1914, 47, 4338, 217, 2501, 568, 92, 967, 1229, 30, 493, 3478, 3717, 303, 597, 2556, 769, 8, 2118, 25, 58, 2589, 23, 205, 747, 1814, 42, 1198, 598, 45, 69, 37, 1238, 2320, 200]
RKP_05000_05000_3_03.txt|50765.13|51981|0.14733221700000512|[523, 2585, 3112, 3909, 636, 1129, 13, 3385, 950, 1029, 1960, 1677, 323, 489, 194, 219, 2297, 3819, 3452, 2430, 46, 185, 127, 682, 856, 90, 25, 67, 88, 1255, 1875, 1, 763, 2750, 79, 542, 1911, 826, 1696, 21, 12, 1278, 1703, 4, 6, 471, 223, 618, 1691, 1729, 1238, 1495, 281, 58, 2713, 5, 366, 1099, 1187, 372, 1855, 2, 1505, 183, 2274, 3213, 9, 140, 2768, 1011, 937, 1777, 553, 2147, 2657, 2439, 970, 1613, 3837, 592, 963, 2077, 1984, 4833, 3, 1715, 1491, 853, 242, 297, 126, 350, 3389, 4001]
RKP_05000_05000_3_04.txt|50869.0|52438|0.14731559700000163|[936, 779, 868, 454, 3625, 2428, 343, 476, 479, 27, 61, 3856, 156, 4, 1589, 843, 2727, 3391, 404, 2704, 585, 2854, 1033, 4104, 173, 1208, 71, 3870, 4678, 1276, 505, 101, 229, 965, 2441, 3065, 12, 1564, 1800, 2915, 3143, 102, 4170, 256, 3454, 169, 3497, 718, 4343, 183, 2018, 94, 1130, 640, 888, 1433, 19, 109, 155, 1804, 2146, 720, 1746, 177, 642, 1119, 1793, 141, 215, 2688, 274, 3523, 3841, 648, 1304, 51, 249, 412, 205, 2343, 32, 34, 236, 304, 934, 375, 1109, 83, 1112, 2495, 24, 21, 14, 5, 1740]
RKP_05000_05000_3_05.txt|48956.16|50475|0.14776945999999497|[81, 2428, 72, 13, 1044, 44, 50, 97, 139, 3138, 331, 368, 2910, 259, 3566, 1506, 1664, 4138, 628, 12, 984, 406, 537, 1680, 1640, 555, 4707, 1519, 1771, 1982, 1843, 1758, 20, 1951, 2606, 75, 958, 70, 945, 969, 15, 115, 1004, 4267, 2, 207, 1686, 3569, 24, 34, 202, 150, 28, 166, 779, 2386, 17, 4, 814, 242, 1, 616, 309, 372, 839, 32, 1655, 3509, 503, 533, 1378, 62, 3119, 1745, 1852, 2994, 3993, 2222, 271, 508, 18, 2408, 1220, 4618, 5, 76, 67, 528, 617, 542, 29]
RKP_05000_05000_3_06.txt|49786.66|51468|0.14703692200000204|[313, 2697, 3441, 1123, 2300, 386, 1678, 234, 28, 1191, 2724, 1, 480, 78, 645, 924, 2537, 817, 671, 1115, 1989, 6, 30, 55, 607, 377, 845, 1005, 3251, 8, 2100, 239, 2793, 4180, 2338, 262, 737, 2626, 242, 48, 101, 4300, 623, 934, 4383, 10, 1379, 1967, 318, 2412, 2, 3690, 3946, 97, 3857, 165, 3214, 3, 22, 2115, 203, 430, 23, 2540, 219, 18, 1323, 3359, 2334, 692, 2868, 115, 233, 542, 616, 132, 382, 3065, 141, 9, 1248, 285, 839, 213, 2529, 237, 43, 411, 617, 89, 618, 130, 26]
RKP_05000_05000_3_07.txt|47523.93|48956|0.147977357999996|[217, 1664, 718, 2, 304, 1728, 766, 2201, 796, 609, 817, 525, 924, 835, 348, 220, 88, 4, 684, 82, 2287, 813, 1818, 4656, 2093, 143, 1721, 2643, 490, 2747, 1049, 1, 459, 1279, 232, 462, 1213, 3347, 2511, 1497, 544, 1338, 1403, 717, 3, 130, 723, 1854, 3503, 599, 619, 3036, 46, 4288, 739, 1420, 3987, 412, 598, 4796, 4750, 13, 2551, 1579, 2379, 395, 1060, 652, 12, 2655, 487, 124, 866, 2824, 1323, 476, 3890, 1264, 1102, 224, 231, 2345, 1953, 169, 6, 3320, 115, 127]
RKP_05000_05000_3_08.txt|46316.74|47502|0.1482773500000144|[433, 1969, 4469, 938, 1833, 2446, 147, 351, 762, 1105, 150, 640, 2750, 18, 1450, 857, 1311, 2528, 22, 1104, 2, 1, 524, 14, 54, 294, 391, 2250, 39, 752, 2393, 1613, 110, 205, 122, 484, 1224, 73, 16, 1520, 128, 784, 105, 241, 4022, 4805, 89, 454, 60, 254, 3967, 2221, 1145, 9, 1042, 2413, 547, 3512, 2945, 563, 876, 3, 6, 289, 251, 1185, 1405, 1371, 1262, 2988, 3102, 4731, 8, 2418, 1266, 702, 3711, 28, 1639, 164, 1559, 84, 2202, 4834, 43]
RKP_05000_05000_3_09.txt|52745.18|54482|0.14793386600000757|[42, 1667, 1282, 609, 629, 233, 17, 851, 317, 2885, 1146, 2994, 345, 643, 767, 932, 19, 1343, 43, 877, 2427, 3677, 259, 1328, 1813, 789, 2435, 2484, 660, 387, 1933, 4052, 133, 313, 252, 111, 406, 4240, 96, 532, 929, 4, 123, 2926, 2247, 913, 3338, 1489, 7, 4313, 354, 4789, 593, 3453, 165, 299, 338, 1555, 25, 140, 1746, 4192, 1945, 4246, 54, 2746, 4338, 4825, 112, 13, 2838, 1563, 75, 1, 830, 344, 431, 2111, 281, 3684, 35, 184, 4077, 10, 2166, 26, 3, 8, 2748, 1549, 1422, 1575, 642, 2139, 554, 671, 512, 1727, 693]
RKP_05000_05000_3_10.txt|50658.26|52000|0.1487266539999996|[3, 1202, 313, 1258, 3454, 2698, 59, 120, 3468, 2573, 2923, 60, 1358, 577, 1135, 402, 2643, 4808, 44, 490, 13, 227, 1062, 405, 1075, 3222, 2521, 1, 576, 2748, 1307, 10, 3759, 51, 607, 2, 1653, 3937, 1099, 278, 716, 172, 1639, 665, 664, 18, 1405, 102, 4, 1444, 276, 4391, 202, 481, 675, 28, 9, 98, 1969, 137, 1159, 23, 616, 26, 1224, 2536, 668, 261, 309, 77, 3218, 605, 535, 181, 394, 48, 893, 1786, 41, 722, 2562, 3824, 457, 1714, 4381, 952, 1567, 3531, 1887, 119, 1598, 2953, 1007, 81]
RKP_05000_05000_4_01.txt|4999.34|5000|0.14727308999998287|[4658]
RKP_05000_05000_4_02.txt|4999.04|5000|0.14672432699999718|[4978]
RKP_05000_05000_4_03.txt|4999.68|5000|0.14721136299998533|[4795]
RKP_05000_05000_4_04.txt|4999.15|5000|0.14671747399999732|[4597]
RKP_05000_05000_4_05.txt|4999.67|5000|0.1470102989999964|[4946]
RKP_05000_05000_4_06.txt|4998.57|5000|0.14688146100000268|[4625]
RKP_05000_05000_4_07.txt|4998.05|5000|0.14745923999999833|[4778]
RKP_05000_05000_4_08.txt|4999.53|5000|0.14690394800000375|[4648]
RKP_05000_05000_4_09.txt|4999.59|5000|0.14680566499998804|[4770]
RKP_05000_05000_4_10.txt|4997.96|4999|0.14645612100000108|[4786]
RKP_05000_05000_5_01.txt|4833.08|5159|0.14665082899999107|[12, 13, 14, 15, 16, 18, 20, 23, 24, 27, 28, 29, 32, 33, 35, 36, 37, 38, 39, 42, 44, 45, 48]
RKP_05000_05000_5_02.txt|4850.0|5198|0.1468129769999996|[7, 8, 13, 16, 17, 20, 22, 25, 26, 27, 28, 30, 31, 32, 33, 34, 37, 38, 39, 42]
RKP_05000_05000_5_03.txt|4833.88|5102|0.14714140800002043|[3, 9, 10, 14, 15, 17, 19, 20, 21, 22, 26, 27, 28, 32, 33, 35, 39, 40, 41, 43, 44]
RKP_05000_05000_5_04.txt|4824.47|5053|0.14650430599999253|[1, 5, 8, 9, 11, 13, 16, 17, 18, 19, 22, 24, 27, 28, 29, 30, 33, 35, 36, 37, 38, 41]
RKP_05000_05000_5_05.txt|4865.08|5093|0.147048283000031|[1, 5, 8, 9, 10, 11, 14, 15, 17, 18, 19, 21, 22, 23, 26, 28, 30, 31, 33, 35, 37, 40, 41]
RKP_05000_05000_5_06.txt|4847.85|5054|0.14675832899999022|[4, 13, 14, 17, 23, 24, 25, 30, 31, 32, 34, 35, 39, 43, 45]
RKP_05000_05000_5_07.txt|4834.67|5057|0.14639901199999258|[3, 4, 5, 8, 9, 11, 13, 17, 18, 19, 20, 21, 23, 25, 26, 27, 28, 30, 34, 37, 38]
RKP_05000_05000_5_08.txt|4840.88|5113|0.14692901299997174|[5, 6, 9, 10, 11, 13, 14, 16, 18, 19, 20, 21, 22, 23, 28, 29, 32, 33, 34, 39, 43, 44, 47, 48, 52]
RKP_05000_05000_5_09.txt|4847.39|5179|0.14620385799998986|[8, 9, 10, 12, 14, 15, 17, 19, 20, 21, 22, 23, 26, 29, 31, 32, 34, 35, 37, 38, 39]
RKP_05000_05000_5_10.txt|4786.26|5121|0.1472234210000397|[7, 9, 10, 11, 12, 14, 18, 21, 24, 26, 28, 29, 30, 31, 32, 35, 36, 40, 41, 42]
