RKP_00100_00100_1_01.txt|693.16|771|0.0006162760000000067|[17, 1, 28, 22, 29, 10, 31, 16, 3, 14]
RKP_00100_00100_1_02.txt|768.87|830|0.0006191650000000049|[91, 37, 48, 9, 1, 56, 15, 47, 44, 23, 2, 31]
RKP_00100_00100_1_03.txt|679.14|709|0.0006240259999999953|[1, 10, 2, 14, 63, 5, 6, 70, 12, 4, 15]
RKP_00100_00100_1_04.txt|697.07|728|0.0006223630000000002|[15, 7, 9, 74, 43, 3, 10, 4, 5, 16]
RKP_00100_00100_1_05.txt|688.26|746|0.0005921850000000029|[79, 20, 22, 11, 16, 30, 44, 66, 6, 3]
RKP_00100_00100_1_06.txt|890.34|1017|0.000627827999999988|[57, 97, 48, 47, 16, 17, 31, 55, 20, 34, 5, 50, 83, 3]
RKP_00100_00100_1_07.txt|460.99|529|0.0005862179999999984|[39, 46, 60, 51, 9, 5, 13, 71]
RKP_00100_00100_1_08.txt|791.79|838|0.0006479400000000091|[92, 87, 6, 30, 1, 7, 76, 24, 13, 88, 9, 12, 5, 29]
RKP_00100_00100_1_09.txt|594.43|652|0.0005845199999999906|[18, 5, 16, 23, 52, 29, 42, 2, 8, 24]
RKP_00100_00100_1_10.txt|664.92|726|0.000622999999999998|[27, 11, 13, 1, 4, 2, 33, 18, 24, 20, 15, 5]
RKP_00100_00100_2_01.txt|154.34|173|0.0005934399999999851|[6, 20, 1, 2, 43, 22, 13, 57, 68]
RKP_00100_00100_2_02.txt|154.25|170|0.0005723060000000158|[30, 28, 80, 8, 5, 40, 47, 1, 36]
RKP_00100_00100_2_03.txt|158.68|172|0.0006032810000000022|[75, 48, 59, 51, 31, 5, 1, 3, 47, 16]
RKP_00100_00100_2_04.txt|153.83|162|0.0005641489999999894|[11, 18, 50, 2, 8, 9, 28, 26]
RKP_00100_00100_2_05.txt|139.77|155|0.0005987090000000084|[96, 64, 34, 13, 30, 32, 36]
RKP_00100_00100_2_06.txt|119.01|136|0.0005661479999999864|[67, 47, 79, 2, 23, 8]
RKP_00100_00100_2_07.txt|139.53|154|0.0005709909999999874|[7, 22, 28, 15, 3, 13, 4, 21]
RKP_00100_00100_2_08.txt|129.0|149|0.0005616850000000051|[28, 16, 1, 2, 6, 15, 4]
RKP_00100_00100_2_09.txt|127.39|143|0.0005651920000000165|[37, 9, 42, 20, 23, 27, 7]
RKP_00100_00100_2_10.txt|145.7|159|0.0005941519999999967|[65, 64, 2, 40, 1, 85, 14, 27, 4]
RKP_00100_00100_3_01.txt|212.75|225|0.0005988019999999805|[5, 8, 3, 6, 29, 44, 2, 47, 24, 21, 22, 1]
RKP_00100_00100_3_02.txt|210.33|232|0.0005920350000000041|[24, 2, 17, 1, 3, 59, 52, 8, 56, 25, 41, 48, 7]
RKP_00100_00100_3_03.txt|235.45|250|0.0006526609999999744|[4, 3, 14, 46, 6, 75, 49, 12, 45, 23, 66, 1, 19, 81, 15]
RKP_00100_00100_3_04.txt|217.79|231|0.000618173000000013|[34, 8, 21, 26, 6, 9, 42, 4, 48, 50, 31, 72, 15]
RKP_00100_00100_3_05.txt|211.83|221|0.0005850730000000271|[1, 12, 52, 7, 2, 15, 22, 70, 3, 33, 72, 10]
RKP_00100_00100_3_06.txt|241.11|251|0.0006176920000000096|[11, 2, 3, 72, 8, 27, 31, 66, 6, 4, 12, 16, 1, 19, 28]
RKP_00100_00100_3_07.txt|200.57|210|0.0006072550000000154|[2, 14, 89, 27, 7, 50, 5, 4, 6, 67, 88]
RKP_00100_00100_3_08.txt|206.73|222|0.0006000380000000005|[1, 9, 12, 7, 18, 3, 33, 15, 58, 6, 70, 2]
RKP_00100_00100_3_09.txt|182.82|201|0.0005812590000000072|[32, 89, 1, 57, 8, 42, 2, 35, 44, 3]
RKP_00100_00100_3_10.txt|230.13|248|0.000626602000000025|[5, 60, 67, 20, 62, 66, 69, 46, 1, 61, 93, 47, 34, 45, 54]
RKP_00100_00100_4_01.txt|99.56|100|0.0005143749999999914|[97]
RKP_00100_00100_4_02.txt|99.88|100|0.0005155840000000155|[88]
RKP_00100_00100_4_03.txt|99.87|100|0.0005187679999999695|[84]
RKP_00100_00100_4_04.txt|99.91|100|0.0005094000000000199|[95]
RKP_00100_00100_4_05.txt|99.94|100|0.0005036190000000218|[87]
RKP_00100_00100_4_06.txt|97.87|98|0.0005158639999999925|[93]
RKP_00100_00100_4_07.txt|97.93|98|0.000504661000000004|[98]
RKP_00100_00100_4_08.txt|99.84|100|0.0005045509999999664|[97]
RKP_00100_00100_4_09.txt|98.9|99|0.0005026950000000019|[90]
RKP_00100_00100_4_10.txt|97.78|98|0.0004995469999999713|[88]
RKP_00100_00100_5_01.txt|99.11|114|0.0005363989999999985|[2, 4, 5, 6, 7]
RKP_00100_00100_5_02.txt|86.48|106|0.0005782790000000215|[2, 4, 5, 6, 8]
RKP_00100_00100_5_03.txt|102.76|108|0.0005461310000000141|[1, 2, 3, 4, 5, 6]
RKP_00100_00100_5_04.txt|98.29|105|0.000552943000000008|[1, 3, 5, 6, 7, 8]
RKP_00100_00100_5_05.txt|95.9|103|0.0005448770000000058|[1, 2, 3, 4, 5, 7, 9]
RKP_00100_00100_5_06.txt|94.04|102|0.0005230299999999799|[2, 4, 5, 6]
RKP_00100_00100_5_07.txt|83.37|108|0.0005512939999999933|[2, 3, 4, 5, 6, 7, 9]
RKP_00100_00100_5_08.txt|93.7|101|0.0005597209999999597|[1, 2, 3, 4, 5, 6, 8, 9]
RKP_00100_00100_5_09.txt|95.98|107|0.0005399480000000256|[1, 3, 4, 7]
RKP_00100_00100_5_10.txt|89.72|108|0.000596823000000013|[1, 2, 3, 4, 6, 7, 8, 10, 11]
RKP_00500_00100_1_01.txt|1598.05|1718|0.002290080999999993|[27, 211, 500, 75, 140, 3, 304, 284, 25, 2, 148, 222, 120, 173, 131, 269, 274, 4, 38, 280, 63, 40, 17, 129]
RKP_00500_00100_1_02.txt|1410.26|1520|0.0023133239999999586|[13, 87, 288, 77, 175, 102, 89, 205, 351, 289, 388, 325, 132, 433, 4, 30, 394, 109, 14, 170, 88, 3]
RKP_00500_00100_1_03.txt|1310.84|1380|0.0022816759999999903|[1, 11, 5, 30, 16, 111, 228, 496, 147, 113, 139, 40, 123, 360, 140, 477, 158, 15, 227, 326, 164, 37]
RKP_00500_00100_1_04.txt|1538.64|1630|0.0022494799999999947|[359, 315, 156, 11, 64, 65, 41, 93, 245, 197, 59, 94, 48, 254, 121, 467, 62, 5, 23, 151]
RKP_00500_00100_1_05.txt|1622.2|1696|0.0023086139999999667|[10, 11, 72, 215, 363, 402, 26, 192, 17, 2, 23, 116, 18, 203, 5, 13, 76, 136, 104, 3, 1, 60, 320, 382]
RKP_00500_00100_1_06.txt|1848.85|1922|0.002324547999999993|[13, 34, 89, 230, 411, 240, 35, 52, 190, 22, 211, 182, 490, 5, 189, 281, 225, 50, 83, 3, 131, 30, 244, 55, 53, 353, 7]
RKP_00500_00100_1_07.txt|1901.61|1968|0.0023147859999999997|[97, 22, 31, 461, 40, 492, 2, 47, 126, 80, 257, 322, 469, 206, 7, 410, 192, 165, 49, 16, 94, 359, 147, 133, 183, 21, 4]
RKP_00500_00100_1_08.txt|1582.8|1710|0.0023050580000000044|[258, 4, 146, 10, 29, 156, 332, 185, 1, 378, 165, 3, 16, 2, 225, 326, 150, 149, 122, 167, 357, 63, 35, 106]
RKP_00500_00100_1_09.txt|1596.41|1659|0.0023038449999999776|[19, 307, 221, 39, 77, 108, 148, 180, 16, 153, 163, 496, 151, 54, 344, 229, 324, 210, 48, 173, 56, 68, 214, 11, 150, 1]
RKP_00500_00100_1_10.txt|1503.8|1582|0.002308215000000029|[234, 277, 62, 5, 413, 14, 75, 4, 3, 162, 6, 1, 214, 84, 31, 21, 30, 33, 59, 342, 8, 110, 15, 49]
RKP_00500_00100_2_01.txt|237.83|249|0.002268035999999949|[168, 226, 259, 16, 148, 39, 441, 447, 32, 137, 60, 102, 40, 3, 50, 101, 100, 218, 351, 150]
RKP_00500_00100_2_02.txt|232.92|248|0.0022767429999999323|[336, 131, 112, 65, 6, 156, 72, 97, 167, 314, 195, 142, 59, 441, 186, 299, 21, 100, 141]
RKP_00500_00100_2_03.txt|231.41|248|0.0023079369999999865|[155, 107, 436, 135, 164, 100, 166, 154, 2, 382, 142, 64, 3, 104, 18, 21, 24, 60, 318, 13, 37, 113, 71]
RKP_00500_00100_2_04.txt|228.45|243|0.0023193770000000135|[14, 58, 204, 26, 55, 216, 163, 11, 125, 429, 306, 7, 9, 80, 112, 20, 22, 38, 19, 16, 105]
RKP_00500_00100_2_05.txt|230.92|242|0.0023361610000001056|[5, 426, 10, 38, 48, 218, 294, 4, 87, 260, 2, 16, 58, 77, 275, 322, 417, 34, 182, 52, 240]
RKP_00500_00100_2_06.txt|213.62|225|0.0022346230000000046|[9, 70, 155, 1, 35, 3, 27, 150, 117, 57, 15, 47, 302, 50, 5, 203, 24, 89]
RKP_00500_00100_2_07.txt|215.78|226|0.0022504700000000265|[1, 17, 260, 75, 292, 452, 53, 114, 5, 83, 3, 308, 123, 129, 4, 9, 162, 278, 67]
RKP_00500_00100_2_08.txt|196.81|210|0.002222526999999994|[87, 45, 96, 15, 1, 495, 3, 6, 50, 123, 42, 23, 184, 350, 46, 136]
RKP_00500_00100_2_09.txt|178.54|191|0.0022267409999999544|[38, 2, 108, 304, 335, 70, 87, 277, 433, 52, 39, 115, 312, 176, 426]
RKP_00500_00100_2_10.txt|203.09|226|0.0023266649999998455|[20, 14, 372, 2, 118, 21, 40, 166, 19, 154, 216, 276, 498, 116, 83, 46, 9, 62]
RKP_00500_00100_3_01.txt|329.57|340|0.002306932999999969|[1, 5, 11, 143, 33, 96, 260, 43, 401, 2, 31, 38, 148, 158, 240, 64, 344, 223, 8, 24, 225, 248, 55, 140]
RKP_00500_00100_3_02.txt|392.89|400|0.0023497829999998745|[5, 39, 56, 152, 160, 189, 1, 73, 103, 110, 167, 172, 26, 32, 221, 64, 111, 202, 203, 3, 7, 179, 195, 413, 4, 15, 68, 162, 331, 351]
RKP_00500_00100_3_03.txt|367.66|380|0.0023977500000000873|[9, 71, 93, 113, 148, 454, 1, 351, 444, 11, 22, 258, 264, 142, 193, 198, 266, 292, 14, 40, 45, 126, 191, 5, 123, 139, 2, 43]
RKP_00500_00100_3_04.txt|384.54|390|0.0023604880000000963|[2, 68, 104, 168, 312, 345, 209, 278, 280, 282, 350, 1, 142, 163, 31, 103, 146, 156, 328, 20, 27, 125, 217, 453, 4, 8, 9, 11, 50]
RKP_00500_00100_3_05.txt|403.98|410|0.002396072999999941|[12, 225, 377, 417, 1, 74, 92, 106, 143, 381, 8, 84, 87, 108, 211, 294, 382, 9, 32, 102, 196, 199, 340, 392, 7, 30, 88, 189, 252, 263, 397]
RKP_00500_00100_3_06.txt|345.75|360|0.0022948080000000106|[16, 5, 24, 45, 186, 242, 311, 52, 204, 56, 91, 281, 283, 12, 73, 90, 189, 1, 2, 4, 11, 19, 68, 137, 199, 7]
RKP_00500_00100_3_07.txt|348.49|361|0.0023523620000000813|[5, 17, 30, 33, 196, 200, 1, 2, 4, 141, 157, 308, 3, 76, 302, 326, 99, 102, 111, 216, 430, 24, 77, 244, 287, 7]
RKP_00500_00100_3_08.txt|420.63|430|0.0024222639999999453|[14, 57, 275, 301, 19, 62, 84, 144, 150, 172, 451, 49, 63, 90, 114, 8, 25, 133, 159, 302, 323, 35, 484, 4, 26, 280, 470, 58, 1, 5, 32, 93, 141]
RKP_00500_00100_3_09.txt|377.85|390|0.002289213999999955|[4, 58, 70, 154, 169, 231, 104, 148, 171, 294, 347, 434, 2, 115, 221, 1, 3, 24, 54, 108, 63, 269, 315, 83, 122, 136, 173, 14, 59]
RKP_00500_00100_3_10.txt|368.56|380|0.002349220000000116|[153, 183, 189, 322, 13, 18, 165, 305, 1, 40, 325, 3, 7, 10, 25, 32, 99, 123, 193, 388, 14, 28, 38, 57, 392, 9, 36, 48]
RKP_00500_00100_4_01.txt|100.0|100|0.0021183409999998306|[434]
RKP_00500_00100_4_02.txt|100.0|100|0.0020512970000000764|[431]
RKP_00500_00100_4_03.txt|100.0|100|0.0021282180000001282|[434]
RKP_00500_00100_4_04.txt|100.0|100|0.0020856360000000686|[419]
RKP_00500_00100_4_05.txt|100.0|100|0.002069562999999892|[421]
RKP_00500_00100_4_06.txt|99.99|100|0.002141897999999962|[431]
RKP_00500_00100_4_07.txt|100.0|100|0.0020752040000000705|[467]
RKP_00500_00100_4_08.txt|100.0|100|0.002137993000000069|[449]
RKP_00500_00100_4_09.txt|100.0|100|0.0021089080000000317|[440]
RKP_00500_00100_4_10.txt|100.0|100|0.002065097999999974|[473]
RKP_00500_00100_5_01.txt|93.9|103|0.0022395759999999675|[1, 3, 4, 5, 6, 7, 8, 9, 11, 13, 14, 15, 16, 17]
RKP_00500_00100_5_02.txt|94.56|106|0.0021934279999999795|[1, 2, 3, 4, 5, 6, 8, 9, 10, 11]
RKP_00500_00100_5_03.txt|93.29|101|0.002124563999999989|[1, 2, 3, 4, 5, 7, 8, 9, 10, 11, 12, 13]
RKP_00500_00100_5_04.txt|94.88|102|0.0021890440000000132|[1, 2, 3, 4, 5, 6, 8, 9, 10, 12, 13, 14, 15]
RKP_00500_00100_5_05.txt|94.25|103|0.002175636999999977|[3, 6, 7, 8, 9, 10, 11, 13, 14, 15, 16, 19, 20]
RKP_00500_00100_5_06.txt|96.56|104|0.0021896859999998774|[2, 4, 5, 6, 7, 8, 9, 10, 11, 12, 13, 14, 15]
RKP_00500_00100_5_07.txt|91.72|106|0.002202390000000136|[2, 3, 5, 6, 7, 8, 9, 10, 11, 12, 13]
RKP_00500_00100_5_08.txt|90.5|103|0.0021309449999999865|[1, 5, 7, 8, 10, 11, 12, 13, 14]
RKP_00500_00100_5_09.txt|94.65|103|0.0022241749999999706|[3, 5, 6, 7, 8, 9, 10, 11, 12, 13]
RKP_00500_00100_5_10.txt|90.35|101|0.0022350559999999575|[1, 3, 4, 5, 6, 7, 8, 9, 10, 11, 13, 14, 16, 17]
RKP_01000_00100_1_01.txt|2121.91|2193|0.005038288999999914|[51, 261, 91, 151, 97, 47, 50, 260, 2, 64, 123, 465, 314, 13, 432, 42, 27, 39, 10, 604, 646, 8, 560, 40, 531, 222, 376, 116, 606, 48]
RKP_01000_00100_1_02.txt|1989.86|2053|0.004990811999999956|[182, 294, 30, 696, 16, 754, 195, 486, 9, 557, 72, 292, 38, 193, 359, 1, 171, 49, 8, 2, 527, 519, 50, 108, 515, 89, 64, 694, 872, 18]
RKP_01000_00100_1_03.txt|1985.32|2087|0.004936803000000083|[174, 128, 172, 199, 116, 535, 32, 114, 800, 50, 2, 869, 498, 4, 48, 56, 1, 326, 182, 252, 19, 3, 16, 725, 145, 754, 366, 813, 65, 330]
RKP_01000_00100_1_04.txt|2232.36|2286|0.004953539999999883|[429, 733, 1, 726, 247, 283, 75, 44, 566, 14, 151, 165, 5, 277, 20, 732, 255, 2, 163, 3, 857, 184, 63, 6, 69, 42, 204, 592, 91, 172, 53, 266, 376]
RKP_01000_00100_1_05.txt|2105.37|2167|0.005038780999999979|[75, 915, 673, 207, 1, 121, 41, 635, 696, 307, 37, 123, 776, 39, 222, 16, 12, 553, 188, 26, 74, 865, 49, 1000, 151, 299, 29, 82, 198, 159, 69]
RKP_01000_00100_1_06.txt|2378.54|2454|0.004944923000000223|[383, 790, 58, 168, 33, 99, 38, 78, 242, 993, 645, 6, 120, 349, 52, 632, 44, 1, 176, 4, 177, 8, 283, 265, 57, 255, 244, 250, 55, 442, 37, 117, 236, 210, 546]
RKP_01000_00100_1_07.txt|2420.6|2482|0.004951534999999829|[7, 440, 382, 86, 436, 128, 226, 3, 556, 37, 130, 49, 129, 190, 90, 476, 342, 19, 170, 88, 372, 484, 127, 80, 874, 627, 641, 1, 18, 42, 8, 96, 778]
RKP_01000_00100_1_08.txt|2164.55|2289|0.005087740999999966|[356, 422, 4, 68, 421, 223, 1, 145, 149, 80, 6, 922, 716, 22, 303, 242, 274, 366, 26, 118, 15, 10, 5, 7, 29, 390, 101, 294, 278, 780, 16, 111, 183, 202]
RKP_01000_00100_1_09.txt|2069.37|2135|0.0049548689999997465|[31, 672, 103, 196, 782, 168, 14, 213, 27, 290, 17, 513, 48, 691, 1, 898, 32, 262, 579, 489, 2, 108, 925, 942, 170, 427, 133, 39, 15, 248]
RKP_01000_00100_1_10.txt|2416.62|2482|0.004950500000000133|[669, 618, 785, 1, 748, 253, 111, 331, 19, 534, 55, 104, 466, 491, 968, 159, 37, 43, 480, 813, 931, 805, 8, 50, 221, 188, 286, 158, 399, 663, 295, 4, 11, 30, 198, 754, 439, 368]
RKP_01000_00100_2_01.txt|254.58|266|0.005056901999999717|[7, 24, 209, 12, 374, 13, 3, 111, 253, 47, 366, 73, 380, 690, 185, 186, 21, 375, 252, 33, 41, 76, 183, 614]
RKP_01000_00100_2_02.txt|256.41|270|0.004848002000000271|[84, 385, 202, 375, 782, 311, 63, 73, 179, 410, 547, 357, 583, 183, 213, 69, 8, 397, 77, 954, 625, 23, 166, 901]
RKP_01000_00100_2_03.txt|299.59|313|0.004925914999999925|[416, 171, 87, 84, 5, 58, 417, 123, 124, 141, 330, 81, 394, 335, 897, 33, 64, 13, 746, 420, 928, 282, 55, 404, 256, 347, 854, 186, 187]
RKP_01000_00100_2_04.txt|258.86|274|0.004874354000000061|[35, 37, 94, 21, 443, 123, 698, 184, 58, 504, 147, 130, 8, 49, 782, 74, 24, 207, 244, 60, 158]
RKP_01000_00100_2_05.txt|252.6|262|0.004919878999999945|[380, 222, 299, 7, 420, 742, 84, 428, 236, 26, 73, 409, 30, 501, 162, 2, 512, 5, 11, 12, 214, 255, 351, 462, 823, 172, 846]
RKP_01000_00100_2_06.txt|302.85|313|0.005009109999999986|[122, 805, 6, 138, 647, 858, 590, 33, 1, 16, 602, 259, 24, 255, 52, 152, 154, 187, 9, 57, 8, 48, 383, 399, 827, 322, 185, 233, 115, 894]
RKP_01000_00100_2_07.txt|257.38|269|0.004977652000000035|[208, 284, 531, 796, 81, 396, 950, 173, 3, 378, 2, 61, 444, 520, 783, 821, 433, 20, 1, 480, 682, 457, 305, 731]
RKP_01000_00100_2_08.txt|292.24|302|0.005013864999999811|[39, 1, 10, 121, 3, 7, 129, 609, 862, 9, 26, 11, 406, 250, 41, 49, 573, 661, 175, 131, 228, 21, 278, 294, 549, 223, 54]
RKP_01000_00100_2_09.txt|260.45|272|0.0050152389999998095|[205, 382, 436, 417, 18, 348, 191, 13, 235, 904, 656, 651, 573, 982, 31, 30, 225, 6, 9, 118, 1, 25, 176, 470]
RKP_01000_00100_2_10.txt|277.73|289|0.0051632560000000535|[15, 252, 191, 341, 521, 1, 56, 5, 164, 4, 122, 309, 710, 163, 564, 282, 579, 30, 89, 273, 409, 700, 58, 78, 184, 412, 443, 522, 755]
RKP_01000_00100_3_01.txt|503.88|520|0.005052354000000072|[32, 51, 65, 119, 249, 537, 659, 763, 857, 1, 11, 15, 55, 186, 340, 348, 456, 464, 704, 740, 795, 133, 337, 2, 94, 134, 157, 208, 322, 326, 441, 565, 605, 962, 21, 22, 69, 77, 83, 179, 240, 294]
RKP_01000_00100_3_02.txt|474.72|490|0.005037458999999949|[9, 25, 120, 137, 138, 295, 654, 3, 37, 69, 79, 94, 126, 176, 300, 318, 533, 644, 1, 2, 16, 19, 24, 31, 53, 56, 70, 110, 121, 386, 586, 600, 7, 286, 377, 381, 567, 978, 4]
RKP_01000_00100_3_03.txt|494.43|510|0.005145343999999916|[1, 17, 31, 54, 93, 325, 378, 431, 692, 3, 84, 143, 170, 175, 204, 222, 270, 392, 530, 580, 652, 994, 836, 46, 62, 74, 99, 321, 443, 738, 822, 22, 44, 89, 180, 256, 382, 448, 625, 720, 797]
RKP_01000_00100_3_04.txt|482.86|490|0.005112715999999828|[1, 42, 142, 149, 274, 277, 305, 389, 449, 645, 740, 4, 5, 16, 44, 65, 235, 558, 639, 3, 786, 2, 10, 29, 41, 83, 161, 293, 15, 119, 433, 492, 657, 24, 58, 62, 148, 154, 201]
RKP_01000_00100_3_05.txt|427.65|440|0.00486935200000012|[57, 460, 630, 661, 2, 5, 23, 24, 29, 31, 46, 108, 144, 163, 172, 10, 86, 100, 141, 480, 1, 37, 85, 107, 128, 192, 204, 308, 315, 876, 910, 21, 50, 76]
RKP_01000_00100_3_06.txt|444.58|450|0.004962236999999945|[5, 36, 112, 204, 242, 1, 7, 16, 22, 224, 347, 471, 886, 970, 249, 15, 28, 63, 71, 129, 207, 217, 278, 543, 25, 239, 901, 4, 13, 18, 64, 66, 158, 330, 6]
RKP_01000_00100_3_07.txt|505.39|520|0.005104734000000093|[12, 20, 23, 31, 53, 112, 129, 190, 231, 591, 822, 888, 1, 4, 5, 27, 38, 354, 433, 605, 750, 867, 169, 695, 3, 56, 62, 131, 282, 337, 402, 407, 483, 8, 34, 124, 161, 204, 942, 2, 6, 17]
RKP_01000_00100_3_08.txt|428.86|440|0.004958658000000184|[179, 1, 2, 71, 89, 97, 129, 131, 266, 35, 198, 7, 11, 53, 130, 145, 252, 257, 292, 524, 591, 636, 703, 9, 33, 118, 152, 154, 233, 342, 472, 655, 883, 13]
RKP_01000_00100_3_09.txt|435.25|450|0.005048193999999953|[23, 141, 480, 647, 17, 211, 216, 318, 385, 403, 578, 758, 871, 1, 6, 9, 16, 26, 48, 77, 185, 202, 257, 2, 3, 4, 36, 126, 127, 199, 446, 471, 825, 885, 930]
RKP_01000_00100_3_10.txt|469.08|480|0.005013695999999968|[10, 26, 122, 156, 245, 677, 764, 3, 16, 18, 22, 46, 72, 106, 169, 227, 334, 467, 632, 524, 37, 56, 104, 187, 319, 439, 964, 1, 61, 103, 247, 264, 314, 566, 687, 2, 4, 5]
RKP_01000_00100_4_01.txt|100.0|100|0.00454887099999997|[866]
RKP_01000_00100_4_02.txt|100.0|100|0.004648266999999926|[858]
RKP_01000_00100_4_03.txt|100.0|100|0.0046156830000002105|[860]
RKP_01000_00100_4_04.txt|100.0|100|0.0046860940000001605|[828]
RKP_01000_00100_4_05.txt|100.0|100|0.00461370700000046|[851]
RKP_01000_00100_4_06.txt|100.0|100|0.00459470399999951|[878]
RKP_01000_00100_4_07.txt|100.0|100|0.004573527999999882|[887]
RKP_01000_00100_4_08.txt|100.0|100|0.004568850999999867|[847]
RKP_01000_00100_4_09.txt|100.0|100|0.004611036999999882|[877]
RKP_01000_00100_4_10.txt|100.0|100|0.004611227000000042|[843]
RKP_01000_00100_5_01.txt|96.61|103|0.004691479999999686|[1, 2, 3, 5, 6, 7, 8, 10, 11, 12, 13, 14, 15, 16]
RKP_01000_00100_5_02.txt|94.87|102|0.00469459599999972|[1, 2, 4, 5, 6, 7, 8, 9, 10, 11, 12, 13, 15]
RKP_01000_00100_5_03.txt|96.14|105|0.004622571000000306|[1, 3, 5, 6, 7, 9, 10, 11, 12, 13, 14, 15, 16, 17]
RKP_01000_00100_5_04.txt|95.4|103|0.004783041000000026|[3, 4, 5, 6, 7, 8, 9, 11, 12, 13, 15, 16, 17, 18, 19, 20]
RKP_01000_00100_5_05.txt|95.33|101|0.0046509679999999064|[1, 2, 3, 4, 6, 7, 8, 9, 10, 11, 12, 13, 16, 17, 19, 20]
RKP_01000_00100_5_06.txt|97.15|104|0.004733840000000171|[1, 3, 4, 5, 6, 7, 8, 9, 10, 11, 12, 13, 14, 16, 18]
RKP_01000_00100_5_07.txt|98.98|103|0.004781948000000043|[3, 4, 5, 6, 7, 8, 9, 10, 11, 12, 13, 14, 15, 16, 17, 18, 19, 20]
RKP_01000_00100_5_08.txt|95.64|103|0.004681511999999799|[1, 3, 5, 6, 7, 8, 10, 11, 12, 13, 14, 15]
RKP_01000_00100_5_09.txt|91.34|102|0.0046561350000001766|[1, 4, 5, 6, 7, 8, 9, 10, 11, 12, 13, 14, 15]
RKP_01000_00100_5_10.txt|95.53|101|0.004687080999999935|[1, 2, 3, 4, 5, 6, 7, 8, 9, 10, 11, 12, 13, 14]
RKP_05000_00100_1_01.txt|4695.06|4804|0.04951471400000003|[302, 1839, 1373, 465, 3, 2556, 5, 9, 1, 8, 20, 3645, 1406, 2106, 1268, 540, 116, 589, 51, 3411, 904, 49, 1485, 150, 1700, 1482, 68, 2398, 1275, 1366, 3733, 4536, 59, 852, 89, 213, 1277, 4, 155, 1181, 553, 2091, 1207, 24, 115, 2548, 99, 2478, 2692, 21, 1723, 847, 801, 1568, 2505, 1213, 2003, 22, 7, 642, 363, 4545, 13, 1021, 343]
RKP_05000_00100_1_02.txt|4562.28|4640|0.049232627000000376|[3648, 2939, 3415, 60, 171, 31, 277, 275, 892, 73, 350, 4311, 4651, 174, 1210, 2337, 104, 42, 716, 1201, 501, 16, 3013, 1, 347, 338, 601, 135, 374, 18, 235, 1821, 151, 2809, 3107, 51, 1720, 1929, 130, 301, 4066, 3739, 2669, 2, 99, 28, 75, 420, 448, 4439, 437, 4339, 3158, 1585, 44, 794, 1557, 1432, 57, 262, 357]
RKP_05000_00100_1_03.txt|4533.7|4609|0.049396250999999794|[6, 22, 929, 961, 1355, 1, 1069, 207, 3382, 4798, 81, 52, 4396, 4053, 136, 193, 1588, 10, 2992, 3261, 27, 3127, 3471, 26, 1880, 1417, 3686, 2, 3801, 1634, 591, 4436, 3036, 1171, 612, 203, 3005, 7, 2382, 5, 326, 1550, 304, 156, 793, 2939, 1020, 219, 1066, 2442, 350, 1237, 656, 1044, 1363, 1154, 401, 1035, 1283, 1179]
RKP_05000_00100_1_04.txt|4308.1|4395|0.04953191100000005|[795, 2, 41, 2565, 38, 147, 2594, 7, 4320, 1931, 69, 378, 713, 23, 2528, 1521, 3064, 135, 4470, 2030, 444, 4280, 3644, 3336, 3198, 16, 868, 1633, 1367, 579, 3338, 131, 233, 2859, 78, 3225, 3474, 3503, 1048, 1764, 205, 416, 2304, 3703, 1527, 3605, 1675, 455, 20, 651, 557, 792, 1173, 4914, 1210, 3053, 979, 5, 26, 3006, 936, 2940, 3085, 3484, 4248, 337, 1814]
RKP_05000_00100_1_05.txt|4253.22|4347|0.04931272400000026|[64, 644, 38, 541, 427, 542, 4588, 2, 8, 1759, 1433, 2850, 3856, 20, 16, 4, 1309, 174, 306, 1432, 33, 53, 2447, 2549, 101, 2995, 288, 60, 4969, 119, 96, 92, 4179, 44, 507, 527, 356, 1088, 23, 270, 2347, 230, 3160, 977, 1249, 4630, 158, 14, 2922, 428, 608, 4251, 907, 660, 2886, 317, 2537, 3454, 4002, 30]
RKP_05000_00100_1_06.txt|4398.64|4505|0.04953678100000097|[2608, 45, 745, 41, 208, 1799, 747, 219, 569, 25, 73, 457, 3167, 152, 3825, 9, 133, 645, 62, 1279, 896, 860, 3, 122, 329, 1512, 8, 1319, 435, 21, 701, 14, 17, 1606, 11, 147, 2, 55, 71, 920, 111, 108, 2510, 7, 44, 1542, 652, 2842, 1031, 18, 3571, 131, 912, 115, 377, 4655, 3239, 139, 807, 694, 6]
RKP_05000_00100_1_07.txt|4807.93|4907|0.04953529699999834|[30, 3473, 219, 1, 97, 55, 1149, 3419, 118, 1437, 582, 188, 2037, 876, 204, 2883, 1762, 124, 4, 11, 931, 1222, 54, 1758, 79, 90, 451, 2591, 991, 1401, 453, 13, 3111, 3370, 3, 2367, 880, 180, 244, 1199, 3162, 155, 362, 3566, 104, 646, 457, 2085, 1477, 1299, 1827, 930, 5, 2207, 3167, 2438, 1187, 3484, 4252, 4639, 494, 2041, 35, 811, 3320, 551, 32]
RKP_05000_00100_1_08.txt|4439.24|4531|0.04914428000000029|[1318, 6, 186, 441, 906, 3876, 264, 266, 816, 2248, 2054, 865, 300, 82, 1, 276, 288, 1717, 3259, 4344, 275, 4811, 148, 154, 179, 687, 985, 1267, 2845, 739, 48, 3226, 120, 52, 3137, 4473, 2780, 215, 1781, 183, 3911, 1358, 4638, 745, 1632, 4998, 25, 538, 2535, 341, 777, 502, 54, 137, 779, 72, 2399, 1079, 260, 345, 1029, 2994, 234, 2899]
RKP_05000_00100_1_09.txt|4109.44|4191|0.049167800000000594|[325, 786, 2596, 270, 816, 4135, 3051, 30, 178, 3, 4424, 1184, 1441, 1363, 3759, 3697, 4341, 10, 121, 2, 70, 3572, 74, 423, 1856, 463, 6, 42, 853, 230, 2349, 2807, 447, 307, 729, 383, 1260, 4156, 588, 83, 987, 1309, 747, 3556, 1427, 90, 190, 533, 1387, 329, 43, 1736, 1945, 4220, 1869, 445, 635]
RKP_05000_00100_1_10.txt|4542.12|4634|0.04911510600000014|[1804, 48, 3373, 437, 2061, 952, 3176, 25, 3086, 83, 564, 429, 176, 189, 321, 143, 482, 1091, 111, 1350, 3065, 1422, 352, 4572, 780, 1342, 2, 2616, 4369, 8, 60, 1395, 1, 4883, 26, 153, 795, 3734, 662, 230, 13, 654, 445, 21, 180, 363, 1221, 956, 2120, 2958, 385, 484, 4185, 20, 1517, 90, 15, 134, 714, 805, 930, 629, 2462]
RKP_05000_00100_2_01.txt|436.11|446|0.048873702999998866|[540, 110, 144, 2729, 1741, 2218, 551, 1057, 2019, 3518, 3020, 77, 648, 868, 1292, 2000, 2210, 44, 1078, 68, 148, 220, 736, 25, 626, 848, 1187, 2735, 4039, 1835, 2120, 2295, 2913, 2948, 3573, 40, 4620, 4675, 5, 142, 246, 315, 1715]
RKP_05000_00100_2_02.txt|487.6|498|0.049436926000000055|[407, 871, 4347, 152, 677, 1014, 455, 532, 656, 1793, 3238, 29, 275, 1570, 4063, 4978, 4, 1493, 2707, 10, 35, 1178, 1770, 3, 14, 298, 3178, 3654, 778, 763, 1800, 2437, 8, 15, 22, 40, 103, 1194, 1838, 2992, 3004, 2439, 4384, 101, 2263, 2360, 2501, 2984, 73, 536, 33, 242, 292, 556, 929]
RKP_05000_00100_2_03.txt|464.05|479|0.04884046300000037|[3625, 1463, 1867, 4547, 5, 242, 710, 1122, 1234, 4989, 17, 39, 4, 388, 826, 2844, 4806, 442, 840, 895, 1925, 2550, 3332, 3969, 769, 842, 2606, 6, 3890, 4206, 314, 1332, 3166, 9, 185, 202, 524, 711, 1469, 2973, 4028, 1, 22, 82, 543, 592, 11, 12, 54, 195]
RKP_05000_00100_2_04.txt|456.54|467|0.04912899499999966|[506, 950, 1, 2126, 12, 168, 3153, 387, 531, 45, 283, 1864, 5, 483, 491, 687, 917, 99, 355, 1415, 1565, 1633, 752, 1551, 35, 1107, 1671, 4139, 31, 54, 67, 87, 156, 225, 325, 1138, 2299, 3108, 3585, 3838, 72, 109, 637, 2042, 2052, 2100, 13]
RKP_05000_00100_2_05.txt|481.23|495|0.04849661999999938|[3758, 522, 274, 355, 2365, 2703, 3238, 3555, 991, 2083, 5, 22, 52, 942, 1224, 1654, 2332, 2545, 3226, 366, 752, 879, 3406, 2785, 3383, 1741, 984, 1823, 3374, 69, 693, 797, 1029, 29, 99, 370, 1076, 1903, 2614, 426, 612, 167, 829, 2206, 2208, 2261, 2815, 3573, 413, 51]
RKP_05000_00100_2_06.txt|457.03|468|0.04887348300000028|[326, 3682, 1109, 1288, 2453, 4405, 23, 466, 135, 816, 2118, 2148, 3347, 62, 136, 324, 758, 6, 356, 2040, 2408, 437, 129, 369, 2044, 4478, 1688, 3081, 1, 639, 853, 1433, 210, 2422, 3, 182, 926, 1025, 1917, 222, 1383, 2075, 1581, 8, 33, 602, 1193, 2039]
RKP_05000_00100_2_07.txt|475.08|490|0.048998409000000576|[1, 2528, 2, 2641, 7, 516, 3, 71, 333, 2751, 43, 58, 180, 235, 938, 1389, 2246, 2419, 141, 260, 595, 1949, 2323, 15, 105, 373, 4183, 79, 183, 261, 689, 2108, 3866, 177, 194, 1063, 3229, 3555, 55, 74, 244, 2164, 2332, 4327, 103, 649, 4507, 216, 429, 744, 169, 11]
RKP_05000_00100_2_08.txt|449.67|462|0.04882294500000086|[98, 1700, 342, 25, 199, 1204, 14, 99, 152, 953, 2584, 2915, 11, 24, 1638, 2149, 2068, 3421, 2, 41, 636, 1387, 1617, 48, 23, 621, 4332, 4658, 1, 79, 524, 560, 671, 735, 1415, 4543, 15, 291, 367, 869, 1492, 7, 94, 464, 672, 967, 3246, 3696, 9, 1273, 2312]
RKP_05000_00100_2_09.txt|483.37|495|0.0490396730000009|[6, 355, 5, 151, 1149, 1331, 2692, 2520, 4778, 86, 433, 1873, 2352, 3113, 293, 294, 88, 112, 392, 846, 1338, 2179, 2318, 4070, 110, 142, 75, 2196, 2365, 218, 755, 362, 1203, 1335, 1397, 1818, 2953, 61, 238, 955, 315, 1008, 2213, 15, 4171, 244, 678, 796, 13, 20, 66, 558, 574]
RKP_05000_00100_2_10.txt|453.18|469|0.048649836999998114|[120, 275, 2435, 3300, 477, 250, 502, 918, 1932, 2345, 2755, 2802, 3321, 113, 2283, 2318, 2768, 4994, 19, 74, 136, 326, 2133, 1773, 291, 315, 2022, 184, 210, 253, 1459, 78, 163, 373, 978, 1313, 3005, 3077, 4424, 660, 1253, 4012, 72, 302, 3123, 66, 48]
RKP_05000_00100_3_01.txt|780.9|800|0.04889429299999847|[1, 8, 10, 11, 26, 48, 83, 97, 135, 145, 224, 231, 279, 288, 312, 349, 361, 465, 471, 588, 610, 661, 692, 900, 1006, 1096, 1192, 1272, 1725, 1751, 1768, 2039, 2321, 2608, 3252, 3272, 3292, 3674, 3675, 4195, 2, 4, 5, 7, 18, 22, 44, 55, 58, 67, 77, 80, 104, 109, 118, 188, 242, 297, 322, 345, 377, 383, 395, 410, 413, 504, 506, 530, 534, 558]
RKP_05000_00100_3_02.txt|872.13|900|0.04913283399999955|[1, 22, 36, 38, 55, 93, 94, 98, 132, 135, 145, 148, 167, 203, 219, 254, 272, 301, 312, 313, 351, 356, 373, 392, 415, 434, 472, 496, 512, 542, 776, 856, 973, 989, 1047, 1092, 1119, 1136, 1271, 1335, 1664, 1834, 1876, 2362, 2409, 2674, 2689, 2722, 2762, 2772, 2848, 3287, 3318, 3344, 3615, 3645, 4055, 4114, 4494, 4912, 3, 11, 19, 31, 40, 54, 74, 89, 97, 166, 168, 175, 242, 280, 304, 330, 355, 426, 427, 452]
RKP_05000_00100_3_03.txt|851.22|880|0.04904381799999839|[1, 6, 15, 18, 20, 21, 27, 52, 76, 86, 129, 140, 156, 159, 191, 205, 258, 283, 341, 387, 403, 520, 820, 894, 914, 945, 977, 1058, 1109, 1226, 1256, 1304, 1305, 1409, 1459, 1487, 1558, 1571, 1712, 1847, 1888, 1941, 2676, 2793, 2858, 2962, 2984, 2989, 3115, 4254, 4440, 4520, 4528, 4547, 4563, 4874, 3, 14, 24, 42, 124, 165, 192, 351, 380, 397, 446, 459, 546, 647, 656, 690, 698, 714, 721, 780, 901, 909]
RKP_05000_00100_3_04.txt|834.35|860|0.049396977000000106|[1, 9, 11, 16, 48, 56, 59, 100, 298, 318, 320, 325, 335, 365, 375, 446, 578, 688, 708, 759, 769, 770, 808, 898, 984, 1024, 1182, 1193, 1227, 1264, 1283, 1338, 1348, 1433, 1570, 1739, 1757, 1788, 1905, 2156, 2274, 2340, 2386, 2433, 2600, 2634, 2810, 3111, 3384, 3639, 3851, 4996, 2, 3, 4, 14, 15, 24, 28, 47, 51, 66, 68, 72, 98, 99, 103, 118, 122, 130, 133, 136, 205, 232, 266, 282]
RKP_05000_00100_3_05.txt|735.04|750|0.04912543600000134|[7, 52, 79, 122, 238, 292, 295, 362, 480, 485, 513, 573, 638, 669, 905, 909, 936, 950, 973, 1668, 2337, 2456, 2596, 2714, 2928, 3114, 3135, 4073, 4398, 4423, 1, 24, 25, 47, 60, 76, 81, 147, 206, 220, 235, 435, 448, 542, 563, 583, 588, 590, 614, 656, 769, 994, 1088, 1259, 1491, 1526, 1529, 1760, 1764, 1810, 1858, 2471, 2671, 2837, 2859]
RKP_05000_00100_3_06.txt|844.19|870|0.04933813900000104|[1, 10, 15, 24, 25, 26, 27, 32, 35, 58, 68, 79, 113, 119, 121, 179, 203, 244, 248, 270, 352, 452, 492, 551, 564, 638, 683, 755, 796, 838, 956, 1046, 1130, 1148, 1376, 1451, 1477, 1657, 1698, 1735, 1860, 1884, 2159, 2205, 2457, 2528, 2710, 2738, 2878, 2889, 2978, 3082, 3112, 4282, 3, 4, 5, 12, 29, 45, 80, 82, 86, 104, 157, 181, 221, 278, 413, 434, 440, 460, 588, 700, 765, 775, 787]
RKP_05000_00100_3_07.txt|852.72|870|0.0491495519999998|[1, 14, 16, 18, 20, 30, 77, 89, 93, 98, 99, 114, 119, 169, 189, 206, 213, 222, 281, 304, 356, 362, 372, 416, 495, 500, 523, 550, 699, 729, 750, 812, 817, 876, 883, 890, 980, 1030, 1453, 1577, 1615, 1833, 1892, 1960, 2113, 2510, 2632, 2667, 2701, 2869, 3232, 3416, 3653, 4835, 9, 29, 32, 68, 85, 96, 130, 166, 167, 178, 185, 211, 355, 485, 526, 549, 566, 570, 583, 607, 719, 859, 865]
RKP_05000_00100_3_08.txt|865.06|900|0.04912615600000066|[1, 6, 13, 17, 28, 47, 92, 97, 100, 101, 129, 161, 169, 215, 227, 238, 328, 343, 346, 382, 428, 491, 557, 563, 572, 645, 700, 925, 969, 1076, 1208, 1238, 1240, 1244, 1355, 1414, 1478, 1502, 1517, 1589, 1802, 1973, 2091, 2154, 2276, 2430, 2572, 2702, 3001, 3330, 3335, 3410, 3716, 3821, 4062, 4178, 4225, 4353, 4604, 4735, 2, 4, 24, 35, 36, 44, 59, 60, 89, 99, 108, 115, 124, 191, 216, 273, 294, 296, 309, 426]
RKP_05000_00100_3_09.txt|845.28|870|0.04908852799999835|[1, 4, 24, 40, 55, 63, 94, 111, 137, 205, 217, 262, 271, 288, 355, 409, 466, 585, 600, 636, 662, 696, 789, 827, 839, 981, 986, 1067, 1161, 1532, 1558, 1683, 1913, 2033, 2048, 2227, 2372, 2453, 2609, 2846, 2862, 2897, 2925, 3120, 3500, 3562, 3603, 3727, 3987, 4348, 4681, 4813, 4902, 4948, 3, 8, 10, 18, 25, 49, 57, 78, 101, 110, 116, 154, 229, 274, 277, 350, 373, 419, 424, 447, 501, 579, 610]
RKP_05000_00100_3_10.txt|832.31|850|0.04921366300000102|[3, 19, 21, 22, 27, 30, 47, 52, 63, 119, 173, 216, 236, 252, 283, 383, 438, 627, 666, 775, 787, 860, 881, 1046, 1075, 1166, 1419, 1426, 1430, 1463, 1547, 1938, 1946, 2107, 2181, 2195, 2235, 2244, 2312, 2477, 2567, 2929, 2988, 2990, 3869, 3877, 3997, 4448, 4628, 4783, 1, 2, 4, 5, 10, 11, 39, 50, 57, 79, 109, 110, 113, 142, 166, 211, 227, 333, 336, 337, 526, 540, 559, 614, 685]
RKP_05000_00100_4_01.txt|100.0|100|0.047948205999998376|[4203]
RKP_05000_00100_4_02.txt|100.0|100|0.048415602000001175|[4283]
RKP_05000_00100_4_03.txt|100.0|100|0.04831413500000082|[4228]
RKP_05000_00100_4_04.txt|100.0|100|0.04829224299999936|[4218]
RKP_05000_00100_4_05.txt|100.0|100|0.04784010299999949|[4227]
RKP_05000_00100_4_06.txt|100.0|100|0.04766852600000135|[4203]
RKP_05000_00100_4_07.txt|100.0|100|0.04839352899999994|[4210]
RKP_05000_00100_4_08.txt|100.0|100|0.04820457799999929|[4203]
RKP_05000_00100_4_09.txt|100.0|100|0.0482844450000016|[4209]
RKP_05000_00100_4_10.txt|100.0|100|0.04845890900000114|[4213]
RKP_05000_00100_5_01.txt|96.84|100|0.048206316999999214|[1, 3, 4, 5, 6, 7, 8, 9, 10, 11, 12, 13, 14, 15, 16, 17, 18, 19, 20, 21, 22, 23, 24, 25, 28, 29]
RKP_05000_00100_5_02.txt|98.32|103|0.04775787199999883|[2, 3, 4, 5, 6, 8, 9, 10, 11, 13, 14, 15, 16, 17, 18, 19, 20, 21, 22, 23]
RKP_05000_00100_5_03.txt|98.65|101|0.04783927200000079|[1, 2, 3, 5, 8, 9, 10, 11, 12, 13, 14, 15, 16, 19, 20, 21, 22, 23, 24, 25, 26, 27, 28, 29, 30, 31]
RKP_05000_00100_5_04.txt|97.54|101|0.04793719599999861|[1, 2, 3, 5, 6, 7, 8, 9, 11, 12, 13, 14, 15, 16, 17, 18, 19, 20, 21]
RKP_05000_00100_5_05.txt|96.7|102|0.04776792199999761|[2, 4, 5, 7, 8, 9, 14, 15, 16, 17, 18, 19, 20, 22, 23, 24, 25, 26]
RKP_05000_00100_5_06.txt|99.13|102|0.04809088700000018|[1, 2, 3, 4, 6, 7, 8, 9, 10, 11, 12, 13, 16, 17, 18, 19, 20, 21, 22, 23, 26, 27, 28, 29, 30, 31]
RKP_05000_00100_5_07.txt|96.16|101|0.04763376299999777|[1, 2, 3, 4, 5, 6, 7, 8, 9, 10, 11, 12, 13, 15, 16, 17, 18, 19, 20, 21, 22, 23, 24, 25, 26, 27, 28]
RKP_05000_00100_5_08.txt|96.6|100|0.04797385200000065|[1, 3, 4, 5, 7, 8, 9, 10, 12, 13, 14, 15, 16, 17, 18, 19, 20, 21, 22, 23, 24, 25, 26, 27, 28, 29, 30, 31, 32]
RKP_05000_00100_5_09.txt|97.12|100|0.048345075999997676|[1, 3, 5, 6, 7, 8, 9, 10, 11, 12, 13, 14, 15, 17, 18, 19, 20, 21, 22, 23, 24, 25, 26, 27, 28]
RKP_05000_00100_5_10.txt|98.53|102|0.04803546499999754|[2, 3, 4, 5, 6, 7, 9, 11, 12, 13, 14, 15, 16, 17, 18, 19, 20, 21, 23, 24, 25]
RKP_05000_01000_1_01.txt|57406.75|58550|0.050446976999996875|[424, 164, 4971, 53, 1742, 2254, 700, 1232, 328, 732, 18, 226, 3791, 151, 23, 15, 17, 751, 1034, 1858, 2481, 1724, 1756, 778, 1591, 2077, 1841, 1, 334, 13, 379, 866, 1431, 4223, 4479, 78, 1214, 661, 2777, 2, 1919, 1979, 3534, 3799, 491, 2629, 96, 86, 8, 10, 3256, 2266, 368, 16, 399, 2567, 684, 3187, 1233, 1928, 2874, 1145, 33, 22, 991, 5, 271, 1196, 969, 252, 800, 30, 921, 118, 212, 82, 511, 1387, 4129, 3144, 1775, 3282, 35, 551, 1810, 2814, 726]
RKP_05000_01000_1_02.txt|60270.2|61482|0.050343202999999906|[406, 918, 89, 304, 1590, 222, 36, 675, 4489, 2800, 7, 728, 2379, 588, 1205, 1337, 109, 622, 3, 4961, 1055, 1261, 2745, 539, 1414, 78, 988, 3565, 22, 41, 506, 3875, 2832, 2594, 10, 282, 235, 1403, 1455, 2011, 425, 1999, 3349, 2769, 17, 772, 155, 837, 1677, 39, 1329, 337, 965, 368, 3795, 3628, 236, 917, 1604, 1277, 2973, 694, 3668, 790, 2727, 96, 207, 3585, 84, 2825, 464, 928, 2120, 1343, 1683, 2229, 2198, 3095, 2041, 1860, 2750, 471, 293, 165, 2093, 646]
RKP_05000_01000_1_03.txt|55638.89|56690|0.050034859000001576|[1614, 1039, 24, 1534, 3194, 3276, 22, 882, 1854, 1150, 2688, 135, 1822, 852, 1415, 272, 940, 933, 1475, 176, 339, 1027, 67, 533, 2016, 1364, 1, 2471, 344, 3392, 1339, 174, 649, 3920, 479, 76, 3682, 248, 165, 4104, 3232, 72, 1605, 1483, 2201, 3835, 2080, 2125, 114, 60, 2848, 1478, 2314, 749, 62, 1719, 3, 1219, 129, 1815, 515, 1006, 1146, 988, 2161, 4640, 4193, 810, 192, 1979, 94, 875, 2110, 2682, 4283, 441, 2468, 33, 1262, 4216, 400, 446]
RKP_05000_01000_1_04.txt|57266.22|58527|0.05073085000000276|[223, 238, 135, 952, 61, 4624, 1450, 4775, 1275, 716, 35, 16, 594, 498, 794, 9, 4277, 2060, 49, 4397, 10, 114, 64, 1107, 181, 1, 3926, 318, 2470, 1142, 191, 687, 546, 3023, 351, 2320, 482, 724, 3051, 1546, 533, 5, 2023, 4232, 33, 1174, 1916, 413, 50, 2999, 189, 1311, 25, 133, 465, 1416, 2, 248, 1021, 24, 7, 1689, 2047, 270, 2649, 395, 8, 132, 2580, 4329, 886, 6, 71, 1597, 522, 52, 1395, 3271, 3055, 2550, 670, 1901, 792, 210, 105, 2177, 2922]
RKP_05000_01000_1_05.txt|56576.37|57709|0.05072372900000289|[1142, 1649, 91, 385, 2069, 430, 14, 254, 65, 352, 259, 1316, 97, 1606, 1411, 1588, 132, 985, 168, 2547, 2, 4053, 1227, 2271, 94, 1607, 4118, 467, 3468, 279, 339, 93, 46, 4385, 119, 1418, 667, 4, 1155, 1162, 2834, 3067, 267, 816, 1320, 157, 651, 1023, 1474, 711, 8, 580, 1321, 1093, 1883, 1049, 4096, 16, 73, 943, 593, 130, 120, 48, 2819, 2004, 19, 2263, 85, 1893, 4204, 2397, 5, 584, 25, 592, 231, 67, 903, 2360, 72, 27, 1012, 2350, 349, 69, 1150, 838]
RKP_05000_01000_1_06.txt|55568.21|56665|0.05047443499999815|[4603, 51, 736, 8, 691, 1879, 48, 336, 2050, 52, 498, 80, 1689, 269, 159, 894, 1097, 697, 1511, 3109, 1242, 943, 297, 2865, 1910, 288, 188, 3076, 107, 2195, 2517, 998, 3846, 2, 2967, 3, 217, 10, 503, 399, 1368, 1530, 9, 6, 150, 90, 343, 616, 1002, 1192, 13, 2483, 612, 292, 157, 2857, 646, 1916, 1062, 429, 656, 2633, 1040, 721, 1662, 601, 688, 163, 4793, 1, 4196, 2012, 1494, 37, 2025, 687, 2442, 192, 224, 2168, 4, 337, 2861, 1145, 1720, 2048, 684, 60, 1305, 883]
RKP_05000_01000_1_07.txt|51480.58|52390|0.05054594599999973|[753, 4009, 1741, 15, 226, 2, 568, 161, 1359, 130, 2669, 213, 77, 1865, 204, 1697, 1, 65, 91, 2593, 84, 957, 1449, 44, 522, 577, 1175, 421, 188, 523, 23, 21, 628, 1764, 2001, 3455, 46, 795, 198, 386, 2245, 616, 651, 4242, 8, 569, 1607, 848, 731, 4471, 985, 1047, 1489, 640, 2984, 993, 2145, 1378, 241, 453, 608, 1178, 393, 1666, 4078, 2235, 27, 119, 1645, 2087, 38, 94, 1052, 363, 424, 1659, 666]
RKP_05000_01000_1_08.txt|53632.57|55038|0.05041349499999967|[427, 140, 24, 20, 89, 2585, 4497, 651, 2356, 1275, 1088, 81, 190, 1487, 2110, 10, 2528, 279, 785, 1391, 527, 109, 235, 670, 3925, 575, 2841, 2382, 15, 1138, 7, 3318, 115, 26, 2723, 1574, 738, 3, 151, 3937, 4666, 849, 12, 66, 118, 890, 419, 40, 39, 2070, 411, 75, 430, 892, 29, 32, 52, 548, 952, 2099, 207, 3788, 79, 389, 3288, 1344, 3437, 43, 217, 117, 529, 4070, 3323, 3908, 244, 1029, 488, 1485]
RKP_05000_01000_1_09.txt|56382.16|57756|0.050251677999999626|[157, 1714, 4115, 2381, 3179, 1434, 3964, 1, 1362, 684, 128, 51, 1366, 427, 1788, 364, 6, 996, 18, 163, 2364, 4, 1242, 104, 2, 883, 191, 39, 390, 1481, 1679, 17, 47, 499, 1854, 563, 1761, 3, 562, 2121, 190, 2328, 2845, 998, 27, 1579, 29, 302, 342, 473, 1113, 1414, 844, 2399, 7, 2012, 3744, 3556, 3900, 1401, 73, 3156, 1699, 94, 106, 25, 3245, 1509, 1337, 359, 1495, 2034, 3448, 49, 32, 2239, 1911, 2246, 136, 320, 377, 2844, 8, 451]
RKP_05000_01000_1_10.txt|61114.26|62195|0.05138984399999856|[129, 888, 528, 2671, 245, 1044, 1680, 47, 104, 500, 785, 1479, 486, 2, 11, 1914, 1, 461, 2184, 740, 2867, 2216, 844, 384, 261, 1430, 180, 1361, 1253, 2153, 103, 2753, 359, 1076, 1095, 3836, 49, 100, 2309, 9, 286, 4815, 1284, 807, 2544, 1554, 38, 2698, 839, 3137, 43, 33, 212, 2541, 1686, 3309, 187, 2560, 1436, 472, 1476, 2608, 198, 634, 1553, 4698, 28, 1731, 4036, 1413, 604, 193, 1313, 1350, 582, 1934, 161, 813, 2768, 220, 1817, 1423, 3687, 1641, 255, 495, 904, 17, 80, 464, 152]
RKP_05000_01000_2_01.txt|4405.31|4517|0.050740282000000435|[176, 1844, 4166, 103, 2000, 339, 1473, 761, 413, 3919, 483, 2671, 2, 1173, 88, 2400, 1730, 2057, 1100, 1641, 541, 265, 2351, 3060, 1898, 1487, 3764, 309, 951, 2281, 1046, 7, 81, 604, 395, 4493, 724, 997, 153, 147, 3395, 687, 115, 4598, 12, 2569, 38, 22, 1011, 352, 23, 1154]
RKP_05000_01000_2_02.txt|4666.42|4777|0.04997450400000389|[2, 1045, 88, 1577, 317, 365, 491, 2308, 1856, 1693, 964, 1068, 4977, 862, 1189, 2682, 3, 462, 1, 2581, 545, 62, 121, 3024, 126, 1739, 1812, 311, 471, 667, 76, 2983, 1294, 653, 78, 1049, 94, 946, 214, 1196, 44, 2259, 1964, 1000, 379, 2515, 2419, 2537, 338, 139, 2933, 2213, 820, 3711, 1159, 1503]
RKP_05000_01000_2_03.txt|4760.98|4886|0.0500355330000059|[51, 217, 305, 465, 3416, 1002, 69, 86, 3351, 308, 4964, 3938, 655, 3540, 2930, 286, 235, 862, 3180, 2340, 1958, 507, 4457, 3343, 131, 518, 104, 1354, 942, 2548, 3087, 118, 1550, 177, 341, 2601, 1732, 858, 3822, 375, 1132, 2164, 2610, 106, 1483, 63, 185, 589, 350, 2182, 171, 88, 1676, 1684]
RKP_05000_01000_2_04.txt|5168.33|5290|0.049934392999997496|[17, 1740, 63, 2518, 585, 3, 2408, 4454, 2928, 1672, 1989, 2245, 183, 768, 153, 82, 758, 348, 371, 4424, 400, 2989, 545, 1906, 3530, 2237, 3498, 1086, 54, 2249, 3872, 302, 509, 1, 4236, 22, 567, 7, 1136, 916, 1398, 1319, 557, 662, 1210, 19, 1539, 1799, 51, 163, 1209, 59, 703, 84, 3183, 547, 667, 57, 1100, 2242, 23]
RKP_05000_01000_2_05.txt|4677.28|4791|0.05049618499999667|[734, 420, 34, 204, 8, 1064, 201, 33, 4485, 3, 1132, 273, 1158, 1680, 4215, 3321, 526, 4, 70, 2513, 876, 1762, 427, 1925, 1269, 260, 2008, 344, 16, 390, 2548, 187, 453, 360, 80, 23, 9, 1052, 30, 775, 1424, 737, 290, 957, 5, 2686, 324, 1335, 1672, 156, 306, 43, 4333, 1576, 1622]
RKP_05000_01000_2_06.txt|4912.07|5020|0.05041704499999924|[473, 464, 1933, 61, 1, 344, 900, 105, 683, 138, 672, 2638, 2476, 4951, 242, 27, 2, 1569, 30, 1477, 1991, 1948, 793, 36, 1619, 1134, 386, 282, 403, 154, 925, 152, 59, 707, 1898, 2446, 3111, 2282, 739, 2287, 159, 1064, 714, 862, 94, 1852, 328, 4131, 2201, 2484, 109, 336, 10, 4545, 481, 670, 184, 1369, 1746, 5, 252, 114]
RKP_05000_01000_2_07.txt|5039.58|5168|0.04999117600000034|[4279, 759, 2608, 1, 1902, 207, 2282, 4495, 909, 1643, 2206, 1625, 3129, 771, 1437, 1811, 3275, 12, 4453, 11, 157, 751, 1123, 772, 1265, 516, 238, 3147, 199, 212, 3882, 2461, 294, 1593, 2843, 2241, 5, 1935, 1945, 1552, 2341, 387, 44, 368, 257, 3196, 2233, 1425, 3085, 105, 1886, 1139, 1702, 1976, 228, 1461, 997, 3507, 2864, 33]
RKP_05000_01000_2_08.txt|5012.77|5124|0.05018587799999637|[1499, 298, 312, 972, 1184, 264, 78, 44, 3148, 3191, 59, 236, 2399, 580, 108, 385, 3385, 6, 17, 30, 213, 1067, 371, 658, 4, 846, 1783, 677, 747, 634, 242, 2941, 1314, 200, 660, 1114, 2632, 2133, 1156, 1924, 3857, 14, 1664, 174, 114, 1802, 473, 955, 362, 397, 901, 4386, 278, 1016, 2683, 823]
RKP_05000_01000_2_09.txt|4743.37|4848|0.05084070099999906|[1556, 408, 4, 897, 379, 3478, 1132, 128, 1583, 10, 1967, 3, 2789, 677, 15, 1786, 25, 22, 270, 175, 821, 2637, 3297, 63, 2317, 997, 1992, 536, 419, 36, 118, 2887, 310, 1259, 784, 1627, 2140, 2, 561, 4691, 935, 3113, 3974, 1428, 579, 3583, 130, 377, 2094, 2005, 4669, 247, 1587, 44, 13, 2037]
RKP_05000_01000_2_10.txt|4550.7|4671|0.050239093000001275|[4015, 9, 137, 2998, 420, 1494, 18, 191, 1502, 99, 227, 2318, 149, 3712, 2034, 36, 1926, 4084, 922, 19, 294, 749, 4050, 2559, 1491, 1049, 1523, 3674, 1011, 1303, 4809, 555, 3584, 1858, 95, 1745, 82, 1686, 587, 206, 74, 1619, 351, 941, 29, 3887, 305, 1416, 3163, 25, 880, 1175, 1176, 15, 337]
RKP_05000_01000_3_01.txt|9784.97|10000|0.05083964000000094|[1, 46, 47, 1698, 1958, 2461, 21, 562, 1615, 2851, 3246, 108, 237, 455, 1081, 2241, 2416, 2783, 40, 72, 97, 112, 372, 550, 114, 728, 996, 77, 917, 2748, 176, 207, 1198, 1779, 3421, 2250, 1038, 1894, 2056, 2178, 2874, 119, 150, 276, 688, 384, 749, 1600, 9, 60, 87, 398, 3683, 132, 193, 757, 1382, 2429, 12, 23, 1190, 53, 381, 604, 623, 4452, 560, 1047, 1140, 1365, 45, 241, 632, 951, 1087, 284, 15, 16, 37, 539, 1139, 4101, 274, 305, 387, 1369, 3591, 553, 13, 140]
RKP_05000_01000_3_02.txt|10626.28|10800|0.05091060099999879|[129, 1041, 1087, 1499, 2425, 28, 849, 2067, 3308, 230, 2113, 39, 90, 379, 425, 542, 562, 2853, 446, 878, 1486, 2704, 3041, 13, 1046, 2, 33, 1885, 2978, 3750, 2330, 209, 1161, 1436, 2215, 1, 25, 40, 107, 169, 214, 1908, 3546, 883, 892, 1020, 2667, 4134, 305, 445, 609, 730, 2772, 1117, 2989, 4507, 801, 2136, 2565, 4, 41, 66, 718, 1022, 1174, 3393, 2933, 2998, 4719, 235, 2953, 3171, 71, 931, 1240, 1334, 3832, 263, 345, 1193, 1488, 38, 68, 130, 295, 646, 759, 448, 116, 304, 953, 1484, 2808, 4419, 436, 303, 595, 1083]
RKP_05000_01000_3_03.txt|11002.48|11100|0.05077749700000027|[5, 36, 1498, 3273, 4215, 158, 399, 621, 975, 3166, 4813, 286, 881, 2, 215, 360, 568, 652, 4041, 246, 609, 2319, 3, 4, 199, 1663, 11, 129, 239, 439, 710, 856, 1597, 4529, 989, 1164, 3910, 4695, 709, 2439, 3545, 465, 896, 4671, 1, 38, 156, 163, 339, 763, 794, 1022, 1041, 1523, 1559, 2202, 2957, 952, 3928, 115, 214, 1465, 4084, 4338, 200, 1082, 1533, 2087, 22, 6, 190, 2034, 839, 1605, 1733, 2386, 308, 480, 544, 1157, 1222, 669, 907, 2298, 3477, 377, 765, 770, 879, 1169, 1767, 1926, 2901, 3239, 3697, 4149, 4329, 452, 1077, 1231, 1360]
RKP_05000_01000_3_04.txt|10971.46|11100|0.050718748000003304|[132, 198, 206, 548, 680, 1872, 2150, 2372, 2868, 6, 619, 657, 1080, 448, 4, 63, 261, 610, 989, 70, 4880, 111, 1, 495, 709, 1049, 1064, 1276, 1396, 2516, 2568, 321, 337, 360, 574, 2747, 27, 45, 277, 3197, 3448, 18, 306, 3523, 9, 29, 58, 864, 1786, 3330, 5, 7, 142, 2541, 4042, 769, 4440, 225, 747, 1907, 2865, 15, 962, 82, 205, 263, 977, 1589, 1768, 2593, 3612, 3, 17, 94, 258, 1996, 2857, 13, 648, 1398, 2575, 39, 472, 568, 730, 1309, 1912, 3274, 89, 400, 827, 2871, 25, 784, 1165, 1493, 1557, 1801, 1852, 2115, 2601]
RKP_05000_01000_3_05.txt|10277.58|10401|0.051066955000000004|[26, 1, 7, 344, 985, 1759, 1859, 2460, 16, 34, 1516, 1588, 1619, 1909, 3635, 162, 1060, 143, 2123, 3439, 3584, 11, 501, 638, 1305, 1500, 3106, 48, 19, 1552, 2634, 4338, 1069, 3440, 3558, 29, 285, 513, 620, 37, 184, 2920, 3469, 56, 555, 768, 219, 32, 49, 348, 912, 2970, 3055, 169, 708, 748, 998, 1263, 3167, 8, 112, 1033, 1090, 2615, 70, 212, 296, 335, 358, 2744, 122, 183, 814, 256, 486, 777, 1259, 1770, 3068, 3, 10, 2723, 4, 6, 25, 283, 386, 491, 692, 1292, 2447, 2610, 3258, 632]
RKP_05000_01000_3_06.txt|10645.84|10800|0.05119278999999949|[4, 12, 227, 488, 813, 4258, 46, 288, 801, 4322, 85, 213, 931, 2251, 7, 45, 55, 734, 1522, 1551, 1917, 2026, 760, 4808, 1, 41, 1119, 2741, 76, 94, 603, 3214, 368, 623, 1359, 206, 276, 889, 1978, 3324, 3533, 4315, 3, 286, 287, 469, 573, 3433, 665, 946, 2799, 4000, 1466, 1640, 4911, 86, 124, 184, 418, 1030, 1296, 3264, 82, 102, 249, 404, 431, 859, 702, 3390, 16, 193, 219, 265, 2623, 141, 490, 767, 2, 686, 1035, 1212, 1697, 4424, 39, 71, 214, 839, 1281, 3851, 1991, 2138, 2756, 1610, 106, 126, 37, 84]
RKP_05000_01000_3_07.txt|10555.07|10699|0.051100765999999|[13, 94, 291, 293, 762, 827, 1003, 1783, 1792, 60, 593, 1470, 427, 884, 896, 36, 849, 413, 84, 891, 2716, 76, 100, 216, 3628, 1998, 1789, 2448, 3146, 2, 125, 398, 417, 1123, 2357, 2900, 3085, 3731, 4131, 214, 360, 487, 883, 2587, 3854, 477, 18, 75, 218, 527, 4233, 3, 11, 220, 370, 608, 714, 1044, 2104, 2966, 3438, 5, 1262, 1544, 3609, 73, 113, 393, 1709, 3135, 3716, 1, 251, 640, 1179, 194, 422, 1564, 6, 8, 31, 4659, 295, 462, 539, 1090, 1173, 2043, 2360, 3402, 4456, 20, 33, 1407, 2111, 1055, 29]
RKP_05000_01000_3_08.txt|10619.92|10800|0.050621649000000844|[1588, 3808, 4022, 134, 217, 1976, 14, 80, 525, 1036, 3087, 3571, 28, 250, 953, 1135, 1733, 2977, 394, 4, 77, 260, 270, 1970, 2019, 2364, 2402, 3237, 331, 883, 1009, 2088, 2484, 301, 901, 2858, 489, 152, 556, 686, 1159, 1395, 4192, 36, 279, 474, 654, 1513, 1967, 3396, 944, 1077, 4463, 6, 30, 1273, 1636, 725, 1117, 1134, 7, 22, 162, 911, 2025, 3346, 118, 126, 675, 1050, 1770, 3017, 3284, 3445, 4767, 4779, 154, 20, 1014, 1810, 4700, 1, 2, 122, 226, 264, 295, 656, 707, 1364, 35, 73, 82, 213, 660, 895, 34, 2391]
RKP_05000_01000_3_09.txt|9942.76|10100|0.05042337500000144|[655, 1322, 2051, 2511, 2621, 556, 664, 1189, 73, 152, 242, 384, 661, 2486, 3256, 51, 2497, 3538, 671, 852, 1313, 3443, 1471, 4292, 106, 281, 310, 376, 2024, 2401, 7, 9, 87, 3392, 3572, 136, 492, 751, 1148, 3868, 4136, 786, 237, 252, 1978, 462, 1684, 2055, 2941, 14, 26, 40, 77, 83, 99, 159, 453, 494, 995, 2, 207, 886, 2287, 3618, 1, 797, 1040, 2577, 13, 86, 290, 1003, 4, 61, 111, 354, 931, 426, 921, 1104, 2706, 193, 222, 830, 42, 57, 81, 412, 673, 1420, 1488]
RKP_05000_01000_3_10.txt|10542.16|10699|0.051169011999996884|[16, 119, 196, 2322, 2764, 2894, 50, 270, 393, 876, 1329, 3150, 3435, 3589, 219, 1125, 369, 1, 3, 25, 1785, 2813, 2940, 3240, 4466, 145, 413, 692, 811, 1019, 1184, 3234, 2, 2189, 14, 434, 1530, 62, 69, 1854, 3127, 4052, 6, 287, 907, 2224, 2749, 52, 235, 1093, 1498, 4227, 112, 223, 789, 808, 1621, 1635, 4747, 4788, 1803, 4631, 343, 344, 2139, 1097, 1847, 2915, 10, 3119, 305, 446, 458, 944, 1279, 2611, 73, 191, 781, 1343, 2458, 3064, 3251, 218, 308, 312, 400, 417, 479, 502, 627, 3879, 5, 66, 194, 272, 275]
RKP_05000_01000_4_01.txt|999.99|1000|0.049457182000000446|[4615]
RKP_05000_01000_4_02.txt|999.98|1000|0.04916708500000084|[4655]
RKP_05000_01000_4_03.txt|1000.0|1000|0.04985650799999689|[4567]
RKP_05000_01000_4_04.txt|1000.0|1000|0.050397061000002165|[4559]
RKP_05000_01000_4_05.txt|1000.0|1000|0.0495005120000036|[4575]
RKP_05000_01000_4_06.txt|1000.0|1000|0.04991738700000042|[4578]
RKP_05000_01000_4_07.txt|1000.0|1000|0.0495718609999966|[4493]
RKP_05000_01000_4_08.txt|1000.0|1000|0.05001657500000192|[4472]
RKP_05000_01000_4_09.txt|1000.0|1000|0.049227265000005786|[4528]
RKP_05000_01000_4_10.txt|1000.0|1000|0.050156319000000164|[4469]
RKP_05000_01000_5_01.txt|967.96|1009|0.04905459799999562|[1, 2, 3, 4, 5, 6, 7, 8, 9, 10, 11, 12, 13, 14, 15, 16, 17, 18, 19, 20, 22, 23, 24, 25, 26, 27, 28]
RKP_05000_01000_5_02.txt|967.93|1014|0.04916120699999908|[2, 3, 4, 5, 6, 7, 8, 9, 11, 12, 13, 14, 15, 17, 18, 19, 20, 22, 23, 24, 26, 27, 28, 30, 31, 32, 33, 34]
RKP_05000_01000_5_03.txt|971.89|1009|0.04910293800000204|[1, 3, 4, 5, 6, 7, 8, 9, 10, 11, 13, 14, 15, 16, 17, 18, 19, 21, 22, 23, 24, 26, 27, 28, 29, 30, 32, 33, 34, 36]
RKP_05000_01000_5_04.txt|973.47|1010|0.04905731700000104|[1, 3, 4, 5, 6, 7, 8, 9, 10, 11, 12, 13, 14, 15, 16, 17, 18, 19, 22, 23, 24, 25, 26, 28, 29, 30, 31]
RKP_05000_01000_5_05.txt|975.21|1010|0.04980109600000276|[1, 4, 5, 6, 7, 8, 9, 10, 11, 12, 14, 15, 16, 17, 18, 19, 20, 21, 22, 23, 24, 25, 26, 28, 29, 30, 31, 32]
RKP_05000_01000_5_06.txt|964.83|1003|0.04997277300000235|[1, 4, 5, 6, 7, 8, 9, 10, 11, 12, 13, 14, 15, 16, 17, 18, 19, 20, 21, 22, 24, 26, 27, 28, 29, 30, 31, 33, 34, 35]
RKP_05000_01000_5_07.txt|971.28|1010|0.0493865580000022|[3, 4, 5, 6, 7, 8, 9, 10, 11, 12, 13, 14, 15, 16, 17, 18, 19, 20, 21, 23, 24, 25, 26, 27, 29, 30, 32, 33, 34, 36, 37, 39]
RKP_05000_01000_5_08.txt|970.81|1011|0.04997329400000353|[1, 2, 3, 4, 6, 7, 8, 9, 10, 11, 12, 13, 15, 16, 17, 18, 19, 22, 24, 25, 26, 29, 30, 31, 32, 33, 34, 35]
RKP_05000_01000_5_09.txt|982.47|1017|0.049393665999997435|[1, 2, 3, 4, 5, 6, 7, 8, 9, 10, 11, 12, 13, 14, 16, 17, 18, 19, 21, 22, 24, 25, 26, 27, 28, 29, 30, 31, 32, 34]
RKP_05000_01000_5_10.txt|974.48|1014|0.05025969299999815|[1, 3, 4, 5, 6, 7, 8, 9, 10, 11, 12, 13, 14, 15, 16, 17, 18, 19, 20, 21, 22, 23, 24, 25, 27]
RKP_05000_05000_1_01.txt|266938.75|273114|0.05113650700000107|[2195, 1201, 226, 1260, 134, 254, 1200, 74, 239, 263, 2997, 826, 255, 1416, 688, 75, 1247, 2685, 477, 1939, 36, 2945, 1595, 3721, 149, 1437, 496, 2321, 2687, 3, 279, 2, 100, 498, 1543, 78, 174, 1674, 940, 4810, 358, 747, 290, 1305, 21, 127, 1231, 8, 2896, 4, 41, 601, 206, 3266, 3813, 94, 40, 168, 4308, 234, 562, 4777, 1083, 1246, 33, 604, 96, 248, 798, 274, 4077, 3113, 1270, 809, 47, 1685, 1034, 521, 50, 1286, 25]
RKP_05000_05000_1_02.txt|321171.39|329012|0.05055831099999977|[474, 2706, 1005, 787, 3921, 24, 269, 297, 2174, 3940, 113, 45, 537, 1115, 903, 361, 21, 2667, 8, 10, 1855, 238, 805, 55, 1044, 117, 712, 1374, 334, 4197, 4402, 396, 1107, 3754, 3059, 240, 3842, 1152, 310, 1041, 378, 785, 2177, 2322, 104, 1459, 4, 2, 470, 4832, 4712, 4382, 1870, 1069, 1075, 1, 2306, 668, 1556, 20, 3588, 3696, 3886, 213, 231, 1979, 1722, 1309, 57, 4013, 444, 669, 1203, 341, 2039, 141, 126, 4074, 89, 1434, 9, 18, 1266, 59, 1089, 814, 38, 2089, 2501, 3538, 876]
RKP_05000_05000_1_03.txt|289904.52|294148|0.050597945000000664|[3247, 557, 435, 426, 233, 1, 2859, 3493, 2760, 2630, 582, 249, 115, 1098, 1265, 1477, 1261, 1115, 4414, 25, 1414, 3443, 3414, 318, 1441, 811, 18, 393, 46, 586, 231, 39, 80, 1099, 2264, 1594, 451, 86, 482, 7, 3512, 2438, 3490, 1309, 206, 62, 8, 1235, 339, 3593, 1236, 429, 246, 1083, 2426, 297, 481, 960, 2124, 779, 110, 5, 2615, 1108, 3417, 22, 1290, 1775, 353, 4374, 651, 504, 488, 645, 3154, 1374, 908, 399, 1212, 4284, 692, 1227]
RKP_05000_05000_1_04.txt|305855.85|311618|0.05076932299999612|[3802, 4668, 3850, 90, 332, 34, 557, 5, 484, 1072, 376, 291, 9, 2003, 2581, 3, 2372, 1677, 145, 2328, 1417, 4260, 368, 25, 1418, 1, 408, 148, 2061, 1859, 1389, 3813, 2584, 787, 222, 189, 1758, 75, 3305, 390, 2991, 422, 559, 85, 3547, 2051, 3651, 240, 831, 1753, 675, 3260, 76, 4172, 814, 48, 135, 38, 2813, 318, 169, 4715, 3568, 4384, 173, 1675, 226, 809, 12, 710, 105, 1875, 326, 81, 4286, 778, 299, 2553, 3431, 333, 1938, 3410, 2017, 387, 18, 202, 935, 68, 24, 2312, 96, 197]
RKP_05000_05000_1_05.txt|307667.37|312805|0.05075904699999114|[130, 3722, 378, 2352, 301, 694, 227, 2579, 403, 2467, 2657, 1, 4208, 3024, 1929, 2, 2309, 62, 22, 210, 46, 1668, 582, 214, 559, 55, 1460, 1483, 950, 127, 1662, 38, 3175, 143, 2804, 32, 2411, 4354, 4846, 2045, 1432, 1088, 1993, 2118, 2025, 992, 1098, 923, 3, 33, 2138, 1281, 12, 463, 348, 3186, 1887, 459, 1492, 2703, 7, 3873, 1692, 245, 2910, 2427, 838, 518, 4789, 1003, 261, 1016, 146, 1372, 1642, 677, 20, 4108, 1521, 153, 1221, 26, 4301, 1690, 148, 167, 3813, 663, 139, 8, 4374, 2732, 31]
RKP_05000_05000_1_06.txt|283464.47|289693|0.04989910000000009|[651, 1730, 1154, 693, 2701, 1227, 2729, 1981, 1065, 581, 23, 925, 621, 4540, 87, 378, 2, 3361, 2210, 40, 120, 2309, 1927, 4692, 2204, 363, 82, 3978, 407, 2048, 813, 715, 18, 2509, 707, 613, 4561, 956, 243, 113, 1280, 649, 71, 825, 2132, 608, 66, 2240, 338, 4076, 514, 43, 2386, 1308, 568, 3613, 85, 2646, 8, 7, 1305, 445, 3938, 274, 333, 1054, 1671, 523, 3104, 1374, 2228, 275, 76, 1041, 64, 830, 538, 850, 1855, 236, 20, 347, 754, 299, 1428, 427, 2949, 1578, 106, 2592, 122]
RKP_05000_05000_1_07.txt|258163.49|263047|0.0508521369999994|[1, 730, 2688, 2854, 1616, 536, 3045, 3, 829, 248, 1267, 380, 457, 182, 15, 44, 864, 83, 1228, 1263, 4664, 29, 303, 739, 785, 4149, 8, 381, 30, 1820, 575, 529, 294, 1849, 190, 2, 4, 2529, 478, 1897, 1315, 1406, 4260, 249, 153, 287, 1520, 1894, 7, 175, 215, 4225, 187, 2273, 230, 121, 4751, 667, 2725, 745, 1019, 1375, 109, 16, 266, 1804, 3965, 1246, 916, 690, 1525, 79, 768, 346, 2162, 413, 463, 507, 137, 3875, 119, 6]
RKP_05000_05000_1_08.txt|267008.54|272890|0.050101305000004|[95, 253, 124, 674, 156, 596, 523, 91, 38, 3998, 1421, 2525, 2536, 342, 3, 451, 1941, 371, 2047, 1167, 97, 2428, 836, 2600, 122, 1179, 560, 4195, 3744, 30, 764, 3599, 1546, 280, 1439, 984, 16, 4080, 2, 3833, 1562, 1247, 471, 232, 275, 402, 192, 138, 303, 1737, 1678, 1549, 367, 140, 3792, 4934, 478, 850, 262, 706, 115, 878, 4527, 51, 2042, 2285, 4393, 2813, 171, 669, 2643, 2805, 4186, 137, 453, 2681, 528, 314, 5, 3666, 2312, 902, 7, 4596]
RKP_05000_05000_1_09.txt|285267.12|289456|0.05094477200000142|[170, 66, 448, 4248, 339, 542, 1458, 325, 4486, 565, 871, 1314, 1635, 682, 4615, 1006, 2636, 537, 3197, 460, 4489, 234, 1350, 1, 299, 1227, 113, 1592, 196, 701, 77, 139, 3, 42, 1245, 438, 2450, 632, 1254, 6, 2593, 820, 1416, 1917, 921, 221, 55, 2016, 160, 2143, 2834, 1788, 126, 492, 114, 1808, 2, 382, 1979, 2497, 312, 52, 17, 12, 563, 1114, 156, 355, 726, 2557, 380, 99, 76, 1480, 1596, 376, 1466, 385, 179, 404, 151, 282, 1064, 1126, 1594, 243, 1355, 1078]
RKP_05000_05000_1_10.txt|254275.67|259541|0.049994494000001166|[3078, 7, 414, 2580, 1609, 1652, 153, 2629, 472, 756, 659, 3067, 2050, 4380, 959, 2151, 286, 803, 185, 144, 1504, 3261, 2608, 38, 1766, 3101, 1402, 909, 380, 2641, 981, 60, 92, 89, 278, 746, 813, 2870, 428, 2786, 2, 2306, 2607, 18, 24, 1479, 2498, 1209, 3450, 4532, 1986, 867, 1930, 1725, 2504, 2942, 10, 3471, 863, 14, 322, 3696, 467, 2281, 1015, 724, 454, 862, 3229, 2810]
RKP_05000_05000_2_01.txt|24009.88|24805|0.04967692000000056|[2236, 293, 515, 1045, 866, 1665, 18, 93, 475, 235, 4844, 1367, 2937, 1059, 1308, 1505, 2251, 411, 986, 4544, 20, 2687, 279, 1885, 3883, 250, 1784, 1635, 21, 690, 3403, 1937, 1482, 579, 65, 70, 335, 748, 1, 3667, 32, 49, 2113, 2458, 8, 1435, 1497, 19, 3722, 3808, 937, 1292, 106, 52, 157]
RKP_05000_05000_2_02.txt|21488.23|22278|0.049675785999999104|[3100, 1649, 15, 530, 14, 2244, 710, 563, 220, 1069, 582, 3641, 56, 3796, 2429, 1172, 1058, 208, 5, 2162, 4007, 707, 161, 91, 4564, 677, 79, 2060, 1287, 294, 836, 96, 2814, 762, 2069, 105, 28, 131, 3984, 2142, 696, 722, 1714, 203, 3813, 3515, 191, 2272, 2839, 1171]
RKP_05000_05000_2_03.txt|21192.33|21837|0.05021732400000815|[3630, 983, 1269, 4565, 3839, 1429, 1, 3090, 44, 177, 502, 1432, 3428, 375, 1422, 3957, 394, 2272, 477, 4, 4235, 1207, 583, 441, 2224, 94, 1481, 306, 38, 783, 1289, 3368, 21, 4939, 72, 1212, 812, 41, 659, 544, 2790, 64, 49, 216, 13, 338, 411, 465, 45, 582, 2868, 1998, 729, 2512, 966]
RKP_05000_05000_2_04.txt|27825.91|28383|0.04973245299999235|[455, 122, 307, 37, 832, 2382, 23, 21, 2, 187, 4, 1124, 1586, 71, 2705, 2773, 47, 1606, 126, 637, 1223, 1508, 78, 3257, 1, 2632, 554, 2308, 238, 893, 1329, 115, 655, 322, 3, 625, 346, 1412, 583, 131, 165, 372, 49, 82, 2318, 2093, 491, 3288, 3212, 406, 3593, 60, 1335, 19, 3704, 154, 262, 77, 264, 422, 862, 147, 1519, 314, 20, 2343, 2319, 43, 1068, 1187]
RKP_05000_05000_2_05.txt|23800.61|24455|0.04935903999999709|[1022, 113, 1813, 1011, 932, 513, 1103, 1588, 163, 501, 1153, 128, 4330, 103, 481, 858, 4182, 34, 5, 317, 13, 220, 606, 4410, 70, 1768, 874, 1242, 595, 1394, 3623, 2678, 1175, 4, 2694, 962, 4902, 3798, 2569, 662, 167, 4092, 1503, 9, 1034, 145, 350, 1489, 976, 551, 856, 734, 8, 1232, 2906, 2057, 66, 370]
RKP_05000_05000_2_06.txt|20893.38|21588|0.05014742700000852|[303, 731, 3580, 1073, 30, 832, 629, 136, 912, 3064, 3764, 437, 449, 2245, 1070, 574, 866, 637, 2357, 1756, 74, 985, 373, 370, 726, 411, 1342, 3105, 689, 1814, 3371, 1542, 281, 2039, 3248, 8, 526, 17, 326, 523, 872, 1807, 748, 16, 3746]
RKP_05000_05000_2_07.txt|24087.73|24772|0.04997622399999727|[1734, 129, 1137, 1460, 725, 2118, 4066, 1115, 30, 624, 903, 411, 36, 926, 932, 1438, 1819, 989, 1326, 3995, 1730, 3935, 3396, 152, 2045, 273, 1581, 199, 3005, 4239, 452, 1614, 421, 7, 631, 3180, 3704, 26, 461, 4779, 528, 72, 1988, 957, 3060, 2664, 2838, 16, 1435, 383, 2037, 409, 872, 713, 232, 169, 212, 1153, 667]
RKP_05000_05000_2_08.txt|24919.98|25594|0.04982751799998937|[3356, 3617, 116, 449, 659, 1262, 760, 2, 155, 1834, 2024, 1692, 179, 17, 1520, 899, 3119, 2598, 603, 286, 746, 274, 953, 811, 919, 551, 332, 1239, 1835, 192, 782, 3335, 2907, 20, 724, 83, 3039, 1064, 1597, 2856, 9, 160, 2390, 30, 1464, 409, 1714, 34, 3691, 1473, 259, 3274, 112, 461, 291, 2814, 944, 315, 2078, 2350, 2219, 1822, 242]
RKP_05000_05000_2_09.txt|26379.33|26927|0.04972866900000099|[83, 3, 1231, 385, 82, 105, 1308, 1179, 3741, 1378, 7, 36, 1, 129, 893, 4959, 634, 899, 2, 394, 2555, 164, 327, 1478, 1213, 128, 157, 180, 1482, 2889, 1771, 61, 1802, 413, 137, 60, 2129, 920, 279, 1687, 1462, 84, 26, 173, 4, 423, 1555, 1177, 4230, 181, 44, 1012, 1812, 1184, 1086, 360, 221, 973, 19, 2382, 519, 829, 251, 2368, 2584]
RKP_05000_05000_2_10.txt|24612.79|25186|0.05034163099999432|[2884, 666, 1620, 725, 1, 330, 311, 42, 70, 1136, 23, 899, 2, 3568, 205, 97, 3467, 2524, 261, 856, 1908, 3618, 82, 2605, 185, 14, 2732, 2854, 1530, 1230, 1078, 3271, 723, 1060, 481, 2264, 35, 1015, 24, 175, 3185, 3272, 586, 233, 1757, 117, 4367, 351, 268, 1742, 728, 2102, 1601, 4670, 3018, 657, 2594, 2312, 465, 294, 2690]
RKP_05000_05000_3_01.txt|53147.39|54001|0.051103604999993876|[1430, 88, 106, 1410, 449, 528, 1075, 2024, 1328, 1409, 39, 2100, 54, 45, 926, 2987, 79, 2831, 736, 2738, 814, 3210, 16, 94, 646, 1080, 1664, 1004, 638, 55, 800, 4143, 21, 2544, 132, 563, 628, 6, 870, 1846, 336, 2454, 521, 530, 1850, 1887, 2266, 480, 3715, 83, 787, 1290, 17, 452, 625, 4, 1132, 198, 164, 58, 510, 3361, 171, 1158, 13, 1758, 3941, 833, 4483, 1, 1291, 12, 465, 731, 2145, 66, 634, 96, 284, 102, 2312, 137, 2025, 2122, 122, 157, 2781, 4085, 9, 26, 169, 4523, 1539, 10, 499, 4117, 289, 801]
RKP_05000_05000_3_02.txt|51178.96|51997|0.05067131900000277|[2345, 2826, 773, 2392, 969, 2038, 509, 4488, 407, 601, 38, 1509, 99, 133, 3922, 507, 32, 33, 51, 2259, 4221, 151, 885, 3230, 2529, 1914, 217, 30, 1220, 4553, 221, 303, 50, 4589, 9, 1093, 1675, 1198, 155, 970, 985, 1151, 1, 55, 227, 1232, 1763, 59, 1970, 3096, 3743, 5, 115, 2025, 1199, 3779, 1793, 3282, 117, 4134, 2, 607, 85, 409, 106, 389, 47, 2501, 568, 92, 967, 1229, 493, 558, 3478, 3717, 597, 2556, 769, 1132, 8, 405, 2118, 10, 1457, 25, 58, 2589, 212, 23, 205, 3092, 1200, 123]
RKP_05000_05000_3_03.txt|53128.25|53939|0.05056803899999636|[3909, 2585, 13, 3385, 523, 3112, 1029, 1960, 636, 1677, 1129, 194, 950, 3819, 3452, 856, 90, 67, 323, 489, 1255, 1, 219, 2297, 763, 2430, 46, 185, 1696, 127, 4, 223, 682, 1729, 281, 25, 2713, 366, 1099, 1187, 2, 1505, 88, 1011, 1875, 1777, 970, 963, 3, 1715, 2750, 79, 542, 1911, 3389, 826, 21, 1061, 12, 1278, 1703, 1516, 471, 618, 1691, 1238, 433, 1495, 58, 777, 5, 703, 1547, 2420, 554, 1800, 372, 15, 1855, 373, 38, 128, 2143, 183, 2274, 3213, 9, 140, 1284, 2768, 186, 937, 8, 553, 2147, 4032, 136, 742]
RKP_05000_05000_3_04.txt|54452.27|55493|0.051189238000002885|[936, 779, 3625, 343, 476, 479, 61, 868, 454, 156, 2428, 1589, 27, 585, 2854, 3856, 4, 843, 505, 2727, 3391, 404, 3143, 256, 2704, 3454, 183, 109, 177, 1033, 4104, 3841, 51, 249, 412, 304, 1208, 14, 71, 3543, 3870, 4678, 1, 1276, 101, 229, 965, 2441, 3065, 12, 1564, 1800, 2915, 455, 102, 3872, 4170, 169, 198, 3497, 241, 718, 4343, 2018, 94, 208, 547, 1130, 640, 888, 1433, 19, 907, 284, 1804, 2146, 720, 1746, 642, 2081, 93, 1119, 6, 11, 282, 1793, 141, 4713, 173, 215, 2688, 47, 274, 31, 599, 648, 1304, 205, 2343, 9, 32]
RKP_05000_05000_3_05.txt|52058.57|52998|0.05099247499999819|[81, 2428, 97, 139, 331, 368, 2910, 1044, 537, 1680, 44, 50, 1771, 72, 3138, 13, 2606, 259, 969, 2, 207, 3566, 1506, 1664, 150, 4138, 628, 12, 406, 1640, 4707, 372, 1519, 1982, 1843, 1758, 2994, 20, 4618, 1951, 5, 75, 617, 958, 141, 70, 945, 15, 115, 1004, 4267, 1960, 1686, 3569, 24, 34, 202, 3442, 1182, 28, 166, 779, 1313, 1696, 2386, 17, 984, 4, 58, 268, 814, 242, 555, 1, 616, 95, 309, 839, 32, 42, 25, 317, 620, 3509, 503, 1073, 138, 533, 1378, 62, 743, 375, 3119, 3733, 1745, 1852]
RKP_05000_05000_3_06.txt|53506.81|54500|0.0505994450000037|[313, 2697, 234, 3441, 480, 1123, 645, 924, 2300, 386, 1678, 2537, 1115, 1191, 1989, 2724, 1, 78, 3251, 2338, 737, 4300, 817, 28, 671, 22, 2115, 6, 23, 30, 55, 607, 2334, 115, 382, 845, 1005, 285, 839, 8, 2100, 43, 239, 617, 2793, 130, 4180, 262, 1939, 44, 977, 2626, 4129, 242, 909, 101, 125, 623, 934, 2169, 4383, 10, 1379, 1967, 318, 2412, 2, 7, 93, 3690, 3946, 97, 985, 3857, 165, 3214, 3325, 3, 190, 203, 430, 1745, 2540, 219, 3448, 18, 1323, 3359, 2035, 3327, 692, 2868, 377, 233, 542, 616, 132, 3871, 3065]
RKP_05000_05000_3_07.txt|50342.54|51001|0.05023884999999496|[217, 2, 1664, 1728, 718, 796, 304, 88, 766, 2201, 609, 684, 817, 525, 4656, 2093, 924, 348, 490, 220, 232, 4, 82, 2287, 813, 1818, 1420, 3987, 143, 1721, 2643, 835, 487, 866, 2747, 2824, 1049, 231, 2345, 1, 459, 462, 1213, 3347, 2399, 2511, 1497, 897, 1127, 544, 1338, 1403, 717, 3, 130, 723, 1854, 119, 3503, 656, 1005, 599, 619, 1405, 192, 3036, 46, 4288, 739, 1375, 412, 598, 4796, 13, 2551, 1579, 2379, 395, 1939, 283, 1060, 652, 12, 61, 1964, 2655, 3295, 1090, 124, 1914, 1323, 476]
RKP_05000_05000_3_08.txt|49134.91|49999|0.050683715999999775|[433, 1969, 4469, 938, 2446, 147, 150, 640, 1833, 351, 1311, 762, 1104, 1105, 1, 524, 2750, 54, 391, 18, 39, 752, 2393, 857, 16, 2528, 22, 784, 241, 4805, 14, 2221, 1145, 2413, 876, 1371, 4731, 294, 2250, 28, 1450, 1613, 43, 110, 205, 122, 484, 742, 53, 1224, 2636, 2150, 430, 1520, 128, 152, 105, 828, 4022, 89, 1856, 454, 60, 2, 254, 3967, 731, 280, 692, 9, 192, 38, 1042, 91, 547, 3512, 2945, 237, 563, 2697, 3072, 3, 6, 289, 2859, 251, 1185, 1262, 66, 2988]
RKP_05000_05000_3_09.txt|55549.88|56498|0.05088327300000287|[42, 1667, 17, 851, 1282, 609, 629, 932, 1343, 233, 3677, 317, 2885, 1146, 2994, 345, 643, 4240, 929, 767, 913, 3338, 4313, 19, 43, 877, 2427, 1945, 4246, 259, 1813, 4338, 4825, 13, 789, 2435, 2484, 431, 660, 3684, 387, 1933, 4052, 2166, 133, 313, 8, 252, 1549, 111, 406, 96, 532, 4, 123, 512, 1727, 2926, 2247, 693, 1489, 7, 354, 3864, 4789, 534, 593, 679, 3453, 1469, 165, 299, 338, 1555, 25, 140, 1746, 2773, 4192, 2, 54, 2746, 1328, 112, 2838, 1563, 3009, 75, 1, 830, 344, 793, 1562, 2111, 281, 184, 356, 1479, 4077, 10, 4839, 26, 533]
RKP_05000_05000_3_10.txt|53680.04|55001|0.04997787600000152|[3, 1202, 1284, 1258, 3454, 59, 313, 577, 2698, 402, 2643, 490, 1062, 3468, 3222, 2573, 2748, 60, 1358, 1135, 3759, 4808, 44, 13, 227, 120, 1405, 4, 405, 1075, 481, 675, 137, 2521, 26, 1224, 2536, 1, 576, 2923, 10, 48, 1786, 51, 607, 1714, 4381, 2, 1567, 1653, 3531, 3937, 1099, 278, 14, 716, 3046, 172, 1639, 665, 243, 664, 18, 1891, 3640, 102, 1444, 276, 988, 4391, 57, 5, 202, 9, 25, 98, 1969, 3301, 1159, 23, 67, 616, 668, 261, 309, 77, 3218, 605, 535, 319, 2978, 190, 1307, 181, 394, 355, 848, 893, 41, 371]
RKP_05000_05000_4_01.txt|4999.91|5000|0.04895730600000206|[4658]
RKP_05000_05000_4_02.txt|4999.88|5000|0.049256136999998715|[4978]
RKP_05000_05000_4_03.txt|4999.99|5000|0.04893926699999611|[4714]
RKP_05000_05000_4_04.txt|4999.85|5000|0.04889644199999793|[4597]
RKP_05000_05000_4_05.txt|5000.0|5000|0.04920591300000297|[4783]
RKP_05000_05000_4_06.txt|4999.82|5000|0.0485593859999949|[4625]
RKP_05000_05000_4_07.txt|4999.84|5000|0.048991754999997285|[4778]
RKP_05000_05000_4_08.txt|4999.99|5000|0.0493013239999982|[4648]
RKP_05000_05000_4_09.txt|4999.97|5000|0.04930421499999056|[4770]
RKP_05000_05000_4_10.txt|4998.92|4999|0.049225494999998315|[4786]
RKP_05000_05000_5_01.txt|4835.58|5000|0.0495904019999989|[1, 3, 4, 5, 6, 7, 8, 9, 10, 11, 12, 13, 14, 15, 17, 19, 20, 21, 22, 23, 24, 27, 28, 29, 30, 31, 32, 33]
RKP_05000_05000_5_02.txt|4818.8|5078|0.048642487000000754|[2, 3, 4, 5, 6, 7, 8, 10, 11, 12, 13, 14, 16, 17, 18, 19, 20, 21, 22, 23, 24, 25, 26, 27, 28, 29, 30, 31]
RKP_05000_05000_5_03.txt|4815.19|5017|0.04931123899999989|[1, 3, 4, 5, 6, 7, 8, 9, 10, 11, 12, 13, 14, 15, 16, 17, 18, 19, 20, 21, 22, 23, 25, 26, 27, 28]
RKP_05000_05000_5_04.txt|4881.43|5027|0.048446778000001134|[1, 4, 5, 6, 7, 8, 9, 10, 11, 12, 13, 14, 15, 16, 17, 19, 20, 21, 22, 23, 24, 26, 28, 29]
RKP_05000_05000_5_05.txt|4996.84|5125|0.048641112000004795|[3, 4, 5, 6, 7, 8, 9, 10, 12, 13, 14, 16, 17, 18, 19, 20, 22, 23, 24, 25, 26, 27, 28, 31, 32, 33, 34]
RKP_05000_05000_5_06.txt|4765.81|5025|0.04837600200000793|[2, 5, 6, 7, 8, 9, 10, 11, 12, 13, 14, 15, 16, 17, 19, 20, 21, 23, 26, 27, 28]
RKP_05000_05000_5_07.txt|4867.89|5033|0.049512284999999566|[1, 2, 3, 4, 5, 7, 8, 9, 10, 11, 12, 13, 14, 16, 17, 18, 19, 20, 21, 22, 23, 24, 25, 26, 28, 29]
RKP_05000_05000_5_08.txt|4924.65|5068|0.049267070000003056|[2, 3, 5, 6, 7, 8, 9, 10, 11, 12, 13, 14, 15, 16, 17, 18, 19, 20, 21, 22, 23, 24, 25, 26, 27, 28, 29, 30]
RKP_05000_05000_5_09.txt|4768.9|5039|0.0493703690000018|[2, 6, 7, 8, 9, 11, 12, 13, 14, 16, 17, 19, 20, 21, 23, 24, 26, 27, 28, 29, 31]
RKP_05000_05000_5_10.txt|4849.85|5009|0.0491806130000009|[1, 2, 3, 5, 6, 7, 8, 9, 10, 11, 12, 13, 14, 15, 16, 17, 18, 19, 20, 21, 22, 23, 24, 25, 26, 27, 29]
