RKP_00100_00100_1_01.txt|687.72|771|0.0006525309999999962|[1, 28, 3, 17, 29, 22, 10, 31, 16, 14]
RKP_00100_00100_1_02.txt|769.7|864|0.0006372229999998425|[50, 37, 91, 48, 9, 1, 56, 15, 44, 2, 16, 47]
RKP_00100_00100_1_03.txt|655.02|709|0.0006458779999999465|[1, 4, 10, 2, 14, 63, 5, 6, 70, 12, 15]
RKP_00100_00100_1_04.txt|673.44|728|0.0006378729999999066|[15, 7, 9, 74, 43, 3, 10, 4, 5, 16]
RKP_00100_00100_1_05.txt|673.5|746|0.0006291690000000117|[79, 20, 11, 16, 30, 44, 66, 22, 6, 3]
RKP_00100_00100_1_06.txt|890.66|1017|0.0006703130000000356|[57, 97, 48, 47, 16, 17, 31, 55, 20, 34, 5, 50, 83, 3]
RKP_00100_00100_1_07.txt|465.81|519|0.000624559000000211|[39, 46, 60, 51, 9, 5, 1, 71]
RKP_00100_00100_1_08.txt|789.91|836|0.0006618079999998016|[6, 2, 87, 30, 1, 76, 7, 24, 13, 88, 9, 12, 5, 29]
RKP_00100_00100_1_09.txt|581.29|655|0.0006133269999997992|[18, 5, 16, 52, 23, 29, 42, 2, 24, 4]
RKP_00100_00100_1_10.txt|654.33|730|0.0006323280000000153|[27, 11, 13, 4, 1, 2, 33, 24, 20, 15, 5, 12]
RKP_00100_00100_2_01.txt|146.76|173|0.0006353840000001298|[6, 20, 1, 2, 43, 22, 13, 57, 68]
RKP_00100_00100_2_02.txt|151.11|170|0.0005947189999999125|[30, 28, 80, 4, 8, 5, 47, 36, 26]
RKP_00100_00100_2_03.txt|149.23|172|0.0006000159999998899|[5, 48, 59, 51, 75, 31, 1, 3, 47, 16]
RKP_00100_00100_2_04.txt|148.24|162|0.0005817949999998717|[11, 18, 50, 2, 8, 9, 28, 26]
RKP_00100_00100_2_05.txt|140.24|156|0.0005752269999998916|[64, 30, 32, 82, 36, 29]
RKP_00100_00100_2_06.txt|118.86|138|0.000560179000000005|[67, 47, 2, 3, 23, 50]
RKP_00100_00100_2_07.txt|135.94|154|0.0005745650000002201|[7, 22, 28, 15, 3, 13, 4, 21]
RKP_00100_00100_2_08.txt|128.31|149|0.0005742730000000761|[2, 16, 28, 1, 6, 15, 4]
RKP_00100_00100_2_09.txt|126.7|143|0.0005718879999999515|[37, 9, 42, 20, 23, 27, 7]
RKP_00100_00100_2_10.txt|140.04|157|0.0005816799999999489|[65, 64, 2, 40, 1, 85, 14, 28]
RKP_00100_00100_3_01.txt|204.49|225|0.0006029179999999101|[5, 8, 3, 6, 29, 44, 2, 47, 24, 21, 16, 1]
RKP_00100_00100_3_02.txt|203.61|232|0.0005871550000001591|[24, 2, 17, 1, 3, 59, 52, 8, 56, 25, 41, 48, 7]
RKP_00100_00100_3_03.txt|231.99|251|0.0006311750000000061|[4, 3, 14, 46, 6, 75, 49, 45, 64, 2, 23, 1, 19, 81, 15]
RKP_00100_00100_3_04.txt|210.15|231|0.0006407700000002592|[34, 8, 21, 26, 6, 9, 42, 4, 48, 50, 31, 72, 15]
RKP_00100_00100_3_05.txt|207.89|221|0.0005853749999999635|[1, 12, 52, 7, 2, 15, 22, 70, 3, 33, 72, 10]
RKP_00100_00100_3_06.txt|239.53|251|0.0006243109999997287|[40, 11, 2, 3, 72, 27, 31, 66, 6, 4, 12, 16, 1, 10, 95]
RKP_00100_00100_3_07.txt|198.49|210|0.0006072229999999479|[2, 14, 89, 27, 7, 50, 5, 4, 6, 67, 88]
RKP_00100_00100_3_08.txt|200.93|222|0.0006110289999999807|[1, 9, 12, 7, 18, 3, 33, 15, 58, 6, 70, 2]
RKP_00100_00100_3_09.txt|182.62|200|0.0005741959999998158|[1, 89, 32, 57, 8, 42, 4, 2, 35, 3]
RKP_00100_00100_3_10.txt|223.92|250|0.000613073999999898|[62, 60, 67, 5, 20, 66, 69, 46, 1, 61, 93, 34, 45, 54, 6]
RKP_00100_00100_4_01.txt|99.49|100|0.000510173999999921|[97]
RKP_00100_00100_4_02.txt|99.68|100|0.0005077289999998413|[88]
RKP_00100_00100_4_03.txt|99.74|100|0.0005034249999999929|[84]
RKP_00100_00100_4_04.txt|99.68|100|0.0005087799999999376|[95]
RKP_00100_00100_4_05.txt|99.97|100|0.0005153410000000491|[87]
RKP_00100_00100_4_06.txt|97.69|98|0.0005049729999999641|[93]
RKP_00100_00100_4_07.txt|97.85|98|0.0005125810000000186|[98]
RKP_00100_00100_4_08.txt|99.62|100|0.0005277340000000663|[97]
RKP_00100_00100_4_09.txt|98.79|99|0.0005035299999997633|[89]
RKP_00100_00100_4_10.txt|97.68|98|0.0005134069999997592|[88]
RKP_00100_00100_5_01.txt|96.97|118|0.0005439959999998934|[2, 4, 5, 6, 7, 8]
RKP_00100_00100_5_02.txt|85.57|106|0.0005452399999999713|[2, 5, 6, 7, 8]
RKP_00100_00100_5_03.txt|98.74|108|0.0005454680000000067|[1, 2, 3, 4, 5, 6]
RKP_00100_00100_5_04.txt|96.06|106|0.0005613760000000312|[1, 2, 5, 6, 7, 8]
RKP_00100_00100_5_05.txt|92.88|104|0.0005458460000000898|[1, 2, 3, 4, 5, 6, 10]
RKP_00100_00100_5_06.txt|90.16|107|0.0005358980000001523|[2, 3, 5, 6]
RKP_00100_00100_5_07.txt|87.3|107|0.0005792540000000911|[2, 4, 6, 7, 9, 10]
RKP_00100_00100_5_08.txt|90.58|101|0.0005713699999999377|[1, 2, 3, 5, 6, 7, 8, 10]
RKP_00100_00100_5_09.txt|92.58|115|0.000549985000000106|[1, 4, 5, 6]
RKP_00100_00100_5_10.txt|88.85|110|0.0005707890000001825|[1, 2, 3, 5, 6, 7, 9, 11]
RKP_00500_00100_1_01.txt|1584.77|1713|0.0025238240000001254|[27, 211, 75, 500, 140, 3, 40, 304, 25, 284, 2, 148, 222, 120, 173, 6, 131, 274, 4, 38, 5, 280, 63, 17, 129]
RKP_00500_00100_1_02.txt|1392.66|1490|0.0025085660000000233|[77, 87, 288, 175, 13, 89, 205, 351, 289, 388, 132, 433, 4, 30, 394, 102, 14, 170, 88, 62, 3]
RKP_00500_00100_1_03.txt|1280.67|1374|0.0026568660000001643|[11, 5, 113, 16, 111, 228, 496, 1, 147, 139, 40, 30, 123, 360, 140, 477, 158, 15, 227, 326, 73, 164]
RKP_00500_00100_1_04.txt|1519.66|1650|0.0025429610000000835|[359, 315, 156, 11, 64, 65, 41, 93, 245, 197, 59, 94, 48, 254, 121, 467, 62, 23, 10, 258]
RKP_00500_00100_1_05.txt|1593.7|1732|0.002559934000000297|[24, 11, 10, 72, 215, 363, 402, 26, 192, 17, 2, 23, 116, 18, 203, 5, 13, 76, 136, 104, 3, 1, 292, 320]
RKP_00500_00100_1_06.txt|1805.06|1926|0.0026889169999999396|[34, 13, 165, 230, 3, 240, 35, 89, 190, 22, 211, 182, 490, 5, 281, 225, 50, 83, 30, 244, 55, 411, 52, 53, 2, 353, 107]
RKP_00500_00100_1_07.txt|1862.16|1987|0.002605491000000093|[31, 97, 461, 40, 492, 2, 47, 126, 80, 257, 469, 22, 206, 21, 7, 410, 192, 165, 89, 49, 16, 94, 359, 133, 322, 183, 5, 4]
RKP_00500_00100_1_08.txt|1564.96|1697|0.0025183020000000057|[29, 4, 146, 10, 258, 156, 332, 185, 1, 378, 106, 3, 16, 2, 450, 225, 326, 149, 122, 63, 35, 254, 165, 23]
RKP_00500_00100_1_09.txt|1553.11|1656|0.0025988940000001293|[19, 307, 77, 148, 153, 221, 39, 496, 151, 54, 344, 229, 324, 210, 48, 173, 56, 68, 214, 108, 150, 180, 16, 2, 1, 163]
RKP_00500_00100_1_10.txt|1471.6|1561|0.002578572000000001|[75, 277, 62, 5, 14, 4, 3, 162, 6, 1, 214, 84, 31, 21, 30, 33, 59, 342, 413, 8, 110, 15, 109]
RKP_00500_00100_2_01.txt|232.96|247|0.0024920340000001316|[259, 168, 11, 226, 16, 39, 441, 447, 32, 137, 60, 102, 40, 101, 88, 100, 218, 351, 150, 472]
RKP_00500_00100_2_02.txt|230.58|248|0.0025822989999999633|[112, 65, 336, 156, 72, 97, 167, 314, 131, 195, 142, 4, 441, 186, 299, 6, 21, 100, 141]
RKP_00500_00100_2_03.txt|226.69|242|0.0025238779999997973|[107, 166, 436, 135, 100, 71, 154, 2, 31, 382, 142, 64, 3, 104, 18, 24, 60, 318, 13, 164, 151, 447]
RKP_00500_00100_2_04.txt|224.02|243|0.0025174629999997933|[14, 58, 112, 105, 204, 26, 55, 216, 11, 163, 125, 429, 306, 7, 9, 80, 20, 22, 38, 19, 16]
RKP_00500_00100_2_05.txt|219.94|242|0.0024772150000000794|[5, 260, 426, 10, 38, 48, 218, 294, 4, 87, 2, 16, 58, 77, 275, 322, 417, 34, 182, 52, 240]
RKP_00500_00100_2_06.txt|208.91|226|0.002546337999999864|[9, 70, 155, 1, 35, 3, 27, 150, 117, 57, 15, 47, 302, 50, 5, 203, 53, 24]
RKP_00500_00100_2_07.txt|212.46|225|0.0025501520000000256|[1, 260, 75, 292, 452, 53, 114, 5, 17, 83, 3, 308, 129, 6, 9, 162, 278, 67, 226]
RKP_00500_00100_2_08.txt|192.42|206|0.0025159629999998855|[495, 45, 96, 15, 1, 6, 7, 50, 123, 42, 23, 184, 350, 46, 136]
RKP_00500_00100_2_09.txt|176.89|189|0.002507141999999867|[335, 2, 108, 304, 70, 87, 277, 433, 52, 39, 115, 312, 426, 16]
RKP_00500_00100_2_10.txt|198.69|216|0.002462549999999908|[9, 14, 372, 20, 2, 118, 21, 40, 166, 19, 154, 216, 276, 498, 83, 46, 116, 441]
RKP_00500_00100_3_01.txt|322.47|340|0.0025333050000000768|[1, 5, 11, 143, 33, 96, 260, 43, 401, 2, 31, 38, 148, 158, 240, 64, 344, 77, 8, 24, 225, 248, 78, 140]
RKP_00500_00100_3_02.txt|385.27|400|0.00264304800000005|[5, 56, 152, 160, 189, 1, 4, 103, 110, 167, 172, 20, 26, 32, 221, 64, 111, 202, 3, 7, 38, 179, 195, 336, 413, 73, 15, 68, 162, 351]
RKP_00500_00100_3_03.txt|361.11|380|0.0026714249999999495|[9, 93, 113, 148, 444, 454, 1, 351, 71, 11, 22, 258, 264, 142, 193, 198, 266, 292, 14, 40, 45, 126, 191, 5, 118, 139, 49, 74]
RKP_00500_00100_3_04.txt|378.19|390|0.0025997639999999224|[66, 104, 168, 345, 209, 282, 350, 2, 312, 1, 142, 163, 31, 72, 103, 146, 156, 328, 20, 125, 217, 453, 278, 280, 4, 8, 11, 50, 3]
RKP_00500_00100_3_05.txt|395.07|420|0.0026610209999998703|[12, 1, 106, 143, 319, 381, 33, 225, 377, 417, 8, 84, 87, 108, 211, 294, 382, 9, 32, 102, 196, 199, 340, 7, 30, 88, 189, 252, 397, 74, 92, 35]
RKP_00500_00100_3_06.txt|339.99|359|0.0026548690000000263|[204, 5, 24, 45, 186, 189, 242, 311, 16, 52, 56, 91, 281, 433, 283, 12, 73, 90, 1, 2, 11, 19, 137, 7, 316, 404]
RKP_00500_00100_3_07.txt|340.27|361|0.002729767999999808|[5, 30, 33, 196, 200, 1, 2, 4, 141, 157, 308, 3, 76, 302, 326, 37, 102, 111, 216, 430, 17, 24, 77, 244, 287, 7]
RKP_00500_00100_3_08.txt|416.29|430|0.0026832829999999318|[14, 49, 57, 63, 90, 114, 275, 301, 19, 62, 150, 172, 451, 8, 25, 133, 159, 302, 323, 35, 214, 484, 4, 26, 280, 58, 84, 144, 1, 5, 32, 389, 10]
RKP_00500_00100_3_09.txt|371.71|390|0.00255798200000001|[4, 58, 70, 154, 169, 231, 104, 148, 171, 294, 347, 434, 2, 115, 221, 1, 3, 24, 54, 108, 63, 269, 315, 83, 122, 136, 208, 14, 59]
RKP_00500_00100_3_10.txt|362.81|380|0.0026239550000000025|[153, 189, 322, 13, 18, 165, 305, 159, 1, 40, 325, 3, 7, 10, 25, 32, 99, 123, 193, 388, 14, 28, 38, 57, 392, 47, 102, 217]
RKP_00500_00100_4_01.txt|100.0|100|0.0024023860000000497|[445]
RKP_00500_00100_4_02.txt|100.0|100|0.0023791579999997126|[423]
RKP_00500_00100_4_03.txt|100.0|100|0.0023637239999997916|[436]
RKP_00500_00100_4_04.txt|100.0|100|0.0024509769999999163|[419]
RKP_00500_00100_4_05.txt|100.0|100|0.002380866000000168|[421]
RKP_00500_00100_4_06.txt|99.96|100|0.0023415200000001233|[431]
RKP_00500_00100_4_07.txt|100.0|100|0.0023642149999999872|[467]
RKP_00500_00100_4_08.txt|100.0|100|0.0023935430000000934|[430]
RKP_00500_00100_4_09.txt|100.0|100|0.0023402480000000027|[440]
RKP_00500_00100_4_10.txt|100.0|100|0.0023291860000001206|[473]
RKP_00500_00100_5_01.txt|93.64|103|0.002842853000000005|[1, 3, 4, 5, 6, 7, 8, 9, 10, 11, 13, 16, 17, 19, 20, 21]
RKP_00500_00100_5_02.txt|96.73|106|0.002676973999999781|[1, 2, 3, 4, 5, 7, 8, 10, 13, 14]
RKP_00500_00100_5_03.txt|92.8|105|0.002669549000000231|[2, 5, 6, 7, 8, 9, 11, 13, 14]
RKP_00500_00100_5_04.txt|94.11|102|0.0024828099999995956|[1, 2, 3, 4, 7, 8, 9, 10, 11, 12, 13, 14, 17]
RKP_00500_00100_5_05.txt|91.79|102|0.0025155090000001934|[1, 2, 3, 4, 5, 8, 10, 11, 12, 13, 15, 16, 17]
RKP_00500_00100_5_06.txt|96.01|106|0.0028904469999999093|[1, 4, 5, 6, 7, 9, 10, 12, 13, 14, 15, 16, 18, 19]
RKP_00500_00100_5_07.txt|93.32|105|0.0025731019999997782|[2, 3, 4, 5, 6, 7, 8, 9, 10, 11, 12]
RKP_00500_00100_5_08.txt|94.12|104|0.002429163999999986|[1, 4, 6, 7, 8, 9, 13, 14, 15, 16]
RKP_00500_00100_5_09.txt|92.58|103|0.002428356000000349|[2, 3, 4, 7, 8, 9, 10, 11, 12, 14, 15]
RKP_00500_00100_5_10.txt|91.76|101|0.002496264999999767|[1, 4, 5, 7, 9, 11, 12, 13, 16, 17, 18, 19]
RKP_01000_00100_1_01.txt|2067.56|2206|0.006058392000000481|[67, 91, 151, 97, 50, 2, 64, 51, 123, 465, 314, 13, 432, 42, 261, 39, 10, 604, 646, 8, 560, 40, 531, 222, 47, 260, 116, 36, 606, 11, 4]
RKP_01000_00100_1_02.txt|1957.01|2050|0.006010436000000041|[294, 30, 696, 16, 171, 182, 754, 584, 486, 9, 72, 38, 193, 359, 1, 49, 8, 2, 527, 50, 108, 515, 89, 195, 694, 872, 18, 81, 599, 624, 557, 337]
RKP_01000_00100_1_03.txt|1955.96|2087|0.006338322999999946|[199, 172, 116, 174, 32, 114, 800, 50, 2, 869, 498, 4, 48, 56, 1, 128, 326, 182, 252, 19, 3, 16, 725, 145, 535, 754, 366, 813, 65, 330]
RKP_01000_00100_1_04.txt|2207.5|2301|0.0061835469999997625|[1, 283, 44, 429, 12, 14, 151, 733, 726, 5, 20, 732, 255, 2, 163, 75, 3, 857, 566, 184, 165, 790, 277, 63, 6, 69, 42, 592, 91, 172, 53, 266, 376]
RKP_01000_00100_1_05.txt|2086.62|2163|0.00621782999999958|[121, 89, 915, 673, 207, 75, 1, 635, 49, 37, 123, 776, 39, 222, 16, 12, 553, 188, 582, 26, 74, 865, 1000, 151, 299, 29, 696, 307, 82, 198, 159]
RKP_01000_00100_1_06.txt|2341.59|2456|0.0062561050000003605|[168, 790, 33, 1, 99, 38, 383, 242, 250, 993, 442, 645, 6, 120, 349, 58, 52, 632, 44, 176, 4, 177, 8, 283, 265, 57, 255, 244, 78, 55, 37, 117, 233, 236, 546]
RKP_01000_00100_1_07.txt|2379.5|2480|0.006105417999999503|[128, 440, 37, 382, 86, 226, 7, 3, 127, 874, 130, 49, 778, 129, 190, 90, 476, 342, 19, 436, 170, 88, 372, 556, 484, 80, 627, 1, 2, 18, 42, 8, 146]
RKP_01000_00100_1_08.txt|2121.65|2239|0.006138660999999886|[223, 422, 4, 421, 1, 145, 80, 6, 356, 922, 716, 22, 303, 274, 366, 26, 118, 15, 68, 10, 5, 7, 29, 390, 101, 294, 149, 278, 780, 16, 111, 183, 202]
RKP_01000_00100_1_09.txt|2020.22|2135|0.006328466000000432|[31, 672, 103, 782, 168, 14, 27, 290, 17, 513, 48, 691, 1, 196, 898, 32, 262, 579, 489, 2, 213, 108, 925, 942, 170, 427, 133, 39, 15, 248]
RKP_01000_00100_1_10.txt|2378.16|2473|0.006109994999999841|[669, 76, 618, 785, 1, 253, 111, 8, 534, 19, 55, 104, 968, 159, 748, 37, 43, 480, 813, 931, 805, 331, 50, 221, 188, 286, 158, 491, 663, 295, 4, 11, 198, 754, 439, 368, 825]
RKP_01000_00100_2_01.txt|251.01|270|0.006297335999999803|[24, 7, 12, 374, 264, 3, 111, 253, 366, 209, 73, 380, 690, 185, 186, 21, 375, 252, 33, 41, 76, 183, 614, 13]
RKP_01000_00100_2_02.txt|248.3|265|0.0060139359999998735|[84, 385, 375, 782, 311, 63, 73, 179, 410, 547, 357, 583, 183, 202, 69, 8, 954, 625, 3, 23, 166, 376, 901, 13]
RKP_01000_00100_2_03.txt|294.65|310|0.0061278730000000085|[416, 87, 84, 5, 97, 58, 417, 123, 124, 141, 330, 81, 394, 335, 897, 33, 64, 746, 420, 928, 282, 55, 404, 256, 347, 340, 186, 149]
RKP_01000_00100_2_04.txt|254.77|277|0.005910668999999871|[443, 37, 94, 35, 21, 60, 123, 428, 698, 184, 58, 504, 147, 130, 49, 74, 24, 207, 244, 158, 332]
RKP_01000_00100_2_05.txt|247.74|268|0.006103669999999539|[299, 7, 380, 420, 742, 152, 222, 84, 428, 236, 26, 73, 30, 501, 162, 2, 5, 11, 12, 214, 255, 351, 462, 172, 846, 713]
RKP_01000_00100_2_06.txt|296.47|311|0.0061792259999999995|[122, 805, 6, 138, 647, 858, 590, 33, 1, 16, 602, 259, 24, 255, 152, 154, 187, 9, 57, 8, 48, 383, 399, 827, 322, 233, 115, 894, 258]
RKP_01000_00100_2_07.txt|251.96|268|0.006068291999999786|[208, 284, 531, 173, 796, 81, 457, 396, 950, 3, 378, 2, 61, 444, 520, 783, 821, 433, 20, 1, 480, 731, 218]
RKP_01000_00100_2_08.txt|286.16|302|0.00628938200000043|[39, 10, 121, 661, 3, 44, 129, 609, 862, 9, 26, 11, 406, 250, 41, 49, 573, 175, 131, 228, 7, 21, 278, 549, 223, 54, 73]
RKP_01000_00100_2_09.txt|250.88|271|0.00616981200000005|[436, 382, 417, 205, 18, 348, 191, 235, 904, 656, 651, 127, 573, 982, 31, 30, 225, 6, 9, 118, 1, 25, 176, 470]
RKP_01000_00100_2_10.txt|272.82|290|0.006234310000000036|[15, 252, 341, 521, 1, 56, 5, 164, 548, 4, 122, 309, 710, 564, 282, 579, 191, 30, 89, 273, 314, 700, 58, 71, 184, 412, 443, 522, 755]
RKP_01000_00100_3_01.txt|490.7|520|0.006207970999999688|[32, 51, 65, 119, 133, 337, 537, 659, 763, 1, 11, 15, 55, 186, 340, 348, 456, 464, 704, 740, 795, 249, 857, 2, 94, 157, 208, 322, 326, 441, 565, 567, 605, 962, 21, 22, 69, 77, 83, 179, 240, 294]
RKP_01000_00100_3_02.txt|462.51|480|0.0062375840000001405|[9, 25, 120, 137, 138, 295, 3, 37, 69, 94, 126, 176, 300, 533, 644, 654, 1, 2, 16, 19, 24, 31, 53, 56, 70, 110, 121, 216, 386, 586, 600, 7, 377, 381, 567, 978, 4, 35]
RKP_01000_00100_3_03.txt|481.82|500|0.006191783999999672|[13, 31, 54, 378, 431, 692, 836, 3, 84, 143, 170, 175, 204, 222, 270, 392, 530, 580, 994, 1, 93, 325, 46, 62, 99, 321, 443, 738, 822, 22, 44, 89, 181, 256, 382, 448, 625, 720, 797, 2]
RKP_01000_00100_3_04.txt|473.86|490|0.006210868000000147|[1, 42, 149, 274, 277, 305, 389, 449, 645, 740, 786, 4, 5, 16, 44, 65, 235, 558, 639, 3, 142, 2, 10, 29, 31, 41, 83, 550, 15, 119, 433, 492, 657, 24, 35, 53, 58, 154, 201]
RKP_01000_00100_3_05.txt|420.17|430|0.006426126999999937|[57, 460, 661, 2, 5, 23, 24, 29, 31, 108, 144, 163, 172, 630, 10, 100, 141, 151, 480, 1, 37, 85, 107, 128, 192, 204, 308, 910, 21, 50, 76, 145, 355]
RKP_01000_00100_3_06.txt|439.2|450|0.0061586120000009|[14, 1, 7, 16, 22, 37, 224, 471, 886, 970, 5, 36, 204, 242, 249, 15, 28, 63, 129, 207, 217, 278, 543, 25, 153, 901, 4, 13, 18, 66, 158, 330, 6, 347, 3]
RKP_01000_00100_3_07.txt|493.77|510|0.006373014000000552|[12, 20, 23, 31, 112, 129, 190, 231, 591, 695, 822, 888, 1, 4, 5, 27, 38, 354, 433, 750, 867, 53, 169, 3, 56, 62, 131, 282, 337, 402, 407, 8, 34, 161, 204, 583, 942, 2, 6, 63, 96]
RKP_01000_00100_3_08.txt|421.88|439|0.006123085000000259|[179, 340, 1, 2, 71, 89, 97, 129, 131, 266, 303, 35, 7, 11, 53, 145, 252, 257, 292, 524, 591, 636, 703, 9, 33, 118, 152, 154, 233, 342, 472, 655, 883, 13]
RKP_01000_00100_3_09.txt|424.44|440|0.006314188999999644|[23, 141, 480, 647, 17, 211, 216, 318, 385, 403, 578, 758, 871, 1, 6, 9, 16, 26, 48, 185, 202, 257, 2, 4, 47, 126, 127, 199, 471, 885, 930, 5, 19, 66]
RKP_01000_00100_3_10.txt|456.66|480|0.0060855879999999725|[26, 524, 677, 3, 16, 18, 22, 35, 46, 72, 106, 169, 227, 334, 467, 632, 10, 12, 156, 245, 764, 104, 187, 319, 439, 964, 1, 61, 103, 247, 264, 314, 566, 687, 799, 4, 5, 9]
RKP_01000_00100_4_01.txt|100.0|100|0.0057797459999999745|[882]
RKP_01000_00100_4_02.txt|100.0|100|0.006016579000000561|[858]
RKP_01000_00100_4_03.txt|100.0|100|0.0059475650000001675|[856]
RKP_01000_00100_4_04.txt|100.0|100|0.005894270999999733|[828]
RKP_01000_00100_4_05.txt|100.0|100|0.006102908000000156|[853]
RKP_01000_00100_4_06.txt|100.0|100|0.005914178000000092|[878]
RKP_01000_00100_4_07.txt|100.0|100|0.005779063999999465|[887]
RKP_01000_00100_4_08.txt|100.0|100|0.005676893000000334|[847]
RKP_01000_00100_4_09.txt|100.0|100|0.006037168999999878|[877]
RKP_01000_00100_4_10.txt|100.0|100|0.0060808850000002935|[843]
RKP_01000_00100_5_01.txt|97.05|106|0.006020845999999906|[3, 5, 6, 7, 8, 9, 10, 11, 12, 14, 15, 17]
RKP_01000_00100_5_02.txt|93.61|102|0.006603515000000044|[1, 2, 3, 4, 6, 7, 8, 9, 10, 11, 12, 13, 15]
RKP_01000_00100_5_03.txt|96.57|105|0.006005183999999702|[1, 3, 4, 5, 6, 7, 10, 11, 12, 13, 14, 15, 16, 17]
RKP_01000_00100_5_04.txt|96.63|104|0.006009415999999987|[3, 4, 5, 6, 7, 8, 9, 10, 11, 13, 14, 15, 16, 17, 18, 19]
RKP_01000_00100_5_05.txt|95.87|103|0.006087385999999597|[4, 6, 8, 11, 12, 13, 14, 16, 17, 18, 20]
RKP_01000_00100_5_06.txt|96.22|104|0.00626627899999967|[1, 3, 4, 6, 7, 8, 9, 11, 12, 13, 14, 15, 16, 17, 18, 19]
RKP_01000_00100_5_07.txt|96.68|103|0.005945696999999868|[2, 3, 4, 5, 6, 7, 9, 10, 11, 12, 13, 15, 16, 18, 19, 20, 21, 23, 25]
RKP_01000_00100_5_08.txt|95.98|105|0.0061448129999998|[1, 7, 8, 9, 10, 11, 13, 14, 15, 17]
RKP_01000_00100_5_09.txt|92.31|102|0.006149022000000102|[2, 4, 5, 6, 7, 8, 11, 12, 13, 14, 15, 16]
RKP_01000_00100_5_10.txt|93.83|101|0.006122985999999102|[1, 2, 3, 4, 5, 6, 7, 8, 9, 10, 12, 13, 14, 18]
RKP_05000_00100_1_01.txt|4600.34|4776|0.07994720299999997|[302, 1839, 1373, 465, 3, 2556, 4, 5, 9, 1, 553, 2091, 8, 20, 3645, 1406, 2106, 1268, 540, 116, 589, 51, 3411, 904, 49, 1485, 150, 1700, 1482, 68, 2398, 1366, 3733, 4536, 59, 1275, 852, 89, 213, 1277, 155, 1207, 24, 115, 2548, 99, 2478, 2692, 21, 1723, 847, 801, 1568, 1213, 2003, 22, 7, 363, 4545, 13, 16, 642, 1021, 343, 518]
RKP_05000_00100_1_02.txt|4479.29|4609|0.08031276500000019|[3648, 3415, 60, 171, 31, 277, 275, 892, 4066, 73, 350, 4311, 174, 4439, 1210, 2337, 104, 716, 1201, 501, 16, 3013, 1, 347, 338, 601, 135, 374, 2939, 18, 235, 304, 151, 1821, 2809, 3107, 1720, 1929, 130, 301, 3739, 2669, 4651, 99, 28, 75, 420, 2, 437, 4339, 3158, 1585, 794, 1557, 1432, 4071, 57, 262, 357, 2056]
RKP_05000_00100_1_03.txt|4456.92|4582|0.07951190299999979|[6, 2646, 22, 591, 961, 1355, 1, 1069, 207, 3382, 4798, 81, 52, 4396, 4053, 136, 193, 1588, 10, 2992, 3261, 27, 3127, 3471, 26, 1880, 1417, 3686, 3801, 1634, 3036, 114, 1171, 929, 612, 203, 3005, 7, 2382, 5, 326, 1550, 304, 156, 2797, 793, 2939, 1020, 219, 1066, 2442, 1237, 656, 1044, 401, 1035, 1179, 436, 208, 684]
RKP_05000_00100_1_04.txt|4208.86|4371|0.09257121099999978|[2831, 41, 2565, 38, 147, 2594, 4320, 1931, 69, 713, 23, 1521, 5, 3064, 135, 4470, 2030, 444, 4280, 3644, 3336, 3198, 16, 868, 1633, 795, 1367, 579, 3338, 131, 2859, 78, 3225, 3474, 3503, 1764, 205, 2255, 416, 2304, 1048, 3703, 1527, 7, 3605, 1675, 20, 651, 378, 557, 792, 1173, 4914, 1210, 3053, 2528, 979, 26, 3006, 2940, 3085, 3484, 4248, 337, 1814, 2934]
RKP_05000_00100_1_05.txt|4158.84|4301|0.08068185099999951|[1169, 541, 427, 542, 4588, 2, 8, 1759, 2850, 3856, 20, 16, 4, 1309, 174, 306, 1432, 33, 53, 2447, 2549, 101, 2995, 288, 64, 60, 4969, 119, 96, 38, 92, 4179, 44, 507, 527, 356, 1088, 23, 270, 2347, 230, 3160, 977, 4630, 1433, 158, 14, 2922, 428, 608, 907, 660, 2886, 2537, 3454, 30, 667, 2097]
RKP_05000_00100_1_06.txt|4285.65|4497|0.08167332399999992|[866, 745, 41, 208, 1799, 747, 219, 569, 25, 73, 457, 3167, 152, 9, 807, 133, 645, 62, 1279, 896, 860, 3, 122, 329, 1512, 8, 1319, 435, 21, 2608, 701, 14, 17, 1606, 11, 147, 2, 55, 71, 920, 1259, 111, 108, 2510, 7, 44, 1542, 652, 1031, 18, 3571, 131, 912, 115, 377, 3239, 139, 3825, 694, 1186, 238, 888]
RKP_05000_00100_1_07.txt|4698.96|4856|0.08171620000000004|[30, 3473, 219, 1, 97, 880, 180, 1149, 3419, 118, 1437, 582, 2037, 876, 204, 2883, 1762, 124, 4, 11, 931, 32, 1222, 54, 1758, 79, 90, 451, 2591, 991, 1401, 453, 13, 3111, 3370, 3, 2367, 3162, 155, 244, 55, 362, 3566, 104, 646, 457, 188, 2085, 1477, 1827, 5, 2207, 3167, 2438, 1187, 3484, 4252, 4639, 494, 192, 2041, 35, 811, 3320, 551, 60]
RKP_05000_00100_1_08.txt|4343.91|4482|0.08069876599999973|[2845, 820, 6, 186, 441, 906, 264, 266, 816, 2248, 865, 300, 502, 82, 1, 276, 1717, 3259, 4344, 275, 4811, 148, 154, 179, 687, 985, 1267, 739, 48, 3226, 120, 52, 3137, 4473, 2780, 215, 183, 3911, 1358, 4638, 745, 1632, 4998, 3876, 538, 2054, 341, 777, 54, 137, 29, 779, 72, 2399, 1079, 260, 345, 1029, 2994, 2899, 288, 1337, 2250]
RKP_05000_00100_1_09.txt|4009.5|4157|0.07972667499999886|[325, 786, 2596, 270, 816, 4135, 3051, 178, 4424, 1184, 1363, 3759, 3697, 4341, 10, 121, 2, 70, 3572, 74, 423, 1856, 463, 6, 42, 853, 230, 2349, 2807, 447, 729, 383, 1260, 4156, 30, 83, 987, 1309, 1769, 796, 747, 3, 3556, 1427, 90, 190, 533, 329, 43, 1736, 1945, 4220, 1869, 4062, 445]
RKP_05000_00100_1_10.txt|4446.4|4581|0.0816608919999996|[1804, 48, 1395, 3373, 437, 2061, 230, 952, 3176, 25, 3086, 83, 429, 176, 189, 321, 2958, 143, 482, 1091, 111, 1350, 3065, 1422, 352, 4572, 780, 1342, 2, 2616, 4369, 8, 60, 1, 4883, 26, 795, 3734, 662, 654, 445, 21, 180, 363, 1221, 956, 564, 2120, 385, 484, 4185, 20, 1517, 304, 90, 15, 134, 714, 805, 930, 629, 612, 2028]
RKP_05000_00100_2_01.txt|428.87|443|0.08149242200000088|[540, 110, 144, 2729, 1741, 551, 1057, 2019, 3518, 3020, 77, 648, 868, 1292, 1647, 2210, 1078, 68, 148, 220, 736, 2218, 25, 626, 848, 1238, 2735, 4039, 2120, 2295, 2913, 2948, 3573, 40, 4620, 4675, 5, 142, 246, 315, 1715, 204]
RKP_05000_00100_2_02.txt|477.94|498|0.08160568700000112|[4347, 1014, 455, 532, 656, 1793, 29, 275, 1570, 4063, 4978, 4, 73, 1493, 10, 35, 1178, 1770, 3, 14, 298, 407, 578, 871, 3178, 3654, 152, 778, 763, 1800, 2437, 3238, 8, 15, 22, 40, 103, 1194, 1838, 2992, 3004, 2439, 4384, 101, 2263, 2360, 2501, 536, 2707, 33, 61, 155]
RKP_05000_00100_2_03.txt|455.54|473|0.0792153490000021|[3625, 4547, 5, 242, 710, 1122, 1234, 4989, 17, 39, 4, 388, 826, 2844, 4806, 442, 840, 895, 1925, 2550, 3332, 3969, 769, 2606, 4655, 6, 3890, 4206, 314, 3166, 1463, 9, 185, 202, 524, 711, 1469, 2973, 4028, 1, 22, 82, 543, 592, 1749, 11, 12, 195, 260, 500]
RKP_05000_00100_2_04.txt|444.76|464|0.08178205299999916|[674, 1, 2126, 4139, 12, 387, 531, 45, 283, 1864, 5, 483, 491, 687, 917, 99, 355, 506, 1415, 1565, 1633, 752, 1551, 35, 1107, 1671, 31, 54, 67, 87, 156, 225, 325, 1138, 1566, 3108, 3585, 168, 3153, 72, 109, 637, 2052, 13, 363, 3028, 3572, 111]
RKP_05000_00100_2_05.txt|470.21|491|0.0797492310000004|[3758, 522, 1741, 274, 355, 1029, 2365, 2703, 3555, 991, 2083, 5, 52, 942, 1224, 1654, 2332, 2545, 3226, 366, 752, 879, 3406, 2785, 3383, 984, 1823, 3374, 69, 693, 797, 3238, 29, 370, 1076, 1903, 2614, 426, 612, 3241, 167, 2206, 2208, 2815, 3573, 413, 51, 434]
RKP_05000_00100_2_06.txt|447.51|465|0.08009075900000198|[326, 3682, 1109, 1288, 2453, 4405, 23, 816, 1581, 2118, 3347, 62, 136, 758, 6, 356, 2040, 2408, 437, 1208, 129, 369, 2044, 4478, 1688, 3081, 466, 1, 639, 853, 1433, 210, 2422, 3, 182, 926, 1025, 222, 2075, 33, 602, 1193, 2039, 2974, 135, 2148, 367]
RKP_05000_00100_2_07.txt|460.4|485|0.0815871900000002|[396, 79, 2, 2641, 7, 516, 71, 333, 2751, 43, 58, 180, 235, 938, 1389, 2246, 2419, 141, 260, 595, 1949, 2323, 1, 15, 105, 373, 4183, 183, 261, 689, 2108, 3866, 177, 194, 1063, 3229, 3555, 55, 74, 244, 2164, 2332, 4327, 103, 649, 216, 744, 3, 11, 28, 341, 1073]
RKP_05000_00100_2_08.txt|440.2|453|0.08162632199999904|[1700, 199, 14, 99, 152, 2584, 2915, 24, 1638, 2149, 2068, 3421, 2, 41, 98, 636, 792, 1387, 48, 23, 621, 4332, 4658, 25, 79, 524, 560, 735, 1415, 4543, 15, 291, 367, 869, 1492, 1204, 7, 94, 464, 967, 3246, 3696, 9, 1273, 2312, 3365, 1330, 2831, 953]
RKP_05000_00100_2_09.txt|472.15|493|0.08210174300000063|[6, 5, 1331, 2692, 2520, 4778, 433, 1873, 2352, 2953, 293, 294, 88, 112, 392, 846, 1338, 2179, 2318, 4070, 110, 142, 75, 355, 2196, 2365, 151, 1149, 218, 755, 362, 1335, 1397, 1818, 61, 238, 955, 86, 3113, 315, 1008, 1679, 2213, 15, 4171, 244, 796, 13, 20, 66, 558, 574, 747]
RKP_05000_00100_2_10.txt|438.89|464|0.07868989399999947|[1547, 3300, 250, 502, 918, 1932, 2345, 2755, 2802, 3321, 113, 2283, 2318, 2768, 4994, 19, 74, 120, 136, 326, 2133, 291, 315, 2022, 184, 210, 1459, 275, 2435, 78, 163, 373, 978, 1313, 3005, 3077, 4424, 660, 4012, 72, 302, 66, 935, 477, 48, 123]
RKP_05000_00100_3_01.txt|757.52|780|0.08027828200000187|[1, 8, 10, 11, 26, 83, 97, 135, 145, 224, 231, 279, 288, 312, 349, 361, 465, 471, 588, 661, 692, 900, 1006, 1096, 1272, 1725, 1751, 1768, 2039, 2321, 2608, 3252, 3272, 3292, 3675, 4195, 2, 4, 7, 18, 28, 55, 58, 77, 80, 104, 109, 118, 188, 242, 276, 297, 322, 345, 377, 383, 395, 410, 413, 504, 506, 534, 558, 676, 821, 948, 995, 1037]
RKP_05000_00100_3_02.txt|838.4|880|0.08017028699999998|[9, 36, 38, 55, 94, 98, 132, 135, 145, 148, 167, 203, 219, 254, 272, 312, 313, 351, 356, 373, 392, 415, 434, 472, 496, 512, 542, 776, 856, 973, 989, 1047, 1119, 1136, 1267, 1271, 1664, 1834, 1876, 2362, 2409, 2674, 2689, 2722, 2762, 2772, 2848, 3287, 3318, 3344, 3615, 3645, 4055, 4114, 4494, 4912, 3, 17, 31, 40, 74, 175, 242, 304, 330, 365, 426, 427, 453, 554, 796, 863, 879, 917, 993, 1093, 1147, 1326]
RKP_05000_00100_3_03.txt|823.4|860|0.0819015669999979|[1, 6, 15, 18, 20, 21, 27, 52, 76, 86, 96, 129, 140, 159, 205, 258, 283, 341, 387, 403, 820, 894, 914, 945, 977, 1058, 1109, 1226, 1304, 1305, 1409, 1459, 1487, 1558, 1571, 1712, 1847, 1888, 1941, 2676, 2793, 2858, 2962, 2984, 2989, 3115, 4254, 4520, 4528, 4547, 4563, 4874, 3, 14, 24, 73, 124, 155, 165, 192, 351, 380, 446, 459, 546, 656, 698, 714, 721, 780, 901, 909, 963, 979, 996, 1086]
RKP_05000_00100_3_04.txt|807.56|850|0.08023505499999999|[1, 9, 11, 16, 48, 56, 59, 100, 298, 318, 320, 325, 335, 365, 446, 578, 688, 708, 769, 770, 808, 898, 984, 1024, 1182, 1193, 1227, 1264, 1283, 1338, 1348, 1433, 1739, 1757, 1788, 1905, 2156, 2274, 2340, 2386, 2433, 2600, 2634, 2810, 3111, 3384, 3639, 3851, 4679, 4996, 2, 3, 4, 14, 15, 24, 28, 51, 66, 68, 72, 98, 99, 103, 118, 122, 130, 133, 136, 205, 266, 315, 377, 403, 411]
RKP_05000_00100_3_05.txt|722.44|749|0.08114489200000094|[7, 52, 79, 122, 238, 292, 362, 480, 485, 513, 573, 638, 669, 905, 909, 936, 950, 973, 1668, 2040, 2337, 2456, 2714, 2928, 3114, 4073, 4398, 4423, 1, 25, 47, 60, 76, 109, 220, 230, 304, 435, 448, 588, 590, 614, 891, 994, 1088, 1259, 1491, 1526, 1764, 1810, 1858, 2471, 2671, 2837, 2877, 3492, 3753, 4063, 4110, 4118, 4182, 4207, 295, 2596, 3135]
RKP_05000_00100_3_06.txt|816.63|850|0.08107903800000088|[1, 10, 15, 24, 26, 27, 32, 35, 58, 68, 79, 103, 113, 119, 121, 179, 203, 244, 248, 352, 452, 492, 551, 638, 683, 755, 796, 838, 956, 1046, 1130, 1148, 1376, 1451, 1477, 1657, 1698, 1735, 1860, 1884, 2205, 2457, 2528, 2710, 2878, 2889, 2978, 3082, 3112, 4282, 3, 4, 5, 6, 12, 29, 45, 104, 108, 157, 181, 207, 221, 278, 290, 413, 434, 440, 460, 588, 700, 775, 787, 899, 1081]
RKP_05000_00100_3_07.txt|823.58|860|0.08094135499999652|[1, 18, 20, 30, 77, 89, 93, 98, 99, 114, 119, 169, 189, 206, 213, 222, 281, 304, 356, 362, 372, 416, 495, 500, 507, 523, 550, 699, 729, 750, 812, 817, 876, 883, 890, 980, 1030, 1095, 1577, 1833, 1892, 1960, 2113, 2510, 2632, 2667, 2701, 2869, 3232, 3416, 3653, 4835, 9, 26, 29, 68, 130, 166, 167, 178, 185, 211, 355, 485, 526, 549, 566, 570, 583, 719, 799, 859, 865, 894, 913, 1411]
RKP_05000_00100_3_08.txt|837.36|870|0.08107520899999997|[1, 6, 13, 17, 28, 47, 92, 97, 100, 101, 129, 161, 215, 227, 238, 343, 346, 382, 428, 491, 557, 563, 572, 645, 700, 925, 969, 1076, 1208, 1238, 1240, 1244, 1355, 1414, 1478, 1502, 1517, 1589, 1802, 1973, 2091, 2276, 2430, 2572, 2702, 3001, 3330, 3716, 3821, 4062, 4178, 4225, 4353, 4735, 2, 21, 24, 35, 36, 44, 60, 99, 115, 124, 191, 216, 273, 294, 309, 484, 502, 515, 611, 684, 807, 940, 1027]
RKP_05000_00100_3_09.txt|815.75|850|0.0798593460000012|[1, 4, 24, 40, 55, 63, 94, 111, 137, 205, 217, 262, 271, 288, 355, 409, 466, 585, 662, 696, 789, 827, 839, 981, 986, 1067, 1161, 1532, 1558, 1683, 1913, 2033, 2048, 2227, 2372, 2453, 2595, 2846, 2862, 2925, 3500, 3562, 3603, 3727, 3987, 4348, 4681, 4813, 4902, 4948, 3, 8, 29, 49, 57, 78, 110, 116, 119, 229, 274, 277, 307, 350, 373, 419, 447, 501, 579, 610, 754, 973, 1004, 1074, 1210]
RKP_05000_00100_3_10.txt|803.85|839|0.08079395700000191|[3, 19, 21, 22, 27, 30, 52, 63, 119, 173, 216, 236, 252, 283, 383, 438, 627, 659, 666, 775, 787, 860, 881, 1046, 1075, 1166, 1419, 1426, 1430, 1463, 1547, 1938, 1946, 2107, 2195, 2235, 2244, 2312, 2477, 2929, 2988, 2990, 3361, 3869, 3877, 3997, 4448, 4628, 4783, 1, 2, 4, 5, 10, 39, 50, 57, 79, 113, 138, 141, 142, 166, 211, 227, 333, 336, 337, 526, 540, 559, 780, 793, 798]
RKP_05000_00100_4_01.txt|100.0|100|0.0795193750000027|[4203]
RKP_05000_00100_4_02.txt|100.0|100|0.07975959899999736|[4298]
RKP_05000_00100_4_03.txt|100.0|100|0.07824366299999838|[4228]
RKP_05000_00100_4_04.txt|100.0|100|0.08084945300000243|[4218]
RKP_05000_00100_4_05.txt|100.0|100|0.07887779800000033|[4218]
RKP_05000_00100_4_06.txt|100.0|100|0.08191950100000099|[4203]
RKP_05000_00100_4_07.txt|100.0|100|0.07968661200000099|[4211]
RKP_05000_00100_4_08.txt|100.0|100|0.08121669400000087|[4203]
RKP_05000_00100_4_09.txt|100.0|100|0.07817166099999838|[4209]
RKP_05000_00100_4_10.txt|100.0|100|0.08064892100000463|[4213]
RKP_05000_00100_5_01.txt|96.83|100|0.07893745599999874|[1, 3, 4, 5, 6, 7, 8, 9, 10, 11, 13, 14, 15, 16, 17, 18, 21, 22, 23, 24, 25, 26, 27, 29, 30, 31]
RKP_05000_00100_5_02.txt|98.74|104|0.07987190999999712|[3, 4, 6, 7, 8, 9, 10, 11, 14, 15, 16, 17, 18, 19, 20, 21, 22, 23, 25]
RKP_05000_00100_5_03.txt|97.61|102|0.07978176600000211|[2, 5, 6, 7, 8, 10, 11, 12, 13, 14, 16, 17, 18, 19, 20, 21, 24, 25, 27, 28, 30, 31, 32, 33]
RKP_05000_00100_5_04.txt|97.42|101|0.07807345699999757|[1, 2, 3, 4, 5, 6, 7, 8, 9, 10, 11, 12, 13, 14, 15, 16, 18, 19, 21, 22]
RKP_05000_00100_5_05.txt|97.58|101|0.07888070700000412|[2, 5, 6, 8, 9, 10, 11, 12, 13, 14, 15, 20, 21, 22, 23, 26, 27, 28, 29, 30, 31, 32, 33, 35, 36]
RKP_05000_00100_5_06.txt|98.26|102|0.08073394100000143|[1, 2, 4, 5, 6, 7, 8, 10, 11, 12, 13, 14, 16, 17, 18, 19, 21, 22, 23, 24, 25, 27, 28, 29, 30, 31, 32]
RKP_05000_00100_5_07.txt|97.22|101|0.08117933600000299|[2, 4, 6, 7, 8, 9, 10, 11, 12, 13, 15, 16, 17, 18, 19, 20, 21, 22, 24, 26, 28, 29, 30]
RKP_05000_00100_5_08.txt|96.43|101|0.0771981169999998|[2, 4, 5, 6, 7, 8, 9, 10, 11, 12, 13, 14, 15, 16, 17, 18, 19, 21, 22, 24, 25, 26, 27, 28, 29, 30, 32, 33]
RKP_05000_00100_5_09.txt|97.63|101|0.07851179900000148|[2, 4, 6, 7, 8, 11, 12, 13, 14, 15, 17, 18, 19, 20, 21, 22, 23, 24, 25, 26, 27, 29, 30]
RKP_05000_00100_5_10.txt|98.68|102|0.08106830799999613|[2, 3, 4, 5, 6, 7, 8, 9, 10, 11, 12, 13, 14, 17, 18, 19, 20, 21, 22, 23, 24]
RKP_05000_01000_1_01.txt|56521.89|57983|0.0811234580000007|[53, 4971, 424, 2254, 3485, 700, 1232, 328, 732, 18, 1742, 3791, 151, 23, 15, 17, 1034, 2481, 1724, 1756, 1591, 1841, 1, 334, 13, 226, 379, 866, 4223, 1214, 661, 2777, 2, 1919, 751, 3799, 2629, 96, 8, 10, 3256, 2266, 368, 16, 399, 2567, 1858, 684, 3187, 1928, 2874, 778, 1145, 33, 2077, 22, 991, 5, 271, 1196, 969, 252, 800, 30, 118, 212, 82, 511, 1431, 1387, 4129, 4479, 3144, 1775, 78, 35, 551, 1810, 726, 1979, 59, 974, 2187, 153, 3534]
RKP_05000_01000_1_02.txt|59298.19|60852|0.082072550999996|[918, 2800, 89, 304, 1590, 36, 675, 4489, 7, 728, 3565, 2379, 1205, 1337, 4961, 1055, 1261, 222, 2745, 1414, 78, 988, 22, 41, 506, 3875, 2832, 2594, 2825, 10, 282, 235, 588, 1403, 1455, 109, 2011, 425, 622, 1999, 3349, 2769, 17, 772, 3, 155, 837, 1677, 39, 1329, 337, 965, 368, 3795, 3628, 236, 539, 917, 1604, 1277, 2973, 3668, 790, 2727, 207, 3585, 84, 464, 2120, 1343, 1683, 2229, 2198, 3095, 2041, 1860, 2750, 471, 293, 165, 2093, 646, 130, 65]
RKP_05000_01000_1_03.txt|54588.91|56025|0.08259692800000039|[1614, 882, 24, 1534, 3194, 3276, 22, 1039, 1854, 2688, 135, 852, 1415, 272, 940, 933, 1475, 176, 339, 1027, 67, 533, 1364, 1, 2471, 1150, 344, 3392, 1339, 174, 649, 3920, 479, 1822, 76, 3682, 248, 165, 3232, 72, 1605, 2201, 3835, 2125, 114, 60, 2848, 1478, 2314, 749, 1719, 3, 1219, 129, 1815, 515, 2016, 1146, 988, 2161, 4640, 4193, 810, 192, 1979, 94, 875, 2110, 13, 2682, 4283, 441, 4191, 2468, 33, 1262, 4216, 400, 186]
RKP_05000_01000_1_04.txt|56432.29|57579|0.08118098799999927|[1218, 135, 952, 61, 223, 4624, 1450, 4775, 1275, 716, 35, 16, 594, 498, 794, 9, 4277, 49, 4397, 10, 114, 64, 181, 1, 3926, 318, 1142, 191, 52, 3055, 687, 546, 3023, 351, 2320, 724, 3051, 533, 5, 2023, 4232, 33, 1174, 1916, 413, 50, 2060, 2999, 189, 1311, 25, 133, 465, 1416, 2, 248, 1021, 24, 7, 1689, 2047, 270, 2649, 1107, 395, 8, 2580, 4329, 6, 2470, 71, 522, 1074, 1395, 3271, 2550, 1901, 210, 105, 2177, 2922, 421, 17, 103, 2269]
RKP_05000_01000_1_05.txt|55525.86|56975|0.08272384299999715|[1142, 1649, 91, 385, 2, 65, 352, 259, 2069, 430, 1316, 97, 93, 1411, 1588, 132, 985, 2547, 4053, 2834, 1227, 2271, 14, 1093, 254, 1607, 4118, 467, 3468, 279, 339, 1606, 46, 4385, 1418, 168, 667, 4, 1155, 1162, 3067, 267, 816, 157, 651, 1474, 711, 8, 580, 1321, 1883, 1049, 4096, 16, 73, 943, 593, 94, 130, 120, 48, 2819, 2004, 330, 19, 2263, 85, 1893, 4204, 5, 2256, 25, 592, 231, 67, 903, 2360, 72, 208, 1012, 119, 2350, 69, 1150, 838, 2786, 2570]
RKP_05000_01000_1_06.txt|54454.67|56215|0.08302636000000234|[4603, 51, 736, 691, 1879, 48, 336, 2050, 498, 2517, 8, 1689, 159, 1097, 697, 1916, 1511, 3109, 1242, 943, 297, 1910, 288, 52, 3076, 3846, 2, 2967, 3, 80, 217, 503, 399, 1368, 1530, 9, 269, 150, 90, 343, 616, 1002, 1192, 894, 42, 13, 2483, 612, 292, 157, 646, 1062, 429, 2857, 656, 2633, 1040, 721, 1662, 601, 688, 163, 4793, 1, 4196, 2865, 2012, 1494, 37, 2025, 687, 2442, 192, 224, 4, 337, 1720, 2048, 60, 1305, 883, 188, 107, 2195, 4183, 998, 594, 10, 1812]
RKP_05000_01000_1_07.txt|50551.12|51804|0.08329589900000656|[4009, 15, 753, 1904, 1741, 2, 568, 226, 161, 1359, 130, 2669, 213, 1865, 1697, 1, 65, 2593, 84, 44, 522, 577, 421, 188, 523, 23, 21, 628, 2001, 46, 795, 198, 77, 386, 2245, 616, 204, 651, 4242, 8, 91, 569, 1607, 4471, 985, 1047, 1489, 640, 2984, 993, 2145, 957, 1378, 241, 1449, 608, 3438, 1178, 1346, 1175, 1666, 4078, 2235, 27, 119, 38, 1052, 363, 424, 1659, 2087, 666, 1605, 488, 1433, 637]
RKP_05000_01000_1_08.txt|52480.39|54585|0.08374287300000446|[4497, 427, 140, 24, 20, 89, 651, 2356, 2585, 1275, 1088, 81, 190, 1487, 430, 2110, 10, 2528, 1391, 952, 527, 235, 670, 3925, 575, 488, 15, 1138, 2382, 7, 3318, 115, 26, 1574, 738, 3, 151, 3937, 4666, 849, 12, 66, 118, 890, 419, 40, 39, 2070, 411, 75, 892, 29, 32, 52, 548, 279, 2099, 785, 207, 3788, 79, 109, 389, 3288, 1344, 3437, 43, 217, 117, 529, 4070, 3323, 3908, 244, 1029, 2841, 534]
RKP_05000_01000_1_09.txt|55409.83|57291|0.08251069500000313|[157, 1714, 684, 4115, 2381, 3179, 1434, 3964, 1362, 104, 2, 1366, 427, 1788, 1, 364, 6, 996, 18, 163, 4, 128, 3744, 883, 191, 3245, 39, 390, 1481, 1679, 17, 51, 47, 499, 1854, 563, 1761, 3, 562, 2121, 2364, 190, 2328, 2845, 998, 27, 302, 714, 342, 473, 1113, 1414, 1242, 844, 2399, 2012, 3556, 3900, 73, 3156, 1699, 94, 106, 25, 1509, 1337, 359, 3644, 1495, 2034, 3448, 153, 49, 32, 2239, 1911, 2246, 136, 377, 2844, 8, 91]
RKP_05000_01000_1_10.txt|60283.94|61608|0.08309269900001028|[1640, 2671, 129, 245, 1044, 1680, 47, 888, 528, 104, 500, 785, 486, 2, 11, 1914, 461, 2184, 2867, 2216, 844, 384, 1430, 180, 1361, 2153, 103, 2753, 359, 1076, 1095, 3836, 49, 1479, 100, 1313, 2309, 9, 286, 4815, 1284, 807, 2544, 1, 1554, 2698, 839, 3137, 740, 43, 33, 212, 2541, 1686, 3309, 187, 2560, 1436, 472, 1476, 261, 198, 1553, 4698, 1253, 1731, 4036, 1413, 604, 193, 1350, 582, 4, 1934, 161, 813, 2768, 220, 1817, 1423, 3687, 255, 495, 904, 17, 464, 152, 1636, 124, 1644]
RKP_05000_01000_2_01.txt|4335.85|4515|0.08223955499999874|[176, 4166, 103, 2000, 339, 1473, 3060, 1844, 951, 3919, 483, 2671, 1173, 88, 2400, 1730, 2057, 1100, 1641, 541, 265, 2351, 1898, 1487, 3764, 309, 2281, 761, 1046, 32, 7, 81, 604, 413, 395, 4493, 724, 997, 153, 3395, 687, 115, 4598, 2, 12, 2569, 38, 22, 1011, 352, 23, 1154]
RKP_05000_01000_2_02.txt|4590.37|4744|0.08337163999998892|[2, 88, 279, 1577, 317, 365, 491, 2308, 1856, 1294, 1693, 44, 1068, 4977, 862, 1189, 2682, 3, 1, 2581, 545, 62, 121, 3024, 126, 1739, 1812, 471, 667, 76, 2983, 653, 78, 1049, 94, 946, 214, 1196, 2259, 1964, 964, 1000, 379, 2515, 2419, 3342, 338, 139, 2213, 820, 3711, 1159, 1503, 462, 299]
RKP_05000_01000_2_03.txt|4667.39|4864|0.08091062300000658|[51, 217, 305, 465, 1002, 69, 3351, 3416, 4964, 3938, 655, 86, 3540, 235, 862, 2340, 2182, 308, 1958, 507, 4457, 3343, 131, 518, 104, 1354, 942, 2548, 3087, 118, 1550, 177, 341, 2601, 1732, 858, 3822, 375, 1132, 2164, 2930, 2610, 106, 1483, 414, 286, 185, 477, 589, 350, 3180, 171, 88, 1676]
RKP_05000_01000_2_04.txt|5095.25|5269|0.08160740300000384|[17, 2518, 1740, 585, 3, 2408, 4454, 2928, 63, 1672, 2245, 183, 768, 153, 82, 758, 371, 4424, 400, 2989, 545, 1906, 3530, 2237, 1086, 54, 2249, 1989, 3872, 302, 509, 1, 4236, 22, 567, 7, 348, 1136, 916, 1319, 247, 557, 662, 1210, 19, 1539, 1799, 51, 163, 1209, 59, 703, 84, 3183, 667, 57, 1100, 2242, 23, 1065, 3498]
RKP_05000_01000_2_05.txt|4593.09|4735|0.08188830600000642|[734, 420, 204, 8, 1064, 201, 33, 4485, 3, 1132, 273, 1158, 1680, 876, 34, 4215, 3321, 70, 2513, 2943, 1762, 427, 1925, 1269, 260, 344, 16, 390, 2548, 187, 453, 80, 23, 9, 1052, 30, 775, 1424, 360, 526, 737, 2686, 324, 1335, 1672, 156, 5, 306, 43, 807, 1576, 1622, 10, 784, 4]
RKP_05000_01000_2_06.txt|4819.42|4983|0.08221169100000907|[473, 464, 1933, 61, 1, 344, 1477, 900, 105, 683, 138, 672, 2638, 4951, 242, 27, 2, 1569, 30, 1948, 793, 36, 1619, 1134, 386, 282, 403, 154, 925, 152, 2476, 59, 707, 1898, 2446, 3111, 739, 2287, 159, 1064, 714, 862, 94, 1852, 328, 4131, 2690, 2201, 2484, 109, 10, 4545, 481, 670, 184, 1746, 114, 1991, 63, 4407]
RKP_05000_01000_2_07.txt|4926.94|5111|0.08181944299998804|[4279, 759, 2608, 1902, 207, 4495, 1643, 1625, 1, 157, 2282, 1437, 909, 1811, 2206, 12, 3129, 4453, 11, 771, 1552, 751, 2233, 1123, 1265, 516, 238, 3147, 199, 212, 3275, 2446, 3882, 2461, 294, 1593, 2843, 2241, 5, 1935, 1945, 2341, 387, 44, 257, 3196, 368, 1425, 3085, 105, 1139, 1702, 1976, 228, 1461, 997, 3507, 2864, 33, 3031]
RKP_05000_01000_2_08.txt|4923.35|5090|0.0822511140000006|[1499, 298, 312, 972, 59, 1184, 78, 44, 3148, 2399, 580, 108, 264, 3385, 6, 17, 30, 213, 1067, 371, 658, 4, 846, 3191, 1783, 677, 2808, 236, 747, 634, 242, 2941, 1314, 200, 660, 1114, 2632, 2133, 385, 1156, 1924, 3857, 201, 14, 1664, 114, 1802, 473, 955, 362, 397, 901, 4386, 278, 1016, 2683, 823]
RKP_05000_01000_2_09.txt|4655.67|4833|0.08120521599999733|[1226, 897, 1556, 408, 10, 4, 379, 3478, 1132, 128, 1583, 1967, 3, 15, 1786, 25, 22, 175, 13, 2637, 3297, 63, 2317, 997, 1992, 536, 419, 36, 118, 2887, 1259, 1627, 2, 561, 2140, 4691, 935, 3113, 3974, 2789, 1428, 579, 677, 3583, 130, 2094, 2005, 1587, 77, 44, 2037, 270, 1844, 116, 151, 821]
RKP_05000_01000_2_10.txt|4481.14|4739|0.08124464399999852|[4267, 4015, 9, 137, 2998, 1494, 18, 191, 1502, 99, 227, 149, 1686, 2034, 36, 1926, 4084, 1619, 922, 420, 19, 294, 749, 4050, 2559, 1491, 1049, 1523, 3674, 1011, 1303, 4809, 555, 3584, 1858, 95, 1745, 82, 2318, 587, 206, 74, 3712, 941, 29, 3887, 305, 1416, 3163, 25, 880, 1175, 1176, 337, 2452]
RKP_05000_01000_3_01.txt|9616.44|9800|0.08186423599999898|[34, 1698, 1958, 2461, 3246, 21, 562, 1615, 1, 47, 108, 237, 455, 1081, 2416, 2783, 2851, 72, 112, 372, 114, 728, 996, 917, 176, 207, 284, 1198, 3421, 2250, 2241, 1038, 1894, 2056, 2178, 2874, 119, 150, 276, 688, 40, 97, 550, 384, 749, 1600, 9, 87, 398, 3683, 132, 193, 757, 1382, 2429, 23, 1190, 53, 604, 623, 4452, 77, 2748, 560, 1047, 1365, 241, 951, 1087, 15, 16, 37, 539, 1139, 4101, 1779, 274, 305, 387, 2, 109, 527, 586, 1021, 2640, 3545, 161, 181]
RKP_05000_01000_3_02.txt|10462.71|10699|0.0819296899999938|[129, 1041, 1499, 2113, 2425, 2067, 3308, 230, 1087, 39, 90, 379, 425, 542, 562, 2853, 446, 878, 1486, 2704, 28, 849, 1046, 2, 33, 1885, 2978, 3750, 2330, 209, 1161, 1436, 2215, 1, 25, 40, 169, 214, 1908, 3546, 436, 883, 892, 1020, 2667, 4134, 3041, 305, 445, 609, 730, 2772, 1117, 2989, 13, 801, 2136, 2565, 4, 41, 66, 718, 1174, 3393, 2080, 2933, 2998, 4719, 235, 2953, 3171, 71, 1240, 1334, 3832, 263, 345, 1193, 1488, 38, 68, 130, 295, 646, 759, 107, 116, 304, 953, 1484, 2808, 4419, 303, 595, 1083, 55, 111]
RKP_05000_01000_3_03.txt|10797.74|10999|0.0814914250000004|[5, 36, 286, 881, 1498, 3273, 4215, 399, 621, 975, 4813, 2, 215, 360, 568, 4041, 246, 609, 2319, 158, 3166, 4, 199, 1663, 129, 239, 1597, 4529, 652, 989, 1164, 2386, 3910, 4695, 709, 2439, 3545, 465, 896, 4671, 1, 38, 156, 163, 330, 339, 763, 794, 1022, 1041, 1559, 2202, 2957, 952, 3928, 3, 115, 214, 1465, 4084, 200, 221, 1082, 2087, 2034, 11, 22, 439, 710, 856, 1605, 1733, 3722, 308, 480, 544, 1157, 1222, 97, 669, 907, 3477, 153, 765, 879, 1767, 1926, 2529, 2901, 3239, 3697, 4149, 4329, 127, 452, 592, 1231, 1360, 1429, 1688]
RKP_05000_01000_3_04.txt|10782.93|11097|0.08183533300000136|[132, 198, 206, 448, 548, 680, 1872, 2150, 2372, 2868, 111, 619, 657, 1080, 4, 63, 261, 610, 989, 70, 4880, 6, 1, 495, 709, 1049, 1276, 1396, 2516, 337, 360, 574, 2747, 27, 277, 3197, 3448, 306, 3523, 29, 58, 864, 1786, 3330, 9, 5, 7, 142, 2541, 4042, 769, 1226, 4440, 1064, 2568, 747, 1907, 2865, 15, 962, 1322, 82, 205, 263, 977, 1589, 1768, 2593, 3612, 321, 3, 17, 94, 258, 1996, 2857, 13, 648, 1398, 45, 39, 472, 568, 730, 1309, 1912, 3274, 89, 400, 827, 2871, 25, 1165, 1493, 1557, 1801, 1852, 2115, 2601, 18, 362]
RKP_05000_01000_3_05.txt|10103.74|10401|0.08147466900000609|[26, 1, 7, 143, 344, 1759, 1859, 2460, 16, 34, 48, 1516, 1588, 1619, 3635, 162, 1060, 985, 219, 3439, 3584, 638, 1305, 1500, 3106, 1909, 2634, 2744, 4338, 3440, 29, 285, 513, 620, 37, 184, 3469, 56, 555, 768, 2123, 32, 49, 348, 912, 2970, 3055, 169, 658, 708, 748, 998, 1263, 3167, 8, 112, 1033, 1090, 2615, 11, 501, 212, 296, 335, 358, 122, 183, 814, 2077, 19, 1552, 2, 256, 486, 777, 1259, 1770, 3068, 3370, 10, 2723, 4, 6, 25, 283, 386, 491, 1292, 2447, 2610, 3258, 4405, 1069, 3558]
RKP_05000_01000_3_06.txt|10456.89|10600|0.08192287500001157|[4, 227, 488, 4258, 46, 288, 760, 4322, 4808, 12, 813, 85, 213, 2251, 7, 45, 55, 734, 1522, 1551, 1917, 2026, 801, 1, 41, 1119, 2741, 76, 94, 603, 931, 3214, 368, 623, 1359, 206, 276, 3324, 4315, 3, 286, 287, 573, 1610, 665, 946, 2799, 4000, 1466, 1640, 4911, 86, 124, 184, 418, 1030, 1296, 82, 102, 249, 404, 859, 702, 3390, 16, 135, 193, 219, 767, 4582, 686, 1035, 1212, 4424, 71, 214, 839, 1281, 3851, 889, 1978, 3533, 1991, 2138, 2756, 126, 37, 84, 345, 350, 607, 3095, 3239, 469, 3433, 756]
RKP_05000_01000_3_07.txt|10365.34|10695|0.08109657100000163|[79, 291, 293, 762, 827, 1003, 1783, 60, 593, 1470, 13, 1792, 427, 884, 896, 1998, 36, 413, 84, 2716, 73, 76, 100, 216, 3628, 1789, 2448, 3146, 2, 125, 295, 398, 417, 2357, 2900, 3085, 3731, 214, 360, 487, 883, 1055, 2587, 3854, 849, 477, 18, 75, 218, 527, 4233, 891, 3, 11, 220, 370, 608, 714, 1044, 2104, 2966, 3438, 5, 658, 1262, 1544, 3609, 113, 393, 1709, 3135, 3716, 1, 251, 640, 1179, 221, 422, 1564, 6, 8, 31, 4659, 462, 1066, 1090, 1173, 2043, 2360, 4456, 1123, 4131, 319, 2111, 3836, 919, 65]
RKP_05000_01000_3_08.txt|10453.73|10699|0.08139735100000621|[1588, 134, 394, 1976, 3808, 4022, 80, 525, 1036, 3087, 3571, 28, 152, 250, 953, 1135, 1733, 2977, 217, 4, 270, 1970, 2402, 3237, 331, 2088, 2484, 14, 154, 301, 901, 2858, 489, 556, 686, 1159, 1395, 4192, 36, 279, 474, 654, 1513, 1967, 944, 1077, 4463, 77, 260, 2019, 2364, 6, 30, 1273, 1636, 1117, 1134, 7, 22, 162, 911, 2025, 3346, 883, 1009, 118, 126, 1050, 1770, 3017, 3284, 3445, 4767, 4779, 20, 1014, 1810, 3557, 4487, 4700, 1, 2, 122, 226, 264, 295, 656, 707, 35, 73, 82, 660, 3, 34, 1502, 2391, 116]
RKP_05000_01000_3_09.txt|9749.99|9996|0.08227198300000282|[655, 1322, 2051, 2511, 2621, 556, 664, 671, 1189, 73, 242, 384, 661, 1471, 2486, 3256, 4292, 51, 2497, 3538, 1313, 3443, 152, 106, 281, 310, 376, 2024, 7, 9, 87, 3572, 136, 492, 751, 1148, 3868, 786, 237, 252, 1978, 462, 1684, 2941, 14, 26, 40, 77, 83, 99, 159, 453, 494, 995, 2, 207, 886, 2287, 852, 1, 8, 797, 1040, 2577, 13, 86, 290, 1003, 2401, 4, 61, 111, 354, 931, 426, 3392, 1104, 2706, 193, 222, 42, 57, 81, 412, 673, 1420, 4136, 564, 1872, 2450]
RKP_05000_01000_3_10.txt|10361.32|10599|0.0819372109999972|[16, 119, 196, 1125, 2322, 2764, 2894, 50, 270, 393, 876, 1329, 3150, 3435, 3589, 219, 1, 3, 25, 1785, 2813, 2940, 3240, 4466, 145, 413, 692, 3234, 2, 2189, 369, 14, 2915, 434, 62, 69, 1854, 3127, 4052, 6, 287, 907, 2224, 52, 235, 1093, 1498, 4227, 811, 1019, 1184, 112, 223, 789, 808, 1621, 1635, 4747, 4788, 1803, 4631, 343, 344, 2139, 1097, 1847, 2877, 3119, 305, 458, 944, 1279, 2611, 73, 191, 781, 3064, 218, 312, 400, 417, 479, 627, 3879, 1530, 3251, 5, 66, 194, 272, 275, 353, 1317, 3788, 389, 456]
RKP_05000_01000_4_01.txt|999.95|1000|0.08100349599999732|[4922]
RKP_05000_01000_4_02.txt|999.96|1000|0.08028876900000455|[4655]
RKP_05000_01000_4_03.txt|1000.0|1000|0.08117589800000133|[4639]
RKP_05000_01000_4_04.txt|1000.0|1000|0.08047932699999932|[4559]
RKP_05000_01000_4_05.txt|1000.0|1000|0.08007025599999792|[4606]
RKP_05000_01000_4_06.txt|1000.0|1000|0.080804896000011|[4578]
RKP_05000_01000_4_07.txt|1000.0|1000|0.08154422300000305|[4589]
RKP_05000_01000_4_08.txt|1000.0|1000|0.08141103700000031|[4472]
RKP_05000_01000_4_09.txt|1000.0|1000|0.08028484299999718|[4561]
RKP_05000_01000_4_10.txt|1000.0|1000|0.08040212399999405|[4469]
RKP_05000_01000_5_01.txt|976.93|1019|0.07992292000000134|[3, 7, 8, 9, 11, 12, 13, 14, 15, 16, 18, 19, 20, 21, 22, 23, 25, 28, 30, 31, 32, 33, 34, 35, 36, 37, 38]
RKP_05000_01000_5_02.txt|978.88|1013|0.08080367499999738|[2, 4, 5, 6, 7, 8, 9, 10, 11, 12, 13, 14, 16, 17, 18, 20, 21, 22, 24, 25, 26, 27, 28, 29, 30, 33, 34, 35, 36]
RKP_05000_01000_5_03.txt|970.95|1009|0.08066736199999809|[1, 3, 5, 7, 8, 10, 11, 12, 13, 15, 16, 18, 20, 21, 23, 24, 25, 26, 27, 28, 29, 30, 31, 32, 34, 35, 36]
RKP_05000_01000_5_04.txt|967.89|1011|0.08030127599999673|[1, 3, 5, 8, 9, 10, 11, 12, 13, 14, 15, 16, 17, 19, 20, 21, 22, 23, 24, 25, 26, 27, 28, 30, 31]
RKP_05000_01000_5_05.txt|969.43|1006|0.08035198399999671|[1, 5, 8, 9, 10, 11, 13, 14, 15, 16, 17, 18, 19, 21, 22, 23, 24, 26, 28, 29, 30, 31, 32, 33, 34]
RKP_05000_01000_5_06.txt|959.4|1001|0.08096592499999133|[1, 4, 5, 6, 7, 9, 10, 11, 12, 16, 17, 18, 19, 20, 21, 23, 25, 26, 27, 28, 30, 31, 32, 34, 35, 37, 38, 39]
RKP_05000_01000_5_07.txt|976.74|1019|0.08056632600000398|[2, 5, 6, 7, 8, 9, 11, 12, 13, 14, 16, 17, 18, 19, 20, 22, 23, 24, 25, 26, 27, 28, 30, 31, 32, 34, 36, 37]
RKP_05000_01000_5_08.txt|971.9|1010|0.08085673999999471|[1, 2, 3, 4, 5, 6, 8, 9, 10, 11, 12, 14, 15, 16, 17, 18, 20, 21, 22, 23, 25, 26, 27, 28, 30, 32, 33]
RKP_05000_01000_5_09.txt|978.69|1017|0.08008690899999465|[1, 2, 3, 4, 5, 6, 7, 8, 9, 10, 12, 14, 15, 16, 18, 21, 22, 23, 24, 25, 26, 27, 28, 29, 31, 33, 34, 36, 37]
RKP_05000_01000_5_10.txt|972.62|1012|0.08050997600000073|[1, 3, 5, 6, 7, 8, 10, 11, 13, 14, 15, 16, 18, 20, 21, 22, 23, 24, 25, 27, 28]
RKP_05000_05000_1_01.txt|262784.83|270195|0.08141394199999467|[2195, 1201, 226, 1260, 254, 1200, 74, 134, 2685, 263, 826, 1595, 255, 688, 75, 1247, 239, 477, 1939, 36, 2945, 2997, 3721, 149, 1416, 168, 1437, 496, 2321, 2687, 3, 279, 2, 100, 498, 1543, 78, 174, 1674, 940, 4810, 358, 747, 290, 1305, 21, 1231, 8, 2896, 4, 41, 601, 206, 3266, 3813, 40, 4308, 234, 562, 4777, 1083, 1246, 33, 604, 96, 248, 798, 274, 449, 3113, 1270, 47, 1685, 1034, 521, 1286, 25, 1293, 1999, 2002]
RKP_05000_05000_1_02.txt|317710.57|327276|0.08068558299999835|[474, 2706, 1005, 787, 3921, 24, 297, 2174, 3940, 113, 45, 537, 903, 4402, 361, 21, 2667, 269, 8, 1855, 805, 1044, 117, 712, 1115, 1374, 1, 334, 396, 1107, 3059, 3842, 444, 1152, 310, 378, 785, 10, 2177, 238, 2322, 55, 2501, 104, 1459, 4, 2, 470, 4832, 4712, 4382, 1870, 1069, 1075, 2306, 668, 1556, 20, 3588, 3696, 4197, 3886, 3754, 213, 231, 1979, 258, 240, 1722, 1309, 57, 4013, 669, 341, 2039, 141, 126, 89, 1434, 1786, 1041, 18, 1266, 59, 1089, 814, 38, 349, 2089]
RKP_05000_05000_1_03.txt|285629.8|292501|0.08125486699999442|[3247, 78, 557, 426, 233, 1, 4414, 2859, 3493, 2630, 582, 249, 1261, 1115, 25, 1414, 3414, 318, 482, 1441, 2760, 811, 18, 115, 1098, 393, 110, 586, 1265, 1477, 1775, 231, 39, 1099, 4284, 2264, 1594, 451, 86, 3443, 7, 3512, 2438, 3490, 1309, 206, 62, 8, 1235, 339, 1236, 429, 246, 1083, 2426, 297, 481, 2124, 46, 779, 5, 2615, 1108, 3417, 22, 1290, 353, 4374, 651, 504, 645, 3154, 1374, 133, 908, 80, 399, 1212, 1227, 872, 1244]
RKP_05000_05000_1_04.txt|301520.19|309065|0.08140111899999511|[4668, 3850, 90, 332, 34, 557, 5, 484, 1072, 376, 291, 2003, 2581, 3, 148, 1677, 145, 75, 9, 2328, 1417, 4260, 368, 25, 1418, 1, 408, 2372, 2061, 1859, 1389, 3813, 2584, 787, 189, 3305, 390, 2991, 422, 81, 85, 3547, 1938, 3651, 240, 831, 675, 3260, 76, 4172, 814, 48, 135, 38, 2813, 318, 169, 4715, 3568, 2013, 4384, 222, 173, 1675, 226, 809, 12, 1758, 105, 1875, 326, 4286, 778, 299, 2553, 3431, 3059, 559, 333, 2017, 387, 18, 202, 935, 68, 24, 2312, 3652, 2051, 1753, 2323]
RKP_05000_05000_1_05.txt|302790.87|310302|0.08205355999999256|[130, 378, 3722, 2467, 694, 227, 403, 2657, 301, 1, 4208, 3024, 1929, 2579, 2, 2309, 62, 210, 46, 1668, 582, 214, 55, 1483, 950, 38, 3175, 2804, 32, 2411, 4354, 4846, 1432, 1088, 1993, 2118, 22, 2025, 992, 1098, 923, 3, 559, 1460, 2138, 1281, 12, 463, 348, 1887, 3186, 459, 1492, 2703, 7, 3873, 1692, 245, 2910, 2427, 838, 127, 518, 4789, 1662, 1003, 261, 1016, 146, 1372, 677, 143, 20, 4108, 1521, 1221, 26, 1690, 148, 23, 153, 167, 3813, 663, 139, 8, 4374, 2045, 31, 131]
RKP_05000_05000_1_06.txt|278530.55|285137|0.08169900800000506|[651, 1730, 1154, 1227, 1981, 693, 2701, 1065, 581, 23, 925, 621, 2729, 87, 378, 3361, 2210, 40, 2309, 1927, 4561, 4692, 2204, 82, 3978, 407, 4540, 2048, 813, 850, 2, 715, 18, 2509, 707, 613, 120, 956, 243, 113, 1280, 649, 71, 363, 825, 608, 66, 2240, 338, 4076, 514, 43, 1308, 568, 3613, 2646, 8, 7, 1305, 445, 3938, 274, 1671, 523, 3104, 1374, 2228, 275, 76, 1041, 64, 830, 538, 1855, 236, 20, 347, 754, 299, 1428, 427, 2949, 1578, 106, 2592, 122, 2011]
RKP_05000_05000_1_07.txt|256408.28|263265|0.08241818999999964|[730, 1, 2688, 31, 2854, 3, 1616, 457, 536, 3045, 829, 248, 1267, 380, 182, 44, 15, 83, 2, 1228, 1263, 4664, 29, 303, 739, 4149, 8, 381, 30, 1820, 575, 2725, 864, 294, 1849, 4, 478, 1315, 1406, 4260, 249, 153, 287, 1520, 1894, 7, 215, 785, 187, 2273, 230, 121, 4751, 233, 745, 1019, 529, 1375, 109, 16, 266, 1804, 3965, 1246, 190, 916, 690, 2529, 1897, 79, 346, 2162, 413, 463, 507, 137, 3875, 2846, 6, 332, 237]
RKP_05000_05000_1_08.txt|262487.18|270692|0.0814240170000005|[95, 674, 253, 124, 156, 596, 523, 91, 38, 3998, 1421, 2525, 3, 451, 371, 1167, 97, 836, 1549, 2600, 1179, 2536, 4195, 3744, 342, 171, 30, 764, 1546, 3666, 2312, 1439, 984, 16, 1941, 4080, 2, 3833, 2047, 1562, 1247, 471, 232, 275, 192, 138, 303, 1737, 1678, 2428, 367, 140, 122, 4934, 478, 850, 262, 706, 115, 878, 560, 4527, 51, 2042, 2285, 4393, 2813, 949, 669, 2643, 2805, 4186, 137, 453, 2681, 528, 314, 3599, 902, 7, 280, 2676]
RKP_05000_05000_1_09.txt|280324.75|288126|0.08102123099999517|[170, 66, 448, 565, 4248, 339, 1635, 682, 4615, 542, 1006, 1458, 325, 4486, 537, 3197, 460, 4489, 234, 871, 1314, 2593, 1350, 1416, 1, 299, 113, 1592, 196, 701, 77, 2636, 3, 42, 1245, 438, 2450, 632, 1254, 6, 820, 1917, 921, 221, 55, 2016, 1227, 160, 2143, 2834, 1788, 126, 492, 139, 114, 1808, 2, 382, 1979, 2497, 312, 52, 17, 12, 1114, 156, 355, 726, 2557, 544, 99, 76, 1480, 1596, 376, 385, 404, 151, 282, 1064, 1504, 1126, 1594, 243, 1355, 1078, 2554, 14, 104]
RKP_05000_05000_1_10.txt|247505.54|255802|0.08088770100000148|[3078, 7, 2580, 1609, 1652, 414, 153, 2629, 659, 3067, 2050, 803, 4380, 3261, 959, 472, 2151, 286, 756, 185, 467, 1504, 2608, 38, 1766, 3101, 1402, 909, 380, 2641, 981, 60, 92, 89, 278, 746, 813, 428, 2786, 2870, 2, 2306, 2607, 18, 24, 1479, 2498, 1209, 3450, 4532, 1986, 867, 1930, 2504, 144, 2942, 10, 3198, 3471, 863, 14, 322, 3696, 1015, 2281, 454, 862, 3229, 2810, 131]
RKP_05000_05000_2_01.txt|23271.84|24400|0.081200699999996|[2236, 293, 515, 411, 1045, 866, 1665, 748, 18, 93, 475, 4844, 1367, 2937, 1059, 1505, 2251, 986, 4544, 20, 2687, 279, 1885, 3883, 250, 1784, 1635, 21, 690, 3403, 750, 1937, 1482, 579, 65, 70, 335, 1, 3667, 32, 49, 2113, 2458, 8, 1435, 235, 1497, 19, 3808, 937, 1292, 106, 52, 157, 1239]
RKP_05000_05000_2_02.txt|21245.4|22152|0.08123656100000176|[3100, 1649, 15, 530, 14, 4007, 2244, 710, 563, 220, 1069, 582, 3641, 3796, 2429, 1172, 1058, 208, 5, 2162, 707, 161, 91, 4564, 677, 79, 2060, 1287, 294, 836, 96, 2814, 762, 2069, 105, 131, 3984, 2142, 696, 1714, 203, 3813, 56, 3515, 2272, 2839, 1171, 973, 1026]
RKP_05000_05000_2_03.txt|20574.08|21614|0.08157478999999285|[3630, 983, 1269, 4565, 3839, 1429, 1, 1422, 477, 3090, 177, 502, 1432, 3428, 375, 3957, 394, 2272, 4, 4235, 1207, 583, 441, 2224, 94, 1481, 306, 50, 38, 783, 1289, 3368, 44, 21, 4939, 72, 812, 41, 544, 64, 49, 216, 13, 338, 465, 45, 582, 1998, 2512, 966, 128, 387, 2869]
RKP_05000_05000_2_04.txt|27268.33|28296|0.08106217499999843|[455, 122, 307, 37, 832, 23, 2, 2382, 4, 1124, 1586, 71, 2773, 47, 21, 1606, 1223, 1508, 78, 3257, 187, 2632, 554, 2308, 238, 893, 1329, 115, 655, 322, 3, 625, 346, 1412, 583, 2705, 131, 165, 372, 49, 82, 2318, 2093, 491, 3288, 3212, 406, 3593, 60, 126, 637, 19, 3704, 154, 1335, 262, 77, 1, 264, 422, 1748, 1519, 147, 20, 2343, 2319, 1068, 1187, 769, 1770, 693]
RKP_05000_05000_2_05.txt|23233.02|24226|0.080874124999998|[1022, 1813, 1011, 932, 513, 113, 1103, 163, 501, 128, 4330, 103, 1232, 481, 858, 4182, 34, 5, 317, 13, 220, 606, 4410, 1768, 1242, 595, 1588, 1394, 3623, 2678, 1175, 4, 2694, 962, 4902, 2569, 662, 167, 4092, 1503, 9, 1034, 145, 2493, 350, 976, 1153, 551, 856, 734, 8, 2906, 66, 370, 842]
RKP_05000_05000_2_06.txt|20395.12|21366|0.08078984499999137|[303, 731, 3580, 1073, 1070, 30, 832, 629, 136, 912, 3064, 3764, 437, 449, 2245, 574, 866, 2357, 1756, 74, 373, 370, 726, 411, 1342, 3105, 689, 1814, 3371, 1542, 281, 2039, 3248, 8, 17, 326, 523, 356, 1807, 748, 872, 16, 3746, 1638, 1461]
RKP_05000_05000_2_07.txt|23601.21|24600|0.08188027600000054|[1734, 129, 1460, 725, 2118, 932, 1115, 30, 624, 1137, 903, 411, 36, 926, 4066, 1326, 3995, 1730, 3935, 3396, 2045, 273, 1581, 199, 3005, 452, 1614, 421, 7, 631, 3180, 3704, 26, 461, 4779, 528, 72, 1988, 957, 3060, 2664, 2838, 16, 1435, 383, 2037, 409, 872, 232, 169, 3189, 212, 667, 301, 12, 1438, 1819, 989]
RKP_05000_05000_2_08.txt|24533.62|25302|0.08127730900000416|[3356, 3617, 116, 449, 1262, 760, 2, 286, 155, 1834, 1692, 179, 659, 17, 899, 2598, 603, 3119, 746, 274, 953, 811, 919, 551, 332, 1239, 1835, 192, 782, 3335, 2024, 2907, 20, 724, 83, 3039, 1064, 1597, 2856, 2390, 30, 1464, 409, 1520, 1714, 34, 93, 3691, 1473, 259, 3274, 112, 461, 291, 2814, 2078, 2350, 2219, 125, 1683, 668]
RKP_05000_05000_2_09.txt|25922.56|26797|0.08137438500000713|[83, 3, 1231, 385, 82, 1308, 1179, 3741, 1378, 7, 36, 105, 1, 129, 893, 2129, 4959, 634, 423, 899, 394, 2555, 164, 327, 973, 1478, 1213, 128, 519, 157, 180, 1482, 2889, 1771, 61, 1802, 413, 137, 60, 279, 1687, 1462, 84, 173, 4, 1555, 1177, 4230, 152, 181, 44, 1012, 1812, 2, 1184, 1086, 360, 221, 19, 2382, 829, 251, 2368, 2584, 184]
RKP_05000_05000_2_10.txt|24041.66|25119|0.08080700000000889|[2884, 666, 1620, 70, 1, 330, 311, 42, 725, 23, 3568, 351, 3467, 2524, 261, 856, 1908, 3618, 82, 2605, 185, 14, 2732, 2854, 1530, 1136, 1230, 1078, 723, 1060, 481, 2264, 35, 1015, 24, 899, 175, 3185, 3272, 586, 233, 2, 1757, 117, 205, 268, 1742, 728, 2102, 452, 153, 4670, 3018, 2594, 2312, 465, 294, 424, 97]
RKP_05000_05000_3_01.txt|52331.11|53484|0.08134274499998355|[1430, 88, 106, 1410, 1075, 449, 528, 2024, 1328, 1409, 39, 1004, 2100, 21, 2987, 1887, 79, 2831, 736, 814, 3210, 16, 58, 94, 646, 638, 55, 800, 4143, 54, 2544, 563, 628, 870, 1846, 336, 45, 2454, 521, 530, 926, 1850, 2266, 3715, 83, 787, 1290, 17, 452, 625, 4, 198, 2738, 164, 510, 3361, 171, 1080, 1158, 13, 1664, 1758, 3941, 833, 4483, 1, 595, 1180, 1291, 12, 465, 731, 2145, 66, 634, 284, 102, 2312, 132, 2025, 2122, 122, 157, 2781, 9, 26, 56, 4523, 1539, 10, 499, 4117, 6, 289, 801, 1223, 2296]
RKP_05000_05000_3_02.txt|50222.1|51998|0.08262787199999139|[2345, 2826, 773, 2392, 969, 2038, 509, 4488, 407, 601, 1509, 99, 133, 3922, 32, 33, 51, 3779, 2259, 4134, 4221, 151, 885, 3230, 1914, 30, 1220, 4553, 50, 25, 4589, 58, 9, 1675, 1198, 155, 38, 970, 985, 1151, 1, 55, 227, 1232, 1763, 59, 1970, 3096, 3743, 5, 115, 2025, 507, 1199, 1793, 3282, 117, 2, 607, 85, 409, 106, 389, 47, 2529, 4338, 2501, 568, 92, 967, 1229, 217, 493, 558, 3478, 3717, 597, 2556, 769, 1132, 221, 303, 8, 405, 2118, 2589, 212, 205, 3092, 1200, 123, 747, 1814, 1093]
RKP_05000_05000_3_03.txt|52474.03|53485|0.08205919699998504|[523, 3909, 636, 2585, 13, 3385, 1029, 1677, 1129, 950, 3819, 3452, 1960, 185, 682, 856, 90, 67, 323, 1255, 1, 194, 219, 2297, 763, 2430, 46, 1696, 127, 223, 1729, 281, 2713, 1099, 1187, 1505, 88, 1011, 1875, 489, 1777, 970, 963, 3, 1715, 2750, 79, 542, 1911, 3389, 826, 21, 1061, 12, 1278, 1703, 1516, 471, 4, 618, 1691, 1238, 433, 1495, 58, 5, 25, 116, 703, 1547, 554, 1800, 366, 372, 15, 1855, 373, 38, 2143, 2, 183, 2274, 3213, 9, 140, 1284, 2768, 186, 937, 8, 4032, 136, 742, 2657, 2439, 764, 1613]
RKP_05000_05000_3_04.txt|53387.08|54499|0.08212282599999526|[936, 779, 3625, 476, 479, 61, 868, 2428, 1589, 343, 2854, 454, 3856, 4, 156, 843, 2727, 3391, 404, 3143, 3454, 27, 585, 183, 109, 177, 642, 1033, 4104, 173, 3841, 51, 412, 304, 14, 71, 3543, 3870, 4678, 1, 1276, 101, 229, 965, 2441, 3065, 12, 1800, 2915, 505, 455, 102, 3872, 4170, 198, 3497, 256, 2704, 241, 718, 4343, 94, 208, 547, 1130, 640, 888, 1433, 19, 155, 1804, 2146, 720, 1746, 2081, 93, 1119, 6, 11, 1793, 141, 4107, 4713, 215, 2688, 47, 274, 3523, 31, 599, 648, 205, 2343, 9, 34, 236, 2551, 3330, 249]
RKP_05000_05000_3_05.txt|51149.03|52472|0.08161582099999805|[81, 2428, 72, 97, 139, 331, 13, 368, 1044, 1680, 44, 50, 3138, 2606, 2910, 259, 969, 2, 207, 1506, 1664, 150, 4138, 984, 1640, 406, 537, 4707, 372, 1519, 1771, 1982, 1843, 1758, 2994, 20, 4618, 1951, 5, 75, 617, 958, 141, 70, 945, 15, 115, 1004, 4267, 1960, 3566, 1686, 3569, 24, 34, 202, 3442, 1182, 28, 166, 779, 1313, 1696, 17, 628, 4, 58, 268, 242, 12, 1, 555, 95, 309, 839, 32, 42, 25, 1655, 317, 620, 3509, 503, 1073, 138, 1378, 62, 743, 375, 3733, 1745, 1852, 247, 351, 442]
RKP_05000_05000_3_06.txt|52469.0|53494|0.08143875699998489|[313, 2697, 234, 1191, 480, 1123, 645, 2300, 386, 1678, 2537, 1989, 3441, 1, 78, 1005, 3251, 924, 737, 4300, 817, 671, 28, 1115, 22, 2115, 6, 23, 55, 607, 2334, 115, 377, 845, 2724, 3065, 285, 8, 43, 239, 617, 2793, 130, 4180, 262, 1939, 44, 2338, 977, 2626, 242, 909, 48, 101, 125, 623, 934, 2169, 4383, 10, 318, 2412, 2, 7, 93, 3690, 3946, 985, 3857, 165, 3325, 3, 190, 203, 430, 1745, 2540, 219, 3448, 18, 1323, 3359, 30, 2035, 3327, 692, 2868, 233, 542, 616, 3871, 141, 955, 382, 213, 495, 839]
RKP_05000_05000_3_07.txt|49365.39|50483|0.08110291900001129|[217, 1728, 718, 796, 2, 1664, 304, 924, 766, 2201, 4, 609, 684, 817, 525, 2093, 835, 348, 490, 220, 88, 1338, 82, 2287, 813, 1818, 4656, 1420, 3987, 143, 1721, 2643, 487, 866, 2747, 2824, 1049, 231, 2345, 1, 459, 1279, 462, 3347, 232, 2399, 2511, 1497, 897, 544, 1403, 717, 3, 130, 723, 1854, 119, 3503, 656, 1005, 599, 619, 1405, 192, 3036, 46, 4288, 739, 412, 598, 4796, 4750, 13, 2551, 1579, 2379, 1939, 283, 1060, 12, 61, 1964, 2655, 3295, 1090, 124, 1323, 476, 1102, 2255, 224]
RKP_05000_05000_3_08.txt|48399.44|49988|0.08179324400000723|[938, 1969, 4469, 433, 1833, 147, 150, 640, 18, 2446, 1311, 1105, 1, 524, 2750, 54, 391, 39, 752, 1450, 2393, 857, 2528, 351, 22, 241, 762, 1104, 2, 14, 2221, 1145, 1042, 2413, 876, 1371, 4731, 294, 2250, 28, 1613, 43, 110, 205, 122, 78, 484, 742, 53, 1224, 73, 2636, 2150, 430, 1520, 128, 152, 16, 105, 828, 784, 89, 1856, 454, 4022, 4805, 60, 254, 3967, 731, 692, 9, 192, 38, 91, 547, 3512, 237, 563, 3, 289, 2859, 251, 4, 1262, 2988, 1778, 4510, 1266, 338]
RKP_05000_05000_3_09.txt|54729.78|55977|0.08187860599999112|[42, 1667, 1282, 609, 17, 851, 629, 932, 1343, 233, 3677, 317, 2994, 345, 4240, 929, 913, 3338, 4313, 19, 43, 877, 2427, 4246, 259, 1328, 4338, 4825, 13, 2435, 2484, 431, 660, 387, 2166, 2885, 133, 313, 1146, 8, 252, 1549, 111, 406, 96, 532, 4, 643, 123, 512, 1727, 2926, 2247, 1489, 7, 767, 150, 354, 3864, 4789, 534, 593, 679, 3453, 1469, 299, 338, 1555, 25, 140, 1746, 2773, 4192, 2, 54, 1945, 112, 1563, 3009, 75, 1813, 1, 830, 344, 789, 2838, 793, 1562, 2111, 281, 184, 356, 3684, 2525, 10, 1933, 26, 533, 4052, 413, 1162, 3]
RKP_05000_05000_3_10.txt|52716.01|53999|0.08200089900000421|[3, 1202, 1258, 3454, 59, 313, 577, 2698, 402, 2643, 490, 1062, 3468, 3222, 2573, 2748, 2923, 60, 1135, 3759, 44, 227, 1405, 120, 4, 405, 1075, 481, 675, 137, 2521, 26, 1224, 2536, 1, 535, 576, 1307, 10, 48, 1786, 1358, 51, 607, 1714, 4381, 2, 1567, 1653, 3531, 3937, 1099, 4808, 14, 716, 3046, 172, 1639, 665, 13, 243, 18, 1891, 3640, 102, 1444, 276, 988, 4391, 57, 5, 202, 28, 9, 25, 98, 1969, 3301, 1159, 23, 67, 616, 668, 261, 309, 3218, 605, 319, 2978, 181, 394, 355, 848, 3459, 371, 722, 2562, 952]
RKP_05000_05000_4_01.txt|4999.87|5000|0.08027781700000106|[4658]
RKP_05000_05000_4_02.txt|4999.77|5000|0.08013432700000295|[4978]
RKP_05000_05000_4_03.txt|4999.95|5000|0.08094228000000157|[4714]
RKP_05000_05000_4_04.txt|4999.77|5000|0.08007083000000194|[4597]
RKP_05000_05000_4_05.txt|4999.97|5000|0.07942417300000443|[4783]
RKP_05000_05000_4_06.txt|4999.58|5000|0.07957659300000841|[4625]
RKP_05000_05000_4_07.txt|4999.9|5000|0.07985479399997075|[4778]
RKP_05000_05000_4_08.txt|4999.96|5000|0.0801205980000077|[4648]
RKP_05000_05000_4_09.txt|4999.88|5000|0.07981613100001596|[4770]
RKP_05000_05000_4_10.txt|4998.73|4999|0.08024031000000605|[4786]
RKP_05000_05000_5_01.txt|4799.25|5001|0.08046616900000572|[1, 3, 5, 6, 7, 9, 10, 12, 13, 15, 18, 19, 20, 21, 22, 23, 24, 27, 28, 29, 30, 33, 34, 35, 36, 37]
RKP_05000_05000_5_02.txt|4808.83|5068|0.08014724100001785|[4, 7, 8, 9, 10, 11, 15, 16, 17, 18, 19, 20, 21, 22, 23, 24, 25, 26, 27, 28, 29, 30, 31, 32, 33]
RKP_05000_05000_5_03.txt|4843.33|5018|0.07949937799998906|[1, 3, 4, 5, 6, 9, 10, 12, 13, 14, 15, 16, 17, 18, 19, 20, 23, 24, 25, 27, 28, 31, 32, 33, 35, 36]
RKP_05000_05000_5_04.txt|4848.19|5032|0.07983239299999922|[2, 4, 5, 6, 7, 8, 9, 10, 11, 12, 13, 14, 15, 16, 18, 21, 22, 23, 25, 27, 28, 29, 30, 31, 33]
RKP_05000_05000_5_05.txt|4947.53|5100|0.08005319899999903|[1, 3, 4, 5, 7, 8, 9, 10, 11, 12, 13, 14, 15, 16, 17, 18, 19, 20, 21, 23, 24, 25, 26, 27, 28, 30, 31]
RKP_05000_05000_5_06.txt|4771.82|5044|0.08112189900000204|[3, 5, 6, 7, 9, 10, 11, 12, 13, 16, 17, 18, 20, 21, 22, 23, 26, 27, 28, 29]
RKP_05000_05000_5_07.txt|4880.83|5059|0.080026691999999|[3, 4, 5, 6, 7, 8, 9, 10, 11, 12, 13, 14, 15, 17, 18, 19, 20, 21, 22, 23, 24, 25, 26, 28]
RKP_05000_05000_5_08.txt|4865.22|5059|0.08042715499999303|[2, 3, 4, 5, 6, 7, 8, 9, 10, 12, 13, 14, 15, 16, 17, 18, 19, 20, 21, 22, 23, 24, 25, 26, 27, 28, 29, 30, 33]
RKP_05000_05000_5_09.txt|4806.54|5030|0.08100329200001624|[2, 4, 5, 6, 7, 10, 11, 12, 14, 15, 19, 21, 23, 24, 26, 28, 29, 30, 31, 33, 34, 35, 36]
RKP_05000_05000_5_10.txt|4818.52|5036|0.07956946000000699|[2, 7, 8, 9, 10, 11, 13, 15, 16, 17, 18, 19, 20, 21, 22, 26, 27, 28, 31, 32, 33]
