RKP_00100_00100_1_01.txt|675.19|771|0.0005239909999999993|[22, 1, 28, 3, 29, 10, 17, 31, 16, 14]
RKP_00100_00100_1_02.txt|760.92|813|0.0005283299999999957|[1, 37, 48, 91, 9, 15, 47, 50, 44, 2, 16]
RKP_00100_00100_1_03.txt|668.94|775|0.0005318790000000063|[34, 1, 4, 10, 2, 14, 63, 5, 6, 70, 12, 15]
RKP_00100_00100_1_04.txt|693.12|728|0.0005157629999999969|[15, 7, 9, 74, 43, 3, 10, 4, 5, 16]
RKP_00100_00100_1_05.txt|676.5|730|0.0005071910000000002|[79, 22, 20, 16, 30, 44, 66, 6, 1, 14]
RKP_00100_00100_1_06.txt|888.97|1014|0.000579164000000002|[57, 97, 48, 47, 16, 17, 31, 55, 20, 34, 50, 83, 12]
RKP_00100_00100_1_07.txt|458.69|529|0.0005017829999999968|[39, 46, 60, 51, 9, 5, 13, 71]
RKP_00100_00100_1_08.txt|780.65|827|0.0005486900000000028|[87, 92, 2, 6, 1, 7, 76, 24, 13, 88, 9, 12, 5, 29]
RKP_00100_00100_1_09.txt|593.45|652|0.0005036299999999971|[23, 24, 5, 18, 16, 52, 29, 42, 2, 8]
RKP_00100_00100_1_10.txt|666.37|726|0.0005286399999999891|[27, 11, 13, 4, 1, 2, 33, 18, 24, 20, 15, 5]
RKP_00100_00100_2_01.txt|156.46|173|0.0004884509999999875|[6, 20, 1, 2, 43, 22, 13, 57, 68]
RKP_00100_00100_2_02.txt|155.59|170|0.0004961450000000144|[30, 28, 80, 8, 5, 40, 47, 1, 36]
RKP_00100_00100_2_03.txt|157.87|172|0.0004983090000000034|[75, 48, 59, 51, 31, 1, 5, 3, 47, 16]
RKP_00100_00100_2_04.txt|152.84|162|0.0004855070000000139|[11, 18, 50, 2, 8, 9, 28, 26]
RKP_00100_00100_2_05.txt|139.8|156|0.0004746300000000114|[64, 30, 32, 82, 36, 29]
RKP_00100_00100_2_06.txt|119.86|142|0.000463347999999999|[47, 2, 3, 23, 8]
RKP_00100_00100_2_07.txt|137.64|154|0.00048033699999998846|[7, 22, 28, 15, 3, 13, 4, 21]
RKP_00100_00100_2_08.txt|128.63|147|0.0004678189999999982|[28, 16, 1, 6, 4, 29]
RKP_00100_00100_2_09.txt|124.73|143|0.00047813399999999893|[37, 9, 42, 20, 23, 27, 7]
RKP_00100_00100_2_10.txt|145.7|157|0.0004835609999999968|[65, 64, 2, 40, 1, 85, 14, 28]
RKP_00100_00100_3_01.txt|212.94|225|0.0005122359999999837|[5, 8, 3, 6, 29, 44, 2, 10, 24, 21, 16, 22]
RKP_00100_00100_3_02.txt|210.66|232|0.000508300000000006|[24, 2, 17, 3, 59, 52, 1, 8, 56, 25, 41, 48, 7]
RKP_00100_00100_3_03.txt|232.44|252|0.0005582780000000121|[4, 3, 46, 6, 49, 12, 45, 64, 75, 2, 23, 66, 1, 19, 81]
RKP_00100_00100_3_04.txt|218.64|231|0.0005396270000000158|[34, 8, 21, 26, 6, 9, 42, 4, 48, 50, 2, 31, 15]
RKP_00100_00100_3_05.txt|215.09|221|0.0005046360000000072|[1, 12, 52, 7, 25, 15, 22, 70, 3, 72, 10, 31]
RKP_00100_00100_3_06.txt|239.19|262|0.0005373369999999955|[11, 2, 3, 72, 40, 8, 27, 31, 66, 6, 4, 12, 16, 1, 19, 28]
RKP_00100_00100_3_07.txt|200.39|210|0.000504260999999997|[2, 14, 89, 27, 7, 50, 5, 4, 6, 67, 88]
RKP_00100_00100_3_08.txt|208.84|222|0.0005122389999999943|[1, 9, 12, 7, 18, 3, 33, 15, 58, 6, 70, 2]
RKP_00100_00100_3_09.txt|181.4|199|0.0005423690000000048|[32, 89, 1, 48, 8, 42, 4, 2, 35, 44]
RKP_00100_00100_3_10.txt|230.54|250|0.0005298780000000169|[62, 60, 67, 66, 69, 46, 1, 61, 93, 5, 20, 34, 45, 54, 6]
RKP_00100_00100_4_01.txt|99.77|100|0.0004273989999999994|[97]
RKP_00100_00100_4_02.txt|99.92|100|0.0004165429999999848|[88]
RKP_00100_00100_4_03.txt|99.9|100|0.00042838000000003704|[84]
RKP_00100_00100_4_04.txt|99.88|100|0.00042453999999997994|[95]
RKP_00100_00100_4_05.txt|99.94|100|0.0004265449999999893|[87]
RKP_00100_00100_4_06.txt|97.85|98|0.00042367599999996395|[93]
RKP_00100_00100_4_07.txt|97.87|98|0.00042027899999999894|[98]
RKP_00100_00100_4_08.txt|99.86|100|0.000424042|[97]
RKP_00100_00100_4_09.txt|98.95|99|0.0004224650000000185|[90]
RKP_00100_00100_4_10.txt|97.69|98|0.0004221080000000033|[88]
RKP_00100_00100_5_01.txt|100.09|114|0.000458538000000015|[2, 4, 5, 6, 7]
RKP_00100_00100_5_02.txt|85.19|106|0.0004624550000000038|[2, 4, 5, 6, 8]
RKP_00100_00100_5_03.txt|102.67|108|0.0004551810000000156|[1, 2, 3, 4, 5, 6]
RKP_00100_00100_5_04.txt|98.27|106|0.0004588849999999933|[1, 2, 5, 6, 7, 8]
RKP_00100_00100_5_05.txt|94.36|102|0.00046429100000001|[1, 2, 3, 6, 7, 9]
RKP_00100_00100_5_06.txt|95.31|112|0.00044784100000001993|[1, 3, 5, 6]
RKP_00100_00100_5_07.txt|82.92|108|0.00046983899999999414|[2, 3, 4, 5, 6, 7, 9]
RKP_00100_00100_5_08.txt|92.8|102|0.0004749169999999614|[1, 2, 3, 6, 7, 8, 9]
RKP_00100_00100_5_09.txt|97.03|115|0.00045738899999999474|[1, 4, 5, 6]
RKP_00100_00100_5_10.txt|90.59|110|0.0005307849999999891|[1, 2, 4, 5, 6, 7, 8, 9, 12]
RKP_00500_00100_1_01.txt|1586.84|1680|0.0021591839999999963|[304, 211, 75, 140, 3, 40, 500, 25, 2, 222, 120, 173, 284, 6, 131, 269, 274, 4, 38, 280, 63, 17, 129]
RKP_00500_00100_1_02.txt|1407.88|1499|0.0021221569999999934|[77, 87, 288, 175, 102, 13, 89, 205, 351, 289, 388, 325, 132, 433, 4, 30, 394, 109, 14, 88, 62]
RKP_00500_00100_1_03.txt|1303.9|1374|0.002152294000000019|[496, 5, 113, 30, 16, 111, 228, 147, 1, 139, 40, 123, 11, 360, 140, 477, 158, 15, 227, 326, 73, 164]
RKP_00500_00100_1_04.txt|1535.64|1587|0.00219191900000002|[64, 156, 11, 315, 65, 41, 93, 245, 359, 197, 59, 94, 48, 254, 121, 467, 62, 5, 151, 10]
RKP_00500_00100_1_05.txt|1607.29|1678|0.0022416359999999757|[10, 24, 11, 17, 363, 402, 192, 2, 23, 116, 18, 203, 5, 13, 76, 136, 215, 104, 3, 1, 60, 320, 26, 382]
RKP_00500_00100_1_06.txt|1843.37|1920|0.0022402129999999775|[13, 89, 230, 3, 411, 35, 52, 34, 190, 22, 211, 182, 490, 5, 189, 281, 225, 50, 83, 131, 244, 55, 53, 2, 353, 240, 107]
RKP_00500_00100_1_07.txt|1878.26|1972|0.002266242000000043|[97, 22, 31, 461, 40, 492, 47, 126, 80, 257, 322, 469, 206, 21, 7, 410, 192, 165, 89, 49, 16, 359, 147, 133, 183, 2, 4]
RKP_00500_00100_1_08.txt|1584.78|1723|0.0021839659999999396|[258, 4, 146, 10, 156, 332, 185, 1, 29, 378, 106, 165, 3, 16, 2, 450, 225, 326, 150, 149, 122, 167, 357, 63, 35]
RKP_00500_00100_1_09.txt|1572.58|1659|0.0021912879999999735|[19, 307, 221, 39, 77, 108, 148, 180, 16, 153, 163, 496, 151, 54, 344, 229, 324, 210, 48, 173, 56, 68, 214, 11, 150, 1]
RKP_00500_00100_1_10.txt|1495.94|1582|0.002224176999999994|[234, 277, 5, 413, 14, 4, 3, 162, 6, 75, 1, 214, 84, 31, 21, 30, 33, 62, 59, 342, 8, 110, 15, 49]
RKP_00500_00100_2_01.txt|237.05|249|0.002118904999999973|[168, 226, 259, 16, 148, 39, 441, 447, 32, 137, 60, 102, 40, 3, 50, 101, 88, 218, 351, 150]
RKP_00500_00100_2_02.txt|230.01|253|0.0021081419999999795|[336, 131, 112, 65, 6, 72, 97, 167, 314, 156, 195, 13, 142, 4, 59, 441, 186, 21, 100, 7]
RKP_00500_00100_2_03.txt|228.75|245|0.002245313000000051|[107, 166, 436, 135, 164, 155, 71, 154, 2, 31, 382, 142, 64, 3, 104, 18, 21, 60, 318, 13, 37, 151]
RKP_00500_00100_2_04.txt|228.35|243|0.0022056469999999794|[163, 58, 112, 105, 204, 26, 55, 216, 11, 14, 125, 429, 306, 7, 9, 80, 20, 22, 38, 19, 16]
RKP_00500_00100_2_05.txt|229.33|242|0.0021870440000000624|[5, 260, 426, 10, 38, 48, 218, 294, 4, 87, 2, 16, 58, 77, 275, 322, 417, 34, 182, 52, 240]
RKP_00500_00100_2_06.txt|213.09|226|0.0021536480000000414|[9, 155, 1, 35, 3, 27, 150, 117, 57, 15, 47, 302, 50, 5, 203, 53, 24, 70]
RKP_00500_00100_2_07.txt|213.97|226|0.0021569729999999687|[1, 17, 260, 75, 292, 452, 53, 114, 5, 83, 3, 308, 123, 129, 4, 9, 162, 278, 67]
RKP_00500_00100_2_08.txt|195.51|206|0.0022063929999999753|[495, 45, 15, 1, 96, 3, 6, 7, 50, 123, 42, 23, 184, 350, 46]
RKP_00500_00100_2_09.txt|180.17|191|0.0022151210000000087|[38, 2, 108, 304, 70, 87, 277, 433, 52, 39, 335, 115, 312, 176, 426]
RKP_00500_00100_2_10.txt|200.72|215|0.0021373250000000167|[20, 9, 14, 372, 2, 118, 21, 40, 166, 19, 154, 216, 276, 498, 83, 46, 76]
RKP_00500_00100_3_01.txt|326.99|340|0.0022320409999999403|[1, 5, 11, 143, 33, 96, 260, 43, 401, 2, 31, 38, 148, 158, 240, 64, 344, 77, 8, 24, 225, 248, 78, 140]
RKP_00500_00100_3_02.txt|388.4|400|0.002239528999999951|[5, 39, 56, 152, 160, 189, 1, 4, 73, 103, 110, 167, 172, 26, 32, 221, 64, 111, 202, 203, 3, 7, 38, 179, 413, 15, 68, 162, 331, 351]
RKP_00500_00100_3_03.txt|365.41|380|0.002191818000000012|[9, 71, 93, 113, 444, 454, 1, 351, 11, 22, 258, 264, 148, 142, 193, 198, 266, 292, 14, 40, 45, 126, 191, 5, 118, 123, 2, 43]
RKP_00500_00100_3_04.txt|380.95|390|0.0022074120000000618|[2, 168, 312, 345, 209, 278, 280, 282, 350, 1, 142, 163, 66, 104, 31, 72, 103, 119, 156, 20, 27, 125, 217, 453, 8, 9, 11, 50, 159]
RKP_00500_00100_3_05.txt|397.62|410|0.002209598999999969|[12, 225, 377, 417, 1, 74, 92, 106, 143, 319, 381, 8, 84, 87, 108, 211, 294, 382, 9, 32, 196, 199, 340, 7, 30, 88, 189, 252, 263, 397, 35]
RKP_00500_00100_3_06.txt|340.0|357|0.002189389999999971|[204, 5, 24, 45, 186, 189, 242, 311, 56, 91, 281, 433, 16, 52, 283, 12, 73, 90, 1, 2, 4, 11, 19, 137, 199, 7]
RKP_00500_00100_3_07.txt|343.94|361|0.0021434100000000456|[5, 17, 30, 33, 196, 200, 1, 2, 4, 141, 157, 308, 3, 76, 302, 326, 37, 99, 111, 216, 430, 24, 77, 244, 287, 65]
RKP_00500_00100_3_08.txt|416.17|430|0.002212655000000119|[14, 63, 90, 114, 275, 19, 58, 62, 84, 144, 150, 172, 451, 8, 25, 133, 159, 302, 323, 31, 49, 301, 214, 484, 4, 26, 280, 470, 1, 5, 32, 93, 141]
RKP_00500_00100_3_09.txt|373.72|390|0.0021542459999999153|[4, 58, 70, 154, 169, 231, 104, 148, 171, 294, 347, 434, 2, 115, 221, 1, 3, 24, 54, 108, 63, 269, 315, 83, 122, 136, 208, 14, 59]
RKP_00500_00100_3_10.txt|364.78|380|0.0022555430000000777|[159, 189, 322, 13, 18, 165, 305, 1, 40, 325, 153, 3, 7, 10, 25, 32, 99, 123, 193, 388, 14, 28, 38, 57, 392, 9, 36, 47]
RKP_00500_00100_4_01.txt|100.0|100|0.0019357089999998856|[434]
RKP_00500_00100_4_02.txt|100.0|100|0.0019440640000000188|[423]
RKP_00500_00100_4_03.txt|100.0|100|0.0019933629999999347|[434]
RKP_00500_00100_4_04.txt|100.0|100|0.0019484129999998957|[419]
RKP_00500_00100_4_05.txt|100.0|100|0.0019298369999999742|[421]
RKP_00500_00100_4_06.txt|99.98|100|0.001950614000000055|[431]
RKP_00500_00100_4_07.txt|100.0|100|0.001958016999999881|[467]
RKP_00500_00100_4_08.txt|100.0|100|0.0019597710000000034|[430]
RKP_00500_00100_4_09.txt|100.0|100|0.0019315729999999397|[440]
RKP_00500_00100_4_10.txt|100.0|100|0.0019764409999999976|[473]
RKP_00500_00100_5_01.txt|93.63|103|0.0021166429999999537|[1, 3, 4, 5, 6, 7, 8, 10, 11, 12, 13, 14, 15, 16, 18]
RKP_00500_00100_5_02.txt|94.28|106|0.002009957|[1, 2, 3, 4, 5, 6, 8, 9, 10, 11]
RKP_00500_00100_5_03.txt|94.02|105|0.0020266840000000208|[2, 5, 6, 7, 9, 10, 11, 12, 13]
RKP_00500_00100_5_04.txt|96.14|104|0.0020391669999999884|[2, 4, 5, 6, 8, 9, 10, 11, 12, 13, 14, 15]
RKP_00500_00100_5_05.txt|93.15|102|0.0020231060000000588|[1, 2, 3, 4, 5, 6, 7, 8, 9, 10, 11, 12, 13, 15, 16]
RKP_00500_00100_5_06.txt|96.74|105|0.0020614469999999407|[2, 4, 5, 6, 7, 8, 9, 11, 12, 13, 14, 15, 16, 17, 18]
RKP_00500_00100_5_07.txt|93.95|106|0.001999282999999874|[2, 3, 4, 5, 6, 7, 8, 9, 10, 12, 13]
RKP_00500_00100_5_08.txt|91.08|104|0.001997694999999986|[1, 4, 5, 6, 7, 8, 9, 10, 11, 12, 13]
RKP_00500_00100_5_09.txt|95.52|102|0.0020326290000001277|[2, 3, 4, 5, 7, 8, 9, 10, 11, 12, 13, 15]
RKP_00500_00100_5_10.txt|90.9|100|0.0020512520000001188|[1, 3, 4, 5, 6, 7, 8, 11, 12, 13, 14, 15, 16, 17, 18]
RKP_01000_00100_1_01.txt|2067.33|2174|0.00469508199999991|[51, 91, 151, 97, 47, 50, 260, 2, 64, 123, 465, 314, 13, 432, 42, 27, 39, 67, 10, 604, 646, 8, 560, 531, 222, 376, 116, 36, 606, 11]
RKP_01000_00100_1_02.txt|1982.4|2082|0.0046956550000001405|[294, 30, 696, 171, 754, 16, 195, 182, 486, 9, 557, 584, 72, 38, 193, 359, 1, 49, 8, 2, 527, 519, 50, 108, 515, 89, 64, 694, 872, 18, 599]
RKP_01000_00100_1_03.txt|1965.91|2087|0.004825505000000092|[174, 128, 172, 116, 535, 199, 32, 114, 800, 50, 2, 869, 498, 4, 48, 56, 1, 326, 182, 252, 19, 3, 16, 725, 145, 754, 366, 813, 65, 330]
RKP_01000_00100_1_04.txt|2216.39|2286|0.004766253999999943|[429, 733, 726, 247, 283, 75, 44, 566, 14, 151, 165, 5, 277, 20, 732, 1, 255, 2, 163, 3, 857, 184, 63, 6, 69, 42, 204, 592, 91, 172, 53, 266, 376]
RKP_01000_00100_1_05.txt|2104.58|2171|0.004691646999999985|[75, 673, 123, 207, 635, 49, 121, 696, 307, 41, 89, 37, 776, 39, 222, 16, 12, 553, 188, 582, 26, 74, 865, 1, 151, 299, 29, 82, 198, 159, 1000]
RKP_01000_00100_1_06.txt|2349.37|2431|0.00470012500000026|[383, 58, 33, 1, 99, 38, 168, 78, 242, 250, 993, 442, 645, 6, 10, 120, 349, 52, 632, 44, 176, 4, 177, 8, 283, 265, 57, 255, 244, 55, 37, 117, 233, 236, 210]
RKP_01000_00100_1_07.txt|2419.29|2487|0.004705486999999699|[128, 440, 37, 382, 86, 436, 226, 3, 556, 127, 7, 874, 130, 49, 778, 129, 190, 90, 476, 342, 19, 170, 88, 372, 484, 80, 627, 641, 1, 18, 42, 8, 146]
RKP_01000_00100_1_08.txt|2140.39|2239|0.00470791100000028|[223, 422, 4, 68, 421, 1, 145, 149, 80, 6, 716, 22, 303, 356, 274, 366, 922, 26, 118, 15, 10, 5, 7, 29, 390, 101, 294, 278, 780, 16, 111, 183, 202]
RKP_01000_00100_1_09.txt|2055.01|2144|0.004653797000000068|[36, 103, 196, 782, 168, 14, 213, 27, 31, 290, 17, 513, 48, 691, 1, 898, 32, 262, 579, 489, 2, 108, 925, 942, 170, 427, 133, 39, 15, 248]
RKP_01000_00100_1_10.txt|2403.81|2481|0.004738696000000182|[19, 618, 785, 1, 748, 253, 111, 8, 331, 55, 104, 491, 669, 968, 76, 159, 37, 43, 480, 813, 931, 805, 50, 221, 188, 286, 158, 399, 663, 295, 4, 11, 30, 198, 754, 534, 439, 368]
RKP_01000_00100_2_01.txt|254.18|267|0.004664116999999983|[264, 47, 209, 12, 374, 13, 3, 7, 16, 111, 253, 366, 73, 380, 690, 185, 186, 375, 252, 33, 41, 76, 470]
RKP_01000_00100_2_02.txt|255.81|270|0.004595944999999979|[84, 385, 202, 375, 782, 311, 63, 73, 179, 410, 547, 357, 583, 183, 213, 69, 8, 397, 77, 954, 625, 3, 23, 376, 901]
RKP_01000_00100_2_03.txt|299.2|313|0.004727226000000222|[5, 171, 123, 87, 84, 58, 417, 124, 141, 330, 416, 81, 394, 335, 897, 33, 64, 13, 746, 420, 928, 282, 55, 404, 256, 340, 854, 186]
RKP_01000_00100_2_04.txt|257.7|270|0.004610220000000176|[35, 37, 94, 21, 60, 123, 428, 698, 184, 443, 58, 504, 147, 130, 49, 782, 74, 24, 207, 244, 158]
RKP_01000_00100_2_05.txt|250.82|262|0.004714384000000251|[380, 222, 299, 7, 420, 742, 84, 428, 236, 26, 73, 409, 30, 501, 162, 2, 512, 5, 11, 12, 214, 255, 351, 462, 823, 172, 846]
RKP_01000_00100_2_06.txt|303.05|313|0.004869055999999965|[122, 805, 6, 138, 647, 858, 590, 33, 1, 16, 602, 259, 24, 255, 52, 152, 154, 187, 9, 57, 8, 48, 383, 399, 827, 322, 185, 233, 115, 894]
RKP_01000_00100_2_07.txt|254.69|271|0.004713551999999907|[208, 531, 173, 796, 81, 457, 396, 7, 950, 3, 378, 2, 61, 444, 520, 783, 821, 433, 20, 1, 480, 682, 305, 731]
RKP_01000_00100_2_08.txt|290.79|311|0.0048195580000002635|[39, 121, 661, 3, 7, 129, 609, 862, 9, 26, 44, 11, 406, 1, 250, 41, 49, 573, 175, 10, 131, 228, 21, 278, 294, 549, 223, 54]
RKP_01000_00100_2_09.txt|258.11|271|0.004947829000000006|[436, 127, 382, 417, 18, 348, 191, 235, 904, 656, 205, 651, 573, 982, 31, 30, 225, 6, 9, 118, 1, 25, 176, 470]
RKP_01000_00100_2_10.txt|275.64|289|0.0049023870000000965|[548, 252, 341, 521, 1, 56, 164, 15, 4, 122, 309, 710, 564, 282, 579, 30, 89, 273, 314, 409, 191, 700, 78, 184, 412, 443, 522, 755]
RKP_01000_00100_3_01.txt|505.99|520|0.00485986599999972|[32, 65, 119, 337, 537, 659, 763, 857, 1, 11, 15, 55, 186, 340, 348, 456, 464, 704, 740, 795, 2, 94, 134, 157, 208, 322, 326, 441, 565, 567, 605, 962, 49, 133, 249, 22, 69, 83, 179, 240, 294, 72]
RKP_01000_00100_3_02.txt|474.7|490|0.004887046000000197|[9, 25, 120, 137, 138, 295, 654, 3, 37, 69, 79, 94, 126, 176, 300, 318, 533, 644, 1, 2, 16, 19, 24, 31, 53, 56, 70, 110, 121, 216, 386, 586, 600, 7, 286, 381, 978, 4, 178]
RKP_01000_00100_3_03.txt|494.49|510|0.0049448429999999636|[1, 17, 31, 54, 93, 325, 378, 431, 692, 836, 3, 84, 143, 170, 175, 204, 222, 270, 392, 530, 580, 652, 994, 46, 62, 74, 99, 321, 443, 738, 822, 22, 44, 89, 142, 180, 181, 256, 382, 448, 625]
RKP_01000_00100_3_04.txt|483.02|490|0.005049038000000223|[1, 9, 42, 142, 149, 274, 277, 305, 389, 449, 645, 740, 786, 4, 5, 16, 44, 65, 235, 558, 639, 10, 29, 31, 83, 161, 293, 550, 15, 119, 433, 492, 657, 24, 35, 53, 58, 62, 148]
RKP_01000_00100_3_05.txt|426.99|440|0.004795845000000227|[57, 460, 630, 661, 2, 5, 23, 24, 29, 31, 46, 108, 144, 163, 172, 10, 86, 100, 141, 151, 480, 1, 37, 85, 107, 204, 308, 315, 876, 910, 21, 50, 76, 145]
RKP_01000_00100_3_06.txt|437.48|450|0.004871179999999952|[5, 36, 112, 204, 242, 6, 7, 16, 22, 37, 224, 347, 471, 886, 970, 15, 28, 63, 71, 129, 207, 217, 278, 543, 249, 25, 239, 901, 4, 13, 18, 64, 66, 158, 330]
RKP_01000_00100_3_07.txt|505.89|520|0.0048816410000000945|[12, 20, 23, 31, 53, 112, 129, 169, 190, 591, 695, 822, 888, 1, 4, 5, 27, 38, 354, 433, 605, 750, 867, 3, 56, 62, 131, 282, 337, 402, 407, 483, 231, 8, 34, 161, 204, 583, 942, 2, 6, 17]
RKP_01000_00100_3_08.txt|426.86|450|0.004773967000000034|[179, 1, 2, 71, 89, 97, 129, 131, 266, 303, 7, 11, 53, 130, 145, 252, 292, 524, 591, 636, 703, 35, 198, 340, 9, 33, 118, 152, 154, 233, 342, 472, 655, 883, 13]
RKP_01000_00100_3_09.txt|432.52|450|0.004913750000000192|[23, 141, 480, 647, 17, 211, 216, 318, 385, 403, 578, 758, 871, 1, 6, 9, 16, 26, 48, 77, 185, 202, 257, 2, 3, 4, 36, 47, 126, 127, 199, 446, 471, 825, 885]
RKP_01000_00100_3_10.txt|468.96|480|0.00497458000000016|[10, 26, 122, 156, 245, 524, 677, 764, 3, 16, 22, 35, 46, 72, 106, 169, 227, 334, 467, 632, 37, 56, 104, 187, 319, 439, 964, 1, 61, 103, 247, 264, 314, 566, 687, 2, 4, 5]
RKP_01000_00100_4_01.txt|100.0|100|0.004421440999999895|[866]
RKP_01000_00100_4_02.txt|100.0|100|0.004465449999999862|[858]
RKP_01000_00100_4_03.txt|100.0|100|0.004520218000000184|[856]
RKP_01000_00100_4_04.txt|100.0|100|0.004562280000000136|[838]
RKP_01000_00100_4_05.txt|100.0|100|0.004508312999999724|[851]
RKP_01000_00100_4_06.txt|100.0|100|0.004533023000000149|[878]
RKP_01000_00100_4_07.txt|100.0|100|0.004445850000000178|[887]
RKP_01000_00100_4_08.txt|100.0|100|0.004380447000000025|[847]
RKP_01000_00100_4_09.txt|100.0|100|0.004436103000000067|[877]
RKP_01000_00100_4_10.txt|100.0|100|0.00448425700000012|[843]
RKP_01000_00100_5_01.txt|96.13|104|0.004484528000000268|[2, 3, 4, 5, 6, 7, 8, 10, 11, 12, 13, 14, 15, 16]
RKP_01000_00100_5_02.txt|94.6|102|0.004433076999999841|[1, 2, 3, 4, 5, 7, 8, 9, 10, 11, 12, 13, 14, 15]
RKP_01000_00100_5_03.txt|96.0|104|0.004524963000000071|[1, 3, 4, 5, 6, 7, 8, 11, 12, 13, 14, 15, 16, 18]
RKP_01000_00100_5_04.txt|94.13|102|0.004650549000000268|[1, 3, 4, 5, 6, 7, 8, 9, 10, 11, 12, 13, 14, 16, 17, 18, 19, 20]
RKP_01000_00100_5_05.txt|96.94|103|0.004546614000000133|[2, 4, 5, 7, 8, 9, 10, 11, 12, 14, 15, 17, 19, 20]
RKP_01000_00100_5_06.txt|97.06|104|0.0046946510000002205|[3, 5, 6, 9, 10, 11, 12, 13, 14, 15, 16, 17]
RKP_01000_00100_5_07.txt|98.7|103|0.004614663999999777|[2, 4, 5, 7, 8, 9, 10, 11, 12, 13, 14, 15, 16, 17, 18, 19, 20, 21, 22, 23]
RKP_01000_00100_5_08.txt|96.63|106|0.004449325000000144|[2, 3, 4, 5, 6, 7, 9, 10, 13, 14, 15, 16, 17]
RKP_01000_00100_5_09.txt|91.98|102|0.004610492000000264|[1, 4, 5, 6, 7, 8, 9, 10, 11, 12, 13, 14, 15]
RKP_01000_00100_5_10.txt|95.24|101|0.004666406000000194|[1, 2, 3, 4, 5, 6, 7, 8, 9, 10, 11, 12, 13, 14]
RKP_05000_00100_1_01.txt|4660.38|4792|0.050202603999999554|[302, 1373, 465, 3, 2556, 4, 5, 9, 1, 553, 2091, 8, 20, 3645, 1406, 642, 2106, 1268, 540, 116, 589, 51, 3411, 904, 49, 1485, 150, 1700, 1482, 68, 2398, 1366, 4536, 59, 852, 89, 213, 1277, 155, 1181, 1207, 24, 115, 2548, 99, 2478, 2692, 21, 1723, 847, 1275, 1839, 801, 1568, 2505, 1213, 2003, 22, 7, 363, 4545, 13, 16, 1021]
RKP_05000_00100_1_02.txt|4524.15|4641|0.049924880999999886|[3648, 2939, 3415, 60, 171, 1821, 275, 892, 4066, 73, 350, 4311, 4651, 174, 2, 4439, 1210, 2337, 104, 42, 716, 1201, 501, 16, 3013, 1, 347, 338, 601, 135, 374, 18, 235, 151, 2809, 3107, 51, 1720, 1929, 130, 301, 3739, 2669, 31, 277, 99, 28, 75, 420, 448, 437, 4339, 3158, 1585, 44, 794, 1557, 1432, 4071, 57, 262]
RKP_05000_00100_1_03.txt|4502.09|4634|0.049273050999999984|[6, 2646, 22, 591, 929, 961, 1355, 1, 1069, 207, 3382, 4798, 81, 52, 4396, 4053, 136, 193, 1588, 10, 2992, 3261, 27, 3127, 3471, 26, 1880, 1417, 3686, 3801, 1634, 4436, 3036, 114, 1171, 612, 203, 3005, 7, 2382, 5, 326, 1550, 304, 156, 2797, 793, 2939, 1020, 219, 1066, 2442, 350, 1237, 656, 1044, 1363, 1154, 401, 1035, 1283]
RKP_05000_00100_1_04.txt|4285.16|4408|0.048918859999999995|[795, 2, 41, 2565, 38, 147, 2594, 7, 4320, 1931, 69, 378, 713, 23, 2528, 1521, 5, 3064, 135, 4470, 2030, 444, 4280, 3644, 3336, 3198, 16, 868, 1633, 1367, 579, 3338, 131, 233, 2859, 78, 3225, 3474, 3503, 1764, 205, 2255, 416, 2304, 3703, 1527, 1675, 455, 20, 651, 557, 792, 1173, 4914, 1210, 3053, 979, 1048, 26, 3006, 936, 2940, 3085, 3484, 4248, 337]
RKP_05000_00100_1_05.txt|4214.86|4344|0.04881208099999974|[64, 644, 38, 541, 427, 542, 4588, 2, 8, 1759, 1433, 2850, 3856, 20, 16, 4, 1309, 174, 306, 1432, 33, 53, 2447, 2549, 101, 2995, 288, 60, 4969, 119, 96, 92, 4179, 44, 507, 527, 356, 1088, 23, 270, 2347, 230, 3160, 977, 1249, 4630, 158, 14, 2922, 428, 608, 4251, 907, 660, 2886, 317, 3454, 4002, 30, 667]
RKP_05000_00100_1_06.txt|4393.63|4510|0.04864468299999963|[2608, 45, 745, 41, 208, 1799, 747, 219, 569, 73, 457, 3167, 152, 3825, 9, 807, 133, 645, 62, 1279, 896, 860, 3, 122, 329, 1512, 8, 1319, 435, 21, 701, 14, 17, 1606, 11, 147, 2, 55, 71, 920, 1259, 111, 108, 2510, 7, 44, 1542, 652, 2842, 1031, 18, 3571, 131, 912, 115, 377, 3239, 25, 139, 694, 6, 238]
RKP_05000_00100_1_07.txt|4785.6|4902|0.047801599000000576|[30, 3473, 97, 880, 180, 244, 55, 1149, 3419, 118, 1437, 582, 188, 2037, 876, 204, 2883, 1762, 124, 4, 11, 931, 32, 1222, 54, 1758, 79, 90, 451, 2591, 991, 1401, 453, 13, 3111, 3370, 3, 2367, 1199, 3162, 155, 362, 3566, 104, 646, 457, 219, 2085, 1, 1477, 1299, 1827, 930, 5, 2207, 2438, 1187, 3484, 4252, 4639, 494, 192, 2041, 35, 811, 3320, 551]
RKP_05000_00100_1_08.txt|4393.58|4525|0.0483437570000001|[2845, 6, 186, 441, 906, 3876, 264, 266, 816, 2248, 2054, 865, 300, 502, 82, 1, 276, 288, 1717, 3259, 4344, 275, 4811, 148, 154, 179, 687, 985, 1267, 739, 48, 3226, 120, 52, 3137, 4473, 215, 1781, 183, 3911, 1358, 4638, 745, 1632, 4998, 25, 820, 538, 2535, 341, 777, 54, 137, 29, 779, 72, 2399, 1079, 260, 345, 1029, 2994, 234]
RKP_05000_00100_1_09.txt|4087.32|4194|0.049256422000000126|[2965, 2596, 270, 816, 4135, 3051, 30, 178, 3, 4424, 1184, 1441, 1363, 3759, 3697, 4341, 10, 121, 2, 70, 3572, 74, 423, 1856, 463, 6, 42, 853, 230, 2349, 447, 307, 729, 383, 1260, 4156, 588, 83, 987, 1309, 325, 1769, 796, 747, 3556, 1427, 90, 190, 533, 1387, 329, 43, 1736, 1945, 4220, 1869, 4062]
RKP_05000_00100_1_10.txt|4504.83|4628|0.04914941500000012|[43, 1395, 3373, 437, 2061, 230, 952, 3176, 25, 3086, 83, 564, 176, 189, 321, 2958, 143, 482, 1091, 111, 1350, 3065, 1422, 352, 4572, 780, 1342, 2, 2616, 4369, 8, 60, 1, 4883, 26, 153, 795, 3734, 662, 13, 654, 445, 21, 1804, 180, 363, 1221, 956, 2120, 385, 484, 4185, 20, 1517, 304, 15, 134, 714, 805, 930, 2462, 612, 2028, 429]
RKP_05000_00100_2_01.txt|434.38|445|0.04900989200000055|[540, 44, 110, 144, 2729, 2218, 551, 1057, 2019, 3518, 3020, 77, 648, 868, 1292, 2000, 2210, 1078, 68, 148, 220, 736, 25, 626, 848, 1187, 2735, 4039, 1835, 2120, 2295, 2913, 2948, 3573, 40, 4620, 4675, 1741, 5, 142, 315, 1715, 3]
RKP_05000_00100_2_02.txt|483.74|498|0.0489880299999993|[407, 871, 4347, 152, 677, 1014, 455, 532, 656, 1793, 3238, 29, 275, 1570, 4063, 4978, 4, 73, 1493, 2707, 10, 35, 1178, 1770, 3, 14, 298, 3178, 3654, 778, 763, 1800, 2437, 8, 15, 22, 40, 103, 1194, 1838, 2992, 3004, 2439, 4384, 101, 2263, 2360, 2501, 2984, 536, 33, 242, 292, 556, 929]
RKP_05000_00100_2_03.txt|459.99|478|0.04948352400000004|[4655, 1867, 4547, 5, 242, 710, 1122, 1234, 4989, 17, 39, 4, 388, 826, 2844, 4806, 442, 840, 895, 1925, 2550, 3332, 3969, 842, 2606, 6, 3890, 314, 1332, 3166, 9, 185, 202, 524, 711, 769, 1469, 2973, 3625, 4028, 1, 22, 543, 113, 592, 1749, 12, 54, 195, 500]
RKP_05000_00100_2_04.txt|453.09|468|0.0490129060000001|[506, 950, 1, 2126, 4139, 12, 168, 3153, 387, 531, 45, 283, 1864, 5, 483, 491, 687, 917, 99, 355, 1415, 1565, 1633, 752, 1551, 35, 1107, 1671, 31, 54, 67, 87, 156, 225, 325, 1138, 1566, 2299, 3108, 3585, 3838, 72, 109, 2042, 2052, 2100, 13]
RKP_05000_00100_2_05.txt|481.85|495|0.0495765300000005|[3758, 522, 1741, 274, 355, 1029, 2365, 2703, 3238, 3555, 991, 2083, 5, 22, 52, 942, 1224, 1654, 2332, 2545, 3226, 366, 752, 879, 3406, 2785, 3383, 984, 1823, 3374, 69, 693, 797, 29, 99, 370, 1076, 1903, 2614, 426, 3241, 167, 829, 2206, 2208, 2261, 2815, 3573, 413, 51]
RKP_05000_00100_2_06.txt|454.85|468|0.049759924999999615|[326, 1109, 1288, 2453, 4405, 466, 135, 816, 1581, 2118, 2148, 3347, 62, 136, 324, 758, 6, 356, 2040, 2408, 437, 129, 369, 2044, 4478, 1688, 3081, 1, 639, 853, 1433, 3682, 210, 2422, 3, 182, 926, 1025, 1917, 222, 1383, 2075, 23, 8, 33, 602, 1193, 2039]
RKP_05000_00100_2_07.txt|473.54|487|0.04955775399999965|[1, 79, 2, 7, 516, 3, 71, 333, 2751, 43, 58, 180, 235, 938, 1389, 2246, 2419, 141, 260, 595, 1949, 2323, 15, 105, 373, 4183, 183, 261, 689, 2108, 3866, 177, 194, 1063, 3229, 3555, 55, 74, 244, 396, 2164, 2332, 4327, 103, 649, 49, 216, 429, 744, 2641, 169]
RKP_05000_00100_2_08.txt|447.09|462|0.04900338000000005|[98, 1700, 342, 25, 199, 1204, 14, 99, 152, 953, 2584, 2915, 11, 24, 1638, 2149, 2068, 3421, 2, 41, 636, 1387, 1617, 48, 23, 621, 4332, 4658, 1, 79, 524, 560, 671, 735, 1415, 4543, 15, 291, 367, 869, 1492, 7, 94, 464, 672, 967, 3246, 3696, 9, 1273, 3365]
RKP_05000_00100_2_09.txt|480.94|496|0.04846845199999976|[6, 355, 5, 151, 1149, 1331, 4778, 86, 433, 1873, 2352, 2953, 3113, 293, 294, 88, 112, 392, 846, 1338, 2179, 2318, 4070, 110, 142, 75, 2196, 2365, 218, 755, 362, 1203, 1335, 1397, 1818, 61, 238, 955, 2692, 315, 1008, 1679, 2213, 15, 4171, 2520, 244, 678, 796, 13, 20, 45, 66, 558]
RKP_05000_00100_2_10.txt|453.51|469|0.048485655999999724|[1773, 477, 250, 502, 918, 1932, 2345, 2755, 2802, 3321, 113, 2283, 2318, 2768, 4994, 19, 74, 136, 326, 2133, 291, 315, 2022, 184, 210, 253, 1459, 78, 120, 373, 978, 1313, 3005, 3077, 4424, 1547, 660, 1253, 4012, 72, 3123, 275, 3300, 66, 935, 48]
RKP_05000_00100_3_01.txt|782.46|800|0.04798475799999778|[1, 8, 10, 11, 26, 48, 83, 97, 145, 224, 231, 279, 288, 312, 334, 349, 361, 465, 471, 588, 610, 661, 692, 900, 1006, 1096, 1192, 1272, 1725, 1751, 1768, 2039, 2321, 2608, 3252, 3272, 3292, 3674, 3675, 4195, 4, 5, 7, 18, 22, 28, 44, 58, 67, 69, 77, 80, 104, 109, 118, 242, 276, 297, 322, 345, 377, 383, 395, 413, 504, 506, 530, 533, 534, 558]
RKP_05000_00100_3_02.txt|870.03|890|0.04903338600000041|[1, 22, 36, 38, 55, 93, 94, 98, 132, 135, 145, 148, 167, 203, 219, 254, 272, 301, 312, 313, 351, 356, 373, 392, 415, 434, 472, 542, 776, 856, 989, 1047, 1092, 1119, 1136, 1267, 1271, 1335, 1664, 1834, 1876, 2362, 2409, 2674, 2689, 2722, 2762, 2772, 2848, 3287, 3318, 3344, 3615, 3645, 4055, 4114, 4494, 4912, 3, 11, 17, 31, 40, 54, 74, 97, 168, 242, 280, 304, 330, 355, 365, 426, 427, 452, 453, 796, 863]
RKP_05000_00100_3_03.txt|852.79|880|0.04979775700000033|[1, 6, 15, 18, 20, 21, 27, 52, 76, 86, 96, 129, 140, 156, 159, 191, 205, 258, 283, 341, 387, 403, 520, 820, 894, 914, 945, 977, 1058, 1109, 1226, 1256, 1304, 1305, 1409, 1459, 1487, 1558, 1571, 1712, 1847, 1888, 1941, 2676, 2793, 2858, 2962, 2984, 2989, 3115, 4440, 4520, 4528, 4547, 4563, 4874, 3, 14, 24, 42, 73, 155, 165, 351, 380, 397, 446, 459, 546, 647, 690, 698, 714, 721, 780, 901, 909, 963]
RKP_05000_00100_3_04.txt|832.86|850|0.049445176999998924|[1, 9, 11, 16, 48, 56, 59, 100, 298, 318, 320, 325, 335, 365, 375, 446, 578, 688, 708, 759, 769, 770, 898, 984, 1024, 1182, 1193, 1227, 1264, 1283, 1338, 1348, 1433, 1570, 1739, 1757, 1788, 1905, 2156, 2274, 2340, 2386, 2433, 2600, 2634, 3384, 3639, 3851, 4679, 4996, 2, 3, 4, 14, 15, 24, 28, 47, 51, 66, 68, 72, 98, 99, 103, 118, 122, 133, 136, 205, 232, 266, 309, 364, 377]
RKP_05000_00100_3_05.txt|735.31|750|0.04947791500000221|[7, 52, 79, 122, 238, 292, 362, 480, 485, 513, 573, 638, 669, 905, 909, 936, 950, 973, 1668, 2040, 2337, 2456, 2596, 2714, 2928, 3114, 3135, 4073, 4398, 4423, 1, 24, 47, 76, 81, 109, 113, 147, 206, 220, 230, 235, 304, 345, 435, 448, 486, 542, 563, 583, 588, 590, 614, 656, 769, 891, 994, 1088, 1259, 1491, 1526, 1760, 1764, 1858, 2471]
RKP_05000_00100_3_06.txt|845.18|870|0.049673789000000565|[1, 10, 15, 24, 25, 26, 27, 32, 35, 58, 68, 79, 103, 113, 119, 121, 179, 203, 244, 248, 270, 352, 452, 492, 551, 564, 638, 683, 755, 796, 956, 1046, 1130, 1148, 1376, 1451, 1477, 1657, 1698, 1735, 1860, 1884, 2159, 2205, 2457, 2528, 2710, 2738, 2878, 2889, 2978, 3082, 3112, 4282, 3, 4, 6, 12, 29, 45, 80, 82, 86, 104, 108, 157, 181, 207, 221, 278, 290, 413, 434, 440, 460, 588, 700]
RKP_05000_00100_3_07.txt|853.87|870|0.04955501700000184|[1, 10, 14, 16, 18, 20, 30, 77, 89, 93, 98, 99, 114, 169, 189, 206, 213, 222, 281, 304, 356, 362, 372, 416, 495, 500, 507, 550, 699, 729, 750, 812, 817, 876, 883, 890, 980, 1030, 1095, 1453, 1577, 1615, 1892, 1960, 2113, 2510, 2632, 2667, 2701, 2869, 3232, 3416, 3653, 4835, 9, 29, 32, 68, 85, 96, 130, 166, 167, 178, 185, 211, 355, 485, 526, 549, 566, 570, 583, 607, 719, 799, 859]
RKP_05000_00100_3_08.txt|869.27|900|0.04886569200000139|[1, 6, 13, 17, 28, 47, 92, 97, 100, 101, 129, 161, 169, 215, 227, 238, 328, 343, 346, 382, 428, 491, 557, 563, 572, 645, 700, 925, 969, 1076, 1208, 1238, 1240, 1244, 1355, 1414, 1478, 1502, 1517, 1589, 1802, 1973, 2091, 2154, 2276, 2430, 2572, 2702, 3001, 3330, 3335, 3410, 3716, 3821, 4062, 4178, 4225, 4353, 4604, 4735, 2, 4, 21, 24, 35, 36, 44, 59, 60, 89, 99, 115, 124, 191, 216, 294, 309, 426, 484, 502]
RKP_05000_00100_3_09.txt|843.32|870|0.048304192000000225|[1, 4, 24, 40, 55, 63, 94, 111, 137, 205, 217, 262, 271, 288, 355, 409, 466, 585, 600, 636, 662, 696, 789, 827, 839, 981, 986, 1067, 1161, 1532, 1558, 1683, 1913, 2033, 2048, 2372, 2453, 2595, 2609, 2846, 2862, 2897, 2925, 3120, 3500, 3562, 3603, 3727, 3987, 4348, 4681, 4813, 4902, 4948, 3, 8, 10, 18, 25, 49, 57, 78, 101, 110, 116, 119, 154, 229, 274, 277, 307, 350, 373, 419, 424, 447, 579]
RKP_05000_00100_3_10.txt|828.62|850|0.04861326800000057|[3, 19, 21, 22, 27, 30, 47, 52, 63, 119, 173, 216, 236, 252, 283, 383, 438, 627, 659, 666, 775, 787, 860, 881, 1046, 1075, 1166, 1426, 1430, 1463, 1547, 1938, 1946, 2107, 2181, 2195, 2235, 2244, 2312, 2477, 2567, 2929, 2988, 2990, 3361, 3869, 3877, 4448, 4628, 4783, 1, 2, 4, 5, 10, 39, 50, 57, 79, 109, 113, 138, 141, 142, 211, 227, 333, 336, 337, 526, 540, 559, 614, 685, 780]
RKP_05000_00100_4_01.txt|100.0|100|0.04847728799999913|[4210]
RKP_05000_00100_4_02.txt|100.0|100|0.048914958000000584|[4283]
RKP_05000_00100_4_03.txt|100.0|100|0.048923989999998696|[4259]
RKP_05000_00100_4_04.txt|100.0|100|0.04840524600000151|[4218]
RKP_05000_00100_4_05.txt|100.0|100|0.048344552000003205|[4227]
RKP_05000_00100_4_06.txt|100.0|100|0.04796175900000236|[4203]
RKP_05000_00100_4_07.txt|100.0|100|0.04753655200000026|[4210]
RKP_05000_00100_4_08.txt|100.0|100|0.04890915900000095|[4203]
RKP_05000_00100_4_09.txt|100.0|100|0.04948648199999951|[4209]
RKP_05000_00100_4_10.txt|100.0|100|0.04786538500000063|[4213]
RKP_05000_00100_5_01.txt|96.3|100|0.04843872199999993|[1, 3, 4, 5, 6, 7, 8, 9, 10, 11, 12, 13, 14, 15, 16, 18, 19, 20, 21, 22, 23, 24, 25, 26, 27]
RKP_05000_00100_5_02.txt|98.17|103|0.04806970299999762|[2, 3, 4, 5, 7, 8, 9, 11, 12, 13, 14, 15, 16, 17, 18, 19, 20, 21]
RKP_05000_00100_5_03.txt|98.31|101|0.047669437000000696|[2, 4, 5, 6, 7, 8, 9, 10, 11, 12, 13, 14, 15, 16, 17, 18, 19, 20, 21, 22, 23, 24, 25, 26, 27, 28]
RKP_05000_00100_5_04.txt|97.42|101|0.04761677500000104|[1, 2, 3, 4, 5, 6, 7, 9, 10, 11, 12, 13, 14, 15, 16, 17, 19, 20, 21, 22]
RKP_05000_00100_5_05.txt|96.62|102|0.048256170999998745|[3, 4, 5, 6, 8, 9, 10, 11, 12, 13, 14, 15, 16, 17, 18, 19, 20, 21, 22, 23, 24]
RKP_05000_00100_5_06.txt|99.05|102|0.04732282100000134|[1, 2, 4, 5, 6, 7, 8, 9, 10, 11, 12, 13, 14, 15, 16, 17, 18, 19, 20, 21, 24, 25, 26, 27, 28, 29]
RKP_05000_00100_5_07.txt|95.8|101|0.04740991699999768|[1, 2, 3, 4, 5, 6, 7, 8, 9, 10, 11, 13, 14, 15, 16, 17, 18, 19, 20, 22, 23, 24, 25, 26, 27, 28]
RKP_05000_00100_5_08.txt|95.97|101|0.04767541800000004|[1, 4, 5, 6, 7, 8, 9, 10, 11, 12, 13, 14, 15, 16, 18, 19, 20, 21, 22, 23, 24, 25, 26, 27, 28, 29, 30, 31]
RKP_05000_00100_5_09.txt|96.78|100|0.048741976999996266|[1, 3, 4, 5, 6, 7, 11, 12, 14, 16, 17, 18, 19, 20, 21, 22, 23, 24, 25, 26, 27, 28, 29, 30, 31, 32]
RKP_05000_00100_5_10.txt|98.4|103|0.04886735299999657|[3, 4, 5, 6, 7, 8, 9, 10, 11, 12, 13, 15, 16, 17, 18, 20, 21, 22, 23, 24, 25]
RKP_05000_01000_1_01.txt|56950.21|58229|0.05192945099999577|[53, 3485, 164, 4971, 1742, 2254, 700, 1232, 328, 732, 18, 3791, 151, 23, 15, 17, 751, 1034, 1858, 2481, 1756, 778, 1591, 2077, 1841, 334, 13, 379, 866, 1431, 4223, 4479, 78, 1214, 661, 2777, 2, 1919, 226, 1979, 3534, 3799, 491, 2629, 96, 86, 8, 10, 3256, 2266, 368, 16, 399, 2567, 684, 3187, 1233, 1928, 2874, 1145, 33, 22, 991, 5, 271, 1196, 969, 252, 800, 30, 921, 118, 1724, 212, 82, 511, 1387, 4129, 3144, 1775, 1, 3282, 35, 551, 1810, 2814]
RKP_05000_01000_1_02.txt|59747.07|61271|0.050290984999999754|[918, 2800, 89, 304, 1590, 222, 36, 675, 4489, 7, 728, 3565, 2379, 588, 1205, 1337, 109, 622, 3, 4961, 1055, 1261, 2745, 539, 1414, 78, 988, 22, 41, 506, 3875, 2832, 2594, 2825, 10, 282, 235, 1403, 2011, 425, 1999, 3349, 2769, 17, 772, 155, 837, 1677, 39, 1329, 337, 965, 368, 3795, 3628, 236, 917, 1604, 1277, 2973, 694, 3668, 790, 2727, 96, 207, 3585, 84, 464, 928, 2120, 1343, 2229, 2198, 3095, 2041, 1860, 2750, 471, 293, 165, 646, 130]
RKP_05000_01000_1_03.txt|55261.19|56594|0.051519014000000425|[1614, 882, 1039, 24, 1534, 3194, 3276, 22, 1854, 1150, 2688, 135, 1822, 852, 1415, 272, 940, 933, 1475, 176, 339, 1027, 533, 2016, 1364, 1, 2471, 344, 3392, 1339, 174, 649, 3920, 76, 3682, 248, 165, 4104, 3232, 72, 1605, 1483, 2201, 3835, 2080, 2125, 114, 60, 2848, 1478, 2314, 749, 62, 1719, 3, 1219, 129, 1815, 515, 1006, 1146, 988, 2161, 4640, 4193, 810, 192, 1979, 94, 875, 2110, 13, 2682, 67, 4283, 441, 4191, 2468, 33, 4216, 400]
RKP_05000_01000_1_04.txt|57018.21|58300|0.050499602999998956|[1218, 135, 952, 61, 4624, 1450, 223, 4775, 1275, 35, 16, 794, 9, 4277, 716, 2060, 4397, 10, 114, 64, 1107, 181, 1, 3926, 318, 2470, 594, 1142, 498, 191, 52, 3055, 687, 546, 3023, 351, 2320, 482, 724, 3051, 1546, 533, 5, 2023, 4232, 33, 1174, 1916, 413, 50, 2999, 189, 1311, 25, 133, 465, 1416, 2, 248, 1021, 24, 7, 1689, 2047, 270, 2649, 395, 8, 132, 4329, 49, 886, 6, 71, 1597, 1074, 1395, 3271, 2550, 670, 1901, 792, 210, 105, 2177, 421, 17]
RKP_05000_01000_1_05.txt|56218.03|58190|0.05088371500000164|[1142, 91, 385, 2069, 430, 1649, 2, 14, 254, 65, 352, 97, 1606, 93, 1411, 1588, 132, 985, 168, 2547, 4053, 2834, 1227, 2271, 1093, 94, 1607, 4118, 467, 3468, 279, 339, 46, 4385, 259, 119, 1418, 1316, 667, 4, 1155, 1162, 3067, 267, 816, 1320, 157, 651, 9, 1023, 1474, 711, 8, 580, 1321, 1883, 1049, 4096, 16, 73, 943, 593, 130, 120, 2819, 2004, 330, 19, 2263, 85, 1893, 4204, 2397, 5, 2256, 584, 25, 201, 592, 231, 67, 903, 2360, 72, 27, 208, 1012, 2350, 69, 1150]
RKP_05000_01000_1_06.txt|55138.67|56793|0.050474096999997185|[4603, 51, 8, 736, 691, 1879, 336, 2050, 52, 498, 80, 1689, 269, 159, 894, 697, 2857, 1916, 1511, 3109, 1242, 943, 297, 2865, 48, 1910, 188, 3076, 107, 2195, 998, 3846, 2, 2967, 3, 217, 10, 503, 399, 1368, 1530, 9, 6, 150, 90, 343, 2925, 616, 1002, 1192, 2517, 42, 13, 2483, 612, 292, 157, 646, 1062, 429, 656, 2633, 1040, 721, 1662, 601, 1097, 688, 163, 4793, 1, 4196, 2012, 1494, 37, 2025, 687, 2442, 192, 224, 2168, 4, 337, 1720, 684, 60, 1305, 883, 4183]
RKP_05000_01000_1_07.txt|51104.59|52454|0.049655415999999376|[753, 4009, 1741, 15, 226, 568, 161, 1359, 130, 2669, 213, 77, 1865, 204, 1697, 1, 65, 91, 2593, 84, 957, 1449, 44, 522, 2, 577, 1175, 421, 188, 2087, 523, 23, 21, 628, 1764, 2001, 3455, 46, 795, 198, 386, 2245, 616, 651, 4242, 8, 569, 1607, 848, 731, 4471, 985, 1047, 1489, 640, 2984, 993, 2145, 1378, 241, 453, 608, 3438, 1178, 1346, 393, 1666, 4078, 2235, 27, 119, 1645, 38, 94, 1052, 363, 424]
RKP_05000_01000_1_08.txt|53170.1|55084|0.05039550200000065|[4497, 427, 24, 140, 89, 2585, 651, 2382, 2356, 81, 20, 190, 1487, 430, 2110, 10, 2528, 785, 1391, 952, 527, 109, 235, 670, 3925, 575, 2841, 488, 15, 1138, 7, 257, 3318, 115, 26, 2723, 1574, 738, 3, 151, 3937, 4666, 849, 66, 118, 890, 419, 40, 39, 2070, 411, 75, 892, 29, 32, 531, 52, 548, 1275, 1088, 2099, 207, 3788, 389, 3288, 1344, 3437, 43, 217, 117, 529, 4070, 3323, 279, 3908, 244, 1029]
RKP_05000_01000_1_09.txt|55987.49|57745|0.050477729000002684|[157, 1714, 684, 2381, 3179, 1434, 4115, 3964, 1, 1362, 104, 2, 51, 1366, 427, 1788, 364, 6, 996, 18, 163, 2364, 1242, 3744, 883, 191, 3245, 39, 390, 1481, 1679, 128, 17, 47, 499, 1854, 563, 1761, 3, 562, 2121, 190, 2328, 2845, 998, 27, 1579, 29, 302, 714, 342, 473, 1414, 844, 2399, 7, 3556, 3900, 1401, 73, 3156, 1699, 94, 106, 25, 4, 1509, 1337, 359, 3644, 1495, 2034, 3448, 153, 49, 32, 2239, 1911, 2246, 136, 320, 377, 2844, 8]
RKP_05000_01000_1_10.txt|60732.69|62234|0.051465282999997725|[129, 888, 528, 2671, 245, 1044, 1680, 47, 104, 500, 785, 486, 11, 1914, 1, 461, 2184, 740, 2867, 2216, 844, 384, 261, 1430, 180, 1253, 103, 2753, 359, 1076, 1095, 3836, 49, 100, 1313, 2309, 9, 286, 4815, 1479, 1284, 807, 2544, 1554, 2, 38, 2698, 839, 3137, 43, 33, 212, 2541, 1686, 3309, 187, 2560, 1436, 472, 1476, 2608, 198, 634, 1553, 4698, 28, 1731, 4036, 1413, 604, 193, 1361, 1350, 582, 4, 161, 813, 2768, 220, 2153, 1817, 1423, 3687, 1641, 255, 495, 904, 17, 80, 464, 152]
RKP_05000_01000_2_01.txt|4382.35|4517|0.05100530100000583|[176, 1844, 4166, 2000, 339, 1473, 3060, 28, 413, 3919, 483, 2671, 2, 1173, 88, 2400, 1730, 2057, 1100, 103, 1641, 541, 265, 2351, 1898, 1487, 3764, 309, 2281, 1046, 32, 7, 81, 395, 4493, 724, 153, 147, 3395, 687, 115, 4598, 951, 761, 12, 2569, 38, 22, 352, 23, 1154, 2581, 716]
RKP_05000_01000_2_02.txt|4627.39|4778|0.05088897299999871|[1045, 2, 279, 317, 365, 491, 1856, 1294, 1693, 964, 44, 1068, 4977, 862, 1189, 2682, 3, 462, 1, 2581, 545, 1577, 62, 121, 126, 1739, 1812, 311, 471, 667, 76, 2983, 653, 78, 1049, 94, 946, 214, 1196, 2259, 1964, 2308, 1000, 379, 2515, 2419, 2537, 3342, 338, 139, 2933, 820, 3711, 1159, 1503]
RKP_05000_01000_2_03.txt|4747.79|4880|0.049016339000004336|[51, 305, 465, 3416, 726, 1002, 69, 86, 3351, 308, 4964, 3938, 655, 3540, 2930, 286, 235, 862, 3180, 2340, 2182, 1958, 507, 4457, 3343, 131, 518, 104, 1354, 942, 2548, 3087, 118, 1550, 177, 341, 2601, 1732, 858, 3822, 375, 1132, 2164, 2610, 106, 1483, 63, 185, 477, 589, 350, 171, 88, 1676]
RKP_05000_01000_2_04.txt|5128.91|5287|0.050921298000000094|[17, 1740, 63, 2518, 585, 3, 2408, 4454, 2928, 1672, 1989, 2245, 183, 768, 153, 82, 758, 371, 4424, 400, 2989, 545, 1906, 3530, 2237, 3498, 1086, 54, 2249, 3872, 302, 509, 1, 4236, 22, 567, 7, 1136, 916, 1398, 1319, 247, 557, 662, 1210, 19, 1539, 1799, 51, 163, 1209, 59, 703, 84, 3183, 348, 667, 57, 1100, 23, 1065]
RKP_05000_01000_2_05.txt|4670.16|4779|0.04962665799999968|[734, 420, 34, 204, 1064, 33, 4485, 3, 1132, 273, 1158, 1680, 876, 4215, 3321, 360, 526, 8, 5, 4, 201, 70, 2513, 2943, 1762, 427, 1925, 1269, 260, 2008, 344, 16, 390, 2548, 187, 453, 80, 23, 9, 1052, 30, 775, 1424, 737, 290, 957, 2686, 324, 1335, 1672, 156, 306, 43, 4333, 807, 1576]
RKP_05000_01000_2_06.txt|4881.61|4996|0.0509102369999971|[464, 1933, 61, 1, 344, 1477, 900, 105, 473, 683, 138, 672, 2638, 2476, 4951, 242, 27, 2, 1569, 30, 1991, 1948, 793, 36, 1619, 1134, 386, 282, 403, 154, 925, 152, 59, 707, 1898, 2446, 3111, 2282, 2287, 159, 1064, 714, 94, 1852, 328, 4131, 2690, 2201, 2484, 109, 336, 10, 4545, 481, 670, 184, 1369, 1746, 5, 252, 114, 1317]
RKP_05000_01000_2_07.txt|5030.88|5143|0.04938079500000185|[4279, 759, 2608, 1, 1902, 207, 2282, 4495, 1643, 2206, 1625, 3129, 771, 157, 1437, 1811, 12, 11, 909, 1552, 368, 751, 2233, 1123, 772, 1265, 516, 238, 3147, 199, 212, 2446, 3882, 2461, 294, 1593, 2843, 2241, 5, 1935, 1945, 2341, 44, 3275, 257, 3196, 1425, 3085, 105, 1886, 1139, 1702, 1976, 228, 4453, 1461, 997, 2864, 33, 3031]
RKP_05000_01000_2_08.txt|4977.86|5108|0.04958189700000048|[1499, 298, 312, 972, 59, 1184, 264, 78, 44, 3148, 3191, 2399, 108, 385, 3385, 6, 17, 30, 213, 1067, 371, 658, 4, 846, 1783, 677, 2808, 747, 634, 242, 2941, 1314, 200, 660, 1114, 2632, 2133, 1156, 236, 1924, 3857, 201, 1664, 174, 114, 1802, 580, 473, 955, 362, 397, 901, 4386, 278, 1016, 2683, 823]
RKP_05000_01000_2_09.txt|4681.63|4844|0.050702746000002324|[1556, 897, 3478, 408, 10, 4, 379, 1583, 1967, 2140, 3, 2789, 677, 15, 1786, 25, 22, 270, 175, 821, 13, 2637, 3297, 63, 2317, 997, 1992, 536, 419, 36, 118, 2887, 310, 1259, 784, 1132, 1627, 128, 2, 561, 4691, 935, 3113, 3974, 1428, 579, 3583, 130, 377, 2094, 2005, 4669, 247, 1587, 77]
RKP_05000_01000_2_10.txt|4493.8|4662|0.05031961299999523|[4267, 4015, 137, 2998, 420, 1494, 18, 9, 191, 1502, 99, 227, 2318, 149, 1686, 3712, 2034, 36, 1926, 4084, 1619, 922, 19, 294, 749, 4050, 2559, 1491, 1523, 3674, 1011, 1303, 555, 3584, 1858, 95, 1745, 82, 587, 206, 74, 941, 29, 3887, 305, 1416, 3163, 25, 880, 1175, 1176, 4057, 15, 337, 2452]
RKP_05000_01000_3_01.txt|9722.93|9900|0.05098244899999997|[1, 46, 47, 1698, 1958, 2461, 3246, 21, 562, 1615, 2851, 108, 237, 455, 1081, 2241, 2416, 2783, 40, 72, 97, 112, 372, 114, 728, 996, 77, 917, 2748, 176, 207, 284, 1198, 1779, 2250, 1038, 1894, 2056, 2178, 2874, 119, 150, 276, 688, 384, 749, 1600, 9, 60, 398, 3683, 132, 193, 757, 1382, 2429, 12, 23, 1190, 550, 53, 381, 604, 623, 4452, 560, 1047, 1140, 1365, 45, 241, 632, 951, 1087, 15, 16, 37, 539, 1139, 4101, 274, 305, 387, 1369, 3591, 109, 400, 553, 13]
RKP_05000_01000_3_02.txt|10542.88|10800|0.05073269899999673|[129, 1041, 1087, 1499, 2113, 28, 2067, 3308, 140, 2425, 39, 90, 379, 425, 542, 562, 2853, 446, 878, 1486, 2704, 3041, 13, 1046, 849, 2, 1885, 2978, 3750, 209, 1161, 1436, 2215, 1, 25, 40, 107, 169, 214, 1908, 3546, 2330, 436, 883, 892, 1020, 2667, 4134, 305, 445, 609, 730, 2772, 1117, 2989, 4507, 801, 2136, 2565, 4, 41, 66, 718, 1022, 1174, 3393, 2080, 2933, 2998, 4719, 235, 2953, 3171, 71, 931, 1240, 1334, 3832, 263, 345, 1193, 1488, 68, 130, 646, 759, 33, 448, 116, 304, 953, 1484, 2808, 4419, 303, 595, 1083, 111]
RKP_05000_01000_3_03.txt|10945.1|11100|0.049925899999998934|[5, 286, 881, 1498, 4215, 158, 399, 621, 975, 3166, 26, 3273, 2, 215, 568, 652, 4041, 246, 609, 3, 199, 1663, 4813, 11, 22, 129, 239, 439, 710, 856, 1597, 4529, 989, 1164, 2386, 3910, 4695, 709, 3545, 360, 465, 896, 4671, 1, 38, 156, 163, 330, 339, 763, 794, 1022, 1041, 1523, 1559, 2202, 2957, 952, 3928, 2319, 115, 214, 1465, 4084, 4338, 200, 221, 1082, 1533, 2087, 6, 190, 839, 1605, 1733, 3722, 4, 480, 544, 1157, 1222, 97, 669, 907, 2298, 153, 765, 770, 879, 1169, 1767, 1926, 2529, 2901, 3239, 3697, 4329, 127, 452, 592, 1077]
RKP_05000_01000_3_04.txt|10925.91|11100|0.05063960500000462|[132, 198, 206, 448, 548, 1872, 2150, 2372, 2868, 6, 111, 619, 657, 1080, 680, 4, 63, 261, 610, 989, 9, 70, 4880, 1, 495, 709, 1049, 1064, 1276, 1396, 2516, 2568, 321, 337, 360, 574, 2747, 27, 45, 277, 3197, 3448, 18, 306, 3523, 29, 58, 864, 1786, 3330, 5, 7, 142, 2541, 4042, 769, 1226, 4440, 225, 1907, 2865, 15, 962, 1322, 82, 205, 263, 977, 1589, 1768, 2593, 3612, 3, 17, 94, 258, 1996, 2857, 13, 648, 1398, 2575, 39, 472, 568, 1309, 1912, 3274, 827, 2871, 25, 1165, 1493, 1557, 1801, 1852, 2115, 2601, 362, 413, 437]
RKP_05000_01000_3_05.txt|10231.04|10401|0.04988305999999909|[26, 1, 7, 143, 344, 985, 1759, 1859, 2460, 16, 34, 48, 1516, 1588, 1619, 1909, 3635, 162, 1060, 219, 2123, 3439, 3584, 11, 501, 638, 1500, 19, 1552, 2634, 2744, 4338, 1069, 3440, 29, 285, 513, 620, 37, 184, 2920, 3469, 56, 555, 768, 32, 49, 348, 912, 2970, 3055, 169, 658, 708, 748, 1263, 3167, 8, 112, 1033, 1090, 2615, 70, 212, 296, 335, 358, 122, 183, 814, 2077, 2298, 2, 256, 486, 777, 1259, 1770, 3068, 3370, 3, 10, 2723, 1305, 3106, 4, 6, 25, 283, 491, 692, 1292, 2447, 2610]
RKP_05000_01000_3_06.txt|10576.94|10800|0.05002337199999715|[4, 12, 227, 488, 813, 4258, 46, 288, 760, 801, 4322, 4808, 213, 931, 2251, 3214, 7, 45, 55, 734, 1522, 1917, 2026, 1, 41, 1119, 2741, 94, 603, 368, 623, 1359, 206, 276, 889, 1978, 3324, 3533, 4315, 85, 3, 286, 287, 469, 573, 1610, 3433, 665, 946, 2799, 4000, 1466, 1640, 4911, 1551, 86, 124, 184, 418, 1030, 1296, 3264, 82, 102, 249, 404, 431, 859, 702, 3390, 16, 135, 193, 219, 265, 2623, 141, 767, 4582, 2, 686, 1212, 1697, 4424, 76, 39, 71, 214, 839, 3851, 1991, 2138, 2756, 106, 126, 37, 84, 345]
RKP_05000_01000_3_07.txt|10461.8|10700|0.05035330599999952|[13, 94, 291, 293, 762, 827, 1003, 1783, 60, 413, 593, 1470, 1792, 427, 884, 896, 36, 849, 84, 891, 2716, 73, 76, 100, 216, 3628, 1789, 2448, 3146, 2, 125, 295, 398, 417, 1123, 2357, 2900, 3085, 3731, 4131, 1998, 214, 360, 487, 883, 1055, 2587, 3854, 477, 18, 75, 218, 527, 4233, 3, 11, 370, 608, 714, 1044, 2104, 2966, 3438, 5, 658, 1262, 1544, 3609, 113, 393, 1709, 3135, 3716, 1, 251, 640, 1179, 194, 221, 422, 1564, 8, 31, 462, 539, 1066, 1090, 2043, 2360, 3402, 4456, 20, 33, 319, 1407, 2111, 3836]
RKP_05000_01000_3_08.txt|10589.06|10798|0.0504942860000034|[1588, 134, 217, 394, 3214, 3808, 14, 80, 525, 1036, 3087, 3571, 28, 152, 250, 953, 1135, 1733, 2977, 4, 77, 260, 270, 1970, 2019, 2364, 2402, 3237, 1976, 331, 883, 1009, 2088, 2484, 154, 301, 901, 2858, 489, 556, 686, 1159, 1395, 4192, 36, 279, 474, 654, 1513, 1967, 3396, 944, 1077, 4463, 6, 30, 1273, 1636, 725, 1117, 1134, 7, 22, 162, 911, 2025, 3346, 118, 126, 675, 1050, 1770, 3017, 3284, 3445, 4767, 4779, 20, 1014, 1810, 3557, 4487, 4700, 1, 122, 226, 264, 295, 707, 1364, 35, 73, 82, 213, 660, 895, 34, 1502]
RKP_05000_01000_3_09.txt|9855.78|10100|0.05052755699999807|[655, 2051, 2511, 2621, 556, 664, 671, 760, 73, 152, 242, 384, 1471, 3256, 51, 2497, 3538, 1189, 852, 1313, 3443, 106, 281, 310, 376, 2024, 2401, 7, 9, 87, 3392, 3572, 661, 2486, 4292, 136, 492, 751, 1148, 3868, 4136, 786, 237, 252, 1978, 462, 1684, 2055, 2941, 14, 26, 40, 77, 83, 99, 159, 453, 494, 995, 2, 207, 886, 2287, 3618, 1, 8, 797, 1040, 2577, 13, 86, 290, 1003, 4, 61, 111, 354, 931, 1104, 2706, 193, 222, 830, 42, 57, 81, 412, 673, 1488, 2657, 3020]
RKP_05000_01000_3_10.txt|10489.3|10699|0.04998070000000041|[16, 119, 196, 219, 1125, 2322, 2764, 2894, 50, 270, 393, 876, 1329, 3150, 3435, 3589, 4466, 369, 1, 3, 25, 1785, 2813, 2940, 3240, 145, 413, 692, 811, 1019, 1184, 3234, 2, 2189, 14, 2915, 434, 1530, 3251, 62, 69, 1854, 3127, 4052, 6, 287, 907, 2224, 2749, 52, 235, 1093, 1498, 4227, 112, 223, 789, 808, 1621, 1635, 4747, 4788, 1803, 4631, 343, 344, 2139, 1097, 1847, 2877, 10, 3119, 305, 458, 944, 1279, 2611, 73, 191, 781, 2458, 3064, 218, 308, 312, 400, 417, 479, 502, 627, 3879, 5, 66, 194, 272, 275, 353]
RKP_05000_01000_4_01.txt|1000.0|1000|0.04829587600000082|[4922]
RKP_05000_01000_4_02.txt|1000.0|1000|0.04884768700000222|[4655]
RKP_05000_01000_4_03.txt|1000.0|1000|0.0493125160000011|[4567]
RKP_05000_01000_4_04.txt|1000.0|1000|0.05038821799999767|[4559]
RKP_05000_01000_4_05.txt|1000.0|1000|0.04846100400000296|[4575]
RKP_05000_01000_4_06.txt|1000.0|1000|0.04960769400000288|[4580]
RKP_05000_01000_4_07.txt|1000.0|1000|0.049078391000000464|[4493]
RKP_05000_01000_4_08.txt|1000.0|1000|0.04895578700000328|[4575]
RKP_05000_01000_4_09.txt|1000.0|1000|0.04977973000000133|[4528]
RKP_05000_01000_4_10.txt|1000.0|1000|0.050209639999999923|[4469]
RKP_05000_01000_5_01.txt|961.05|1021|0.04924227399999779|[2, 6, 7, 8, 9, 10, 11, 12, 13, 14, 15, 16, 17, 18, 19, 20, 21, 22, 23, 24, 25, 26, 27]
RKP_05000_01000_5_02.txt|974.8|1010|0.04909882200000027|[2, 3, 4, 5, 6, 7, 8, 9, 10, 12, 13, 14, 16, 17, 18, 19, 20, 21, 22, 23, 24, 25, 26, 27, 28, 29, 30, 32]
RKP_05000_01000_5_03.txt|970.2|1003|0.048859117999999736|[1, 3, 4, 5, 6, 7, 8, 9, 10, 11, 12, 13, 14, 15, 16, 17, 18, 20, 21, 22, 23, 25, 26, 27, 29, 30, 31, 32]
RKP_05000_01000_5_04.txt|973.28|1012|0.04829566499999942|[3, 5, 6, 7, 8, 9, 10, 11, 12, 13, 14, 15, 16, 17, 18, 19, 20, 21, 22, 24, 25, 26, 28, 29, 30, 31]
RKP_05000_01000_5_05.txt|971.86|1009|0.049288556000001905|[1, 4, 5, 6, 7, 8, 10, 12, 13, 14, 15, 16, 17, 18, 20, 21, 22, 23, 24, 25, 27, 28, 29, 30, 31, 32, 33, 34]
RKP_05000_01000_5_06.txt|968.22|1000|0.04851313200000163|[1, 4, 5, 6, 7, 8, 9, 10, 11, 12, 13, 14, 15, 16, 17, 18, 19, 20, 21, 23, 24, 25, 26, 27, 28, 29, 30, 31, 32, 33, 34]
RKP_05000_01000_5_07.txt|972.62|1013|0.04976980600000047|[2, 4, 5, 6, 7, 8, 9, 10, 11, 12, 13, 14, 15, 17, 18, 19, 20, 21, 22, 24, 25, 26, 27, 28, 29, 31, 33, 34, 35]
RKP_05000_01000_5_08.txt|974.37|1010|0.05019656199999872|[1, 2, 3, 4, 5, 6, 7, 8, 9, 10, 11, 12, 13, 15, 16, 17, 18, 19, 20, 21, 22, 23, 25, 26, 27, 28, 29, 30]
RKP_05000_01000_5_09.txt|981.5|1017|0.04883662800000024|[1, 2, 3, 4, 5, 6, 7, 8, 9, 10, 11, 12, 13, 14, 15, 16, 17, 18, 19, 20, 21, 22, 23, 24, 25, 27, 28, 29, 30, 31, 32]
RKP_05000_01000_5_10.txt|975.41|1009|0.0498039480000034|[1, 3, 4, 5, 6, 7, 8, 10, 11, 12, 13, 14, 15, 16, 17, 18, 19, 20, 21, 23, 24, 25, 26, 28]
RKP_05000_05000_1_01.txt|265719.84|273026|0.0505283170000007|[2195, 1201, 226, 1260, 134, 1200, 74, 239, 2685, 263, 254, 826, 1595, 255, 1416, 688, 75, 1247, 477, 1939, 36, 2945, 3721, 168, 2997, 1437, 496, 2321, 2687, 3, 279, 2, 100, 498, 1543, 78, 174, 1674, 940, 4810, 358, 747, 290, 1305, 21, 127, 1231, 8, 522, 2896, 4, 41, 601, 3266, 3813, 94, 40, 4308, 234, 562, 4777, 1083, 1246, 33, 604, 248, 798, 274, 449, 149, 4077, 3113, 1270, 809, 47, 1685, 1034, 521, 25, 1293]
RKP_05000_05000_1_02.txt|318220.6|325024|0.05096195699999043|[2706, 1005, 787, 3921, 24, 269, 297, 2174, 3940, 113, 45, 537, 1115, 903, 4402, 361, 21, 2667, 8, 10, 1855, 238, 805, 55, 1044, 117, 712, 1374, 334, 4197, 396, 1107, 3754, 3059, 240, 3842, 444, 1152, 310, 1041, 378, 785, 2177, 2322, 2501, 104, 1459, 4, 2, 470, 4832, 4712, 4382, 1870, 1069, 1075, 2306, 668, 1556, 20, 3588, 3696, 3886, 231, 1979, 258, 1722, 1309, 57, 4013, 1, 669, 1203, 341, 2039, 141, 126, 4074, 89, 1434, 1786, 9, 18, 1266, 59, 1089, 38, 349, 2089]
RKP_05000_05000_1_03.txt|288384.03|293593|0.05074003100000027|[3247, 557, 435, 426, 233, 1, 4414, 78, 2859, 2630, 582, 249, 115, 1098, 1265, 1477, 1261, 1115, 25, 1414, 3443, 3414, 318, 482, 1441, 811, 18, 3493, 2760, 393, 46, 110, 586, 231, 39, 80, 1099, 4284, 2264, 1594, 451, 86, 3512, 2438, 3490, 1309, 206, 62, 8, 1235, 339, 3593, 429, 246, 1083, 2426, 297, 481, 960, 2124, 779, 5, 2615, 1108, 3417, 22, 1290, 353, 4374, 651, 504, 488, 645, 3154, 1374, 133, 908, 692, 1227, 3843, 31, 872]
RKP_05000_05000_1_04.txt|303788.73|310920|0.05105218000000377|[3802, 3850, 90, 4668, 332, 557, 5, 484, 1072, 291, 9, 2003, 1, 2581, 3, 2372, 34, 1677, 145, 75, 376, 2328, 1417, 4260, 368, 25, 1418, 408, 2061, 1389, 3813, 222, 189, 148, 1758, 3305, 390, 2991, 422, 81, 559, 85, 3547, 1938, 2051, 3651, 240, 831, 1753, 675, 3260, 76, 4172, 814, 48, 135, 38, 2813, 318, 169, 4715, 3568, 2013, 4384, 173, 1675, 226, 809, 12, 710, 105, 1859, 1875, 326, 4286, 778, 299, 2553, 3431, 3059, 2584, 787, 3410, 2017, 387, 18, 935, 68, 24, 2312, 96, 197, 2323]
RKP_05000_05000_1_05.txt|306032.77|311663|0.05044463800000358|[130, 3722, 2352, 2467, 301, 694, 227, 2579, 403, 378, 2657, 1, 4208, 3024, 1929, 2, 2309, 62, 22, 210, 46, 1668, 582, 214, 559, 55, 1460, 3186, 1483, 950, 127, 38, 3175, 143, 2804, 153, 32, 2411, 4354, 4846, 2045, 1432, 1088, 2118, 2025, 992, 1098, 923, 3, 33, 2138, 1281, 12, 463, 348, 1887, 459, 1492, 2703, 7, 3873, 1692, 245, 2910, 2427, 838, 518, 1003, 261, 1016, 146, 1372, 1642, 677, 20, 4108, 1521, 2223, 1221, 26, 4301, 1690, 148, 23, 167, 3813, 663, 1662, 139, 4374, 2732]
RKP_05000_05000_1_06.txt|281499.89|289428|0.05004106300000103|[651, 1730, 1154, 693, 2701, 1227, 2729, 1981, 1065, 23, 925, 621, 4540, 87, 378, 2, 3361, 2210, 40, 120, 1927, 4561, 4692, 2204, 363, 82, 3978, 407, 2048, 581, 813, 850, 715, 18, 2509, 707, 613, 956, 243, 113, 1280, 649, 71, 825, 2132, 608, 66, 2240, 338, 4076, 514, 2309, 43, 2386, 1308, 568, 3613, 85, 2646, 8, 7, 1305, 445, 3938, 274, 333, 1054, 1671, 523, 3104, 1374, 2228, 275, 76, 1041, 64, 830, 1855, 236, 20, 347, 754, 299, 1428, 427, 2949, 1578, 106, 2592, 122, 1641]
RKP_05000_05000_1_07.txt|256830.52|263256|0.05067556499999|[31, 1, 2688, 730, 2854, 3, 1616, 457, 536, 15, 829, 248, 1267, 380, 44, 864, 2, 1228, 3045, 1263, 4664, 29, 303, 739, 785, 4149, 8, 381, 30, 1820, 575, 2725, 182, 529, 294, 1849, 190, 4, 2529, 478, 1897, 1315, 1406, 4260, 249, 153, 287, 83, 1520, 1894, 7, 175, 215, 3888, 4225, 187, 2273, 230, 4751, 667, 233, 745, 1019, 1375, 16, 266, 1804, 3965, 1246, 916, 690, 1525, 79, 768, 346, 2162, 413, 463, 507, 137, 3875, 119, 2846]
RKP_05000_05000_1_08.txt|265429.06|271488|0.05084785199999601|[95, 674, 124, 156, 596, 253, 38, 523, 91, 3998, 2525, 2536, 342, 3, 451, 1941, 371, 1167, 97, 2428, 1549, 2600, 122, 560, 4195, 3744, 171, 30, 764, 3599, 1421, 1546, 3666, 280, 2312, 1439, 984, 16, 4080, 2, 3833, 1562, 1247, 471, 232, 275, 402, 192, 138, 303, 1737, 1678, 2047, 367, 3792, 4934, 478, 850, 262, 706, 115, 878, 4527, 51, 2042, 836, 2285, 4393, 2813, 949, 669, 2643, 2805, 4186, 137, 1179, 41, 453, 528, 314, 5, 902, 4596, 363]
RKP_05000_05000_1_09.txt|284338.29|289293|0.04992799299999774|[170, 66, 448, 4248, 339, 542, 1458, 325, 4486, 565, 871, 1314, 1635, 682, 4615, 1006, 2636, 537, 3197, 460, 4489, 234, 2593, 1350, 1416, 1, 299, 1227, 113, 1592, 196, 701, 77, 139, 3, 42, 1245, 438, 2450, 632, 1254, 6, 820, 1917, 921, 221, 55, 2016, 160, 2143, 2834, 1788, 126, 492, 114, 1808, 2, 382, 2497, 312, 52, 17, 12, 563, 1114, 156, 355, 726, 2557, 380, 544, 99, 76, 1480, 1596, 376, 1466, 385, 179, 404, 151, 282, 1064, 1504, 1126, 1594, 243, 1355, 1078]
RKP_05000_05000_1_10.txt|252472.46|258913|0.049560308999991774|[3078, 7, 414, 2580, 1652, 153, 2629, 472, 756, 659, 3067, 2050, 803, 4380, 3261, 959, 1609, 2151, 286, 185, 144, 467, 2281, 1504, 2608, 38, 1766, 3101, 1402, 909, 380, 2641, 981, 60, 92, 89, 278, 746, 813, 428, 2786, 2, 2306, 2607, 18, 24, 1479, 2498, 1209, 3450, 4532, 1986, 867, 1930, 2870, 1725, 2504, 2942, 10, 3198, 863, 14, 322, 3696, 1015, 724, 862, 3229, 2810, 131, 1340]
RKP_05000_05000_2_01.txt|24006.8|24755|0.050003920000007154|[2236, 293, 515, 411, 1045, 866, 1665, 748, 18, 93, 475, 235, 4844, 1367, 2937, 1059, 1308, 1505, 2251, 986, 4544, 20, 2687, 279, 1885, 3883, 250, 1784, 1635, 21, 690, 3403, 750, 1937, 1482, 579, 65, 70, 335, 1, 3667, 32, 49, 2113, 2458, 1435, 1497, 19, 3722, 3808, 937, 1292, 319, 52, 157]
RKP_05000_05000_2_02.txt|21300.38|22118|0.05008270000000266|[3100, 1649, 530, 14, 4007, 2244, 710, 1069, 582, 3641, 56, 3796, 2429, 220, 1172, 1058, 208, 5, 2162, 707, 15, 161, 91, 4564, 677, 79, 2060, 1287, 294, 836, 96, 2814, 762, 2069, 105, 28, 3355, 131, 3984, 2142, 696, 722, 1714, 3813, 563, 3515, 191, 2272, 2839, 1171]
RKP_05000_05000_2_03.txt|21074.8|21717|0.04991176099999848|[3630, 983, 1269, 4565, 3839, 1429, 1, 1422, 477, 3090, 44, 177, 502, 1432, 3428, 375, 3957, 394, 2272, 4, 4235, 1207, 583, 441, 2224, 94, 1481, 306, 50, 38, 783, 1289, 3368, 21, 4939, 72, 1212, 41, 659, 544, 2790, 64, 49, 216, 13, 338, 411, 465, 45, 582, 2868, 1998, 729, 966, 128]
RKP_05000_05000_2_04.txt|27625.1|28342|0.05050644400000238|[455, 122, 307, 37, 832, 2382, 23, 21, 2, 3257, 187, 4, 1124, 1586, 71, 2773, 1606, 126, 637, 1223, 1335, 1508, 78, 1, 2632, 554, 2308, 238, 147, 893, 1329, 115, 655, 322, 3, 625, 346, 1412, 583, 131, 165, 372, 49, 82, 2318, 2093, 491, 3288, 3212, 406, 2705, 3593, 60, 19, 3704, 154, 47, 262, 77, 264, 422, 1748, 1519, 20, 2319, 43, 1068, 1187, 769, 1770, 693]
RKP_05000_05000_2_05.txt|23707.52|24426|0.04925810899998964|[1022, 113, 1813, 1011, 932, 513, 1103, 1588, 163, 501, 1153, 128, 4330, 103, 1232, 481, 858, 4182, 34, 5, 317, 13, 220, 606, 4410, 70, 1768, 874, 1242, 595, 1394, 3623, 2678, 1175, 4, 2694, 962, 4902, 2569, 662, 167, 4092, 1503, 9, 1034, 145, 2493, 350, 1489, 976, 551, 856, 734, 8, 2906, 66, 370]
RKP_05000_05000_2_06.txt|20904.9|21441|0.05033448300000032|[731, 3580, 832, 1073, 1070, 30, 629, 872, 136, 912, 3064, 3764, 437, 449, 2245, 574, 866, 637, 2357, 1756, 74, 985, 373, 370, 726, 411, 1342, 689, 1814, 3371, 1542, 281, 2039, 3248, 8, 526, 17, 326, 523, 356, 1807, 748, 106, 16]
RKP_05000_05000_2_07.txt|24004.19|24841|0.05085381200000597|[2118, 129, 1137, 1460, 725, 1734, 932, 1115, 30, 624, 903, 411, 36, 926, 1438, 1819, 989, 1326, 3995, 1730, 4066, 3935, 3396, 152, 2045, 273, 1581, 199, 3005, 4239, 452, 1614, 421, 7, 631, 3180, 3704, 26, 461, 528, 72, 1988, 957, 3060, 2664, 2838, 16, 1435, 383, 2037, 409, 872, 232, 169, 3189, 212, 1153, 667, 301]
RKP_05000_05000_2_08.txt|24824.03|25439|0.049977644000002784|[116, 3617, 449, 659, 1262, 3119, 760, 2, 286, 155, 2024, 1692, 179, 17, 1520, 899, 2598, 603, 746, 274, 953, 811, 919, 551, 332, 1239, 1835, 192, 782, 3335, 2907, 20, 724, 83, 3039, 1064, 1597, 2856, 1834, 9, 160, 2390, 30, 1464, 409, 1714, 34, 93, 3691, 1473, 259, 3274, 112, 461, 291, 2814, 315, 2350, 2219, 125, 1822]
RKP_05000_05000_2_09.txt|26043.93|26971|0.049310394000006|[83, 3, 1231, 82, 1308, 1179, 3741, 1378, 385, 7, 1, 105, 129, 893, 2129, 4959, 634, 2, 394, 2555, 164, 327, 973, 1478, 1213, 128, 519, 157, 180, 1482, 36, 2889, 1771, 61, 1802, 413, 137, 60, 920, 279, 1687, 1462, 84, 26, 173, 4, 1555, 1177, 4230, 152, 181, 44, 1012, 1812, 1086, 360, 221, 19, 2382, 829, 251, 423, 899, 2368, 2584, 184]
RKP_05000_05000_2_10.txt|24499.95|25094|0.04879504699999529|[2884, 666, 1620, 70, 725, 1, 330, 311, 42, 1136, 899, 3568, 205, 351, 97, 3467, 2524, 261, 856, 1908, 3618, 82, 2605, 185, 14, 2732, 2854, 1530, 1230, 1078, 3271, 723, 1060, 481, 2264, 35, 1015, 24, 175, 3185, 3272, 586, 233, 117, 23, 4367, 268, 1742, 728, 2102, 452, 1601, 153, 3018, 657, 2594, 294, 424, 608, 2690, 2, 102]
RKP_05000_05000_3_01.txt|52916.4|53996|0.04960223499999529|[1430, 88, 106, 1410, 1075, 449, 528, 2024, 1328, 1409, 39, 1004, 2100, 21, 2544, 926, 2987, 1887, 79, 2831, 736, 2738, 814, 3210, 16, 94, 646, 1080, 1664, 638, 55, 800, 132, 563, 628, 6, 870, 1846, 336, 54, 2454, 521, 530, 1850, 2266, 480, 3715, 83, 787, 1290, 17, 452, 625, 45, 4, 1132, 198, 164, 510, 3361, 171, 1158, 13, 1758, 3941, 833, 4483, 1, 595, 1180, 1291, 12, 465, 2145, 58, 66, 634, 96, 284, 2312, 137, 2025, 2122, 122, 157, 2781, 9, 26, 56, 169, 4523, 1539, 4143, 10, 499, 289, 1223, 2296]
RKP_05000_05000_3_02.txt|50924.33|51990|0.05024603500000126|[4175, 2826, 2345, 2392, 969, 2038, 509, 4488, 407, 601, 38, 1509, 773, 99, 133, 507, 32, 33, 51, 3779, 2259, 4134, 4221, 151, 885, 3230, 2529, 1914, 217, 30, 1220, 4553, 221, 303, 50, 25, 4589, 58, 9, 1675, 1198, 155, 985, 1151, 1, 55, 227, 1232, 1763, 59, 1970, 3096, 3743, 5, 115, 2025, 1199, 3282, 117, 2, 607, 85, 409, 106, 389, 47, 4338, 2501, 3922, 568, 92, 967, 1229, 493, 558, 3478, 3717, 597, 2556, 384, 769, 1132, 8, 405, 2118, 10, 1457, 16, 2589, 212, 23, 205, 869, 3092]
RKP_05000_05000_3_03.txt|52732.21|53985|0.05095434999999725|[523, 3909, 636, 2585, 13, 3385, 1029, 1960, 1677, 1129, 194, 950, 3452, 185, 682, 856, 90, 67, 323, 489, 1255, 1, 219, 2297, 763, 46, 1696, 127, 3819, 4, 223, 1729, 281, 25, 2713, 366, 1099, 1187, 2, 1505, 88, 1011, 1875, 1777, 970, 963, 3, 1715, 2750, 79, 542, 1911, 3389, 826, 21, 1061, 12, 1278, 1703, 1516, 6, 471, 618, 1691, 1238, 2430, 433, 1495, 58, 777, 5, 116, 703, 1547, 2420, 554, 1800, 372, 15, 1855, 373, 38, 128, 2143, 183, 2274, 3213, 9, 140, 1284, 2768, 186, 937, 8, 553, 2147, 4032, 136]
RKP_05000_05000_3_04.txt|54173.79|54998|0.05111617500000875|[936, 779, 3625, 343, 476, 479, 61, 868, 454, 156, 2428, 1589, 27, 585, 2854, 4, 505, 2727, 3391, 404, 3143, 2704, 183, 109, 177, 642, 1033, 4104, 173, 3841, 51, 249, 412, 304, 1208, 14, 71, 3543, 3870, 4678, 1, 1276, 101, 229, 965, 2441, 3065, 12, 1564, 2915, 455, 3872, 4170, 3856, 198, 3497, 241, 718, 4343, 2018, 94, 208, 547, 1130, 843, 640, 888, 1433, 19, 907, 284, 155, 1804, 2146, 720, 1746, 2081, 256, 3454, 93, 6, 11, 282, 1793, 141, 4107, 4713, 215, 2688, 47, 274, 3523, 31, 599, 648, 1304, 205, 9, 32, 3330]
RKP_05000_05000_3_05.txt|51653.81|52501|0.05130639799999812|[81, 2428, 72, 97, 331, 13, 368, 2910, 1044, 406, 537, 1680, 44, 50, 1771, 3138, 2606, 139, 259, 2, 207, 3566, 1664, 150, 4138, 628, 12, 984, 1640, 555, 4707, 372, 1519, 1982, 1843, 1758, 2994, 4618, 1951, 5, 75, 617, 958, 141, 70, 945, 15, 115, 1004, 4267, 1960, 1686, 3569, 24, 34, 202, 1182, 28, 166, 779, 1313, 1696, 2386, 17, 969, 4, 58, 268, 814, 242, 1, 616, 309, 839, 32, 42, 1506, 25, 1655, 317, 620, 503, 1073, 138, 533, 1378, 62, 743, 375, 3119, 3733, 1745, 1852, 8, 442]
RKP_05000_05000_3_06.txt|53108.56|54505|0.0497745739999948|[2697, 234, 1191, 3441, 313, 480, 1123, 645, 2300, 386, 2537, 28, 1115, 1989, 2724, 1, 78, 1005, 3251, 2338, 737, 4300, 817, 671, 924, 22, 2115, 1678, 6, 23, 30, 55, 607, 2334, 115, 377, 382, 845, 3065, 285, 839, 8, 2100, 43, 239, 617, 2793, 130, 4180, 262, 1939, 44, 977, 2626, 4129, 242, 909, 48, 101, 125, 623, 934, 2169, 4383, 10, 1379, 1967, 318, 2412, 2, 7, 93, 3690, 97, 985, 3857, 165, 3214, 3325, 3, 190, 203, 430, 1745, 2540, 219, 3448, 18, 1323, 3359, 2035, 3327, 2868, 233, 616, 132, 3871, 141, 403]
RKP_05000_05000_3_07.txt|49923.36|50993|0.051049954999989496|[217, 2, 1664, 1728, 718, 796, 304, 924, 2201, 4, 609, 817, 525, 4656, 2093, 835, 348, 490, 220, 232, 1338, 88, 766, 82, 813, 1818, 684, 1420, 3987, 143, 1721, 2643, 487, 866, 2747, 2824, 1049, 231, 2345, 1, 459, 1279, 462, 1213, 3347, 2399, 2511, 1497, 897, 1127, 544, 1403, 3, 130, 723, 119, 3503, 656, 1005, 599, 619, 1405, 192, 3036, 46, 4288, 739, 1375, 412, 598, 4796, 4750, 13, 2551, 1579, 2379, 2287, 395, 1939, 283, 1060, 652, 12, 61, 1964, 2655, 3295, 1090, 124, 1914, 1323, 476]
RKP_05000_05000_3_08.txt|48783.37|49499|0.05059311699999853|[433, 1969, 4469, 1833, 2446, 147, 150, 640, 18, 351, 1311, 762, 1104, 1105, 1, 524, 2750, 54, 391, 39, 1450, 2393, 16, 2528, 22, 784, 241, 4022, 4805, 2, 14, 2221, 1145, 1042, 2413, 876, 1371, 4731, 294, 2250, 28, 1613, 43, 110, 205, 122, 78, 484, 742, 53, 1224, 73, 2636, 2150, 430, 1520, 128, 152, 105, 752, 828, 89, 454, 60, 3967, 731, 280, 692, 857, 9, 192, 38, 547, 3512, 2945, 237, 2697, 3072, 3, 6, 2859, 1405, 4, 1262, 2988, 3102, 8, 2418, 1778]
RKP_05000_05000_3_09.txt|54905.21|56451|0.049830357000003|[42, 1667, 609, 851, 1282, 629, 932, 1343, 233, 3677, 317, 2885, 1146, 2994, 345, 4240, 17, 929, 767, 913, 3338, 4313, 19, 43, 877, 2427, 1945, 4246, 259, 1328, 1813, 4338, 4825, 13, 789, 2838, 2435, 2484, 431, 660, 3684, 387, 1933, 4052, 2166, 133, 313, 8, 252, 1549, 111, 406, 96, 532, 4, 123, 512, 1727, 2926, 2247, 693, 1489, 7, 150, 354, 3864, 4789, 534, 593, 679, 3453, 1469, 165, 299, 643, 338, 1555, 25, 140, 1746, 2773, 4192, 2, 54, 2746, 112, 1563, 3009, 75, 1, 830, 344, 793, 1562, 2111, 281, 35, 184, 356, 1479, 4077, 2525, 10]
RKP_05000_05000_3_10.txt|53166.27|55001|0.04994635600000152|[1284, 1202, 3, 1258, 3454, 59, 313, 577, 2698, 402, 2643, 490, 120, 1062, 3468, 3222, 2573, 2748, 2923, 60, 1358, 1135, 4808, 44, 13, 227, 1405, 4, 405, 1075, 481, 675, 137, 2521, 26, 1224, 2536, 1, 535, 576, 1307, 10, 48, 1786, 51, 607, 1714, 4381, 2, 1567, 1653, 3531, 3937, 1099, 278, 14, 716, 3046, 172, 3759, 1639, 665, 243, 664, 18, 1891, 3640, 102, 1444, 276, 988, 4391, 57, 202, 28, 9, 25, 98, 1969, 3301, 1159, 23, 67, 616, 668, 261, 309, 77, 3218, 605, 319, 2978, 190, 181, 394, 355, 848, 893, 101, 41]
RKP_05000_05000_4_01.txt|4999.91|5000|0.04863841900000239|[4658]
RKP_05000_05000_4_02.txt|4999.88|5000|0.049396225000003825|[4978]
RKP_05000_05000_4_03.txt|4999.99|5000|0.04896073300000239|[4714]
RKP_05000_05000_4_04.txt|4999.88|5000|0.04944465200000195|[4597]
RKP_05000_05000_4_05.txt|5000.0|5000|0.04895096600000329|[4783]
RKP_05000_05000_4_06.txt|4999.76|5000|0.04924148199999649|[4625]
RKP_05000_05000_4_07.txt|4999.82|5000|0.049178141999996115|[4778]
RKP_05000_05000_4_08.txt|4999.99|5000|0.04959059500000194|[4648]
RKP_05000_05000_4_09.txt|4999.99|5000|0.04933806800000071|[4770]
RKP_05000_05000_4_10.txt|4998.86|4999|0.04906109899999592|[4786]
RKP_05000_05000_5_01.txt|4846.97|5023|0.049037444999995614|[3, 4, 5, 6, 7, 8, 9, 10, 11, 12, 13, 14, 15, 16, 17, 18, 19, 20, 21, 22, 23, 25, 26, 27, 28, 29, 30, 32, 33, 34, 35]
RKP_05000_05000_5_02.txt|4834.89|5035|0.04793693299999404|[2, 3, 4, 5, 8, 9, 10, 11, 12, 13, 14, 15, 16, 17, 18, 19, 20, 21, 23, 24, 25, 27, 28, 29, 30, 31, 32]
RKP_05000_05000_5_03.txt|4846.99|5020|0.048939766000003146|[1, 3, 4, 5, 6, 7, 8, 9, 10, 11, 13, 14, 15, 16, 17, 19, 20, 21, 22, 23, 24, 25, 26, 27, 28]
RKP_05000_05000_5_04.txt|4874.41|5025|0.04919205699999679|[1, 4, 5, 6, 7, 8, 9, 11, 12, 13, 14, 15, 16, 17, 18, 19, 20, 21, 22, 23, 24, 25, 26, 27, 28]
RKP_05000_05000_5_05.txt|5012.64|5099|0.04914007000000311|[1, 3, 4, 5, 7, 8, 9, 10, 12, 13, 15, 16, 17, 18, 19, 20, 22, 23, 24, 25, 26, 27, 28, 29, 30, 31, 32, 33]
RKP_05000_05000_5_06.txt|4785.92|5009|0.04844108600000027|[1, 2, 4, 5, 6, 7, 8, 9, 10, 13, 14, 15, 16, 17, 18, 19, 20, 21, 22, 23, 24, 25, 26, 29]
RKP_05000_05000_5_07.txt|4879.95|5033|0.04877786099999412|[1, 2, 3, 4, 5, 6, 7, 9, 10, 11, 12, 13, 14, 15, 16, 17, 18, 19, 20, 21, 22, 23, 24, 25, 26, 27, 29]
RKP_05000_05000_5_08.txt|4926.29|5047|0.0481660409999904|[3, 5, 6, 7, 10, 11, 12, 13, 14, 15, 16, 18, 19, 20, 22, 23, 24, 25, 26, 27, 28, 29, 30, 31, 32, 33, 34, 35, 36]
RKP_05000_05000_5_09.txt|4759.85|4998|0.049157683999991375|[1, 2, 3, 4, 5, 6, 7, 8, 9, 10, 11, 12, 13, 14, 15, 16, 17, 18, 19, 20, 21, 22, 23, 26, 27, 28, 29]
RKP_05000_05000_5_10.txt|4857.84|5009|0.04906742600000598|[1, 2, 3, 4, 5, 6, 7, 8, 9, 10, 12, 13, 14, 16, 17, 18, 19, 20, 21, 22, 23, 24, 26, 27, 28, 30, 31]
