RKP_00100_00100_1_01.txt|663.92|771|0.0005325940000000062|[28, 3, 29, 10, 31, 17, 16, 22, 1, 14]
RKP_00100_00100_1_02.txt|758.88|849|0.0005430810000000008|[56, 48, 91, 9, 47, 1, 50, 44, 37, 23, 2, 16]
RKP_00100_00100_1_03.txt|636.74|775|0.0005454799999999981|[34, 1, 4, 10, 2, 14, 63, 5, 6, 70, 12, 15]
RKP_00100_00100_1_04.txt|657.68|728|0.0005342429999999987|[15, 7, 9, 74, 43, 3, 10, 4, 5, 16]
RKP_00100_00100_1_05.txt|655.84|746|0.0005305009999999998|[79, 20, 22, 11, 16, 30, 44, 66, 6, 3]
RKP_00100_00100_1_06.txt|884.98|1017|0.0005537920000000008|[57, 97, 48, 16, 17, 31, 47, 55, 20, 34, 5, 50, 83, 3]
RKP_00100_00100_1_07.txt|458.21|529|0.0005120880000000005|[39, 46, 60, 51, 9, 5, 13, 71]
RKP_00100_00100_1_08.txt|765.34|847|0.0005770860000000044|[6, 87, 30, 92, 2, 76, 24, 13, 1, 7, 88, 9, 12, 29]
RKP_00100_00100_1_09.txt|563.59|652|0.0005219819999999764|[23, 24, 5, 18, 16, 52, 29, 42, 2, 8]
RKP_00100_00100_1_10.txt|649.59|733|0.0005426789999999882|[27, 11, 13, 4, 1, 2, 33, 18, 20, 5, 12]
RKP_00100_00100_2_01.txt|148.3|173|0.0005029700000000004|[6, 20, 1, 2, 43, 22, 13, 57, 68]
RKP_00100_00100_2_02.txt|153.72|172|0.0005179420000000024|[30, 28, 80, 4, 8, 40, 47, 36, 26]
RKP_00100_00100_2_03.txt|145.35|172|0.000507525000000002|[5, 48, 59, 51, 31, 1, 75, 3, 47, 16]
RKP_00100_00100_2_04.txt|145.72|162|0.0004902399999999862|[11, 18, 50, 2, 8, 9, 28, 26]
RKP_00100_00100_2_05.txt|139.3|155|0.000489026999999993|[96, 64, 34, 13, 30, 32, 36]
RKP_00100_00100_2_06.txt|123.95|146|0.0004856500000000108|[47, 2, 67, 3, 23, 8]
RKP_00100_00100_2_07.txt|130.45|150|0.0005072229999999878|[7, 22, 28, 15, 3, 36, 49]
RKP_00100_00100_2_08.txt|128.42|149|0.0004980550000000017|[2, 16, 1, 28, 6, 15, 4]
RKP_00100_00100_2_09.txt|125.88|143|0.0005092079999999987|[37, 9, 42, 20, 23, 27, 7]
RKP_00100_00100_2_10.txt|139.67|157|0.0005132789999999954|[64, 2, 40, 65, 1, 85, 14, 28]
RKP_00100_00100_3_01.txt|205.51|225|0.0005464369999999929|[5, 8, 3, 6, 29, 44, 2, 47, 24, 21, 22, 1]
RKP_00100_00100_3_02.txt|204.56|232|0.0005342609999999981|[1, 2, 17, 3, 59, 52, 8, 24, 56, 25, 41, 48, 7]
RKP_00100_00100_3_03.txt|225.92|252|0.0005464939999999996|[75, 14, 46, 6, 49, 12, 45, 64, 2, 23, 66, 1, 4, 19, 81]
RKP_00100_00100_3_04.txt|211.37|231|0.0005268960000000055|[34, 8, 21, 26, 6, 9, 42, 4, 48, 50, 2, 72, 15]
RKP_00100_00100_3_05.txt|207.03|221|0.0005212249999999963|[1, 52, 7, 25, 2, 12, 15, 70, 33, 72, 10, 31]
RKP_00100_00100_3_06.txt|234.68|262|0.0005518679999999976|[11, 2, 3, 72, 40, 8, 27, 31, 66, 6, 4, 12, 16, 1, 19, 28]
RKP_00100_00100_3_07.txt|196.44|210|0.0005254219999999843|[2, 14, 89, 27, 7, 50, 5, 4, 6, 67, 88]
RKP_00100_00100_3_08.txt|203.36|222|0.000523766999999995|[1, 9, 12, 7, 18, 3, 33, 15, 58, 6, 70, 2]
RKP_00100_00100_3_09.txt|181.08|200|0.0005086689999999638|[32, 89, 1, 48, 57, 4, 44, 3, 5, 9]
RKP_00100_00100_3_10.txt|223.67|252|0.0005406370000000039|[20, 60, 67, 66, 69, 46, 1, 61, 93, 47, 5, 54, 62, 6, 55]
RKP_00100_00100_4_01.txt|99.41|100|0.00044282499999998226|[97]
RKP_00100_00100_4_02.txt|99.81|100|0.0004451740000000415|[88]
RKP_00100_00100_4_03.txt|99.83|100|0.0004460730000000135|[84]
RKP_00100_00100_4_04.txt|99.72|100|0.00044393899999997985|[95]
RKP_00100_00100_4_05.txt|100.0|100|0.0004420130000000233|[95]
RKP_00100_00100_4_06.txt|97.74|98|0.0004404159999999946|[93]
RKP_00100_00100_4_07.txt|97.79|98|0.0004369209999999768|[98]
RKP_00100_00100_4_08.txt|99.47|100|0.0004370150000000228|[97]
RKP_00100_00100_4_09.txt|98.9|99|0.00046843300000000367|[89]
RKP_00100_00100_4_10.txt|97.56|98|0.0004398680000000077|[88]
RKP_00100_00100_5_01.txt|97.08|115|0.0005008220000000074|[2, 5, 6, 8, 9]
RKP_00100_00100_5_02.txt|84.98|106|0.0004885930000000149|[2, 5, 6, 7, 8]
RKP_00100_00100_5_03.txt|98.7|108|0.00047466300000001296|[1, 2, 3, 4, 5, 6]
RKP_00100_00100_5_04.txt|93.17|106|0.0004708249999999925|[1, 2, 5, 6, 7, 8]
RKP_00100_00100_5_05.txt|92.36|101|0.0004896739999999866|[2, 6, 9, 10]
RKP_00100_00100_5_06.txt|92.79|112|0.00046817000000002994|[1, 3, 5, 6]
RKP_00100_00100_5_07.txt|87.88|117|0.0004966140000000019|[3, 4, 5, 6, 8, 9]
RKP_00100_00100_5_08.txt|91.32|102|0.0005022680000000213|[1, 2, 4, 6, 7, 8, 9]
RKP_00100_00100_5_09.txt|94.68|119|0.00047606200000001043|[1, 5, 6, 7]
RKP_00100_00100_5_10.txt|88.86|110|0.0005120550000000002|[1, 2, 6, 7, 8, 9, 10, 12]
RKP_00500_00100_1_01.txt|1541.71|1692|0.002470719999999993|[284, 211, 75, 140, 3, 40, 500, 25, 2, 148, 222, 173, 6, 131, 269, 304, 274, 4, 38, 5, 280, 63, 17, 129]
RKP_00500_00100_1_02.txt|1369.8|1483|0.002428697000000004|[77, 87, 288, 175, 102, 89, 205, 13, 351, 289, 388, 325, 433, 4, 30, 394, 109, 170, 88, 3, 10]
RKP_00500_00100_1_03.txt|1275.53|1380|0.0024342530000000286|[496, 11, 5, 30, 16, 111, 228, 147, 139, 40, 1, 123, 360, 140, 477, 158, 113, 15, 227, 326, 164, 37]
RKP_00500_00100_1_04.txt|1491.09|1618|0.0024439850000000174|[64, 156, 11, 315, 65, 41, 197, 359, 59, 94, 254, 121, 62, 5, 23, 151, 258, 93, 245]
RKP_00500_00100_1_05.txt|1589.12|1732|0.0024799640000000432|[11, 10, 215, 363, 72, 192, 24, 23, 116, 18, 203, 5, 13, 76, 17, 136, 104, 3, 1, 292, 320, 402, 382, 26]
RKP_00500_00100_1_06.txt|1787.72|1922|0.0024722539999999958|[13, 89, 3, 411, 240, 35, 52, 190, 34, 22, 211, 182, 490, 5, 189, 281, 225, 50, 83, 131, 30, 244, 55, 230, 53, 353, 7]
RKP_00500_00100_1_07.txt|1806.26|1960|0.0025051669999999505|[97, 22, 31, 461, 40, 492, 2, 47, 126, 80, 257, 322, 469, 206, 7, 410, 192, 165, 89, 49, 16, 94, 359, 147, 133, 183, 4]
RKP_00500_00100_1_08.txt|1545.14|1665|0.0024783740000000167|[29, 4, 146, 10, 258, 156, 332, 185, 378, 106, 165, 3, 2, 450, 225, 326, 150, 149, 167, 357, 63, 254, 1, 23, 22]
RKP_00500_00100_1_09.txt|1496.37|1636|0.0024499430000000364|[19, 307, 221, 39, 108, 148, 180, 16, 153, 496, 151, 54, 344, 229, 324, 210, 48, 173, 77, 56, 68, 214, 150, 2, 1]
RKP_00500_00100_1_10.txt|1460.02|1584|0.0026360379999999495|[234, 277, 62, 413, 14, 4, 3, 162, 6, 1, 214, 75, 84, 31, 21, 30, 33, 59, 342, 110, 5, 15, 49, 109]
RKP_00500_00100_2_01.txt|233.94|248|0.0024533449999999757|[168, 226, 259, 16, 148, 39, 441, 447, 32, 137, 60, 102, 3, 50, 101, 88, 100, 351, 36, 150]
RKP_00500_00100_2_02.txt|225.79|250|0.0024072359999999637|[156, 131, 112, 65, 6, 72, 97, 167, 314, 336, 195, 13, 4, 59, 441, 186, 299, 21, 100, 7]
RKP_00500_00100_2_03.txt|222.85|243|0.0024751549999999334|[155, 436, 164, 107, 71, 100, 154, 2, 31, 382, 142, 64, 3, 104, 18, 21, 60, 318, 13, 37, 151]
RKP_00500_00100_2_04.txt|220.48|240|0.0024153149999999444|[14, 58, 112, 105, 204, 26, 55, 216, 11, 125, 429, 306, 7, 9, 80, 163, 20, 22, 38, 16, 85]
RKP_00500_00100_2_05.txt|219.63|236|0.00238058399999999|[5, 260, 426, 10, 38, 48, 218, 294, 4, 87, 2, 16, 58, 77, 322, 417, 52, 240, 25, 109, 125]
RKP_00500_00100_2_06.txt|205.92|233|0.002379123000000032|[70, 9, 18, 155, 1, 35, 3, 27, 150, 57, 15, 47, 302, 50, 5, 203, 53, 89]
RKP_00500_00100_2_07.txt|210.44|225|0.0023893439999999534|[1, 17, 260, 75, 292, 452, 114, 5, 83, 3, 308, 123, 129, 6, 9, 162, 278, 67]
RKP_00500_00100_2_08.txt|188.98|204|0.0023690909999999742|[87, 45, 15, 1, 3, 6, 50, 96, 123, 42, 184, 350, 46, 136, 384]
RKP_00500_00100_2_09.txt|175.26|190|0.0023679060000000173|[38, 2, 108, 304, 70, 277, 433, 52, 39, 115, 312, 335, 176, 426, 119]
RKP_00500_00100_2_10.txt|193.86|217|0.0023892070000000043|[116, 14, 372, 2, 21, 40, 166, 19, 20, 154, 216, 276, 498, 83, 46, 441, 62]
RKP_00500_00100_3_01.txt|319.57|340|0.0024387670000000396|[1, 5, 11, 33, 96, 260, 43, 401, 143, 2, 31, 38, 148, 158, 240, 64, 344, 223, 8, 24, 225, 248, 55, 78]
RKP_00500_00100_3_02.txt|376.59|400|0.0025453540000000175|[5, 39, 56, 152, 160, 1, 4, 73, 103, 110, 167, 172, 26, 32, 221, 189, 64, 111, 202, 3, 7, 38, 179, 195, 336, 413, 15, 68, 162, 331]
RKP_00500_00100_3_03.txt|358.07|379|0.0025257200000000247|[9, 148, 444, 1, 351, 11, 22, 258, 264, 52, 71, 93, 454, 142, 193, 198, 266, 292, 14, 40, 45, 126, 191, 5, 118, 123, 139, 2]
RKP_00500_00100_3_04.txt|372.8|390|0.0025523610000000472|[2, 68, 104, 168, 312, 345, 209, 278, 280, 282, 350, 1, 142, 163, 72, 103, 119, 156, 328, 20, 27, 125, 217, 453, 4, 8, 11, 50, 159]
RKP_00500_00100_3_05.txt|384.96|410|0.002546774999999997|[33, 417, 1, 74, 92, 106, 143, 319, 381, 8, 84, 87, 108, 211, 294, 382, 12, 225, 9, 32, 102, 196, 340, 392, 30, 88, 189, 252, 397, 35, 468]
RKP_00500_00100_3_06.txt|330.44|358|0.002517283000000159|[52, 5, 24, 45, 186, 189, 242, 311, 56, 91, 281, 433, 16, 204, 283, 12, 73, 90, 1, 2, 4, 19, 137, 199, 7, 67]
RKP_00500_00100_3_07.txt|332.24|360|0.002484387000000048|[5, 17, 30, 33, 196, 200, 1, 2, 4, 141, 157, 308, 3, 76, 302, 326, 37, 99, 102, 111, 216, 430, 24, 77, 244, 57]
RKP_00500_00100_3_08.txt|402.6|429|0.002593484999999909|[14, 49, 57, 63, 90, 114, 275, 301, 19, 58, 62, 84, 144, 150, 172, 451, 8, 25, 133, 159, 302, 323, 35, 214, 484, 26, 280, 470, 1, 5, 32, 93, 141]
RKP_00500_00100_3_09.txt|360.96|390|0.0025187560000000174|[4, 58, 70, 154, 169, 231, 104, 148, 171, 294, 347, 434, 2, 115, 221, 1, 3, 24, 54, 108, 63, 269, 315, 83, 122, 173, 208, 14, 59]
RKP_00500_00100_3_10.txt|357.79|380|0.002589203000000104|[153, 183, 189, 322, 13, 18, 165, 305, 1, 40, 325, 3, 7, 10, 25, 32, 99, 123, 193, 388, 14, 28, 38, 57, 392, 9, 47, 48]
RKP_00500_00100_4_01.txt|100.0|100|0.0022669120000000653|[434]
RKP_00500_00100_4_02.txt|100.0|100|0.002261771000000028|[423]
RKP_00500_00100_4_03.txt|100.0|100|0.002255309999999984|[434]
RKP_00500_00100_4_04.txt|100.0|100|0.0022623810000001222|[419]
RKP_00500_00100_4_05.txt|100.0|100|0.002260490999999991|[421]
RKP_00500_00100_4_06.txt|99.94|100|0.002258344000000001|[431]
RKP_00500_00100_4_07.txt|100.0|100|0.0022593930000000028|[467]
RKP_00500_00100_4_08.txt|99.98|100|0.002250221999999962|[430]
RKP_00500_00100_4_09.txt|100.0|100|0.0022640659999999713|[440]
RKP_00500_00100_4_10.txt|99.98|100|0.0022461880000001068|[473]
RKP_00500_00100_5_01.txt|94.74|103|0.0023684790000000964|[1, 3, 4, 5, 6, 7, 8, 9, 10, 11, 12, 13, 16, 17, 18]
RKP_00500_00100_5_02.txt|95.19|106|0.0022895950000000375|[1, 2, 3, 4, 8, 9, 11, 12, 13]
RKP_00500_00100_5_03.txt|93.4|103|0.0023137109999999696|[3, 5, 6, 7, 8, 9, 10, 11, 12, 13]
RKP_00500_00100_5_04.txt|94.63|103|0.0023389080000000106|[2, 5, 6, 7, 8, 9, 11, 12, 13, 14, 15]
RKP_00500_00100_5_05.txt|92.29|102|0.0023462220000000935|[1, 2, 3, 4, 5, 6, 7, 8, 9, 10, 11, 12, 13, 15, 16]
RKP_00500_00100_5_06.txt|96.82|105|0.0023451319999999677|[2, 4, 5, 6, 7, 9, 10, 11, 12, 14, 15, 16, 17, 18]
RKP_00500_00100_5_07.txt|92.68|106|0.0022970659999999653|[2, 3, 4, 5, 6, 7, 8, 9, 11, 12, 13]
RKP_00500_00100_5_08.txt|93.32|103|0.002310263999999975|[3, 4, 5, 6, 8, 9, 10, 11, 13, 14]
RKP_00500_00100_5_09.txt|92.94|103|0.0023037259999999548|[3, 5, 6, 8, 9, 11, 12, 17]
RKP_00500_00100_5_10.txt|90.68|103|0.002368234000000058|[3, 4, 5, 6, 8, 9, 11, 12, 13, 15, 16, 17, 18]
RKP_01000_00100_1_01.txt|2002.39|2154|0.006129964999999977|[67, 91, 151, 97, 47, 50, 260, 2, 64, 465, 13, 432, 42, 51, 27, 39, 10, 604, 646, 8, 560, 40, 531, 376, 116, 36, 606, 48]
RKP_01000_00100_1_02.txt|1912.03|2046|0.005914116000000025|[294, 30, 696, 171, 16, 195, 486, 182, 9, 557, 72, 584, 38, 193, 359, 1, 49, 8, 2, 519, 108, 515, 89, 64, 694, 18, 81, 599, 754, 624, 337]
RKP_01000_00100_1_03.txt|1922.29|2064|0.005871994999999935|[199, 172, 116, 535, 32, 114, 800, 50, 2, 174, 869, 4, 56, 1, 326, 182, 252, 19, 128, 3, 16, 725, 145, 754, 366, 813, 65, 330, 380]
RKP_01000_00100_1_04.txt|2167.09|2281|0.00594566900000018|[429, 1, 247, 283, 75, 44, 566, 14, 151, 165, 5, 277, 20, 12, 732, 255, 726, 2, 163, 3, 857, 184, 790, 63, 6, 69, 42, 91, 172, 53, 266, 758, 67]
RKP_01000_00100_1_05.txt|2015.36|2116|0.005916117000000156|[75, 41, 89, 673, 123, 207, 1, 635, 49, 696, 307, 37, 915, 776, 39, 222, 16, 553, 188, 582, 26, 74, 865, 151, 299, 29, 82, 198, 159, 340]
RKP_01000_00100_1_06.txt|2284.29|2409|0.005955938999999759|[168, 10, 58, 33, 1, 78, 242, 250, 993, 442, 645, 6, 120, 349, 52, 790, 632, 44, 176, 4, 177, 283, 265, 57, 255, 244, 55, 99, 38, 37, 233, 236, 210, 83]
RKP_01000_00100_1_07.txt|2351.23|2472|0.005969523000000123|[128, 382, 86, 436, 226, 3, 556, 127, 874, 7, 204, 49, 440, 778, 129, 190, 90, 476, 342, 19, 170, 88, 372, 80, 627, 641, 1, 2, 18, 42, 8, 146]
RKP_01000_00100_1_08.txt|2077.67|2229|0.006065321999999931|[922, 422, 68, 421, 1, 145, 149, 80, 6, 716, 223, 22, 242, 274, 366, 356, 26, 118, 15, 10, 5, 390, 4, 101, 294, 278, 780, 16, 111, 183, 202, 2, 212]
RKP_01000_00100_1_09.txt|2003.98|2141|0.0058400309999998255|[31, 103, 196, 782, 168, 14, 213, 27, 290, 17, 36, 513, 48, 691, 1, 898, 32, 262, 579, 489, 2, 108, 925, 942, 170, 427, 133, 39, 248, 405]
RKP_01000_00100_1_10.txt|2336.25|2447|0.005960847000000023|[669, 466, 76, 618, 785, 1, 748, 253, 534, 491, 968, 159, 37, 43, 480, 813, 931, 805, 50, 221, 188, 286, 111, 158, 8, 331, 399, 295, 4, 11, 198, 754, 439, 825, 724, 55, 104]
RKP_01000_00100_2_01.txt|246.72|263|0.005869645000000041|[7, 47, 209, 12, 374, 13, 3, 264, 111, 253, 366, 73, 380, 690, 185, 186, 21, 375, 252, 41, 76, 614, 470]
RKP_01000_00100_2_02.txt|245.53|266|0.005848179000000293|[84, 385, 202, 375, 782, 311, 63, 73, 410, 547, 357, 583, 183, 69, 8, 397, 77, 954, 625, 3, 23, 166, 376, 901]
RKP_01000_00100_2_03.txt|290.56|309|0.005969200999999913|[416, 171, 123, 87, 84, 58, 417, 124, 141, 5, 81, 394, 335, 897, 33, 64, 13, 746, 420, 928, 282, 55, 404, 256, 340, 854, 186]
RKP_01000_00100_2_04.txt|254.13|274|0.0059097319999998985|[443, 37, 94, 21, 60, 35, 123, 698, 184, 58, 504, 147, 130, 8, 49, 782, 74, 24, 207, 244, 158]
RKP_01000_00100_2_05.txt|245.62|267|0.005915015999999973|[152, 7, 420, 84, 428, 380, 236, 222, 26, 73, 409, 30, 299, 501, 162, 2, 512, 5, 11, 12, 214, 351, 462, 823, 172, 846, 293]
RKP_01000_00100_2_06.txt|293.88|312|0.005955681000000049|[122, 805, 6, 138, 647, 858, 590, 33, 1, 16, 602, 259, 24, 255, 152, 154, 187, 9, 57, 48, 383, 399, 827, 322, 185, 233, 290, 115]
RKP_01000_00100_2_07.txt|249.4|268|0.005800213000000198|[208, 284, 531, 796, 81, 457, 396, 950, 3, 378, 2, 61, 444, 520, 783, 821, 20, 1, 337, 682, 305, 731, 173]
RKP_01000_00100_2_08.txt|282.61|304|0.005844719000000005|[39, 121, 661, 3, 7, 129, 609, 862, 9, 26, 11, 44, 406, 250, 1, 41, 49, 573, 175, 131, 228, 21, 278, 294, 549, 223, 54]
RKP_01000_00100_2_09.txt|251.21|271|0.0058218620000000595|[13, 382, 18, 348, 191, 235, 904, 436, 651, 205, 573, 982, 31, 30, 225, 6, 9, 118, 1, 127, 176, 470, 175]
RKP_01000_00100_2_10.txt|266.24|287|0.005989327000000024|[15, 252, 191, 341, 521, 1, 56, 5, 164, 4, 122, 309, 710, 564, 282, 579, 30, 548, 273, 314, 409, 700, 58, 71, 78, 184, 443, 755, 33]
RKP_01000_00100_3_01.txt|491.24|519|0.005931780999999816|[49, 65, 119, 133, 249, 337, 537, 659, 763, 1, 11, 15, 55, 186, 340, 348, 456, 464, 704, 740, 795, 2, 94, 134, 157, 208, 322, 326, 441, 565, 567, 605, 962, 32, 857, 21, 22, 69, 77, 83, 240, 294]
RKP_01000_00100_3_02.txt|459.73|480|0.005920197999999921|[9, 25, 120, 137, 138, 295, 654, 69, 79, 94, 126, 176, 300, 318, 533, 644, 1, 2, 16, 19, 24, 31, 53, 56, 70, 110, 121, 216, 386, 586, 600, 7, 286, 377, 381, 567, 35, 47]
RKP_01000_00100_3_03.txt|481.5|510|0.005954034999999926|[1, 31, 93, 325, 378, 692, 836, 3, 84, 143, 170, 175, 204, 222, 270, 392, 530, 580, 652, 994, 46, 62, 74, 99, 321, 443, 738, 822, 13, 54, 431, 22, 44, 89, 142, 180, 181, 382, 448, 625, 720]
RKP_01000_00100_3_04.txt|472.22|490|0.005934175000000117|[1, 42, 142, 274, 277, 305, 389, 449, 645, 740, 786, 4, 5, 16, 44, 65, 558, 639, 2, 10, 29, 31, 41, 83, 161, 293, 550, 3, 149, 15, 119, 433, 657, 24, 35, 53, 58, 62, 148]
RKP_01000_00100_3_05.txt|414.06|430|0.005836043000000117|[183, 630, 661, 2, 5, 23, 24, 29, 31, 46, 108, 144, 163, 10, 86, 141, 151, 480, 57, 1, 37, 85, 107, 128, 204, 308, 315, 876, 21, 50, 76, 355, 674]
RKP_01000_00100_3_06.txt|426.35|450|0.006039344999999976|[5, 112, 204, 249, 1, 7, 16, 22, 37, 224, 347, 471, 886, 970, 15, 28, 63, 71, 129, 207, 217, 278, 543, 14, 242, 25, 153, 239, 901, 13, 64, 66, 158, 330, 3]
RKP_01000_00100_3_07.txt|492.62|519|0.006002563000000123|[12, 23, 53, 129, 169, 231, 591, 695, 822, 888, 1, 4, 5, 27, 38, 354, 433, 605, 750, 867, 3, 56, 62, 131, 282, 337, 402, 407, 483, 20, 31, 112, 190, 8, 34, 124, 161, 204, 583, 942, 2, 6]
RKP_01000_00100_3_08.txt|412.28|430|0.006035574000000068|[179, 340, 1, 2, 71, 89, 97, 129, 131, 266, 303, 11, 130, 145, 252, 292, 524, 591, 703, 35, 9, 33, 118, 152, 154, 233, 342, 472, 655, 883, 74, 250, 528]
RKP_01000_00100_3_09.txt|421.07|440|0.0059299789999998605|[23, 480, 647, 17, 211, 216, 318, 385, 403, 578, 758, 871, 1, 9, 16, 26, 48, 185, 202, 257, 141, 2, 3, 4, 36, 47, 127, 199, 446, 471, 825, 930, 5, 19]
RKP_01000_00100_3_10.txt|458.72|480|0.005888230000000121|[10, 26, 122, 245, 524, 677, 764, 3, 16, 18, 22, 35, 46, 72, 106, 169, 227, 334, 467, 632, 37, 56, 104, 187, 319, 439, 156, 1, 61, 103, 247, 264, 314, 687, 2, 4, 5, 11]
RKP_01000_00100_4_01.txt|100.0|100|0.005607295999999664|[866]
RKP_01000_00100_4_02.txt|100.0|100|0.005582785000000285|[866]
RKP_01000_00100_4_03.txt|100.0|100|0.0057042390000003|[856]
RKP_01000_00100_4_04.txt|100.0|100|0.005582300999999959|[828]
RKP_01000_00100_4_05.txt|100.0|100|0.005526827999999853|[851]
RKP_01000_00100_4_06.txt|100.0|100|0.005570018999999959|[878]
RKP_01000_00100_4_07.txt|100.0|100|0.005559528999999941|[887]
RKP_01000_00100_4_08.txt|100.0|100|0.005552952999999974|[847]
RKP_01000_00100_4_09.txt|100.0|100|0.005544387000000199|[877]
RKP_01000_00100_4_10.txt|100.0|100|0.005551869000000025|[843]
RKP_01000_00100_5_01.txt|97.05|108|0.005600402000000031|[5, 6, 7, 8, 9, 10, 11, 12, 13, 14, 16, 17, 19, 20]
RKP_01000_00100_5_02.txt|93.68|104|0.005613930999999681|[4, 7, 8, 9, 10, 11, 12, 14, 15, 16]
RKP_01000_00100_5_03.txt|96.91|105|0.0056013400000002635|[1, 3, 5, 7, 8, 10, 11, 12, 13, 14, 15, 17, 18, 19]
RKP_01000_00100_5_04.txt|96.73|103|0.005650085000000047|[3, 4, 5, 6, 7, 8, 9, 11, 12, 13, 14, 16, 17, 18, 20, 22]
RKP_01000_00100_5_05.txt|96.3|103|0.005613755000000112|[2, 4, 5, 7, 8, 9, 10, 11, 12, 13, 14, 15, 16]
RKP_01000_00100_5_06.txt|96.08|104|0.005699389999999625|[1, 3, 4, 5, 6, 7, 8, 9, 10, 11, 12, 14, 15, 16, 17]
RKP_01000_00100_5_07.txt|96.5|105|0.00565009699999969|[3, 4, 5, 6, 7, 8, 10, 11, 15, 16, 17, 18, 19, 20, 21, 22, 23, 24]
RKP_01000_00100_5_08.txt|97.12|106|0.005609021999999939|[2, 3, 4, 5, 7, 8, 9, 10, 12, 13, 14, 15, 16]
RKP_01000_00100_5_09.txt|93.57|104|0.005600002999999987|[4, 5, 6, 8, 9, 10, 11, 12, 15, 16, 17]
RKP_01000_00100_5_10.txt|92.74|101|0.005568278000000006|[1, 2, 3, 4, 5, 6, 7, 8, 9, 10, 11, 12, 13, 14]
RKP_05000_00100_1_01.txt|4537.13|4705|0.07594972000000005|[302, 1275, 1839, 1373, 465, 3, 2556, 4, 9, 1, 553, 2091, 20, 3645, 1406, 642, 2106, 1268, 540, 116, 589, 51, 3411, 904, 49, 1485, 150, 1700, 1482, 68, 2398, 1366, 3733, 4536, 59, 852, 89, 213, 1277, 155, 1207, 24, 115, 2548, 99, 2478, 2692, 21, 1723, 847, 2505, 1213, 2003, 22, 7, 363, 4545, 16, 1021, 5, 343, 518, 1731, 4758]
RKP_05000_00100_1_02.txt|4381.27|4581|0.07749920200000013|[3648, 2939, 3415, 60, 31, 277, 1821, 275, 892, 4066, 73, 350, 4311, 4651, 174, 4439, 1210, 2337, 104, 42, 716, 1201, 501, 16, 3013, 1, 347, 338, 601, 135, 374, 18, 235, 304, 151, 2809, 3107, 1720, 1929, 130, 301, 3739, 99, 28, 75, 420, 448, 437, 4339, 171, 1585, 44, 794, 1557, 4071, 262, 357, 1908, 2056, 65]
RKP_05000_00100_1_03.txt|4370.36|4517|0.07668260199999963|[6, 2646, 22, 591, 929, 961, 1355, 1069, 207, 3382, 4798, 81, 52, 4396, 4053, 136, 193, 1588, 10, 2992, 3261, 27, 3127, 3471, 26, 1880, 3686, 1634, 3036, 114, 1171, 612, 203, 3005, 7, 2382, 5, 326, 1550, 304, 156, 2797, 793, 2939, 1020, 219, 1066, 2442, 656, 1044, 1363, 1154, 401, 1035, 1283, 1179, 436, 208, 1, 1912]
RKP_05000_00100_1_04.txt|4130.43|4283|0.0771132799999998|[795, 2, 41, 2565, 38, 147, 2594, 7, 1931, 69, 378, 713, 23, 2528, 1521, 5, 135, 4470, 2030, 4280, 3644, 3336, 3198, 16, 868, 1633, 1367, 579, 3338, 131, 233, 2859, 78, 3225, 3474, 3503, 1764, 205, 2255, 416, 2304, 1527, 3605, 1675, 455, 20, 651, 557, 792, 1173, 4914, 3053, 979, 26, 3006, 2940, 3085, 3484, 4248, 1048, 337, 1814, 2934, 104]
RKP_05000_00100_1_05.txt|4089.07|4260|0.07610016499999887|[64, 38, 541, 542, 2, 8, 1433, 2850, 3856, 20, 16, 4, 1309, 174, 306, 1432, 33, 53, 2447, 2549, 101, 2995, 288, 60, 4969, 119, 4179, 44, 507, 527, 356, 1088, 23, 270, 230, 3160, 977, 1249, 4630, 158, 14, 1169, 2922, 608, 427, 907, 660, 2886, 317, 2537, 4002, 4588, 30, 667, 2097, 1510, 81, 386, 1759]
RKP_05000_00100_1_06.txt|4229.47|4449|0.0761137400000004|[2608, 45, 41, 1799, 747, 219, 569, 73, 457, 3167, 152, 3825, 9, 807, 133, 645, 62, 1279, 896, 860, 3, 122, 329, 1512, 8, 1319, 435, 21, 701, 14, 17, 1606, 11, 147, 2, 55, 111, 108, 2510, 7, 44, 1542, 652, 2842, 1031, 745, 18, 3571, 131, 912, 115, 208, 377, 139, 694, 6, 1186, 238, 25, 888, 2000]
RKP_05000_00100_1_07.txt|4637.1|4848|0.07648401899999939|[30, 3473, 219, 1, 97, 880, 1149, 1437, 582, 188, 2037, 876, 204, 2883, 1762, 124, 4, 931, 32, 1222, 54, 1758, 79, 90, 451, 2591, 991, 1401, 453, 13, 3111, 3370, 3, 2367, 1199, 3162, 155, 362, 104, 646, 457, 2085, 1477, 1299, 1827, 930, 5, 180, 244, 55, 3167, 3419, 2438, 118, 1187, 3484, 4252, 494, 192, 2041, 35, 811, 3320, 551, 60]
RKP_05000_00100_1_08.txt|4253.06|4445|0.07611657499999935|[1318, 906, 3876, 264, 266, 816, 2248, 2054, 865, 300, 502, 82, 1, 276, 288, 1717, 4344, 275, 4811, 148, 154, 179, 687, 985, 1267, 739, 48, 3226, 120, 52, 3137, 4473, 215, 1781, 183, 3911, 4638, 1632, 4998, 25, 2535, 341, 2845, 777, 54, 137, 820, 29, 779, 72, 2399, 186, 1079, 260, 345, 1029, 441, 2994, 234, 1186, 2899, 1337]
RKP_05000_00100_1_09.txt|3970.43|4125|0.07722901400000012|[325, 786, 2596, 270, 816, 4135, 3051, 30, 178, 3, 4424, 1441, 1363, 3759, 3697, 4341, 10, 121, 2, 70, 3572, 74, 423, 1856, 463, 6, 42, 853, 230, 2807, 447, 729, 383, 1260, 4156, 588, 83, 987, 1309, 1769, 796, 747, 1427, 90, 190, 533, 1387, 329, 43, 1945, 4220, 1869, 4062, 445, 635, 4378]
RKP_05000_00100_1_10.txt|4367.81|4532|0.07624334100000041|[1804, 48, 1395, 3373, 2061, 230, 25, 3086, 83, 564, 429, 176, 189, 321, 2958, 482, 1091, 111, 1350, 3065, 1422, 352, 4572, 780, 1342, 2, 2616, 4369, 8, 1, 4883, 153, 795, 3734, 662, 13, 654, 445, 21, 180, 363, 1221, 956, 2120, 385, 484, 4185, 20, 1517, 437, 304, 90, 134, 805, 629, 952, 2462, 3176, 612, 14, 131, 1983]
RKP_05000_00100_2_01.txt|422.51|444|0.07596686799999972|[540, 44, 110, 144, 1741, 2218, 551, 1057, 2019, 3518, 3020, 77, 648, 868, 1292, 2210, 1078, 68, 148, 220, 736, 25, 626, 848, 1187, 1238, 2735, 4039, 1835, 2120, 2295, 2913, 2948, 3573, 40, 2729, 4620, 4675, 5, 142, 315, 303, 493]
RKP_05000_00100_2_02.txt|467.63|493|0.07750482400000096|[407, 4347, 677, 455, 532, 656, 3238, 29, 275, 1570, 4063, 4978, 4, 73, 1493, 2707, 10, 35, 1178, 1770, 3, 14, 298, 3178, 3654, 778, 763, 1800, 2437, 8, 15, 22, 40, 1194, 1838, 2992, 3004, 871, 4384, 101, 2263, 152, 1014, 2360, 2501, 2984, 536, 155, 242, 292, 556, 929, 1307, 1714, 1793]
RKP_05000_00100_2_03.txt|443.18|464|0.07593760400000094|[769, 4655, 1463, 4547, 5, 242, 710, 1122, 1234, 4989, 39, 4, 388, 826, 2844, 4806, 442, 840, 895, 1925, 2550, 3969, 842, 2606, 6, 3890, 4206, 314, 1332, 3166, 9, 185, 202, 524, 711, 1469, 2973, 4028, 1, 22, 82, 113, 592, 1749, 11, 12, 195, 260]
RKP_05000_00100_2_04.txt|438.92|459|0.07605438999999961|[506, 1, 2126, 4139, 12, 168, 3153, 387, 531, 45, 283, 1864, 483, 491, 687, 917, 99, 355, 1415, 1633, 752, 1551, 35, 1107, 1671, 31, 54, 87, 156, 225, 325, 1138, 1566, 2299, 3108, 3585, 3838, 72, 109, 637, 2052, 2100, 13, 363, 950, 3572]
RKP_05000_00100_2_05.txt|459.79|487|0.07725286499999783|[3758, 522, 1741, 274, 355, 2365, 2703, 3238, 3555, 991, 2083, 5, 22, 52, 942, 1224, 1654, 2332, 2545, 3226, 366, 752, 879, 3406, 2785, 3383, 984, 1823, 3374, 69, 693, 797, 29, 99, 370, 1076, 1903, 2614, 426, 612, 3241, 167, 829, 2206, 2208, 2261, 2815, 3573, 51]
RKP_05000_00100_2_06.txt|442.39|461|0.0765976580000023|[326, 3682, 1109, 1288, 2453, 4405, 23, 466, 135, 816, 1581, 2118, 2148, 3347, 62, 136, 324, 758, 6, 356, 2040, 2408, 437, 1208, 129, 369, 2044, 4478, 1688, 3081, 1, 639, 853, 1433, 3, 182, 926, 1025, 1917, 1383, 2075, 8, 33, 2039, 2974, 327, 374, 502]
RKP_05000_00100_2_07.txt|454.15|484|0.07634131299999922|[1, 2528, 79, 2, 2641, 7, 516, 3, 71, 333, 2751, 58, 180, 235, 938, 1389, 2246, 2419, 141, 260, 595, 1949, 2323, 15, 105, 373, 4183, 261, 689, 2108, 3866, 177, 194, 1063, 3229, 3555, 55, 74, 244, 2164, 2332, 4327, 649, 4507, 49, 216, 429, 744, 169, 11, 28]
RKP_05000_00100_2_08.txt|433.69|452|0.07617807000000028|[98, 1700, 342, 25, 199, 1204, 14, 99, 152, 953, 2584, 2915, 11, 24, 1638, 2149, 3421, 2, 41, 636, 1387, 48, 23, 621, 4332, 4658, 1, 79, 524, 560, 671, 735, 1415, 4543, 15, 367, 869, 1492, 94, 464, 672, 967, 3246, 3696, 9, 1273, 2312, 3365, 1301, 1330]
RKP_05000_00100_2_09.txt|462.81|491|0.07623240899999814|[6, 355, 5, 151, 1149, 1331, 2692, 2520, 4778, 86, 433, 1873, 2352, 2953, 3113, 293, 294, 88, 112, 392, 846, 1338, 2179, 2318, 4070, 110, 142, 75, 2196, 2365, 218, 755, 362, 1203, 1335, 1397, 238, 315, 1008, 1679, 2213, 15, 4171, 244, 678, 796, 13, 20, 45, 66, 558, 574, 673]
RKP_05000_00100_2_10.txt|435.96|458|0.07618242199999997|[120, 1773, 275, 2435, 3300, 477, 250, 502, 918, 1932, 2345, 2755, 3321, 113, 2283, 2318, 2768, 4994, 74, 136, 326, 2133, 291, 315, 2022, 184, 210, 253, 1459, 78, 163, 373, 978, 1313, 3005, 3077, 4424, 660, 1253, 4012, 72, 66, 935, 48, 123]
RKP_05000_00100_3_01.txt|760.7|780|0.07649146299999898|[3, 11, 26, 48, 83, 97, 135, 145, 224, 231, 279, 288, 312, 334, 349, 361, 465, 471, 610, 661, 692, 900, 1006, 1096, 1192, 1272, 1751, 1768, 2039, 2321, 2608, 3252, 3292, 3674, 3675, 4195, 2, 5, 7, 18, 22, 28, 55, 58, 67, 77, 104, 109, 118, 188, 242, 276, 297, 322, 345, 395, 413, 504, 506, 558, 676, 821, 948, 995, 1037, 1119, 1187, 1232]
RKP_05000_00100_3_02.txt|839.52|870|0.07575823400000019|[1, 22, 36, 94, 98, 132, 135, 145, 148, 167, 219, 254, 301, 312, 313, 351, 356, 373, 392, 415, 434, 496, 512, 542, 776, 856, 973, 989, 1047, 1092, 1119, 1136, 1267, 1271, 1335, 1664, 1834, 1876, 2362, 2409, 2674, 2689, 2722, 2762, 2772, 2848, 3287, 3318, 3344, 3615, 3645, 4055, 4114, 4912, 3, 11, 17, 19, 31, 40, 74, 89, 97, 175, 280, 355, 365, 426, 427, 452, 453, 554, 796, 879, 917, 993, 1093]
RKP_05000_00100_3_03.txt|825.81|860|0.07633717399999995|[1, 15, 18, 21, 27, 52, 76, 86, 96, 129, 156, 159, 191, 205, 258, 283, 341, 387, 403, 520, 820, 894, 914, 945, 977, 1058, 1109, 1256, 1304, 1305, 1409, 1459, 1487, 1558, 1571, 1712, 1847, 1888, 1941, 2676, 2793, 2858, 2962, 2984, 2989, 3115, 4254, 4440, 4520, 4528, 4563, 4874, 3, 24, 42, 73, 124, 165, 192, 351, 380, 397, 459, 546, 656, 690, 698, 714, 721, 780, 901, 909, 979, 996, 1051, 1086]
RKP_05000_00100_3_04.txt|806.75|840|0.0769200150000006|[1, 9, 11, 16, 48, 56, 100, 298, 318, 320, 325, 335, 365, 375, 446, 578, 688, 708, 759, 769, 770, 808, 898, 984, 1182, 1227, 1264, 1283, 1348, 1433, 1570, 1739, 1757, 1788, 1905, 2156, 2340, 2386, 2433, 2600, 2634, 2810, 3111, 3384, 3639, 3851, 4679, 4996, 2, 3, 14, 15, 24, 28, 47, 51, 66, 68, 98, 99, 103, 118, 122, 130, 133, 136, 205, 232, 266, 282, 315, 364, 377, 403]
RKP_05000_00100_3_05.txt|718.18|750|0.07635272699999945|[7, 52, 79, 122, 238, 292, 295, 362, 480, 485, 513, 573, 638, 669, 905, 909, 950, 973, 1668, 2040, 2337, 2456, 2596, 2714, 2928, 3114, 3135, 4073, 4398, 4423, 1, 24, 25, 47, 60, 76, 81, 109, 113, 147, 206, 220, 230, 435, 448, 583, 588, 614, 656, 769, 891, 994, 1088, 1259, 1491, 1526, 1529, 1760, 1764, 1810, 1858, 2471, 2671, 2859, 2877]
RKP_05000_00100_3_06.txt|815.42|860|0.07686424700000118|[1, 10, 24, 25, 26, 27, 32, 35, 58, 68, 79, 103, 113, 119, 121, 179, 203, 244, 248, 270, 352, 452, 492, 551, 564, 638, 683, 755, 796, 838, 956, 1046, 1130, 1148, 1376, 1451, 1477, 1657, 1698, 1735, 1884, 2159, 2205, 2457, 2528, 2710, 2738, 2878, 2889, 3082, 3112, 4282, 3, 4, 5, 12, 29, 45, 104, 157, 181, 207, 221, 290, 434, 440, 460, 588, 765, 787, 899, 1081, 1227, 1347, 1366, 1393]
RKP_05000_00100_3_07.txt|823.68|850|0.07686451899999866|[1, 10, 14, 16, 18, 20, 30, 77, 89, 93, 99, 114, 119, 169, 189, 206, 213, 222, 304, 356, 372, 495, 507, 523, 550, 699, 729, 750, 812, 876, 883, 890, 980, 1030, 1095, 1453, 1577, 1615, 1833, 1892, 1960, 2113, 2510, 2632, 2701, 2869, 3232, 3416, 3653, 4835, 26, 32, 85, 96, 130, 166, 185, 211, 355, 485, 526, 549, 566, 570, 583, 607, 719, 799, 859, 865, 894, 913, 985, 1060, 1109]
RKP_05000_00100_3_08.txt|835.16|860|0.07684791000000189|[1, 6, 13, 17, 28, 47, 92, 97, 100, 101, 129, 161, 169, 215, 238, 328, 343, 382, 428, 491, 557, 563, 572, 645, 700, 925, 969, 1076, 1238, 1240, 1355, 1414, 1478, 1502, 1517, 1589, 1802, 1973, 2154, 2276, 2430, 2702, 3001, 3330, 3335, 3716, 3821, 4062, 4178, 4225, 4353, 4735, 2, 4, 21, 24, 35, 36, 44, 59, 60, 99, 108, 115, 124, 191, 216, 273, 296, 309, 426, 484, 502, 515, 525, 611]
RKP_05000_00100_3_09.txt|817.11|850|0.07572285400000225|[1, 4, 24, 40, 55, 63, 94, 111, 205, 217, 262, 271, 288, 409, 466, 585, 600, 636, 662, 696, 789, 827, 981, 986, 1067, 1161, 1532, 1683, 1913, 2033, 2048, 2227, 2372, 2453, 2595, 2609, 2846, 2862, 2897, 2925, 3120, 3500, 3562, 3603, 3727, 3987, 4348, 4681, 4813, 4902, 8, 10, 18, 25, 29, 49, 57, 78, 110, 116, 119, 154, 277, 307, 350, 373, 419, 447, 501, 579, 610, 754, 882, 973, 1004]
RKP_05000_00100_3_10.txt|804.92|830|0.07606433699999798|[8, 21, 22, 27, 30, 47, 52, 63, 119, 173, 216, 236, 252, 283, 383, 438, 627, 659, 666, 775, 787, 881, 1046, 1075, 1166, 1419, 1426, 1547, 1938, 1946, 2107, 2181, 2195, 2235, 2244, 2312, 2477, 2988, 2990, 3361, 3869, 3877, 3997, 4448, 4628, 4783, 1, 2, 5, 10, 11, 39, 57, 79, 109, 110, 138, 141, 142, 166, 211, 333, 336, 526, 559, 614, 933, 1111, 1132, 1187, 1259, 1323, 1396]
RKP_05000_00100_4_01.txt|100.0|100|0.0754527040000005|[4203]
RKP_05000_00100_4_02.txt|100.0|100|0.07641103899999963|[4298]
RKP_05000_00100_4_03.txt|100.0|100|0.07683632500000442|[4228]
RKP_05000_00100_4_04.txt|100.0|100|0.07727404000000149|[4218]
RKP_05000_00100_4_05.txt|100.0|100|0.075986599000002|[4218]
RKP_05000_00100_4_06.txt|100.0|100|0.0759673040000007|[4203]
RKP_05000_00100_4_07.txt|100.0|100|0.07644551399999898|[4210]
RKP_05000_00100_4_08.txt|100.0|100|0.07576390299999844|[4203]
RKP_05000_00100_4_09.txt|100.0|100|0.07509352199999852|[4209]
RKP_05000_00100_4_10.txt|100.0|100|0.07653131100000507|[4213]
RKP_05000_00100_5_01.txt|96.86|100|0.07573898900000017|[2, 4, 5, 6, 7, 8, 9, 10, 11, 12, 13, 15, 16, 17, 18, 19, 20, 22, 23, 24, 25, 26, 27, 30]
RKP_05000_00100_5_02.txt|98.58|103|0.07709742199999653|[2, 3, 5, 6, 7, 8, 9, 10, 11, 12, 13, 15, 17, 18, 20, 22, 25, 26, 27, 28]
RKP_05000_00100_5_03.txt|97.43|102|0.0767823149999981|[5, 11, 13, 14, 15, 16, 17, 19, 20, 21, 22, 23, 24, 26, 27, 28, 29, 33, 34, 35, 36]
RKP_05000_00100_5_04.txt|96.9|101|0.07579495999999893|[1, 2, 5, 6, 9, 11, 12, 13, 14, 16, 18, 19, 20, 21, 22, 23, 25]
RKP_05000_00100_5_05.txt|97.74|102|0.07499820499999998|[1, 4, 5, 6, 7, 8, 9, 10, 11, 12, 13, 14, 15, 16, 17, 18, 19, 20, 22, 23, 25]
RKP_05000_00100_5_06.txt|98.06|102|0.07525695900000016|[1, 2, 4, 5, 6, 7, 8, 9, 10, 12, 13, 14, 15, 16, 18, 19, 22, 23, 24, 25, 26, 28, 29, 30, 31, 33]
RKP_05000_00100_5_07.txt|96.85|101|0.07486856600000066|[1, 4, 5, 7, 8, 9, 10, 11, 12, 13, 14, 15, 16, 17, 18, 19, 22, 24, 25, 26, 27, 28, 29]
RKP_05000_00100_5_08.txt|95.96|104|0.0750058729999995|[4, 5, 6, 7, 9, 10, 11, 12, 14, 15, 16, 17, 20, 21, 22, 24, 25, 26, 27, 28, 29, 30, 31, 32, 34, 35]
RKP_05000_00100_5_09.txt|97.58|101|0.07505386500000043|[3, 4, 5, 6, 7, 9, 10, 11, 12, 13, 15, 16, 17, 18, 19, 20, 21, 23, 24, 25, 26, 29, 30, 31, 32, 34]
RKP_05000_00100_5_10.txt|98.43|102|0.07503590300000099|[3, 4, 7, 8, 9, 11, 12, 13, 14, 15, 16, 17, 21, 22, 23, 24, 25, 26, 27, 28, 29]
RKP_05000_01000_1_01.txt|55497.22|57710|0.07871741500000326|[53, 4971, 1742, 2254, 700, 1232, 424, 3485, 328, 18, 3791, 23, 15, 17, 1034, 1858, 2481, 1724, 1756, 1591, 2077, 1841, 1, 334, 13, 379, 866, 1431, 4223, 4479, 78, 732, 1214, 661, 2777, 1919, 1979, 3534, 3799, 226, 491, 2629, 96, 86, 8, 10, 3256, 2266, 151, 16, 399, 684, 3187, 1233, 751, 1928, 2874, 33, 22, 991, 5, 271, 1196, 969, 252, 800, 30, 921, 118, 212, 511, 1387, 4129, 3144, 1775, 3282, 778, 35, 551, 1810, 2814, 726, 59, 974, 2187]
RKP_05000_01000_1_02.txt|58295.75|60202|0.07784182999999757|[406, 2800, 89, 304, 918, 1590, 222, 36, 675, 4489, 7, 728, 3565, 2379, 1205, 109, 622, 3, 4961, 1055, 1261, 2745, 1414, 78, 988, 22, 41, 506, 3875, 2832, 2594, 2825, 10, 282, 235, 1455, 2011, 425, 3349, 2769, 17, 772, 155, 837, 1677, 39, 588, 1329, 337, 965, 1337, 368, 3795, 236, 917, 1277, 2973, 694, 3668, 2727, 96, 207, 3585, 84, 464, 928, 2120, 1343, 2229, 2198, 539, 3095, 2041, 1860, 2750, 471, 293, 2093, 646, 130, 65, 1]
RKP_05000_01000_1_03.txt|53670.93|55433|0.0779607370000008|[1614, 882, 1039, 24, 1534, 3194, 3276, 22, 1854, 135, 852, 1415, 272, 176, 339, 1027, 67, 2016, 1364, 1, 2471, 344, 1339, 649, 3920, 479, 76, 1150, 3682, 248, 165, 4104, 2688, 3232, 72, 1605, 1483, 2201, 3835, 2080, 2125, 114, 60, 2848, 1478, 2314, 749, 1822, 62, 1719, 3, 1219, 940, 129, 1815, 515, 1006, 1146, 933, 2161, 4193, 810, 192, 1979, 1475, 94, 2110, 13, 2682, 4283, 441, 4191, 33, 4216, 400, 186, 446, 8, 1268, 533]
RKP_05000_01000_1_04.txt|55601.39|57427|0.07876707399999987|[223, 952, 61, 4624, 1450, 4775, 1275, 716, 1218, 35, 498, 135, 794, 9, 4277, 2060, 49, 4397, 10, 114, 64, 1107, 1, 3926, 318, 2470, 1142, 16, 191, 594, 52, 3055, 687, 546, 3023, 2320, 482, 724, 3051, 533, 5, 2023, 4232, 33, 1174, 1916, 413, 50, 2999, 189, 1311, 25, 133, 465, 1416, 2, 248, 1021, 7, 1689, 2047, 270, 2649, 8, 132, 2580, 4329, 886, 6, 71, 522, 1074, 3271, 2550, 670, 1901, 210, 105, 181, 2177, 2922, 421, 17, 103, 2269]
RKP_05000_01000_1_05.txt|54845.56|56606|0.07789127700000165|[1649, 91, 385, 430, 2, 14, 254, 65, 259, 97, 1606, 1411, 1588, 132, 985, 168, 2547, 2069, 2834, 1227, 2271, 1093, 94, 1607, 4118, 467, 3468, 279, 339, 46, 4385, 119, 352, 1418, 667, 4, 1155, 1162, 1316, 3067, 267, 816, 157, 651, 93, 9, 1023, 1474, 711, 8, 580, 1321, 1883, 1049, 4096, 73, 943, 593, 4053, 130, 48, 2819, 2004, 330, 19, 85, 1893, 2397, 5, 2256, 584, 25, 201, 592, 231, 67, 72, 27, 208, 1012, 2350, 349, 1150, 838, 2786]
RKP_05000_01000_1_06.txt|53440.89|55277|0.07876948299999924|[4603, 51, 736, 691, 1879, 48, 336, 52, 498, 80, 2517, 269, 894, 1097, 8, 2857, 1916, 1511, 3109, 1242, 297, 2865, 1910, 288, 188, 107, 2195, 998, 3846, 2, 2967, 3, 217, 10, 503, 399, 1368, 1530, 9, 6, 150, 90, 343, 2050, 1002, 1192, 42, 13, 2483, 612, 292, 157, 646, 1062, 429, 1689, 656, 1040, 721, 601, 688, 159, 4196, 2012, 697, 1494, 2025, 2442, 224, 2168, 4, 337, 2861, 1145, 1720, 2048, 684, 60, 1305, 883, 4183, 943, 637, 594, 1812]
RKP_05000_01000_1_07.txt|49879.38|52136|0.07854595800000026|[753, 1741, 15, 1904, 2, 568, 161, 226, 1359, 130, 2669, 213, 77, 1865, 204, 1697, 1, 65, 2593, 84, 957, 1449, 44, 522, 577, 1175, 421, 188, 2087, 523, 23, 21, 628, 1764, 2001, 3455, 46, 795, 198, 386, 2245, 616, 651, 4242, 8, 569, 1607, 848, 731, 4471, 985, 1047, 1489, 2984, 993, 2145, 1378, 241, 453, 608, 3438, 1178, 1346, 393, 1666, 4078, 91, 2235, 1645, 38, 94, 1052, 363, 424, 666, 1433, 637, 2537]
RKP_05000_01000_1_08.txt|51670.12|54134|0.07782992400000183|[140, 24, 20, 89, 651, 427, 2382, 2356, 1275, 1088, 81, 190, 430, 2110, 10, 2528, 279, 785, 1391, 2585, 952, 527, 109, 235, 670, 3925, 575, 2841, 488, 15, 1138, 7, 257, 3318, 115, 26, 2723, 1574, 738, 3, 151, 3937, 4666, 849, 12, 66, 118, 890, 419, 40, 39, 2070, 411, 75, 892, 29, 32, 52, 548, 207, 79, 389, 3288, 1344, 3437, 43, 217, 117, 4070, 3323, 1487, 3908, 1029, 1485, 534, 1, 78]
RKP_05000_01000_1_09.txt|55061.69|57089|0.07793324100000121|[4115, 1714, 684, 1434, 157, 1, 1362, 128, 51, 427, 2381, 1788, 364, 3179, 996, 18, 163, 2364, 4, 3964, 1242, 191, 3245, 39, 390, 1481, 1679, 17, 104, 47, 2, 499, 1854, 563, 1761, 3, 562, 2121, 190, 2328, 1366, 998, 27, 1579, 302, 714, 473, 1113, 1414, 844, 2399, 7, 2012, 3556, 3900, 6, 1401, 73, 3156, 1699, 94, 106, 25, 359, 3644, 1495, 2034, 3448, 153, 49, 32, 2239, 1911, 136, 3744, 320, 2844, 8, 883, 91, 451, 2651, 12]
RKP_05000_01000_1_10.txt|59430.57|61424|0.07835955100000148|[1640, 528, 245, 1044, 129, 1680, 47, 500, 785, 1479, 486, 11, 1914, 888, 1, 461, 2184, 740, 2867, 2671, 2216, 844, 384, 261, 180, 1361, 1253, 2153, 103, 2753, 359, 1076, 1095, 49, 1313, 2309, 9, 104, 286, 1284, 807, 2544, 1554, 38, 2698, 839, 2, 3137, 43, 33, 212, 2541, 1686, 3309, 187, 2560, 1436, 472, 1476, 2608, 198, 634, 1553, 4698, 1731, 4036, 1413, 604, 193, 1350, 582, 1934, 161, 813, 1430, 220, 3687, 1641, 255, 904, 464, 1636, 124, 3836, 1644, 41, 1333, 100]
RKP_05000_01000_2_01.txt|4278.09|4477|0.07805296400000089|[176, 1844, 4166, 2000, 339, 1473, 951, 761, 413, 3919, 483, 2671, 2, 1173, 88, 2400, 1730, 2057, 1100, 1641, 541, 265, 103, 2351, 1898, 1487, 3764, 309, 2281, 1046, 32, 7, 81, 604, 395, 724, 997, 147, 3395, 687, 115, 3060, 4598, 12, 2569, 38, 1011, 352, 23, 2168, 2581, 34, 1573]
RKP_05000_01000_2_02.txt|4471.02|4695|0.07815466799999968|[279, 2, 1045, 88, 1577, 317, 365, 491, 1856, 1294, 1693, 964, 44, 1068, 4977, 862, 1189, 2682, 3, 462, 1, 545, 62, 121, 126, 1812, 311, 471, 667, 76, 2983, 653, 78, 1049, 94, 946, 214, 1196, 1964, 1000, 379, 2515, 2419, 2537, 2308, 3342, 338, 139, 2933, 820, 3711, 1159, 299, 79]
RKP_05000_01000_2_03.txt|4605.39|4801|0.07700136699999689|[726, 465, 3416, 51, 1002, 69, 86, 305, 3351, 4964, 3938, 655, 2930, 286, 235, 862, 3180, 2340, 2182, 1958, 507, 4457, 3343, 131, 104, 1354, 942, 308, 2548, 3087, 118, 177, 341, 2601, 1732, 3822, 375, 1132, 2164, 2610, 106, 1483, 63, 414, 185, 477, 589, 350, 3540, 171, 1676, 1684, 2617]
RKP_05000_01000_2_04.txt|5023.49|5233|0.07746771600000216|[17, 1740, 63, 3, 2408, 4454, 2928, 1672, 1989, 2245, 183, 768, 82, 348, 371, 4424, 2518, 400, 2989, 545, 1906, 585, 3530, 2237, 3498, 1086, 54, 2249, 3872, 302, 509, 1, 22, 567, 7, 1136, 916, 1398, 1319, 247, 557, 662, 1210, 19, 1539, 1799, 51, 163, 1209, 153, 703, 84, 3183, 758, 547, 667, 57, 1100, 23, 1065]
RKP_05000_01000_2_05.txt|4539.03|4708|0.07745010100000059|[734, 34, 204, 8, 1064, 33, 4485, 1132, 1158, 1680, 3321, 360, 526, 12, 4, 201, 70, 2513, 2943, 1762, 427, 1925, 1269, 260, 3, 2008, 344, 16, 390, 2548, 187, 273, 453, 23, 9, 1052, 30, 775, 1424, 737, 290, 957, 2686, 324, 876, 1335, 1672, 156, 306, 43, 4215, 4333, 807, 1576, 1622, 1223]
RKP_05000_01000_2_06.txt|4788.38|4971|0.07745648700000402|[473, 464, 1933, 61, 1, 1477, 105, 683, 672, 2638, 2476, 242, 27, 2, 1569, 30, 1991, 1948, 36, 344, 1619, 386, 282, 403, 154, 925, 152, 59, 707, 900, 2446, 3111, 2282, 739, 2287, 159, 1064, 714, 862, 138, 94, 328, 4131, 2690, 2484, 336, 10, 4545, 481, 670, 184, 4951, 1369, 5, 252, 114, 1317, 63]
RKP_05000_01000_2_07.txt|4886.09|5111|0.07742588699999602|[4279, 2608, 1, 1902, 207, 2282, 909, 1643, 1625, 3129, 759, 157, 1811, 3275, 12, 4453, 4495, 1552, 368, 751, 2233, 2206, 1123, 772, 771, 1265, 516, 238, 3147, 199, 212, 2446, 3882, 2461, 294, 1437, 1593, 2843, 2241, 5, 1935, 1945, 2341, 387, 44, 257, 1425, 3085, 105, 1886, 1139, 1976, 228, 997, 3507, 2864, 33, 1231, 3031, 11, 59]
RKP_05000_01000_2_08.txt|4862.22|5055|0.07756029700000681|[1499, 312, 972, 59, 264, 78, 44, 3148, 236, 2399, 298, 580, 108, 385, 3385, 6, 17, 30, 213, 1067, 371, 1184, 658, 4, 846, 1783, 677, 2808, 747, 634, 242, 2941, 1314, 200, 660, 3191, 1114, 2632, 2133, 1924, 3857, 201, 174, 114, 1802, 473, 955, 362, 397, 4386, 278, 1016, 2683, 823, 4129]
RKP_05000_01000_2_09.txt|4529.95|4743|0.07794356899999912|[1556, 897, 3478, 10, 4, 1132, 128, 1583, 1967, 2140, 3, 2789, 677, 15, 1786, 25, 408, 22, 270, 175, 821, 13, 2637, 3297, 63, 2317, 997, 1992, 536, 419, 379, 36, 118, 310, 784, 1627, 2, 561, 935, 3113, 3974, 1428, 3583, 130, 377, 2094, 4669, 247, 1587, 77, 44, 2037, 1844, 116]
RKP_05000_01000_2_10.txt|4361.75|4584|0.07867651200000068|[4015, 137, 1494, 18, 191, 9, 1502, 99, 227, 2318, 149, 1686, 3712, 2034, 36, 1926, 4084, 1619, 922, 19, 294, 749, 4050, 2559, 2998, 1491, 1523, 3674, 420, 1011, 1303, 4809, 555, 3584, 95, 1745, 82, 587, 74, 351, 941, 29, 3887, 305, 3163, 25, 880, 1175, 1176, 4057, 2452, 55, 312]
RKP_05000_01000_3_01.txt|9460.54|9799|0.0779379149999977|[34, 47, 1698, 1958, 2461, 21, 562, 1615, 2851, 108, 1, 3246, 237, 455, 2241, 2416, 2783, 40, 72, 372, 114, 728, 77, 917, 2748, 176, 207, 284, 1198, 1779, 3421, 2250, 1038, 1894, 2056, 2178, 2874, 150, 276, 688, 384, 749, 1600, 9, 60, 87, 398, 3683, 1081, 132, 193, 757, 1382, 2429, 12, 23, 53, 381, 604, 623, 97, 112, 550, 560, 1047, 1140, 45, 241, 632, 1087, 15, 16, 37, 1139, 4101, 274, 996, 1369, 3591, 2, 109, 400, 553, 13, 527, 586, 1021, 2640]
RKP_05000_01000_3_02.txt|10241.0|10597|0.07770749800000204|[129, 230, 1041, 1087, 1499, 2113, 2425, 849, 2067, 3308, 39, 90, 379, 425, 562, 2330, 446, 878, 1486, 2704, 13, 1046, 2, 33, 1885, 2978, 3750, 28, 209, 1161, 1436, 2215, 1, 25, 40, 107, 169, 214, 3546, 892, 1020, 2667, 4134, 542, 2853, 305, 445, 609, 730, 2772, 1117, 2989, 4507, 801, 2136, 2565, 41, 66, 718, 1022, 1174, 3393, 3041, 2080, 2933, 2998, 4719, 235, 2953, 3171, 71, 931, 1240, 1334, 3832, 263, 345, 1193, 1488, 38, 68, 130, 295, 646, 759, 448, 116, 304, 953, 1484, 2808, 4419, 303, 595, 1083, 55]
RKP_05000_01000_3_03.txt|10636.69|10999|0.0777705099999946|[5, 881, 1498, 3273, 158, 399, 975, 3166, 4813, 2, 360, 568, 652, 4041, 36, 286, 4215, 246, 609, 2319, 3, 4, 199, 1663, 11, 22, 129, 239, 439, 856, 1597, 4529, 621, 989, 1164, 2386, 3910, 4695, 709, 2439, 3545, 465, 896, 4671, 215, 1, 38, 156, 163, 330, 339, 763, 1022, 1041, 1523, 1559, 2202, 2957, 952, 3928, 115, 214, 1465, 4084, 4338, 200, 221, 1082, 1533, 2087, 6, 190, 839, 1605, 1733, 480, 1157, 1222, 97, 669, 2298, 3477, 153, 770, 879, 1169, 1767, 1926, 2529, 2901, 3239, 3697, 4149, 4329, 127, 452, 592, 1077, 1231, 1360]
RKP_05000_01000_3_04.txt|10657.59|11000|0.0778134200000136|[198, 680, 2150, 2868, 6, 619, 657, 1080, 4, 63, 261, 610, 989, 132, 175, 206, 548, 1872, 2372, 9, 70, 4880, 1, 495, 709, 1049, 1064, 1396, 2516, 321, 337, 360, 2747, 111, 27, 45, 277, 3197, 3448, 18, 306, 3523, 29, 58, 864, 1786, 3330, 5, 7, 142, 2541, 4042, 1226, 4440, 225, 747, 1907, 2865, 962, 1322, 82, 205, 263, 977, 1589, 1768, 2593, 3612, 3, 94, 258, 1996, 2857, 13, 648, 1398, 2575, 1276, 2568, 39, 472, 568, 730, 1309, 1912, 3274, 89, 400, 827, 2871, 25, 1165, 1493, 1557, 1801, 1852, 2115, 2601, 362, 413]
RKP_05000_01000_3_05.txt|9989.19|10201|0.07797836299999403|[26, 1, 143, 344, 985, 1759, 1859, 2460, 48, 1516, 1588, 1619, 1909, 3635, 1060, 219, 2123, 3439, 3584, 11, 501, 1305, 1500, 7, 19, 1552, 2634, 2744, 4338, 1069, 3440, 3558, 29, 285, 513, 620, 16, 34, 184, 3469, 56, 555, 768, 32, 49, 348, 912, 2970, 169, 658, 998, 1263, 3167, 162, 8, 112, 1033, 1090, 2615, 70, 212, 335, 358, 122, 814, 2077, 2298, 2, 486, 777, 1259, 1770, 3068, 3370, 3, 10, 6, 25, 386, 692, 1292, 2447, 2610, 3258, 4405, 830, 1502, 638, 3106, 1044, 1068, 1206]
RKP_05000_01000_3_06.txt|10243.29|10593|0.07782665600000087|[4, 227, 488, 813, 4258, 46, 288, 760, 801, 4322, 4808, 213, 931, 3214, 12, 55, 1522, 1551, 1, 41, 1119, 2741, 76, 368, 623, 1359, 206, 276, 889, 1978, 3324, 3533, 4315, 3, 286, 287, 469, 573, 1610, 3433, 85, 2251, 665, 946, 4000, 1640, 86, 124, 184, 418, 1030, 1296, 3264, 82, 102, 249, 431, 859, 7, 45, 734, 1917, 2026, 702, 3390, 16, 135, 193, 219, 265, 2623, 141, 490, 767, 4582, 2, 686, 1212, 1697, 4424, 39, 71, 214, 839, 1281, 3851, 2138, 2756, 94, 603, 106, 126, 84, 350, 607, 900]
RKP_05000_01000_3_07.txt|10142.74|10492|0.07882518400000321|[79, 291, 293, 762, 827, 1003, 1783, 1792, 60, 413, 1470, 427, 884, 896, 1998, 13, 36, 849, 2716, 76, 100, 216, 3628, 593, 1789, 2448, 3146, 2, 125, 295, 398, 417, 2357, 2900, 3085, 3731, 4131, 214, 360, 487, 1055, 2587, 3854, 477, 18, 75, 218, 527, 4233, 3, 11, 220, 370, 608, 714, 1044, 2966, 3438, 5, 658, 1262, 1544, 113, 393, 1709, 3135, 3716, 1, 251, 1179, 84, 891, 194, 221, 422, 1564, 6, 8, 31, 4659, 462, 1066, 1090, 1173, 2043, 2360, 3402, 4456, 20, 319, 2111, 3836, 73, 29, 919]
RKP_05000_01000_3_08.txt|10318.79|10698|0.07771095100000253|[3214, 4022, 217, 394, 1976, 14, 80, 525, 1036, 3087, 3571, 1588, 28, 152, 250, 953, 1135, 1733, 4, 77, 260, 1970, 2019, 2402, 3237, 331, 883, 1009, 2088, 2484, 134, 154, 301, 901, 2858, 489, 556, 686, 1159, 1395, 4192, 36, 474, 654, 1513, 1967, 3396, 944, 1077, 4463, 6, 30, 1273, 1636, 725, 1117, 1134, 2977, 7, 22, 162, 911, 3346, 118, 126, 675, 1050, 3017, 3284, 3445, 4767, 4779, 20, 1014, 3557, 4487, 4700, 270, 2364, 1, 2, 122, 264, 295, 656, 707, 1364, 35, 73, 82, 213, 660, 895, 3, 34, 1502, 2391]
RKP_05000_01000_3_09.txt|9561.49|9895|0.07751193899999521|[655, 1322, 2051, 2621, 556, 664, 671, 1189, 73, 242, 384, 661, 1471, 2486, 4292, 2511, 51, 2497, 852, 1313, 3443, 106, 281, 310, 376, 2024, 2401, 7, 9, 3392, 3572, 136, 492, 751, 1148, 3868, 4136, 152, 3256, 786, 237, 252, 1978, 462, 1684, 2055, 14, 26, 40, 77, 83, 99, 453, 494, 995, 3538, 2, 886, 2287, 3618, 1, 8, 797, 1040, 2577, 13, 86, 290, 1003, 4, 61, 111, 354, 931, 426, 921, 1104, 193, 222, 830, 42, 57, 81, 412, 673, 1488, 3020, 4818, 46]
RKP_05000_01000_3_10.txt|10287.63|10600|0.07790984299999536|[16, 119, 196, 219, 1125, 2322, 2764, 2894, 50, 393, 876, 1329, 3150, 4466, 369, 1, 3, 25, 1785, 2813, 2940, 3240, 145, 413, 692, 811, 1019, 1184, 3234, 2, 2189, 270, 3435, 3589, 14, 2915, 434, 1530, 3251, 62, 69, 1854, 3127, 4052, 6, 287, 907, 2224, 2749, 52, 235, 1093, 1498, 4227, 112, 789, 1621, 1635, 4747, 4788, 1803, 4631, 343, 344, 2139, 1097, 1847, 2877, 10, 3119, 305, 446, 458, 1279, 2611, 191, 781, 1343, 3064, 308, 312, 400, 417, 479, 502, 627, 3879, 5, 194, 272, 275, 353, 360, 3788, 37, 389]
RKP_05000_01000_4_01.txt|999.98|1000|0.07672036099999219|[4615]
RKP_05000_01000_4_02.txt|999.96|1000|0.07635904000000096|[4655]
RKP_05000_01000_4_03.txt|999.99|1000|0.0763410450000049|[4567]
RKP_05000_01000_4_04.txt|1000.0|1000|0.0763916109999991|[4559]
RKP_05000_01000_4_05.txt|1000.0|1000|0.07964864900000179|[4575]
RKP_05000_01000_4_06.txt|1000.0|1000|0.0779326420000018|[4578]
RKP_05000_01000_4_07.txt|999.99|1000|0.07862244800000326|[4493]
RKP_05000_01000_4_08.txt|1000.0|1000|0.07683781199999885|[4575]
RKP_05000_01000_4_09.txt|1000.0|1000|0.07665432400000555|[4561]
RKP_05000_01000_4_10.txt|1000.0|1000|0.07860503299999891|[4469]
RKP_05000_01000_5_01.txt|971.32|1017|0.07781129000000192|[2, 6, 7, 10, 11, 12, 13, 14, 15, 16, 17, 21, 22, 23, 24, 25, 26, 28, 29, 30, 32, 33, 36, 40, 41]
RKP_05000_01000_5_02.txt|972.69|1014|0.07736715300000356|[2, 3, 4, 5, 6, 7, 8, 9, 10, 11, 12, 13, 14, 16, 17, 18, 21, 22, 23, 24, 26, 27, 28, 29, 30, 33, 34, 35, 37]
RKP_05000_01000_5_03.txt|967.64|1004|0.07658516499999792|[1, 3, 4, 5, 6, 9, 10, 11, 12, 13, 16, 17, 18, 19, 20, 21, 23, 24, 25, 30, 31, 32, 33, 34, 35, 36, 37]
RKP_05000_01000_5_04.txt|964.96|1008|0.07640063400000827|[1, 3, 4, 5, 6, 7, 9, 10, 11, 12, 13, 14, 15, 16, 17, 18, 19, 21, 23, 24, 25, 26, 27, 33, 37]
RKP_05000_01000_5_05.txt|969.9|1008|0.07656116999999768|[1, 4, 5, 7, 8, 9, 10, 12, 13, 14, 15, 16, 17, 18, 19, 20, 21, 22, 23, 25, 26, 27, 28, 29, 30, 31, 32]
RKP_05000_01000_5_06.txt|962.97|1001|0.07688410299999532|[3, 5, 7, 8, 9, 10, 11, 12, 13, 14, 15, 16, 17, 18, 19, 22, 23, 26, 28, 29, 30, 31, 32, 33, 34, 35]
RKP_05000_01000_5_07.txt|970.07|1007|0.07734318499999744|[2, 4, 5, 7, 9, 10, 11, 12, 14, 15, 16, 17, 18, 19, 22, 23, 25, 27, 28, 29, 30, 31, 32, 33, 34, 36, 37]
RKP_05000_01000_5_08.txt|973.94|1023|0.07807090699999776|[3, 4, 5, 6, 8, 9, 11, 12, 13, 14, 15, 16, 17, 18, 19, 20, 21, 22, 23, 24, 25, 26, 27, 28, 30, 31]
RKP_05000_01000_5_09.txt|973.87|1015|0.07711597900000357|[1, 4, 5, 6, 7, 8, 9, 10, 11, 12, 13, 14, 16, 17, 18, 19, 20, 21, 22, 23, 24, 25, 26, 27, 28, 30, 31, 32, 34]
RKP_05000_01000_5_10.txt|971.08|1008|0.07702685500000143|[1, 3, 4, 5, 6, 8, 10, 11, 12, 13, 14, 15, 16, 18, 19, 20, 22, 23, 24, 25, 27, 29]
RKP_05000_05000_1_01.txt|259478.17|268743|0.07959739800000307|[2195, 1201, 226, 1260, 134, 1200, 239, 2685, 263, 2997, 1416, 254, 688, 75, 1247, 74, 36, 2945, 168, 1437, 496, 826, 1595, 255, 2687, 3, 279, 100, 498, 1543, 78, 174, 1674, 940, 4810, 747, 290, 1305, 21, 127, 1231, 8, 522, 2896, 4, 41, 601, 206, 3813, 94, 477, 1939, 4308, 234, 562, 4777, 1246, 33, 604, 96, 248, 798, 274, 4077, 3113, 1270, 47, 1685, 3721, 50, 1286, 149, 1293, 30, 1999, 1768, 981]
RKP_05000_05000_1_02.txt|312168.09|322640|0.08032359100000462|[474, 787, 3921, 2706, 24, 269, 297, 2174, 45, 537, 1115, 21, 2667, 10, 238, 805, 55, 1044, 3940, 117, 712, 1, 334, 4197, 396, 113, 1107, 3754, 3059, 240, 3842, 1152, 310, 1041, 378, 903, 785, 2177, 4402, 2322, 361, 2501, 104, 4, 2, 470, 8, 4832, 4712, 4382, 1855, 1069, 1075, 2306, 668, 1556, 20, 3588, 3696, 3886, 213, 231, 1979, 258, 1722, 1309, 57, 4013, 669, 1203, 341, 2039, 141, 126, 4074, 89, 1374, 1434, 1786, 9, 18, 1266, 59, 814, 38, 2089, 2403]
RKP_05000_05000_1_03.txt|281657.11|291053|0.07882060099999876|[3247, 557, 435, 426, 233, 1, 4414, 2859, 2630, 582, 249, 115, 1098, 1477, 1261, 1115, 25, 3443, 3414, 318, 482, 811, 393, 46, 3493, 2760, 110, 586, 1775, 231, 39, 80, 1099, 4284, 2264, 1594, 451, 86, 1265, 7, 3512, 2438, 3490, 1309, 206, 62, 8, 1414, 339, 3593, 1236, 429, 246, 1083, 2426, 297, 481, 2124, 779, 5, 1441, 2615, 1108, 3417, 22, 353, 4374, 651, 504, 488, 645, 3154, 1374, 18, 133, 908, 399, 1212, 692, 1227]
RKP_05000_05000_1_04.txt|298825.78|307426|0.07799011099999803|[4668, 90, 332, 3802, 34, 5, 484, 1072, 376, 9, 2003, 1, 2581, 148, 2372, 1677, 557, 75, 2328, 1417, 4260, 368, 291, 25, 1418, 2061, 1859, 3813, 2584, 189, 3, 1758, 3305, 2991, 422, 81, 559, 85, 3547, 145, 1938, 2051, 3651, 831, 1753, 675, 3260, 76, 4172, 814, 48, 135, 38, 2813, 318, 169, 4715, 3568, 2013, 4384, 173, 1675, 226, 809, 12, 408, 710, 105, 1875, 326, 4286, 778, 299, 2553, 3431, 3059, 1389, 333, 2017, 387, 18, 787, 222, 202, 935, 68, 24, 2312, 96, 197, 3652, 390]
RKP_05000_05000_1_05.txt|296369.18|305036|0.07769424599999752|[130, 3722, 2352, 378, 2467, 301, 694, 403, 1, 4208, 1929, 2, 2309, 62, 227, 22, 210, 2579, 46, 1668, 582, 214, 559, 1460, 3186, 1483, 950, 127, 1662, 38, 3175, 143, 2657, 2804, 153, 32, 2411, 4354, 2045, 1088, 3024, 1993, 2118, 2025, 992, 1098, 923, 3, 33, 2138, 1281, 12, 463, 348, 1887, 459, 1492, 2703, 7, 1692, 245, 2910, 2427, 838, 518, 4789, 55, 1016, 146, 1372, 1642, 677, 20, 4108, 2223, 1221, 26, 4301, 1690, 148, 167, 663, 8, 4374, 2732, 31, 131, 156, 555, 2215, 471]
RKP_05000_05000_1_06.txt|274663.99|283744|0.07770647300000177|[651, 1730, 693, 2701, 2729, 1981, 1154, 1065, 23, 925, 621, 4540, 87, 378, 3361, 2210, 1227, 120, 1927, 4561, 4692, 2204, 363, 82, 3978, 407, 2048, 813, 581, 850, 715, 18, 2509, 707, 613, 956, 243, 1280, 649, 2, 71, 825, 2132, 608, 66, 338, 40, 4076, 514, 43, 2386, 568, 3613, 85, 2646, 8, 2309, 7, 445, 3938, 274, 1054, 1671, 523, 3104, 1374, 2228, 275, 76, 1041, 64, 830, 538, 1855, 236, 20, 347, 754, 299, 1428, 1578, 106, 122, 2011, 1641, 1125, 361, 9]
RKP_05000_05000_1_07.txt|251053.76|261692|0.07866193100000146|[31, 1, 2688, 730, 3, 1616, 15, 3045, 248, 1267, 380, 2854, 182, 44, 864, 457, 83, 536, 2, 1263, 29, 303, 739, 785, 829, 4149, 8, 381, 30, 1820, 575, 2725, 529, 294, 1849, 190, 4, 2529, 478, 1897, 1315, 1406, 4260, 249, 153, 287, 1520, 7, 175, 1228, 215, 3888, 4225, 4664, 187, 2273, 121, 4751, 667, 745, 1019, 1375, 109, 266, 1804, 3965, 1246, 916, 79, 768, 346, 2162, 413, 463, 507, 137, 3875, 119, 2846, 6, 332, 237]
RKP_05000_05000_1_08.txt|259356.35|268360|0.07855421199999796|[95, 674, 253, 124, 156, 596, 523, 91, 3998, 2525, 2536, 342, 3, 38, 451, 371, 2047, 97, 1549, 122, 560, 4195, 3744, 171, 30, 764, 1546, 280, 2312, 1439, 1421, 984, 16, 4080, 2, 3833, 1562, 1247, 471, 232, 275, 402, 192, 138, 303, 1737, 1678, 367, 1941, 3792, 4934, 478, 850, 262, 706, 115, 878, 4527, 2042, 1167, 2285, 4393, 2813, 949, 669, 2643, 2805, 4186, 137, 2428, 836, 41, 453, 2681, 528, 5, 2600, 902, 7, 1179, 4596, 363]
RKP_05000_05000_1_09.txt|278404.25|286878|0.07869878200000358|[5, 448, 170, 4248, 339, 542, 1458, 4486, 565, 871, 1314, 682, 4615, 1006, 2636, 3197, 325, 460, 4489, 2593, 1350, 1, 299, 1227, 1592, 1635, 77, 139, 3, 42, 1245, 438, 2450, 537, 632, 1254, 6, 820, 1917, 921, 234, 221, 55, 2016, 160, 2143, 2834, 1788, 126, 492, 114, 1808, 382, 1979, 2497, 312, 1416, 52, 12, 563, 1114, 156, 355, 726, 2557, 380, 113, 544, 196, 99, 76, 1480, 1596, 376, 1466, 385, 404, 151, 701, 1504, 1594, 243, 1078, 2554, 14, 104, 3551, 1510, 176]
RKP_05000_05000_1_10.txt|245481.9|254080|0.07773306999999136|[3078, 1652, 472, 659, 7, 3067, 2050, 414, 803, 2580, 3261, 1609, 2151, 286, 185, 144, 153, 2629, 467, 2281, 1504, 756, 2608, 38, 1766, 3101, 1402, 909, 380, 2641, 981, 60, 92, 89, 278, 746, 813, 4380, 428, 2786, 2, 2306, 2607, 18, 24, 959, 3450, 4532, 1986, 867, 2504, 2942, 10, 3198, 3471, 863, 14, 322, 3696, 2870, 454, 862, 3229, 2810, 1340, 302, 2082, 1304, 3028, 1998, 519]
RKP_05000_05000_2_01.txt|23129.37|24189|0.0773119670000051|[2236, 293, 515, 411, 1045, 866, 1665, 748, 18, 93, 475, 235, 4844, 1367, 2937, 1059, 1308, 1505, 2251, 986, 4544, 2687, 279, 1885, 3883, 250, 1784, 1635, 21, 3403, 750, 1937, 1482, 579, 65, 335, 1, 3667, 32, 49, 2113, 2458, 8, 1435, 1497, 19, 3722, 3808, 937, 319, 106, 1239, 98, 391]
RKP_05000_05000_2_02.txt|20789.34|21809|0.0771247690000041|[220, 1649, 530, 14, 4007, 2244, 710, 563, 1069, 582, 3641, 56, 3796, 2429, 1172, 208, 5, 2162, 3100, 707, 161, 15, 91, 4564, 677, 79, 2060, 1287, 294, 96, 2814, 2069, 105, 28, 3355, 131, 2142, 696, 722, 203, 3813, 3515, 191, 2272, 2839, 1171, 1592, 1026, 485]
RKP_05000_05000_2_03.txt|20510.37|21695|0.07729563099999495|[3630, 983, 3839, 1429, 1269, 4565, 1422, 477, 3090, 1, 44, 177, 502, 1432, 3428, 375, 3957, 394, 2272, 4, 4235, 1207, 583, 441, 2224, 94, 1481, 306, 50, 38, 783, 1289, 3368, 21, 4939, 72, 1212, 812, 41, 659, 544, 2790, 49, 216, 13, 338, 465, 45, 2868, 729, 2512, 966, 2869, 146]
RKP_05000_05000_2_04.txt|26863.22|28046|0.07768436899999415|[455, 122, 307, 37, 832, 23, 21, 2, 3257, 4, 1586, 2382, 2705, 1606, 126, 637, 1223, 1335, 78, 1, 2632, 554, 2308, 238, 147, 893, 1329, 115, 655, 322, 3, 625, 346, 1412, 187, 583, 131, 165, 372, 49, 82, 1124, 2093, 491, 3288, 406, 3593, 60, 19, 71, 3704, 154, 2773, 262, 77, 264, 422, 47, 862, 1748, 1519, 314, 20, 2319, 43, 1068, 1187, 769, 1770]
RKP_05000_05000_2_05.txt|22860.01|24206|0.07739286699999638|[1022, 1011, 1260, 932, 513, 1103, 1588, 1813, 163, 501, 1153, 128, 4330, 103, 1232, 481, 858, 4182, 34, 5, 317, 13, 220, 606, 4410, 70, 1768, 874, 1242, 595, 1394, 3623, 2678, 1175, 4, 2694, 962, 4902, 2569, 662, 167, 4092, 1503, 9, 1034, 2493, 1489, 976, 551, 734, 8, 2906, 2057, 66, 370, 842]
RKP_05000_05000_2_06.txt|20304.45|21333|0.07939606599999592|[303, 731, 3580, 832, 1073, 1070, 30, 629, 872, 136, 912, 3064, 3764, 437, 449, 574, 866, 637, 2357, 1756, 74, 985, 373, 370, 726, 411, 3105, 689, 3371, 1542, 281, 2039, 3248, 8, 526, 17, 326, 523, 356, 1807, 748, 106, 16, 3746]
RKP_05000_05000_2_07.txt|23479.63|24607|0.079230096|[2118, 129, 1137, 4066, 1734, 1115, 30, 624, 903, 411, 926, 1438, 1819, 989, 1460, 1326, 3995, 725, 1730, 3935, 3396, 152, 2045, 273, 1581, 199, 932, 3005, 4239, 452, 1614, 421, 7, 631, 3180, 3704, 26, 4779, 528, 72, 1988, 957, 2664, 2838, 16, 1435, 383, 2037, 409, 872, 713, 232, 3189, 212, 1153, 667, 301, 3690]
RKP_05000_05000_2_08.txt|24113.09|25478|0.07840312799999538|[116, 3617, 449, 659, 1262, 3119, 2, 286, 155, 1834, 2024, 1692, 17, 1520, 899, 2598, 603, 746, 274, 953, 811, 919, 551, 332, 1239, 1835, 192, 782, 760, 3335, 2907, 20, 724, 83, 3039, 1064, 1597, 2856, 9, 160, 2390, 30, 1464, 409, 1714, 34, 93, 3691, 1473, 259, 3274, 179, 112, 461, 291, 944, 315, 2078, 125, 1822, 242]
RKP_05000_05000_2_09.txt|25272.96|26408|0.0775185449999924|[83, 3, 385, 82, 1179, 3741, 1231, 1378, 7, 1, 129, 893, 105, 2129, 4959, 1308, 634, 423, 899, 2, 394, 164, 327, 973, 1478, 1213, 128, 519, 157, 180, 1482, 1771, 61, 1802, 413, 36, 137, 60, 920, 279, 1687, 1462, 26, 173, 4, 1555, 1177, 4230, 152, 181, 44, 1012, 1184, 1086, 221, 829, 251, 2368, 2584, 184, 74, 95, 33]
RKP_05000_05000_2_10.txt|23870.8|25129|0.07863793000000668|[2884, 666, 1620, 70, 725, 1, 330, 311, 42, 1136, 23, 899, 2, 3568, 205, 351, 97, 3467, 2524, 261, 856, 1908, 3618, 82, 2605, 185, 14, 2732, 2854, 1530, 1230, 1078, 3271, 723, 1060, 481, 2264, 35, 1015, 175, 3185, 586, 233, 1757, 117, 4367, 268, 1742, 728, 2102, 452, 1601, 153, 4670, 3018, 657, 2594, 2312, 465]
RKP_05000_05000_3_01.txt|51686.91|52965|0.07896137800000019|[1430, 88, 106, 1410, 449, 2024, 1328, 1075, 1409, 39, 1004, 2100, 21, 54, 2544, 528, 45, 926, 2987, 1887, 79, 2831, 736, 814, 16, 94, 646, 1080, 1664, 638, 55, 800, 4143, 132, 563, 628, 6, 870, 1846, 336, 2454, 521, 530, 1850, 480, 3715, 83, 787, 1290, 452, 625, 4, 1132, 198, 164, 510, 3361, 171, 1158, 13, 1758, 3941, 833, 4483, 1, 595, 1180, 12, 465, 731, 2145, 66, 634, 2738, 96, 2312, 3210, 137, 2122, 58, 157, 2781, 4085, 9, 26, 56, 4523, 10, 801, 1223, 2296, 1019, 4060, 1013, 3020, 4348]
RKP_05000_05000_3_02.txt|49530.89|50999|0.07896385600000372|[2345, 2826, 773, 2392, 407, 601, 38, 1509, 99, 133, 3922, 507, 32, 33, 51, 3779, 2259, 4134, 885, 3230, 2529, 1914, 217, 30, 1220, 4553, 221, 303, 50, 25, 4589, 58, 1093, 1675, 1198, 155, 969, 2038, 970, 985, 1151, 1, 55, 509, 4488, 1763, 59, 1970, 3096, 3743, 5, 2025, 1199, 1793, 3282, 117, 2, 607, 85, 409, 106, 389, 47, 2501, 568, 92, 967, 1229, 493, 558, 3478, 3717, 597, 2556, 384, 769, 1132, 8, 405, 10, 1457, 16, 4221, 205, 869, 3092, 151, 1200, 123, 747, 1814, 42]
RKP_05000_05000_3_03.txt|51583.72|52995|0.07790071000000126|[523, 3909, 636, 2585, 13, 3385, 1029, 1960, 1677, 1129, 194, 3819, 3452, 185, 682, 856, 90, 67, 323, 489, 219, 2297, 763, 2430, 46, 1696, 127, 4, 223, 1729, 950, 281, 25, 2713, 366, 1099, 1187, 2, 1505, 88, 1875, 1777, 970, 963, 3, 1715, 2750, 79, 542, 1911, 3389, 826, 1255, 21, 12, 1278, 1703, 1516, 1, 6, 471, 618, 1691, 433, 1495, 58, 777, 5, 703, 1547, 554, 1800, 372, 1855, 373, 38, 128, 2143, 183, 2274, 9, 140, 1284, 2768, 186, 937, 8, 553, 2147, 742, 1128, 2657, 2439, 764, 1613, 3837]
RKP_05000_05000_3_04.txt|52778.24|54494|0.07806681399999434|[936, 779, 343, 476, 479, 61, 868, 2428, 1589, 585, 3625, 2854, 3856, 4, 454, 843, 505, 3391, 404, 3143, 256, 2704, 3454, 183, 156, 109, 177, 642, 1033, 4104, 173, 27, 3841, 249, 412, 304, 1208, 14, 71, 3543, 3870, 4678, 1, 1276, 101, 229, 965, 2441, 3065, 12, 1564, 1800, 2915, 455, 3872, 169, 198, 241, 718, 4343, 94, 208, 547, 1130, 888, 1433, 19, 907, 284, 155, 1804, 2146, 720, 1746, 2081, 2727, 93, 1119, 6, 11, 282, 1793, 141, 4107, 4713, 215, 2688, 47, 274, 3523, 31, 599, 648, 1304, 205, 2343, 9, 32, 236]
RKP_05000_05000_3_05.txt|50204.82|51490|0.0782170069999961|[81, 2428, 72, 97, 139, 331, 13, 368, 2910, 406, 537, 1680, 50, 3138, 2606, 259, 969, 2, 3566, 150, 4138, 12, 984, 1640, 555, 1044, 4707, 372, 1519, 1982, 1843, 1758, 20, 4618, 1951, 5, 617, 958, 44, 141, 70, 945, 115, 1004, 4267, 1771, 1960, 1686, 3569, 24, 34, 202, 3442, 1182, 28, 166, 1313, 1696, 2386, 17, 4, 58, 268, 814, 1, 616, 95, 309, 207, 839, 32, 42, 25, 1655, 317, 620, 3509, 503, 1073, 138, 533, 62, 743, 1506, 1664, 375, 8, 247, 3993, 442, 652, 271, 465]
RKP_05000_05000_3_06.txt|51516.02|53471|0.07852818700000398|[313, 2697, 234, 1191, 3441, 480, 1123, 645, 924, 2300, 386, 1678, 2537, 28, 1115, 1989, 2724, 1, 78, 1005, 3251, 2338, 737, 4300, 817, 671, 22, 2115, 6, 23, 30, 607, 2334, 115, 382, 845, 3065, 285, 839, 8, 2100, 43, 239, 617, 2793, 130, 4180, 262, 1939, 44, 977, 2626, 4129, 242, 909, 48, 101, 623, 934, 2169, 4383, 10, 1379, 1967, 318, 2412, 2, 7, 93, 3690, 3946, 97, 985, 3857, 165, 3325, 3, 190, 203, 430, 1745, 2540, 219, 3448, 18, 1323, 3359, 3327, 2868, 233, 542, 616, 132, 3871, 141, 403, 955]
RKP_05000_05000_3_07.txt|48763.23|50484|0.07813887399999998|[217, 2, 1664, 1728, 718, 796, 304, 924, 766, 4, 609, 817, 4656, 835, 348, 490, 220, 232, 1338, 82, 2287, 813, 1818, 88, 2201, 1420, 3987, 684, 143, 1721, 2643, 487, 866, 2747, 525, 2824, 1049, 231, 2345, 1, 459, 1279, 462, 1213, 3347, 2399, 2093, 1497, 897, 1127, 544, 717, 3, 130, 723, 1854, 119, 3503, 656, 1005, 599, 619, 1405, 192, 3036, 46, 4288, 739, 1375, 598, 13, 2551, 1579, 2379, 395, 1939, 283, 1060, 652, 12, 61, 1964, 2655, 3295, 1090, 124, 1323, 476, 1264, 1102, 2255]
RKP_05000_05000_3_08.txt|47829.53|49483|0.07957271600000468|[433, 1969, 4469, 1833, 2446, 938, 147, 640, 18, 351, 1104, 1, 2750, 54, 150, 1450, 857, 16, 2528, 22, 784, 241, 4022, 4805, 2, 14, 2221, 1145, 1042, 2413, 876, 1311, 1371, 4731, 762, 294, 2250, 28, 1105, 524, 1613, 43, 110, 205, 78, 484, 742, 53, 1224, 73, 2636, 2150, 430, 1520, 152, 391, 105, 828, 89, 1856, 454, 39, 752, 2393, 60, 731, 280, 9, 192, 91, 547, 3512, 2945, 237, 563, 2697, 3, 6, 289, 251, 1405, 4, 1262, 66, 2988, 3102, 8, 2418, 1778]
RKP_05000_05000_3_09.txt|53126.95|54484|0.07939257400000316|[42, 1667, 609, 17, 851, 932, 1282, 1343, 3677, 317, 2885, 2994, 345, 643, 4240, 929, 767, 913, 3338, 19, 43, 877, 2427, 1945, 259, 1328, 1813, 4825, 13, 789, 2838, 2435, 2484, 431, 629, 660, 3684, 387, 1933, 4052, 2166, 313, 8, 252, 111, 406, 233, 96, 532, 4, 123, 512, 1727, 2926, 2247, 693, 1489, 150, 354, 4789, 534, 593, 679, 3453, 1146, 1469, 165, 338, 1555, 25, 140, 2773, 4192, 2, 54, 2746, 112, 1563, 3009, 75, 1, 830, 344, 793, 1562, 281, 4313, 35, 184, 356, 1479, 10, 4839, 26, 533, 814, 2748, 308, 1422]
RKP_05000_05000_3_10.txt|51729.66|53496|0.07925085599999875|[3, 1202, 1258, 3454, 59, 577, 2698, 402, 2643, 490, 1062, 3468, 3222, 2573, 2748, 2923, 60, 1358, 1135, 3759, 313, 4808, 44, 13, 227, 1405, 4, 405, 481, 675, 137, 2521, 26, 1224, 2536, 1, 535, 576, 1307, 10, 120, 48, 1786, 51, 607, 1714, 4381, 2, 1653, 3531, 3937, 1099, 278, 14, 716, 3046, 172, 1639, 665, 243, 664, 1891, 3640, 1444, 276, 988, 4391, 57, 5, 202, 28, 9, 25, 98, 1969, 3301, 23, 616, 668, 77, 3218, 605, 319, 2978, 190, 181, 394, 355, 848, 101, 371, 722, 2562, 3824, 1075, 457, 952]
RKP_05000_05000_4_01.txt|4999.8|5000|0.07773612299999741|[4658]
RKP_05000_05000_4_02.txt|4999.6|5000|0.07739267299999483|[4978]
RKP_05000_05000_4_03.txt|4999.98|5000|0.07736407100000633|[4714]
RKP_05000_05000_4_04.txt|4999.73|5000|0.07751183600000332|[4597]
RKP_05000_05000_4_05.txt|4999.99|5000|0.07694314200000008|[4783]
RKP_05000_05000_4_06.txt|4999.57|5000|0.07708487700001569|[4625]
RKP_05000_05000_4_07.txt|4999.5|5000|0.0765292570000247|[4778]
RKP_05000_05000_4_08.txt|4999.96|5000|0.07620169000000032|[4648]
RKP_05000_05000_4_09.txt|4999.99|5000|0.07636692799999083|[4770]
RKP_05000_05000_4_10.txt|4998.85|4999|0.07625488499999164|[4786]
RKP_05000_05000_5_01.txt|4824.25|5017|0.07633625300000176|[3, 4, 5, 6, 7, 8, 10, 11, 12, 13, 14, 15, 16, 17, 18, 19, 22, 23, 24, 25, 26, 27, 28, 29, 30, 31, 32, 33]
RKP_05000_05000_5_02.txt|4791.86|5031|0.07636204399999087|[4, 7, 8, 10, 11, 12, 13, 14, 15, 17, 18, 19, 20, 22, 23, 25, 26, 28, 29, 31, 32, 34, 35, 36]
RKP_05000_05000_5_03.txt|4858.53|5021|0.07643830399998933|[1, 3, 5, 6, 7, 8, 9, 10, 11, 12, 13, 14, 15, 16, 17, 19, 20, 21, 22, 25, 26, 29, 30, 31, 32]
RKP_05000_05000_5_04.txt|4828.36|5021|0.07703746899998577|[1, 5, 8, 9, 10, 11, 14, 17, 18, 19, 21, 22, 24, 25, 27, 28, 29, 30, 31, 32, 35]
RKP_05000_05000_5_05.txt|4960.65|5109|0.0770955020000133|[3, 5, 6, 7, 8, 9, 10, 11, 12, 14, 15, 16, 18, 19, 20, 21, 22, 23, 24, 25, 26, 27, 28, 29, 30, 31]
RKP_05000_05000_5_06.txt|4783.96|5075|0.0762866550000058|[2, 4, 5, 6, 8, 9, 10, 11, 12, 13, 14, 15, 17, 18, 19, 21, 22, 24, 26, 27, 29, 30, 32]
RKP_05000_05000_5_07.txt|4869.09|5042|0.07616250700000136|[2, 3, 4, 5, 7, 9, 10, 11, 12, 14, 15, 16, 18, 19, 21, 22, 23, 25, 26, 28, 29, 30, 31]
RKP_05000_05000_5_08.txt|4874.07|5055|0.07623236900001756|[2, 3, 5, 7, 8, 9, 10, 11, 13, 15, 16, 17, 18, 19, 20, 21, 22, 23, 24, 25, 26, 27, 28, 30, 31, 32, 33]
RKP_05000_05000_5_09.txt|4793.06|5024|0.07634744099999125|[2, 4, 5, 6, 7, 8, 9, 11, 12, 13, 14, 15, 16, 17, 18, 19, 21, 22, 23, 24, 25, 26, 27, 28, 29]
RKP_05000_05000_5_10.txt|4819.59|4995|0.07657233800000313|[1, 2, 4, 5, 6, 7, 8, 9, 11, 12, 13, 14, 15, 16, 17, 18, 19, 20, 21, 22, 24, 25, 26, 27, 30, 31]
