RKP_00100_00100_1_01.txt|598.0|0.07630479999999995|[1, 7, 10, 17, 22, 24, 28, 29, 31]
RKP_00100_00100_1_02.txt|644.0|0.07373399999999997|[1, 9, 16, 37, 47, 48, 50, 56, 77, 91]
RKP_00100_00100_1_03.txt|619.0|0.08397279999999996|[1, 4, 6, 10, 12, 14, 16, 34, 63, 70]
RKP_00100_00100_1_04.txt|583.0|0.05685870000000004|[3, 5, 6, 7, 9, 10, 15, 73, 85]
RKP_00100_00100_1_05.txt|599.0|0.057637199999999944|[3, 6, 11, 16, 20, 44, 66, 79]
RKP_00100_00100_1_06.txt|797.0|0.06314819999999999|[5, 16, 17, 30, 31, 34, 42, 48, 57, 97]
RKP_00100_00100_1_07.txt|384.0|0.07686709999999985|[13, 37, 39, 46, 58, 60]
RKP_00100_00100_1_08.txt|774.0|0.07261229999999985|[1, 2, 5, 6, 7, 11, 13, 24, 30, 76, 87, 92]
RKP_00100_00100_1_09.txt|585.0|0.07144189999999995|[4, 16, 18, 23, 24, 29, 42, 52, 77]
RKP_00100_00100_1_10.txt|647.0|0.05856639999999991|[1, 2, 4, 11, 13, 15, 16, 20, 24, 27, 33]
RKP_00100_00100_2_01.txt|153.0|0.07702439999999999|[2, 3, 6, 13, 20, 43, 45, 68]
RKP_00100_00100_2_02.txt|146.0|0.08509389999999994|[11, 28, 30, 36, 40, 47, 80]
RKP_00100_00100_2_03.txt|147.0|0.05880350000000001|[3, 5, 26, 31, 48, 51, 59, 75]
RKP_00100_00100_2_04.txt|153.0|0.07651059999999998|[2, 9, 11, 18, 28, 33, 41]
RKP_00100_00100_2_05.txt|130.0|0.07001389999999996|[9, 29, 32, 36, 39, 96]
RKP_00100_00100_2_06.txt|128.0|0.08402750000000014|[8, 33, 38, 47, 50, 67, 79]
RKP_00100_00100_2_07.txt|133.0|0.07542729999999986|[4, 7, 11, 15, 19, 28]
RKP_00100_00100_2_08.txt|135.0|0.0735207|[1, 2, 4, 14, 28, 48, 55]
RKP_00100_00100_2_09.txt|134.0|0.06670559999999992|[4, 7, 23, 27, 56, 75]
RKP_00100_00100_2_10.txt|148.0|0.07567570000000012|[1, 2, 4, 5, 14, 27, 64, 65, 85]
RKP_00100_00100_3_01.txt|180.0|0.07481779999999993|[2, 5, 8, 14, 22, 24, 66, 89]
RKP_00100_00100_3_02.txt|178.0|0.0628533|[1, 2, 7, 8, 12, 16, 17, 24, 56]
RKP_00100_00100_3_03.txt|209.0|0.059612499999999624|[3, 4, 14, 15, 19, 23, 38, 46, 64, 66, 75, 81]
RKP_00100_00100_3_04.txt|208.0|0.06410809999999989|[1, 2, 6, 8, 14, 15, 21, 26, 34, 50, 72]
RKP_00100_00100_3_05.txt|208.0|0.05807040000000008|[1, 3, 7, 10, 12, 15, 18, 22, 25, 33, 70]
RKP_00100_00100_3_06.txt|211.0|0.06523179999999984|[2, 3, 4, 6, 11, 14, 27, 31, 35, 40, 72, 74]
RKP_00100_00100_3_07.txt|210.0|0.049265899999999974|[2, 4, 5, 7, 14, 50, 55, 67, 72, 83, 88]
RKP_00100_00100_3_08.txt|200.0|0.07664079999999984|[1, 3, 4, 6, 9, 12, 15, 33, 67, 70]
RKP_00100_00100_3_09.txt|187.0|0.07354020000000006|[1, 4, 5, 9, 32, 35, 44, 48, 57]
RKP_00100_00100_3_10.txt|207.0|0.06086139999999984|[3, 5, 9, 20, 23, 34, 62, 66, 67, 69, 93]
RKP_00100_00100_4_01.txt|100.0|0.04916739999999997|[97]
RKP_00100_00100_4_02.txt|99.0|0.04652809999999974|[98]
RKP_00100_00100_4_03.txt|99.0|0.04709109999999983|[85]
RKP_00100_00100_4_04.txt|94.0|0.04859309999999972|[99]
RKP_00100_00100_4_05.txt|90.0|0.046559100000000075|[97]
RKP_00100_00100_4_06.txt|97.0|0.04683949999999992|[95]
RKP_00100_00100_4_07.txt|97.0|0.04654829999999999|[95]
RKP_00100_00100_4_08.txt|98.0|0.046355900000000005|[99]
RKP_00100_00100_4_09.txt|94.0|0.0492591|[96]
RKP_00100_00100_4_10.txt|96.0|0.047476199999999746|[94]
RKP_00100_00100_5_01.txt|100.0|0.0476097000000002|[98]
RKP_00100_00100_5_02.txt|100.0|0.04881309999999983|[1, 42, 86]
RKP_00100_00100_5_03.txt|100.0|0.048805100000000046|[1, 20, 77]
RKP_00100_00100_5_04.txt|100.0|0.06160450000000006|[11, 86]
RKP_00100_00100_5_05.txt|100.0|0.048741799999999724|[3, 65, 66]
RKP_00100_00100_5_06.txt|100.0|0.04843660000000005|[96]
RKP_00100_00100_5_07.txt|100.0|0.07154239999999978|[3, 14, 27, 36, 37]
RKP_00100_00100_5_08.txt|100.0|0.04718650000000002|[47, 52]
RKP_00100_00100_5_09.txt|100.0|0.04908099999999971|[30, 42]
RKP_00100_00100_5_10.txt|100.0|0.05351859999999986|[19, 86]
RKP_00500_00100_1_01.txt|1345.0|0.11327389999999982|[2, 3, 6, 18, 21, 25, 27, 40, 75, 89, 140, 168, 173, 211, 222, 269, 280, 284, 304, 500]
RKP_00500_00100_1_02.txt|1270.0|0.11822420000000022|[4, 13, 14, 28, 36, 77, 87, 89, 102, 170, 175, 205, 288, 325, 376, 388, 394, 430]
RKP_00500_00100_1_03.txt|1096.0|0.10635470000000025|[1, 5, 11, 15, 16, 30, 32, 73, 81, 111, 113, 123, 147, 227, 228, 360, 477, 496]
RKP_00500_00100_1_04.txt|1451.0|0.1088796000000003|[5, 10, 11, 23, 41, 48, 59, 62, 64, 65, 93, 121, 156, 245, 254, 258, 315, 359]
RKP_00500_00100_1_05.txt|1448.0|0.11568429999999985|[3, 6, 10, 11, 13, 17, 18, 23, 24, 25, 60, 72, 76, 104, 130, 192, 203, 215, 320, 363, 402]
RKP_00500_00100_1_06.txt|1558.0|0.09662149999999947|[3, 4, 7, 13, 16, 22, 30, 34, 35, 52, 55, 89, 131, 165, 189, 190, 230, 240, 411, 490, 491]
RKP_00500_00100_1_07.txt|1623.0|0.11182140000000018|[2, 5, 7, 13, 22, 31, 40, 47, 80, 89, 97, 126, 147, 183, 192, 203, 206, 257, 322, 410, 461, 469, 492]
RKP_00500_00100_1_08.txt|1483.0|0.08463270000000023|[1, 4, 10, 16, 22, 23, 29, 40, 106, 122, 146, 149, 150, 156, 165, 185, 254, 258, 332, 357, 378, 450]
RKP_00500_00100_1_09.txt|1324.0|0.15071089999999998|[2, 11, 12, 16, 19, 39, 48, 56, 68, 77, 108, 148, 151, 153, 163, 173, 180, 214, 221, 257, 307]
RKP_00500_00100_1_10.txt|1407.0|0.10090289999999946|[1, 2, 5, 6, 8, 14, 17, 30, 49, 59, 62, 75, 78, 84, 109, 110, 162, 214, 234, 277, 342, 413]
RKP_00500_00100_2_01.txt|229.0|0.11631990000000059|[3, 11, 16, 25, 32, 40, 50, 60, 88, 100, 137, 148, 168, 226, 241, 259, 351, 441, 472]
RKP_00500_00100_2_02.txt|210.0|0.1093598999999994|[6, 13, 59, 65, 72, 97, 112, 120, 131, 141, 156, 186, 314, 336, 387]
RKP_00500_00100_2_03.txt|211.0|0.09677720000000001|[12, 18, 24, 37, 50, 60, 64, 100, 107, 135, 142, 155, 164, 166, 318, 382, 436, 479]
RKP_00500_00100_2_04.txt|209.0|0.10716250000000027|[7, 11, 14, 16, 20, 22, 34, 38, 58, 99, 105, 112, 163, 204, 216, 429]
RKP_00500_00100_2_05.txt|189.0|0.09987489999999966|[4, 5, 16, 21, 43, 55, 58, 87, 143, 240, 260, 294, 320, 322, 426]
RKP_00500_00100_2_06.txt|211.0|0.1096130999999998|[1, 5, 9, 15, 18, 27, 35, 50, 53, 57, 70, 89, 114, 155, 302, 452]
RKP_00500_00100_2_07.txt|184.0|0.11060490000000023|[1, 4, 17, 33, 67, 81, 83, 114, 123, 260, 367, 404, 452, 459]
RKP_00500_00100_2_08.txt|179.0|0.0915733000000003|[1, 3, 6, 28, 40, 87, 96, 265, 278, 339, 350, 402, 495]
RKP_00500_00100_2_09.txt|171.0|0.0952983000000005|[2, 25, 39, 52, 119, 176, 276, 277, 335, 414, 433]
RKP_00500_00100_2_10.txt|184.0|0.09126290000000026|[2, 9, 19, 20, 21, 76, 83, 105, 116, 199, 274, 276, 372, 498]
RKP_00500_00100_3_01.txt|305.0|0.1077199999999996|[1, 2, 3, 4, 5, 11, 19, 33, 50, 64, 96, 143, 148, 225, 227, 240, 248, 260, 343, 344, 401]
RKP_00500_00100_3_02.txt|341.0|0.10596669999999975|[1, 3, 4, 5, 18, 20, 26, 32, 39, 56, 64, 68, 73, 103, 110, 111, 143, 152, 160, 167, 172, 189, 221, 331, 398, 413]
RKP_00500_00100_3_03.txt|335.0|0.09667630000000038|[1, 2, 3, 5, 9, 11, 43, 45, 52, 71, 75, 80, 93, 113, 123, 134, 142, 148, 168, 198, 266, 351, 444, 454]
RKP_00500_00100_3_04.txt|335.0|0.07452270000000016|[2, 4, 20, 27, 50, 66, 68, 104, 119, 125, 159, 163, 168, 209, 217, 278, 280, 282, 301, 312, 328, 345, 350, 400, 453]
RKP_00500_00100_3_05.txt|304.0|0.09921549999999968|[1, 3, 9, 12, 17, 30, 32, 33, 74, 84, 92, 102, 106, 143, 189, 208, 225, 263, 294, 319, 377, 381, 417]
RKP_00500_00100_3_06.txt|316.0|0.07775789999999994|[1, 2, 4, 5, 12, 16, 19, 24, 45, 52, 68, 90, 91, 137, 186, 189, 199, 204, 242, 281, 283, 311, 316]
RKP_00500_00100_3_07.txt|290.0|0.09867690000000007|[1, 2, 5, 7, 17, 24, 30, 33, 77, 91, 157, 191, 196, 200, 216, 282, 287, 326, 429, 487]
RKP_00500_00100_3_08.txt|350.0|0.11195510000000031|[1, 4, 10, 14, 19, 26, 31, 32, 49, 57, 58, 63, 84, 90, 93, 114, 133, 144, 150, 159, 172, 195, 214, 275, 301, 451, 470]
RKP_00500_00100_3_09.txt|331.0|0.11130689999999976|[3, 4, 10, 12, 14, 18, 58, 59, 70, 90, 115, 122, 148, 154, 169, 171, 173, 208, 221, 231, 294, 315, 347, 434]
RKP_00500_00100_3_10.txt|324.0|0.10242429999999914|[6, 9, 18, 25, 28, 47, 48, 57, 99, 102, 107, 153, 159, 165, 183, 189, 193, 217, 222, 282, 305, 322, 392]
RKP_00500_00100_4_01.txt|100.0|0.07555800000000001|[434]
RKP_00500_00100_4_02.txt|100.0|0.0710917000000002|[467]
RKP_00500_00100_4_03.txt|100.0|0.07329370000000068|[457]
RKP_00500_00100_4_04.txt|100.0|0.07175309999999957|[456]
RKP_00500_00100_4_05.txt|100.0|0.07200380000000006|[455]
RKP_00500_00100_4_06.txt|100.0|0.07536480000000001|[431]
RKP_00500_00100_4_07.txt|100.0|0.07261220000000002|[497]
RKP_00500_00100_4_08.txt|100.0|0.07313860000000005|[480]
RKP_00500_00100_4_09.txt|100.0|0.07365780000000033|[440]
RKP_00500_00100_4_10.txt|100.0|0.0713379999999999|[473]
RKP_00500_00100_5_01.txt|100.0|0.07599230000000023|[15, 45, 52, 81, 128, 139, 433]
RKP_00500_00100_5_02.txt|100.0|0.09159279999999992|[68, 86, 91, 172, 418]
RKP_00500_00100_5_03.txt|100.0|0.07474580000000053|[1, 209, 468]
RKP_00500_00100_5_04.txt|100.0|0.07708910000000024|[44, 57, 115, 227, 412]
RKP_00500_00100_5_05.txt|100.0|0.07445450000000076|[13, 72, 101, 223]
RKP_00500_00100_5_06.txt|100.0|0.07677779999999945|[50, 102, 105, 207, 396]
RKP_00500_00100_5_07.txt|100.0|0.07467449999999953|[1, 480]
RKP_00500_00100_5_08.txt|100.0|0.07347430000000088|[481]
RKP_00500_00100_5_09.txt|100.0|0.07665280000000152|[1, 69, 93, 229]
RKP_00500_00100_5_10.txt|100.0|0.07384130000000155|[10, 15, 53, 323, 429]
RKP_01000_00100_1_01.txt|1752.0|0.17286089999999987|[2, 19, 27, 36, 40, 47, 50, 51, 64, 67, 91, 97, 116, 151, 222, 260, 261, 314, 317, 448, 465, 560, 604, 646]
RKP_01000_00100_1_02.txt|1787.0|0.16872600000000126|[2, 9, 16, 30, 32, 49, 50, 58, 64, 89, 108, 171, 182, 185, 193, 195, 292, 294, 359, 408, 486, 527, 557, 584, 599, 624, 696, 754, 905]
RKP_01000_00100_1_03.txt|1791.9999999999995|0.1755190000000013|[3, 32, 50, 56, 62, 114, 116, 128, 134, 145, 172, 174, 182, 199, 268, 326, 380, 498, 535, 694, 754, 800, 813, 869, 978]
RKP_01000_00100_1_04.txt|2004.0|0.18212270000000075|[1, 2, 3, 5, 12, 14, 20, 44, 45, 53, 67, 75, 151, 165, 172, 247, 255, 277, 283, 376, 429, 566, 592, 726, 732, 733, 857]
RKP_01000_00100_1_05.txt|1845.0|0.1736526000000005|[1, 26, 29, 37, 41, 49, 74, 75, 89, 101, 121, 123, 188, 198, 207, 222, 299, 307, 553, 602, 635, 673, 696, 776, 915, 1000]
RKP_01000_00100_1_06.txt|2115.0|0.16572629999999933|[1, 4, 6, 10, 23, 33, 37, 38, 52, 55, 58, 63, 78, 99, 120, 168, 175, 210, 242, 244, 250, 255, 265, 383, 442, 632, 645, 790, 993]
RKP_01000_00100_1_07.txt|2092.0|0.18185629999999975|[1, 3, 7, 12, 37, 42, 49, 80, 86, 88, 107, 127, 128, 129, 130, 146, 170, 204, 226, 245, 342, 368, 382, 436, 440, 547, 556, 558, 641, 874]
RKP_01000_00100_1_08.txt|1723.0|0.241218700000001|[1, 2, 4, 6, 22, 29, 68, 80, 101, 111, 145, 149, 162, 210, 212, 223, 274, 278, 356, 366, 390, 421, 422, 716, 922]
RKP_01000_00100_1_09.txt|1812.0|0.18131379999999986|[1, 2, 14, 15, 17, 27, 31, 36, 39, 48, 103, 108, 133, 150, 168, 191, 196, 213, 290, 405, 409, 427, 672, 763, 782, 942]
RKP_01000_00100_1_10.txt|2144.0|0.1909546000000013|[1, 8, 11, 19, 55, 63, 69, 73, 76, 104, 111, 159, 188, 198, 253, 331, 399, 466, 480, 491, 534, 565, 618, 663, 669, 724, 748, 785, 805, 825, 916, 931, 968]
RKP_01000_00100_2_01.txt|249.0|0.14486609999999978|[3, 7, 12, 13, 21, 24, 33, 41, 47, 73, 76, 111, 183, 185, 209, 252, 264, 361, 374, 375, 470, 690]
RKP_01000_00100_2_02.txt|210.0|0.13759130000000042|[35, 63, 69, 77, 84, 100, 103, 147, 166, 179, 202, 262, 311, 375, 385, 397, 492, 782]
RKP_01000_00100_2_03.txt|281.0|0.15868700000000047|[5, 13, 24, 33, 58, 84, 87, 97, 98, 123, 124, 141, 171, 207, 256, 282, 330, 335, 340, 347, 394, 404, 416, 420, 854, 897]
RKP_01000_00100_2_04.txt|240.0|0.16548970000000018|[1, 24, 35, 37, 58, 60, 74, 94, 130, 147, 158, 244, 332, 443, 504, 553, 659, 782]
RKP_01000_00100_2_05.txt|237.0|0.14869419999999955|[2, 7, 11, 26, 30, 73, 84, 111, 152, 214, 222, 299, 339, 351, 380, 420, 428, 462, 501, 512, 713, 846]
RKP_01000_00100_2_06.txt|279.0|0.14175459999999873|[6, 8, 24, 33, 46, 48, 57, 115, 122, 138, 185, 233, 255, 259, 289, 290, 322, 590, 647, 805, 827, 858, 876, 894]
RKP_01000_00100_2_07.txt|215.0|0.13616570000000117|[3, 7, 20, 69, 81, 173, 208, 271, 284, 337, 433, 444, 485, 531, 597, 682, 731, 796]
RKP_01000_00100_2_08.txt|261.0|0.1430889000000004|[1, 3, 7, 9, 10, 11, 26, 39, 41, 44, 49, 54, 62, 117, 121, 131, 133, 141, 228, 278, 294, 661, 862]
RKP_01000_00100_2_09.txt|246.0|0.1987836999999999|[6, 13, 25, 118, 127, 176, 191, 205, 235, 236, 348, 382, 411, 417, 436, 651, 656, 759, 904, 929]
RKP_01000_00100_2_10.txt|230.0|0.16224030000000056|[1, 15, 30, 55, 56, 58, 93, 122, 163, 164, 184, 191, 234, 252, 314, 341, 443, 521, 548, 579, 755]
RKP_01000_00100_3_01.txt|426.0|0.13482609999999973|[2, 11, 15, 32, 49, 51, 55, 65, 69, 83, 119, 129, 133, 143, 157, 179, 186, 196, 249, 322, 337, 340, 348, 351, 464, 537, 567, 605, 659, 763, 795, 816, 857, 959]
RKP_01000_00100_3_02.txt|395.0|0.13032540000000026|[2, 4, 7, 9, 16, 18, 19, 25, 31, 35, 53, 56, 58, 69, 70, 77, 120, 126, 137, 138, 176, 178, 249, 295, 377, 567, 576, 654, 891, 978]
RKP_01000_00100_3_03.txt|444.0|0.13806790000000113|[1, 3, 13, 17, 31, 44, 46, 54, 62, 74, 84, 89, 93, 99, 142, 170, 175, 180, 181, 184, 256, 270, 325, 378, 382, 392, 415, 431, 443, 530, 580, 625, 720, 809, 836]
RKP_01000_00100_3_04.txt|431.0|0.13172080000000008|[1, 2, 3, 4, 5, 9, 15, 24, 29, 35, 41, 42, 44, 53, 65, 119, 142, 149, 154, 161, 232, 271, 274, 277, 293, 305, 389, 449, 480, 579, 639, 657, 740, 786]
RKP_01000_00100_3_05.txt|362.0|0.12920040000000022|[1, 4, 5, 12, 21, 23, 31, 37, 46, 57, 72, 85, 86, 117, 128, 144, 151, 163, 183, 192, 355, 385, 460, 630, 661, 739, 910]
RKP_01000_00100_3_06.txt|361.0|0.13857299999999917|[5, 14, 15, 16, 18, 22, 36, 37, 63, 64, 66, 98, 112, 116, 129, 146, 158, 160, 204, 224, 242, 249, 278, 345, 405, 886, 901]
RKP_01000_00100_3_07.txt|448.0|0.10552190000000117|[1, 3, 4, 5, 12, 16, 17, 20, 23, 31, 34, 38, 53, 56, 62, 63, 112, 129, 161, 169, 190, 198, 231, 282, 410, 433, 529, 581, 583, 591, 695, 750, 791, 822, 867, 888]
RKP_01000_00100_3_08.txt|359.0|0.16058729999999954|[1, 2, 3, 9, 35, 71, 88, 89, 97, 129, 131, 145, 152, 154, 179, 198, 252, 265, 292, 301, 340, 342, 524, 600, 636, 667, 883]
RKP_01000_00100_3_09.txt|378.0|0.11472140000000053|[1, 2, 8, 16, 17, 23, 26, 34, 39, 47, 48, 66, 70, 76, 83, 126, 141, 211, 257, 403, 480, 563, 578, 630, 647, 814, 885, 930]
RKP_01000_00100_3_10.txt|398.0|0.09897469999999942|[2, 3, 5, 9, 10, 12, 16, 26, 35, 56, 61, 87, 90, 103, 113, 122, 156, 169, 170, 227, 245, 334, 426, 439, 524, 566, 632, 677, 687, 764, 964]
RKP_01000_00100_4_01.txt|100.0|0.10213759999999894|[866]
RKP_01000_00100_4_02.txt|100.0|0.10119169999999933|[866]
RKP_01000_00100_4_03.txt|100.0|0.10203650000000053|[860]
RKP_01000_00100_4_04.txt|100.0|0.0979903999999987|[828]
RKP_01000_00100_4_05.txt|100.0|0.09699739999999935|[851]
RKP_01000_00100_4_06.txt|100.0|0.1020481999999987|[926]
RKP_01000_00100_4_07.txt|100.0|0.09738959999999963|[969]
RKP_01000_00100_4_08.txt|100.0|0.10142289999999932|[867]
RKP_01000_00100_4_09.txt|100.0|0.10233740000000147|[877]
RKP_01000_00100_4_10.txt|100.0|0.0984657999999996|[862]
RKP_01000_00100_5_01.txt|100.0|0.1042973000000007|[109, 903]
RKP_01000_00100_5_02.txt|100.0|0.10201949999999904|[70, 81, 135, 158, 830]
RKP_01000_00100_5_03.txt|100.0|0.10454460000000054|[42, 43, 78, 84, 90, 112, 139, 163, 564, 946]
RKP_01000_00100_5_04.txt|100.0|0.128922600000001|[104, 635]
RKP_01000_00100_5_05.txt|100.0|0.10179570000000027|[100, 261, 826]
RKP_01000_00100_5_06.txt|100.0|0.10273539999999848|[122, 400, 806]
RKP_01000_00100_5_07.txt|100.0|0.10210299999999961|[1, 918]
RKP_01000_00100_5_08.txt|100.0|0.10395499999999913|[6, 100, 493]
RKP_01000_00100_5_09.txt|100.0|0.1072021000000003|[115, 838, 891]
RKP_01000_00100_5_10.txt|100.0|0.10106530000000014|[91, 109, 350, 395, 980]
RKP_05000_00100_1_01.txt|3913.0|0.6232641000000001|[1, 3, 4, 5, 8, 9, 16, 20, 21, 24, 31, 51, 68, 89, 99, 115, 116, 183, 198, 302, 343, 363, 465, 518, 540, 553, 589, 642, 1021, 1181, 1207, 1268, 1275, 1373, 1406, 1465, 1482, 1507, 1568, 1700, 1839, 2091, 2106, 2398, 2548, 2556, 3251, 3645, 3781, 4006, 4536, 4758]
RKP_05000_00100_1_02.txt|4065.0|0.6241503999999978|[1, 2, 16, 18, 28, 31, 42, 45, 51, 60, 73, 75, 99, 104, 130, 151, 171, 174, 213, 238, 262, 275, 277, 304, 338, 350, 357, 374, 398, 463, 601, 794, 892, 1099, 1210, 1236, 1432, 1821, 1908, 2056, 2337, 2586, 2793, 2809, 2939, 3158, 3415, 3648, 4066, 4071, 4311, 4339, 4439, 4651]
RKP_05000_00100_1_03.txt|3988.0|0.6218973000000005|[1, 2, 5, 6, 7, 22, 26, 27, 52, 81, 114, 136, 156, 193, 203, 207, 326, 338, 350, 591, 656, 684, 793, 929, 961, 1020, 1035, 1044, 1066, 1069, 1179, 1237, 1283, 1355, 1363, 1394, 1417, 1588, 1634, 1912, 2646, 2939, 3036, 3382, 3686, 3801, 4053, 4396, 4436, 4693, 4798]
RKP_05000_00100_1_04.txt|3722.0|0.6503714000000009|[2, 7, 20, 23, 38, 41, 69, 78, 131, 147, 203, 205, 233, 337, 378, 416, 444, 579, 709, 713, 795, 898, 979, 1048, 1210, 1367, 1521, 1527, 1633, 1675, 1764, 1814, 1931, 2030, 2255, 2528, 2565, 2594, 2831, 2934, 2940, 3006, 3198, 3225, 3336, 3338, 3503, 3605, 3644, 4248, 4280, 4320, 4377, 4470]
RKP_05000_00100_1_05.txt|3684.0|0.6809303999999976|[2, 4, 8, 14, 16, 20, 23, 33, 38, 44, 53, 64, 92, 96, 106, 119, 171, 174, 288, 384, 427, 428, 507, 527, 541, 542, 608, 644, 667, 907, 977, 1024, 1088, 1169, 1249, 1283, 1309, 1432, 1433, 1759, 1818, 2347, 2447, 2549, 2850, 2886, 2995, 3454, 3856, 4002, 4251, 4588]
RKP_05000_00100_1_06.txt|3637.0|0.6159581000000003|[6, 9, 11, 18, 25, 41, 44, 45, 73, 111, 122, 139, 147, 152, 171, 189, 208, 219, 238, 338, 455, 457, 569, 590, 645, 652, 691, 694, 701, 707, 745, 747, 807, 866, 888, 1031, 1259, 1319, 1512, 1799, 2055, 2326, 2384, 2608, 2842, 3020, 3167, 3825, 3834, 4655]
RKP_05000_00100_1_07.txt|4065.0|0.5852632|[1, 3, 4, 8, 11, 13, 30, 32, 35, 54, 55, 79, 97, 104, 118, 124, 180, 188, 204, 219, 244, 362, 453, 457, 582, 811, 876, 880, 914, 930, 931, 991, 1149, 1222, 1401, 1437, 1674, 1758, 1762, 1913, 2018, 2037, 2085, 2207, 2258, 2367, 2438, 2883, 3111, 3320, 3419, 3473, 3484, 4252, 4639]
RKP_05000_00100_1_08.txt|3799.0|0.6867828999999972|[1, 6, 25, 29, 48, 72, 82, 120, 137, 154, 183, 186, 215, 234, 257, 260, 264, 266, 275, 276, 288, 300, 341, 441, 502, 538, 564, 777, 779, 816, 820, 865, 906, 1029, 1186, 1267, 1318, 1781, 1908, 2054, 2248, 2399, 2845, 2994, 3226, 3259, 3876, 3911, 3927, 4473, 4998]
RKP_05000_00100_1_09.txt|3593.0|0.6603478000000003|[3, 6, 10, 30, 43, 70, 83, 178, 270, 307, 325, 329, 383, 410, 423, 430, 447, 463, 533, 588, 593, 619, 747, 786, 796, 802, 816, 913, 987, 1184, 1309, 1427, 1441, 1448, 1856, 1945, 2596, 2807, 2965, 3051, 3556, 3572, 3759, 4062, 4135, 4220, 4378, 4424]
RKP_05000_00100_1_10.txt|3861.0|0.6033405999999992|[1, 2, 15, 20, 21, 25, 26, 43, 48, 67, 83, 90, 134, 143, 153, 176, 180, 189, 230, 321, 352, 363, 385, 429, 437, 482, 484, 564, 654, 662, 780, 805, 930, 952, 1091, 1221, 1342, 1395, 1517, 1804, 1983, 2028, 2061, 2120, 2616, 2958, 3086, 3176, 3373, 4185, 4572, 4883]
RKP_05000_00100_2_01.txt|386.0|0.5629589999999993|[3, 5, 35, 40, 44, 68, 77, 108, 110, 144, 220, 246, 303, 460, 493, 540, 551, 587, 626, 736, 848, 1057, 1078, 1292, 1647, 1741, 1887, 2019, 2210, 2218, 2295, 2367, 2607, 2729, 2735, 2948, 3043, 3393, 3518, 4039]
RKP_05000_00100_2_02.txt|395.0|0.5195425|[3, 4, 15, 25, 29, 33, 35, 40, 71, 73, 152, 155, 275, 287, 407, 455, 532, 556, 578, 656, 677, 871, 1014, 1178, 1493, 1570, 1714, 1793, 1800, 1838, 2263, 2360, 2412, 2479, 2501, 2707, 2992, 3238, 3654, 3848, 4063, 4134, 4347, 4978]
RKP_05000_00100_2_03.txt|394.0|0.5519139000000024|[1, 4, 5, 11, 12, 22, 39, 54, 82, 113, 195, 242, 388, 524, 543, 608, 610, 710, 711, 769, 839, 895, 1122, 1184, 1234, 1463, 1749, 1867, 1925, 2287, 2606, 2655, 3166, 3625, 3969, 4547, 4655, 4806, 4989]
RKP_05000_00100_2_04.txt|389.0|0.5569568999999994|[1, 5, 10, 12, 13, 25, 31, 35, 45, 67, 99, 109, 168, 325, 363, 387, 483, 506, 531, 659, 674, 687, 752, 840, 950, 1107, 1139, 1295, 1565, 1566, 2050, 2100, 2126, 2299, 2319, 3028, 3153, 3572, 3585, 4139]
RKP_05000_00100_2_05.txt|423.0|0.5057109000000004|[5, 29, 31, 52, 69, 90, 99, 274, 355, 370, 413, 434, 452, 473, 522, 612, 693, 744, 752, 797, 969, 984, 991, 1029, 1076, 1224, 1571, 1654, 1735, 1741, 1762, 1823, 1903, 2083, 2332, 2365, 2703, 2785, 2815, 3226, 3238, 3555, 3573, 3758]
RKP_05000_00100_2_06.txt|409.0|0.5491281000000008|[8, 23, 33, 136, 182, 324, 326, 327, 367, 369, 374, 437, 466, 758, 816, 861, 1025, 1109, 1193, 1288, 1394, 1581, 1688, 1917, 2039, 2040, 2118, 2148, 2322, 2408, 2453, 2974, 3081, 3264, 3347, 3385, 3682, 4405, 4478]
RKP_05000_00100_2_07.txt|416.0|0.5075216000000005|[1, 2, 3, 7, 11, 43, 49, 58, 71, 74, 79, 103, 105, 109, 141, 235, 244, 261, 333, 345, 373, 396, 429, 516, 595, 689, 729, 1073, 1103, 1485, 2108, 2164, 2246, 2323, 2419, 2528, 2641, 2751, 3555, 3689, 3761, 3813, 3866, 4183]
RKP_05000_00100_2_08.txt|394.0|0.5115328000000012|[2, 19, 23, 24, 25, 34, 41, 48, 57, 94, 98, 99, 152, 199, 211, 232, 342, 367, 394, 464, 491, 524, 792, 953, 967, 1204, 1301, 1617, 1700, 2068, 2522, 2584, 2831, 2915, 3097, 3365, 3696, 3854, 4332, 4658]
RKP_05000_00100_2_09.txt|422.0|0.537576099999999|[5, 6, 15, 18, 61, 110, 142, 151, 218, 238, 293, 315, 355, 362, 433, 558, 574, 673, 678, 747, 796, 846, 955, 1149, 1203, 1331, 1335, 1338, 1400, 1611, 1679, 1818, 1873, 2179, 2318, 2352, 2365, 2520, 2692, 2953, 3113, 3441, 4171, 4778]
RKP_05000_00100_2_10.txt|386.0|0.4840020999999979|[48, 58, 66, 72, 74, 113, 120, 123, 163, 184, 250, 275, 291, 302, 326, 373, 387, 477, 640, 1183, 1459, 1547, 1576, 1608, 1773, 1932, 2022, 2283, 2318, 2435, 2456, 2497, 2755, 3077, 3123, 3300, 3484, 4012, 4994]
RKP_05000_00100_3_01.txt|634.0|0.4446785999999996|[1, 2, 18, 22, 44, 58, 69, 77, 80, 104, 135, 145, 210, 224, 288, 297, 334, 345, 349, 361, 410, 471, 530, 533, 534, 610, 676, 821, 995, 1037, 1187, 1265, 1272, 1286, 1335, 1363, 1556, 1725, 1768, 1994, 2035, 2190, 2321, 2608, 2768, 2908, 3020, 3206, 3292, 3323, 3674, 4195, 4471, 4526]
RKP_05000_00100_3_02.txt|760.0|0.4923800000000007|[1, 3, 9, 17, 40, 54, 135, 148, 167, 175, 254, 304, 312, 313, 355, 365, 392, 415, 427, 434, 496, 542, 776, 856, 863, 879, 973, 989, 993, 1092, 1093, 1136, 1147, 1271, 1322, 1407, 1637, 1664, 1725, 1824, 1883, 2005, 2059, 2135, 2337, 2362, 2367, 2409, 2674, 2689, 2762, 2772, 2861, 3228, 3287, 3318, 3344, 3504, 3615, 3623, 3645, 3676, 4055, 4114, 4432, 4912]
RKP_05000_00100_3_03.txt|721.0|0.447113599999998|[1, 3, 5, 6, 11, 14, 21, 42, 54, 96, 124, 140, 159, 165, 191, 205, 258, 283, 341, 351, 387, 446, 459, 520, 546, 656, 690, 714, 721, 820, 894, 914, 945, 963, 979, 1051, 1058, 1175, 1226, 1256, 1304, 1305, 1409, 1487, 1672, 1712, 1732, 1888, 1941, 2079, 2659, 2662, 2676, 2858, 3115, 3260, 3566, 4254, 4520, 4528, 4547, 4563, 4874]
RKP_05000_00100_3_04.txt|675.0|0.45494659999999953|[1, 2, 3, 4, 9, 11, 16, 24, 48, 51, 59, 98, 103, 118, 122, 131, 136, 205, 232, 266, 282, 298, 325, 375, 446, 473, 578, 688, 708, 759, 770, 898, 984, 1182, 1193, 1227, 1264, 1283, 1338, 1347, 1348, 1455, 1570, 1739, 1757, 1788, 1905, 2234, 2274, 2600, 2634, 2764, 2810, 2992, 3105, 3384, 3697, 4136, 4996]
RKP_05000_00100_3_05.txt|632.0|0.4436360999999991|[1, 7, 25, 47, 60, 76, 79, 81, 109, 113, 122, 147, 206, 235, 238, 295, 304, 362, 480, 485, 513, 542, 573, 583, 590, 638, 669, 769, 905, 909, 936, 950, 973, 994, 1088, 1259, 1668, 1760, 1764, 1858, 2040, 2337, 2456, 2471, 2596, 2671, 2714, 2928, 3114, 3135, 3753, 4073, 4074, 4182, 4398]
RKP_05000_00100_3_06.txt|702.0|0.42073290000000085|[2, 3, 5, 6, 10, 12, 15, 24, 25, 27, 32, 45, 79, 82, 103, 108, 113, 119, 121, 157, 179, 203, 221, 244, 248, 352, 452, 460, 551, 564, 700, 755, 765, 787, 796, 838, 956, 1046, 1081, 1130, 1366, 1376, 1393, 1451, 1477, 1657, 1698, 1702, 1735, 1860, 2159, 2205, 2206, 2528, 2710, 2738, 2878, 2889, 2978, 3112, 3151, 3434]
RKP_05000_00100_3_07.txt|692.0|0.44114339999999785|[2, 9, 10, 14, 16, 20, 29, 30, 32, 68, 85, 89, 96, 99, 114, 119, 167, 178, 185, 206, 222, 281, 356, 362, 416, 495, 500, 507, 549, 550, 570, 607, 729, 750, 812, 817, 865, 876, 883, 890, 913, 1060, 1095, 1109, 1116, 1453, 1577, 1615, 1833, 1892, 2113, 2510, 2528, 2632, 2869, 3232, 3416, 3653, 3863, 4185, 4467]
RKP_05000_00100_3_08.txt|750.0|0.4424318000000014|[1, 4, 6, 35, 44, 47, 59, 92, 99, 100, 129, 169, 191, 215, 216, 227, 238, 273, 294, 296, 328, 382, 428, 484, 502, 525, 550, 557, 685, 700, 785, 888, 925, 938, 940, 1017, 1028, 1106, 1238, 1344, 1458, 1478, 1517, 1666, 1973, 2068, 2084, 2154, 2363, 2430, 2572, 2702, 3330, 3335, 3410, 3429, 3476, 3642, 3716, 3821, 4049, 4225, 4353, 4604, 4708]
RKP_05000_00100_3_09.txt|750.0|0.43820839999999706|[1, 2, 3, 4, 10, 24, 25, 49, 55, 57, 101, 110, 111, 137, 154, 205, 229, 271, 277, 419, 447, 501, 579, 636, 662, 839, 882, 973, 986, 1067, 1074, 1210, 1225, 1499, 1517, 1532, 1558, 1683, 1715, 1818, 1913, 1972, 2032, 2033, 2048, 2227, 2579, 2595, 2805, 2846, 2862, 2925, 3071, 3120, 3477, 3562, 3830, 3987, 4097, 4425, 4459, 4677, 4681, 4902, 4948]
RKP_05000_00100_3_10.txt|665.0|0.4760325999999999|[1, 3, 4, 11, 19, 30, 50, 57, 63, 79, 113, 119, 141, 173, 211, 227, 236, 283, 333, 540, 559, 614, 627, 659, 666, 685, 787, 860, 1075, 1132, 1166, 1187, 1323, 1396, 1426, 1430, 1457, 1463, 1547, 1826, 1938, 1946, 2195, 2235, 2244, 2312, 2583, 2720, 2816, 2858, 2929, 2990, 3361, 3877, 4218, 4448, 4628, 4783]
RKP_05000_00100_4_01.txt|100.0|0.43121080000000234|[4203]
RKP_05000_00100_4_02.txt|100.0|0.4284257000000018|[4298]
RKP_05000_00100_4_03.txt|100.0|0.4585551000000052|[4336]
RKP_05000_00100_4_04.txt|100.0|0.4067458999999971|[4224]
RKP_05000_00100_4_05.txt|100.0|0.4168504000000013|[4218]
RKP_05000_00100_4_06.txt|100.0|0.4555201000000011|[4203]
RKP_05000_00100_4_07.txt|100.0|0.42373650000000396|[4211]
RKP_05000_00100_4_08.txt|100.0|0.4479186000000013|[4205]
RKP_05000_00100_4_09.txt|100.0|0.4011689000000018|[4280]
RKP_05000_00100_4_10.txt|100.0|0.4124046999999962|[4229]
RKP_05000_00100_5_01.txt|100.0|0.45073010000000124|[1000, 3997]
RKP_05000_00100_5_02.txt|100.0|0.41662660000000074|[1006, 1103, 1423, 3082, 3716]
RKP_05000_00100_5_03.txt|100.0|0.4498958000000002|[480, 654, 2899, 3893]
RKP_05000_00100_5_04.txt|100.0|0.45544710000000066|[24, 847, 3740]
RKP_05000_00100_5_05.txt|100.0|0.4255202000000011|[50, 311, 789, 807, 840, 1172, 1319, 2920]
RKP_05000_00100_5_06.txt|100.0|0.41227099999999695|[137, 721, 3569, 3708]
RKP_05000_00100_5_07.txt|100.0|0.45972989999999925|[538, 1286, 2295, 3753]
RKP_05000_00100_5_08.txt|100.0|0.4144282999999973|[277, 712, 1072]
RKP_05000_00100_5_09.txt|100.0|0.4000885000000025|[71, 808, 948, 1210, 1840, 2426, 2658, 3169, 3738, 4396]
RKP_05000_00100_5_10.txt|100.0|0.4514652999999953|[1039, 3763]
RKP_05000_01000_1_01.txt|49651.0|0.7241172999999961|[1, 3, 10, 13, 15, 16, 17, 18, 22, 23, 30, 33, 35, 53, 78, 123, 151, 164, 212, 226, 271, 310, 328, 334, 368, 379, 399, 424, 436, 511, 551, 661, 700, 726, 732, 751, 778, 866, 921, 969, 991, 1034, 1214, 1232, 1233, 1431, 1591, 1724, 1742, 1756, 1775, 1841, 1858, 1919, 1928, 1979, 2077, 2187, 2254, 2284, 2481, 2497, 2567, 2777, 3256, 3403, 3485, 3791, 3799, 4129, 4223, 4479, 4971]
RKP_05000_01000_1_02.txt|51649.0|0.7537657999999965|[3, 7, 10, 17, 22, 36, 41, 65, 78, 89, 109, 153, 203, 222, 235, 236, 282, 304, 337, 368, 388, 406, 471, 506, 539, 588, 622, 675, 681, 728, 745, 790, 917, 918, 928, 988, 1055, 1106, 1205, 1261, 1277, 1318, 1329, 1337, 1403, 1414, 1590, 1677, 1687, 1860, 2011, 2093, 2198, 2379, 2594, 2745, 2769, 2800, 2825, 2832, 3095, 3349, 3565, 3585, 3668, 3875, 3957, 4414, 4489, 4961]
RKP_05000_01000_1_03.txt|48001.0|0.7107208999999983|[1, 3, 8, 9, 13, 22, 24, 28, 33, 60, 62, 67, 72, 76, 135, 165, 174, 176, 186, 192, 272, 339, 344, 400, 441, 446, 449, 515, 533, 649, 749, 852, 875, 882, 933, 940, 1006, 1027, 1039, 1150, 1268, 1339, 1364, 1384, 1415, 1475, 1534, 1605, 1614, 1673, 1822, 1854, 2016, 2125, 2201, 2471, 2688, 2779, 2848, 3194, 3232, 3276, 3392, 3835, 3920, 4191, 4193]
RKP_05000_01000_1_04.txt|50127.0|0.7249359000000055|[1, 5, 6, 7, 8, 9, 10, 16, 24, 30, 33, 35, 49, 52, 61, 64, 71, 100, 105, 114, 132, 135, 181, 189, 191, 223, 238, 318, 351, 378, 395, 421, 482, 498, 533, 546, 547, 594, 683, 687, 716, 724, 794, 952, 1021, 1107, 1142, 1174, 1218, 1275, 1416, 1450, 1546, 1689, 1901, 1916, 2047, 2060, 2177, 2320, 2403, 2470, 2580, 2922, 3023, 3051, 3055, 3926, 4277, 4397, 4624, 4775, 4863]
RKP_05000_01000_1_05.txt|49096.0|0.7087523000000004|[2, 4, 5, 8, 12, 14, 19, 27, 46, 48, 65, 67, 69, 73, 85, 91, 93, 94, 97, 119, 132, 168, 201, 254, 259, 267, 279, 330, 334, 339, 350, 352, 385, 430, 434, 467, 592, 593, 667, 816, 838, 943, 985, 1012, 1093, 1142, 1155, 1162, 1227, 1316, 1411, 1418, 1474, 1576, 1588, 1606, 1607, 1649, 1893, 2069, 2263, 2271, 2350, 2397, 2547, 2570, 2819, 2834, 3067, 3468, 3542, 3770, 4053, 4118, 4385]
RKP_05000_01000_1_06.txt|45500.0|0.7304995999999946|[2, 4, 6, 8, 9, 13, 15, 37, 42, 48, 51, 52, 54, 66, 80, 107, 157, 159, 163, 188, 192, 217, 224, 269, 288, 292, 297, 336, 343, 498, 594, 616, 656, 691, 697, 736, 883, 894, 943, 998, 1002, 1097, 1242, 1305, 1511, 1530, 1662, 1689, 1720, 1812, 1879, 1910, 1916, 2012, 2050, 2168, 2195, 2286, 2483, 2517, 2857, 2865, 2967, 3076, 3109, 3846, 4603, 4793]
RKP_05000_01000_1_07.txt|43273.0|0.7446048999999988|[1, 2, 7, 15, 21, 23, 27, 38, 44, 46, 65, 77, 84, 91, 94, 119, 130, 153, 161, 188, 204, 213, 226, 386, 393, 421, 423, 424, 488, 522, 523, 543, 568, 577, 628, 637, 666, 731, 753, 784, 795, 848, 957, 985, 1047, 1175, 1224, 1359, 1367, 1378, 1449, 1697, 1741, 1764, 1865, 1904, 2001, 2041, 2087, 2281, 2593, 2669, 3438, 3455, 4009, 4078, 4146, 4242]
RKP_05000_01000_1_08.txt|46110.0|0.7426415999999989|[3, 7, 10, 12, 15, 20, 24, 26, 39, 40, 43, 66, 75, 78, 79, 81, 89, 109, 115, 140, 190, 217, 235, 244, 257, 279, 298, 419, 427, 430, 527, 529, 531, 534, 548, 575, 651, 670, 738, 785, 823, 890, 892, 952, 1088, 1138, 1275, 1391, 1485, 1487, 1574, 1736, 2110, 2356, 2382, 2528, 2585, 2723, 3323, 3437, 3788, 3908, 3925, 4242, 4497]
RKP_05000_01000_1_09.txt|49210.0|0.6836746000000034|[1, 2, 4, 6, 8, 12, 17, 18, 27, 29, 39, 47, 51, 73, 91, 104, 107, 128, 153, 157, 163, 184, 190, 191, 302, 320, 359, 364, 377, 390, 427, 429, 451, 499, 562, 563, 684, 883, 996, 998, 1113, 1242, 1362, 1366, 1401, 1434, 1481, 1495, 1509, 1679, 1699, 1714, 1761, 1788, 2034, 2121, 2239, 2246, 2328, 2364, 2381, 2399, 2844, 3179, 3245, 3707, 3744, 3964, 4115]
RKP_05000_01000_1_10.txt|53556.0|0.6716526000000016|[1, 2, 4, 6, 9, 11, 28, 33, 38, 41, 43, 47, 49, 80, 100, 103, 104, 124, 129, 152, 180, 187, 193, 198, 212, 220, 245, 255, 261, 286, 359, 384, 461, 486, 495, 500, 528, 582, 604, 740, 785, 844, 888, 904, 1044, 1076, 1095, 1175, 1253, 1313, 1333, 1361, 1423, 1430, 1476, 1479, 1553, 1554, 1617, 1640, 1680, 1686, 1914, 2153, 2184, 2216, 2309, 2541, 2560, 2671, 2753, 2768, 2867, 3137, 3309, 3687, 3836, 4036, 4815]
RKP_05000_01000_2_01.txt|3881.0|0.9421953000000016|[2, 12, 28, 88, 103, 131, 153, 165, 176, 265, 273, 339, 352, 395, 413, 483, 602, 724, 761, 947, 951, 997, 1046, 1154, 1473, 1573, 1641, 1730, 1844, 1896, 1898, 2000, 2057, 2168, 2351, 2400, 2581, 2671, 2708, 3060, 3764, 3919, 4001, 4166, 4493]
RKP_05000_01000_2_02.txt|4140.0|0.767235399999997|[1, 2, 44, 62, 78, 88, 94, 121, 139, 162, 166, 279, 299, 311, 317, 365, 462, 471, 491, 653, 820, 862, 964, 1045, 1068, 1112, 1159, 1189, 1294, 1503, 1577, 1693, 1739, 1856, 1964, 2259, 2308, 2412, 2419, 2537, 2682, 2933, 3342, 3498, 4977]
RKP_05000_01000_2_03.txt|4293.0|0.8064121999999969|[7, 51, 69, 86, 88, 118, 131, 155, 177, 185, 217, 235, 286, 305, 308, 350, 414, 465, 507, 518, 589, 655, 726, 1002, 1256, 1354, 1483, 1676, 1684, 1732, 1958, 2164, 2340, 2548, 2610, 2754, 2930, 3087, 3180, 3321, 3351, 3416, 3540, 3822, 3938, 4457, 4964]
RKP_05000_01000_2_04.txt|4605.0|0.7090674000000021|[1, 3, 17, 19, 23, 51, 54, 57, 59, 63, 82, 86, 124, 153, 163, 183, 222, 247, 302, 348, 371, 400, 509, 545, 585, 758, 768, 857, 916, 1065, 1086, 1209, 1210, 1319, 1398, 1539, 1672, 1740, 1799, 1906, 1989, 2237, 2242, 2245, 2408, 2518, 2928, 2989, 3767, 3872, 4236, 4424, 4454]
RKP_05000_01000_2_05.txt|4120.0|0.8039366000000001|[3, 5, 8, 12, 16, 17, 23, 33, 34, 70, 80, 125, 156, 187, 201, 204, 260, 273, 290, 360, 390, 420, 427, 453, 478, 526, 734, 737, 876, 1052, 1064, 1132, 1158, 1335, 1478, 1680, 1762, 1839, 1920, 1925, 1967, 2179, 2548, 2686, 2834, 3321, 4215, 4485]
RKP_05000_01000_2_06.txt|4322.999999999936|0.9056320999999983|[1, 2, 10, 27, 28, 30, 36, 61, 94, 105, 138, 152, 154, 184, 240, 241, 242, 252, 282, 328, 336, 344, 386, 403, 431, 443, 464, 473, 672, 683, 707, 714, 739, 793, 862, 900, 925, 948, 1064, 1134, 1369, 1477, 1569, 1619, 1852, 1933, 1948, 2328, 2404, 2476, 2638, 2997, 4838, 4951]
RKP_05000_01000_2_07.txt|4518.0|0.7961708999999999|[1, 5, 10, 11, 12, 44, 105, 157, 207, 212, 257, 294, 368, 420, 751, 759, 771, 772, 909, 997, 1123, 1309, 1384, 1437, 1552, 1593, 1625, 1643, 1800, 1811, 1902, 1935, 1945, 1976, 2206, 2233, 2241, 2282, 2341, 2446, 2461, 2608, 2864, 3041, 3085, 3129, 3147, 3196, 3275, 3294, 3882, 3974, 4279, 4453, 4495]
RKP_05000_01000_2_08.txt|4393.0|0.7733747999999991|[4, 6, 14, 17, 30, 44, 59, 78, 108, 114, 174, 201, 213, 236, 242, 264, 278, 298, 312, 362, 371, 385, 473, 580, 634, 660, 677, 747, 846, 858, 972, 1016, 1114, 1156, 1184, 1314, 1499, 1766, 1783, 2133, 2399, 2442, 2632, 2683, 3148, 3191, 3385, 3623]
RKP_05000_01000_2_09.txt|4160.0|0.7650252000000037|[3, 4, 10, 15, 22, 25, 63, 77, 107, 116, 118, 128, 130, 137, 247, 270, 335, 379, 408, 419, 536, 561, 579, 669, 677, 897, 935, 997, 1132, 1226, 1259, 1556, 1583, 1786, 1844, 1967, 1992, 2005, 2140, 2317, 2637, 2789, 2887, 3040, 3478, 3583, 3974]
RKP_05000_01000_2_10.txt|4165.0|0.8663349999999994|[9, 15, 18, 25, 36, 55, 64, 82, 99, 137, 149, 191, 206, 227, 337, 351, 420, 555, 587, 749, 850, 922, 1176, 1303, 1314, 1491, 1494, 1502, 1523, 1619, 1631, 1686, 1745, 1818, 1926, 2034, 2292, 2318, 2559, 2998, 3163, 3674, 3712, 3887, 4015, 4084, 4267]
RKP_05000_01000_3_01.txt|8250.0|0.5956803999999991|[1, 3, 10, 12, 13, 21, 34, 40, 45, 46, 47, 53, 60, 72, 77, 87, 97, 108, 109, 112, 114, 119, 140, 150, 161, 176, 181, 207, 237, 274, 276, 284, 305, 372, 381, 455, 527, 539, 550, 553, 562, 688, 699, 728, 917, 996, 1021, 1038, 1081, 1140, 1198, 1365, 1369, 1382, 1615, 1698, 1779, 1958, 2056, 2178, 2241, 2250, 2416, 2461, 2748, 2783, 2794, 2851, 3188, 3246, 3421, 3426, 4101, 4476]
RKP_05000_01000_3_02.txt|9047.0|0.6404538999999971|[1, 2, 13, 25, 28, 33, 39, 40, 41, 66, 68, 71, 90, 107, 129, 130, 140, 169, 209, 214, 230, 235, 263, 309, 314, 345, 378, 379, 425, 436, 446, 542, 562, 581, 646, 727, 759, 790, 843, 849, 878, 883, 931, 953, 1022, 1041, 1046, 1083, 1087, 1117, 1161, 1174, 1334, 1413, 1436, 1486, 1488, 1499, 1885, 1908, 2067, 2113, 2136, 2215, 2330, 2425, 2667, 2704, 2772, 2849, 2853, 2905, 2933, 2953, 2978, 2989, 3041, 3171, 3308, 3393, 3546, 3750]
RKP_05000_01000_3_03.txt|9401.0|0.6201863000000003|[1, 2, 3, 4, 5, 7, 11, 16, 22, 26, 36, 38, 97, 127, 129, 158, 163, 190, 199, 215, 222, 239, 246, 286, 330, 339, 360, 399, 439, 455, 465, 480, 568, 592, 609, 621, 637, 652, 669, 709, 710, 763, 839, 856, 881, 907, 952, 975, 983, 989, 1022, 1041, 1169, 1231, 1360, 1429, 1498, 1533, 1597, 1663, 1688, 1733, 1767, 1874, 1926, 2298, 2319, 2439, 2605, 2887, 2901, 3166, 3273, 3477, 3545, 3697, 3837, 3910, 4041, 4215, 4329, 4447, 4529, 4695, 4813]
RKP_05000_01000_3_04.txt|9754.0|0.5992902999999998|[1, 4, 5, 6, 7, 9, 13, 15, 18, 27, 29, 39, 45, 58, 63, 70, 82, 109, 111, 132, 142, 144, 175, 198, 206, 225, 261, 263, 277, 306, 321, 337, 360, 362, 400, 448, 472, 495, 548, 574, 610, 619, 650, 657, 680, 709, 723, 730, 747, 769, 784, 827, 864, 989, 1049, 1064, 1080, 1276, 1309, 1322, 1396, 1398, 1493, 1589, 1768, 1786, 1801, 1872, 1912, 1996, 2150, 2372, 2506, 2516, 2541, 2568, 2593, 2601, 2747, 2868, 3197, 3330, 3448, 3523, 3625, 3645, 4440, 4880, 4935]
RKP_05000_01000_3_05.txt|8907.0|0.623873500000002|[1, 2, 3, 4, 7, 10, 11, 16, 19, 25, 26, 29, 32, 34, 48, 49, 54, 56, 68, 91, 122, 143, 162, 169, 212, 219, 344, 348, 358, 386, 486, 491, 501, 555, 620, 638, 658, 708, 777, 790, 958, 985, 1033, 1037, 1060, 1068, 1069, 1090, 1206, 1256, 1261, 1263, 1305, 1500, 1516, 1552, 1588, 1619, 1759, 1859, 1909, 2077, 2123, 2180, 2298, 2447, 2460, 2634, 2723, 2730, 2744, 2920, 3106, 3167, 3439, 3558, 3584, 3635, 4338, 4405]
RKP_05000_01000_3_06.txt|9165.0|0.5560688999999996|[1, 4, 6, 7, 12, 16, 37, 41, 45, 46, 55, 76, 82, 85, 88, 94, 106, 126, 165, 184, 193, 206, 213, 227, 249, 265, 276, 288, 345, 350, 368, 404, 418, 431, 488, 490, 540, 573, 603, 623, 686, 734, 760, 801, 813, 839, 859, 889, 900, 931, 946, 1030, 1035, 1119, 1281, 1359, 1522, 1551, 1610, 1697, 1726, 1917, 1978, 1991, 2026, 2251, 2442, 2623, 2741, 2756, 3214, 3239, 3324, 3433, 3533, 3851, 4000, 4039, 4258, 4315, 4322, 4808, 4911]
RKP_05000_01000_3_07.txt|9090.0|0.638976300000003|[1, 5, 13, 20, 29, 31, 33, 36, 60, 65, 73, 76, 79, 84, 91, 94, 100, 113, 125, 194, 216, 218, 220, 221, 251, 291, 293, 295, 319, 360, 370, 413, 417, 427, 462, 487, 500, 527, 539, 593, 658, 707, 714, 762, 827, 849, 870, 884, 891, 896, 975, 991, 1003, 1055, 1470, 1561, 1564, 1709, 1783, 1789, 1792, 1825, 1998, 2095, 2104, 2357, 2448, 2587, 2716, 3085, 3146, 3323, 3402, 3438, 3609, 3628, 3731, 3836, 3854, 3996, 4131, 4233]
RKP_05000_01000_3_08.txt|8936.0|0.6028257000000039|[1, 4, 14, 28, 35, 77, 80, 116, 118, 122, 126, 134, 152, 154, 162, 217, 226, 230, 244, 250, 260, 264, 270, 301, 331, 394, 460, 466, 474, 525, 571, 654, 656, 679, 707, 883, 901, 911, 953, 1009, 1036, 1135, 1159, 1273, 1364, 1395, 1588, 1636, 1733, 1770, 1967, 1970, 1976, 2019, 2025, 2088, 2236, 2364, 2381, 2402, 2484, 2808, 2858, 2977, 3087, 3214, 3237, 3284, 3324, 3346, 3445, 3557, 3571, 3808, 3939, 4022, 4192, 4463, 4487, 4700, 4779]
RKP_05000_01000_3_09.txt|8272.0|0.6551098999999994|[4, 6, 7, 9, 12, 13, 20, 26, 42, 51, 57, 73, 81, 86, 87, 100, 106, 152, 159, 222, 237, 242, 281, 296, 310, 376, 384, 412, 417, 426, 444, 453, 462, 492, 494, 556, 655, 661, 664, 671, 673, 760, 797, 830, 852, 921, 1003, 1104, 1108, 1189, 1313, 1322, 1420, 1471, 2024, 2051, 2287, 2401, 2450, 2486, 2497, 2511, 2577, 2621, 2706, 3256, 3392, 3443, 3538, 3572, 3618, 3868, 4292, 4818]
RKP_05000_01000_3_10.txt|9080.0|0.620383799999999|[1, 2, 3, 5, 13, 14, 16, 25, 33, 37, 44, 50, 69, 119, 145, 149, 159, 196, 219, 235, 270, 272, 305, 312, 342, 344, 369, 389, 393, 400, 413, 417, 434, 456, 479, 490, 502, 692, 808, 811, 876, 1019, 1097, 1125, 1184, 1192, 1329, 1498, 1530, 1785, 1803, 1847, 1854, 2034, 2061, 2139, 2189, 2213, 2224, 2322, 2458, 2611, 2708, 2764, 2770, 2813, 2894, 2915, 2940, 3119, 3127, 3150, 3234, 3240, 3251, 3435, 3589, 4052, 4227, 4466, 4631, 4788]
RKP_05000_01000_4_01.txt|1000.0|0.5061363999999955|[4922]
RKP_05000_01000_4_02.txt|999.0|0.5570769999999996|[4499]
RKP_05000_01000_4_03.txt|1000.0|0.5446310999999966|[4639]
RKP_05000_01000_4_04.txt|1000.0|0.4944260999999983|[4559]
RKP_05000_01000_4_05.txt|1000.0|0.49524100000000004|[4623]
RKP_05000_01000_4_06.txt|1000.0|0.5432302000000035|[4578]
RKP_05000_01000_4_07.txt|1000.0|0.49542720000000884|[4685]
RKP_05000_01000_4_08.txt|1000.0|0.5887264999999928|[4677]
RKP_05000_01000_4_09.txt|1000.0|0.4900282000000118|[4528]
RKP_05000_01000_4_10.txt|1000.0|0.49804029999999955|[4469]
RKP_05000_01000_5_01.txt|1000.0|0.5788155000000046|[333, 407, 902, 965, 1099, 1137, 1267, 2344, 2626]
RKP_05000_01000_5_02.txt|1000.0|0.5457475000000045|[3, 236, 505, 1199, 1307, 1360, 1595, 2254]
RKP_05000_01000_5_03.txt|1000.0|0.5262878999999998|[29, 361, 406, 533, 921, 992, 1428, 3246, 3308, 4420]
RKP_05000_01000_5_04.txt|1000.0|0.5935114999999911|[1, 82, 108, 1413, 1479, 1637, 1978, 2006, 2361, 2796, 2875]
RKP_05000_01000_5_05.txt|1000.0|0.5336618999999985|[922, 1002, 2145]
RKP_05000_01000_5_06.txt|1000.0|0.543683999999999|[66, 1063, 2237, 2419, 2522, 2794, 3614, 3803]
RKP_05000_01000_5_07.txt|1000.0|0.5619616999999977|[6, 29, 39, 218, 319, 377, 646, 715, 807, 838, 857, 1002, 1012, 1445, 1496, 1685, 2159, 2359, 3653]
RKP_05000_01000_5_08.txt|1000.0|0.5314355999999947|[945, 1711, 1749, 3944]
RKP_05000_01000_5_09.txt|1000.0|0.5813144000000108|[1030, 1067, 1107, 1108, 3348]
RKP_05000_01000_5_10.txt|1000.0|0.5404021000000085|[97, 235, 525, 794, 2068]
RKP_05000_05000_1_01.txt|219935.0|0.7175517000000013|[2, 3, 21, 30, 36, 50, 55, 74, 75, 86, 91, 100, 112, 127, 134, 137, 149, 168, 226, 234, 239, 248, 254, 255, 263, 279, 363, 449, 477, 496, 498, 521, 562, 601, 604, 688, 702, 826, 894, 940, 981, 1016, 1083, 1200, 1201, 1231, 1235, 1247, 1260, 1416, 1437, 1543, 1595, 1643, 1939, 2002, 2195, 2321, 2343, 2555, 2685, 2687, 2808, 2945, 2997, 3266, 3721, 4862]
RKP_05000_05000_1_02.txt|280292.0|0.7023593000000119|[1, 8, 10, 14, 20, 21, 24, 38, 45, 55, 59, 89, 104, 113, 117, 141, 231, 238, 240, 269, 297, 310, 334, 341, 361, 365, 378, 396, 444, 474, 537, 574, 712, 785, 787, 805, 857, 903, 1005, 1041, 1044, 1075, 1107, 1115, 1152, 1266, 1309, 1374, 1459, 1722, 1786, 1842, 1855, 1870, 1979, 2066, 2089, 2174, 2177, 2306, 2313, 2322, 2403, 2501, 2667, 2706, 2783, 3059, 3538, 3588, 3754, 3842, 3886, 3921, 3940, 4197, 4382, 4402, 4832]
RKP_05000_05000_1_03.txt|251169.0|0.6993314000000055|[1, 2, 5, 7, 8, 18, 22, 25, 39, 46, 78, 80, 110, 115, 133, 231, 233, 249, 297, 318, 339, 393, 426, 434, 435, 481, 482, 504, 557, 582, 586, 645, 692, 779, 811, 1083, 1098, 1099, 1108, 1115, 1212, 1227, 1261, 1265, 1290, 1374, 1414, 1441, 1477, 1594, 1728, 1775, 2124, 2264, 2438, 2630, 2760, 2850, 2859, 3154, 3247, 3414, 3417, 3443, 3490, 3493, 3512, 3843, 4374, 4414]
RKP_05000_05000_1_04.txt|266720.0|0.8097933999999896|[1, 3, 5, 9, 12, 18, 24, 25, 34, 38, 68, 75, 76, 81, 85, 90, 135, 145, 148, 189, 197, 202, 222, 226, 240, 291, 299, 318, 326, 332, 368, 376, 390, 398, 408, 422, 484, 557, 559, 675, 710, 787, 809, 814, 831, 865, 1072, 1389, 1417, 1418, 1677, 1758, 1859, 1938, 2003, 2017, 2051, 2061, 2312, 2328, 2372, 2581, 2584, 2813, 2991, 3260, 3305, 3410, 3431, 3547, 3568, 3651, 3802, 3813, 3850, 4260, 4286, 4384, 4668]
RKP_05000_05000_1_05.txt|262304.0|0.7194772999999941|[1, 2, 7, 8, 12, 20, 22, 31, 32, 33, 38, 46, 55, 62, 127, 130, 139, 143, 148, 153, 163, 210, 214, 226, 227, 245, 261, 301, 378, 403, 427, 463, 559, 575, 582, 663, 677, 694, 838, 918, 950, 992, 1003, 1008, 1088, 1372, 1432, 1460, 1483, 1492, 1521, 1662, 1668, 1929, 1993, 2025, 2045, 2118, 2138, 2215, 2223, 2309, 2352, 2411, 2467, 2579, 2657, 2804, 3024, 3175, 3186, 3722, 4170, 4208, 4354, 4846]
RKP_05000_05000_1_06.txt|248905.0|0.6403726000000063|[2, 7, 8, 9, 18, 23, 40, 43, 76, 79, 82, 87, 113, 120, 243, 245, 333, 361, 363, 378, 407, 445, 514, 523, 538, 568, 581, 608, 613, 621, 649, 651, 689, 693, 707, 715, 813, 825, 850, 925, 956, 1065, 1154, 1227, 1305, 1371, 1374, 1508, 1610, 1641, 1671, 1730, 1855, 1927, 1981, 2011, 2048, 2132, 2204, 2210, 2309, 2509, 2592, 2640, 2701, 2729, 3233, 3361, 3938, 3978, 4076, 4540, 4561, 4692]
RKP_05000_05000_1_07.txt|226029.0|0.6870251999999937|[1, 2, 3, 4, 6, 7, 8, 15, 29, 30, 31, 44, 83, 119, 121, 175, 182, 190, 215, 233, 237, 248, 287, 294, 303, 332, 346, 380, 381, 413, 457, 463, 478, 507, 529, 536, 575, 730, 739, 745, 768, 785, 829, 864, 1088, 1228, 1246, 1263, 1267, 1315, 1375, 1616, 1820, 1849, 1897, 2529, 2688, 2725, 2854, 2937, 3045, 3875, 3888, 3965, 4149, 4260, 4664, 4751]
RKP_05000_05000_1_08.txt|231395.0|0.6630527000000086|[1, 3, 5, 7, 16, 30, 38, 91, 95, 97, 122, 124, 137, 140, 156, 171, 192, 232, 253, 262, 303, 342, 371, 392, 451, 453, 478, 512, 523, 528, 560, 596, 674, 764, 836, 850, 878, 902, 984, 1167, 1179, 1421, 1506, 1546, 1549, 1552, 1678, 1737, 1757, 1919, 1941, 2047, 2312, 2428, 2523, 2525, 2536, 2600, 2643, 2676, 2681, 2805, 2813, 2959, 3166, 3666, 3744, 3833, 3998, 4080, 4195, 4393, 4596]
RKP_05000_05000_1_09.txt|249134.0|0.6682234000000022|[1, 2, 3, 4, 5, 6, 14, 17, 42, 66, 76, 77, 113, 114, 139, 156, 160, 170, 179, 196, 221, 234, 299, 323, 325, 339, 355, 376, 382, 385, 391, 438, 448, 460, 475, 537, 542, 544, 563, 565, 632, 682, 701, 726, 820, 871, 936, 1006, 1064, 1082, 1114, 1126, 1227, 1245, 1254, 1314, 1350, 1396, 1416, 1458, 1466, 1480, 1510, 1546, 1592, 1594, 1635, 1788, 1917, 2016, 2450, 2593, 2636, 3197, 4248, 4486, 4489, 4615]
RKP_05000_05000_1_10.txt|221848.0|0.7327238999999963|[1, 6, 7, 14, 24, 60, 78, 89, 101, 144, 153, 185, 259, 278, 286, 302, 322, 380, 414, 428, 454, 467, 470, 472, 519, 596, 659, 724, 746, 756, 803, 862, 863, 867, 959, 981, 1304, 1479, 1504, 1609, 1652, 1930, 2050, 2151, 2281, 2397, 2498, 2504, 2580, 2607, 2629, 2641, 2870, 3067, 3078, 3101, 3229, 3261, 3450, 3471, 3654, 4380, 4532]
RKP_05000_05000_2_01.txt|19954.0|0.9038522999999969|[18, 19, 20, 21, 32, 33, 82, 93, 235, 250, 293, 411, 475, 515, 579, 668, 690, 698, 748, 750, 866, 937, 953, 1045, 1059, 1239, 1308, 1367, 1435, 1482, 1497, 1505, 1665, 1937, 2236, 2251, 2351, 2458, 2937, 3403, 3808, 3883, 4623, 4844]
RKP_05000_05000_2_02.txt|18658.0|0.821932099999998|[14, 15, 28, 56, 105, 191, 200, 220, 276, 530, 563, 582, 677, 696, 710, 762, 836, 857, 973, 1026, 1058, 1069, 1172, 1195, 1247, 1592, 1649, 1729, 1867, 2060, 2069, 2142, 2244, 2429, 2814, 2839, 3100, 3455, 3641, 3796, 4007]
RKP_05000_05000_2_03.txt|19348.0|0.7989086000000043|[1, 4, 5, 8, 41, 44, 49, 50, 94, 162, 177, 216, 306, 338, 375, 394, 441, 465, 477, 502, 582, 583, 613, 659, 743, 783, 812, 983, 1207, 1269, 1289, 1422, 1429, 1432, 1536, 2272, 2512, 2579, 2790, 2868, 3090, 3368, 3630, 3662, 3839, 4296, 4565]
RKP_05000_05000_2_04.txt|23850.0|0.7827024999999992|[1, 2, 3, 4, 16, 21, 23, 34, 37, 47, 60, 71, 77, 78, 115, 122, 126, 131, 147, 187, 262, 264, 307, 340, 406, 455, 491, 547, 554, 625, 637, 655, 693, 832, 862, 893, 1124, 1223, 1335, 1412, 1508, 1519, 1586, 1606, 1770, 1965, 2308, 2319, 2382, 2632, 2705, 2773, 3212, 3257, 3288, 3593, 3704]
RKP_05000_05000_2_05.txt|21692.0|0.8048770999999988|[5, 12, 34, 70, 96, 103, 113, 128, 145, 163, 167, 317, 370, 481, 501, 513, 662, 734, 858, 874, 932, 962, 1011, 1022, 1103, 1153, 1219, 1232, 1242, 1260, 1394, 1456, 1468, 1489, 1503, 1588, 1813, 2057, 2345, 2493, 2569, 2678, 2694, 2906, 3798, 4092, 4182, 4330, 4410]
RKP_05000_05000_2_06.txt|18128.0|0.9142877999999968|[24, 30, 51, 74, 136, 193, 281, 303, 316, 356, 373, 449, 461, 574, 629, 637, 726, 731, 785, 832, 872, 985, 1070, 1073, 1256, 1461, 1542, 1630, 1638, 1807, 1814, 2900, 3023, 3064, 3105, 3580, 3749, 3764, 4543]
RKP_05000_05000_2_07.txt|19898.0|0.8045690000000008|[12, 16, 24, 26, 30, 36, 98, 129, 267, 301, 367, 411, 421, 452, 624, 667, 725, 781, 855, 872, 903, 926, 931, 932, 989, 1115, 1137, 1326, 1380, 1435, 1438, 1460, 1485, 1581, 1614, 1730, 1734, 1819, 2045, 2118, 2664, 3396, 4066, 4720]
RKP_05000_05000_2_08.txt|21352.0|0.8558414999999968|[2, 17, 20, 116, 125, 155, 160, 179, 242, 245, 259, 274, 286, 315, 332, 409, 449, 603, 659, 668, 760, 826, 899, 919, 944, 953, 1190, 1262, 1464, 1473, 1479, 1520, 1597, 1692, 1714, 1822, 1834, 2024, 2390, 2598, 2814, 2906, 2907, 3039, 3119, 3274, 3356, 3438, 3617, 3691, 4709]
RKP_05000_05000_2_09.txt|22901.0|0.8019089000000008|[1, 2, 3, 7, 36, 44, 61, 68, 74, 82, 83, 95, 105, 128, 129, 137, 164, 173, 180, 181, 234, 251, 279, 327, 385, 394, 413, 423, 519, 632, 634, 681, 829, 893, 899, 920, 973, 1179, 1213, 1228, 1231, 1308, 1378, 1478, 1482, 1687, 1812, 2129, 2382, 2432, 2584, 3741, 4959]
RKP_05000_05000_2_10.txt|20327.0|0.8804110000000094|[1, 2, 9, 23, 24, 26, 42, 70, 82, 97, 153, 185, 205, 233, 261, 268, 294, 311, 317, 330, 351, 608, 666, 723, 725, 798, 899, 1060, 1078, 1136, 1167, 1357, 1367, 1601, 1620, 1742, 1908, 2002, 2102, 2189, 2264, 2884, 3018, 3271, 3467, 3568, 3618]
RKP_05000_05000_3_01.txt|44430.0|0.9245593000000127|[1, 4, 9, 10, 13, 16, 21, 26, 39, 42, 45, 54, 55, 56, 58, 66, 79, 88, 94, 97, 106, 120, 122, 132, 164, 179, 198, 241, 262, 449, 521, 528, 530, 563, 595, 625, 628, 634, 638, 646, 736, 800, 814, 926, 927, 1004, 1019, 1075, 1080, 1180, 1223, 1290, 1328, 1409, 1410, 1429, 1430, 1446, 1539, 1664, 1758, 1846, 1884, 1887, 2024, 2100, 2312, 2464, 2544, 2738, 2831, 2987, 3020, 3210, 3361, 3941, 4060, 4143, 4348, 4483]
RKP_05000_05000_3_02.txt|45678.99999999649|1.0213219000000038|[1, 5, 8, 9, 16, 30, 31, 32, 33, 38, 50, 51, 55, 58, 59, 69, 85, 92, 99, 105, 106, 107, 115, 117, 133, 151, 155, 205, 208, 217, 221, 365, 384, 405, 407, 409, 493, 507, 509, 558, 601, 738, 769, 773, 869, 885, 969, 985, 1132, 1146, 1151, 1220, 1229, 1509, 1675, 1853, 1914, 1979, 2025, 2038, 2259, 2345, 2392, 2501, 2529, 2556, 2826, 3092, 3096, 3230, 3282, 3478, 3743, 3779, 3903, 3922, 4134, 4175, 4221, 4322, 4488, 4553]
RKP_05000_05000_3_03.txt|46816.0|0.796426100000005|[1, 2, 4, 5, 9, 10, 12, 13, 21, 25, 38, 46, 58, 67, 79, 88, 90, 126, 127, 140, 185, 186, 194, 219, 223, 244, 281, 323, 366, 433, 489, 523, 542, 554, 636, 665, 682, 703, 763, 777, 826, 853, 856, 912, 937, 950, 963, 970, 1010, 1011, 1029, 1061, 1099, 1128, 1129, 1187, 1255, 1491, 1505, 1547, 1677, 1696, 1729, 1777, 1800, 1875, 1911, 1960, 2143, 2147, 2297, 2420, 2430, 2585, 2713, 2750, 2768, 3112, 3385, 3389, 3452, 3819, 3909, 4001, 4833]
RKP_05000_05000_3_04.txt|45495.0|0.8926799000000045|[3, 4, 5, 9, 11, 21, 27, 31, 47, 51, 61, 71, 83, 93, 102, 109, 141, 155, 156, 177, 183, 198, 208, 241, 256, 274, 284, 343, 404, 454, 455, 476, 479, 505, 547, 585, 599, 642, 648, 779, 843, 868, 907, 934, 936, 981, 1033, 1208, 1304, 1433, 1464, 1589, 1793, 1800, 1804, 1834, 2343, 2428, 2441, 2495, 2547, 2551, 2561, 2704, 2727, 2854, 2979, 3143, 3330, 3391, 3454, 3497, 3625, 3662, 3856, 3870, 3872, 4104, 4170, 4343, 4637, 4678]
RKP_05000_05000_3_05.txt|44936.0|0.8718029000000058|[1, 2, 12, 13, 15, 17, 20, 24, 28, 32, 34, 42, 44, 50, 62, 70, 72, 76, 81, 95, 97, 115, 138, 139, 150, 166, 178, 203, 207, 242, 247, 259, 309, 331, 351, 368, 375, 406, 441, 442, 465, 503, 537, 555, 620, 628, 652, 814, 839, 958, 969, 984, 1044, 1073, 1182, 1313, 1506, 1519, 1640, 1655, 1664, 1680, 1686, 1696, 1771, 1960, 2386, 2408, 2428, 2606, 2910, 2994, 3138, 3285, 3442, 3509, 3566, 3569, 4138, 4618, 4707]
RKP_05000_05000_3_06.txt|44556.0|0.9832131999999945|[1, 4, 6, 7, 8, 9, 18, 22, 23, 28, 30, 43, 44, 55, 78, 89, 93, 115, 125, 130, 141, 165, 203, 234, 242, 262, 285, 313, 377, 382, 386, 403, 411, 480, 542, 607, 616, 617, 618, 623, 645, 671, 692, 737, 817, 839, 845, 924, 934, 1005, 1115, 1123, 1190, 1191, 1215, 1323, 1379, 1678, 1939, 1989, 2035, 2100, 2115, 2300, 2334, 2338, 2412, 2537, 2626, 2697, 2724, 2793, 3065, 3251, 3325, 3441, 3690, 3857, 3871, 4300, 4383]
RKP_05000_05000_3_07.txt|43469.0|0.926024599999991|[1, 2, 3, 4, 6, 13, 61, 82, 88, 124, 143, 161, 169, 217, 220, 224, 232, 260, 283, 304, 348, 412, 462, 487, 490, 525, 544, 609, 619, 684, 717, 718, 723, 739, 766, 796, 813, 817, 835, 897, 924, 1049, 1060, 1090, 1127, 1133, 1264, 1279, 1338, 1375, 1403, 1405, 1420, 1664, 1728, 1818, 1854, 1939, 1953, 1964, 2093, 2201, 2287, 2348, 2379, 2399, 2476, 2511, 2643, 2824, 3295, 3503, 3700, 3987, 4288, 4656, 4796, 4816]
RKP_05000_05000_3_08.txt|43536.0|0.8428451000000052|[1, 2, 6, 16, 18, 22, 28, 39, 43, 54, 60, 73, 78, 89, 105, 110, 147, 150, 152, 164, 192, 237, 241, 251, 254, 289, 294, 338, 351, 391, 433, 454, 484, 524, 563, 640, 692, 702, 731, 752, 762, 784, 828, 857, 876, 886, 938, 1104, 1105, 1185, 1266, 1311, 1405, 1450, 1778, 1833, 1856, 1969, 2221, 2250, 2393, 2413, 2418, 2446, 2528, 2636, 2697, 2700, 2750, 2859, 2945, 2988, 3072, 4022, 4469, 4546, 4731, 4805]
RKP_05000_05000_3_09.txt|44675.0|0.9326381000000055|[1, 7, 8, 13, 17, 19, 26, 42, 43, 51, 111, 165, 167, 233, 252, 255, 259, 308, 317, 338, 345, 387, 406, 431, 511, 512, 520, 534, 609, 629, 642, 643, 660, 767, 789, 830, 851, 877, 913, 929, 932, 935, 1146, 1282, 1328, 1343, 1489, 1549, 1555, 1563, 1575, 1667, 1727, 1813, 1921, 1933, 1945, 2111, 2139, 2427, 2435, 2484, 2525, 2838, 2885, 2994, 3009, 3268, 3338, 3453, 3677, 3684, 3864, 4192, 4240, 4246, 4313, 4338, 4789, 4804, 4825]
RKP_05000_05000_3_10.txt|44254.0|0.9281476999999967|[3, 4, 5, 9, 10, 13, 18, 23, 24, 25, 26, 28, 44, 48, 49, 51, 59, 60, 77, 81, 93, 98, 120, 137, 170, 227, 313, 319, 355, 371, 402, 405, 457, 481, 490, 576, 577, 605, 607, 616, 664, 668, 675, 722, 848, 952, 1007, 1062, 1075, 1135, 1159, 1202, 1224, 1258, 1284, 1358, 1405, 1567, 1639, 1887, 2521, 2536, 2562, 2573, 2643, 2698, 2748, 2923, 2978, 3046, 3218, 3222, 3454, 3468, 3759, 3824, 3937, 4381, 4391, 4808]
RKP_05000_05000_4_01.txt|4999.0|0.6435097000000098|[4495]
RKP_05000_05000_4_02.txt|5000.0|0.6498940999999974|[4978]
RKP_05000_05000_4_03.txt|5000.0|0.7349511000000035|[4714]
RKP_05000_05000_4_04.txt|5000.0|0.6789551999999901|[4597]
RKP_05000_05000_4_05.txt|5000.0|0.6916247999999996|[4959]
RKP_05000_05000_4_06.txt|4998.0|0.6494318000000021|[4744]
RKP_05000_05000_4_07.txt|4999.0|0.6517252999999954|[4517]
RKP_05000_05000_4_08.txt|4999.0|0.7158339000000069|[4889]
RKP_05000_05000_4_09.txt|5000.0|0.6902699000000041|[4770]
RKP_05000_05000_4_10.txt|4999.0|0.6612214999999964|[4786]
RKP_05000_05000_5_01.txt|5000.0|0.798885399999989|[1, 67, 273, 2322, 3011, 3331]
RKP_05000_05000_5_02.txt|5000.0|0.7858128999999963|[82, 91, 100, 160, 565, 966, 1883, 2132, 2360]
RKP_05000_05000_5_03.txt|5000.0|0.7865120000000019|[73, 100, 252, 262, 348, 919, 1408, 2392, 3133]
RKP_05000_05000_5_04.txt|5000.0|0.7660525999999948|[1, 14, 100, 755, 927, 933, 2070]
RKP_05000_05000_5_05.txt|5000.0|0.770413099999999|[19, 60, 98, 120, 152, 188, 246, 390, 757, 997, 1008, 1894]
RKP_05000_05000_5_06.txt|5000.0|0.857210699999996|[82, 367, 693, 1649, 2143, 2349, 2356]
RKP_05000_05000_5_07.txt|5000.0|0.7527603999999997|[10, 54, 105, 131, 688, 984, 1126, 2228, 3203]
RKP_05000_05000_5_08.txt|5000.0|0.7466747999999939|[34, 1121, 1190, 1923, 2400]
RKP_05000_05000_5_09.txt|5000.0|0.8879918000000089|[7, 15, 911, 1147, 1722, 1854, 2287, 3986]
RKP_05000_05000_5_10.txt|5000.0|0.7981926000000072|[1, 10, 876, 1235, 1695, 2234, 2402]
