RKP_00100_00100_1_01.txt|542.0|0.07848579999999994|[1, 3, 17, 22, 31, 54, 66]
RKP_00100_00100_1_02.txt|663.0|0.052028299999999916|[1, 9, 15, 16, 37, 48, 50, 56, 91]
RKP_00100_00100_1_03.txt|533.0|0.05615100000000006|[1, 2, 4, 6, 10, 14, 34, 58]
RKP_00100_00100_1_04.txt|519.0|0.0635886|[4, 7, 9, 10, 15, 16, 74]
RKP_00100_00100_1_05.txt|475.0|0.07257459999999993|[11, 16, 20, 22, 44, 65, 79]
RKP_00100_00100_1_06.txt|759.0|0.062070599999999976|[2, 3, 5, 16, 17, 31, 42, 47, 48, 57, 97]
RKP_00100_00100_1_07.txt|368.0|0.05614699999999995|[39, 41, 46, 51, 58, 60]
RKP_00100_00100_1_08.txt|719.0|0.09800220000000004|[1, 2, 6, 7, 13, 18, 24, 30, 76, 87, 88, 92]
RKP_00100_00100_1_09.txt|460.0|0.07547100000000007|[5, 8, 16, 18, 24, 29, 77]
RKP_00100_00100_1_10.txt|540.0|0.05936089999999994|[1, 4, 11, 12, 13, 27, 31, 79]
RKP_00100_00100_2_01.txt|129.0|0.08006979999999997|[2, 6, 20, 43, 59, 87]
RKP_00100_00100_2_02.txt|131.0|0.08592650000000002|[4, 8, 28, 30, 70, 80]
RKP_00100_00100_2_03.txt|142.0|0.0690335999999998|[5, 16, 18, 31, 48, 59, 75, 93]
RKP_00100_00100_2_04.txt|125.0|0.09752349999999987|[11, 18, 47, 50, 64]
RKP_00100_00100_2_05.txt|118.0|0.12498809999999994|[7, 8, 16, 28, 29]
RKP_00100_00100_2_06.txt|125.0|0.06458239999999993|[8, 10, 23, 38]
RKP_00100_00100_2_07.txt|120.0|0.06951700000000005|[5, 7, 21, 59]
RKP_00100_00100_2_08.txt|124.0|0.09190130000000019|[4, 6, 41]
RKP_00100_00100_2_09.txt|123.0|0.07611779999999979|[1, 8, 38, 42, 56, 75]
RKP_00100_00100_2_10.txt|125.0|0.07056930000000006|[1, 8, 13, 28, 46, 64, 65]
RKP_00100_00100_3_01.txt|170.0|0.13798559999999993|[2, 5, 8, 16, 17, 33, 89]
RKP_00100_00100_3_02.txt|163.0|0.19802289999999978|[1, 2, 3, 16, 24, 41, 59, 87]
RKP_00100_00100_3_03.txt|177.0|0.07912509999999973|[3, 4, 8, 11, 14, 23, 45, 46, 49, 75]
RKP_00100_00100_3_04.txt|181.0|0.06400410000000001|[8, 15, 21, 26, 31, 34, 37, 50, 68]
RKP_00100_00100_3_05.txt|180.0|0.07235959999999997|[1, 7, 12, 14, 26, 31, 52, 70, 83]
RKP_00100_00100_3_06.txt|178.0|0.07364150000000036|[2, 3, 8, 11, 13, 27, 35, 40, 72, 74]
RKP_00100_00100_3_07.txt|182.0|0.06647429999999988|[2, 6, 8, 14, 27, 40, 72, 83, 88, 89]
RKP_00100_00100_3_08.txt|178.0|0.1016279|[1, 3, 7, 8, 9, 12, 19, 25]
RKP_00100_00100_3_09.txt|169.0|0.0697909000000001|[1, 8, 32, 33, 48, 57, 68, 89]
RKP_00100_00100_3_10.txt|179.0|0.0757677000000001|[5, 7, 9, 13, 20, 55, 62, 66, 67]
RKP_00100_00100_4_01.txt|94.0|0.04530870000000009|[90]
RKP_00100_00100_4_02.txt|97.0|0.046656800000000054|[94]
RKP_00100_00100_4_03.txt|99.0|0.046491599999999966|[85]
RKP_00100_00100_4_04.txt|100.0|0.04603519999999994|[95]
RKP_00100_00100_4_05.txt|100.0|0.04572530000000041|[87]
RKP_00100_00100_4_06.txt|91.0|0.04791309999999971|[90]
RKP_00100_00100_4_07.txt|97.0|0.04566099999999995|[94]
RKP_00100_00100_4_08.txt|94.0|0.04694280000000006|[96]
RKP_00100_00100_4_09.txt|92.0|0.046409000000000145|[95]
RKP_00100_00100_4_10.txt|80.0|0.0585268000000001|[8, 87]
RKP_00100_00100_5_01.txt|100.0|0.05958180000000013|[21, 48, 59]
RKP_00100_00100_5_02.txt|100.0|0.053220899999999904|[1, 2, 11, 25]
RKP_00100_00100_5_03.txt|100.0|0.046809800000000124|[99]
RKP_00100_00100_5_04.txt|100.0|0.04898200000000008|[2, 29, 82, 83]
RKP_00100_00100_5_05.txt|100.0|0.04870750000000035|[18, 41, 65, 75]
RKP_00100_00100_5_06.txt|100.0|0.05971219999999988|[12, 17, 68]
RKP_00100_00100_5_07.txt|100.0|0.04998590000000025|[11, 16, 36, 70]
RKP_00100_00100_5_08.txt|100.0|0.05531950000000041|[4, 72, 95]
RKP_00100_00100_5_09.txt|100.0|0.046222600000000114|[97]
RKP_00100_00100_5_10.txt|100.0|0.050826499999999886|[12, 15, 20, 49, 79]
RKP_00500_00100_1_01.txt|1222.0|0.11424769999999995|[2, 3, 4, 5, 6, 25, 27, 40, 75, 120, 129, 140, 148, 211, 222, 284, 304, 359, 500]
RKP_00500_00100_1_02.txt|1212.0|0.12167709999999943|[4, 13, 22, 77, 87, 89, 102, 108, 116, 132, 175, 205, 288, 289, 351, 388, 396, 423]
RKP_00500_00100_1_03.txt|1036.0|0.1061911999999996|[1, 5, 11, 13, 16, 30, 40, 44, 90, 111, 113, 139, 147, 228, 360, 365, 477, 496]
RKP_00500_00100_1_04.txt|1259.0|0.10513449999999924|[5, 8, 11, 41, 48, 59, 61, 64, 65, 93, 94, 151, 156, 197, 245, 315, 359]
RKP_00500_00100_1_05.txt|1217.0|0.1293867000000004|[1, 3, 10, 11, 17, 18, 23, 24, 26, 32, 72, 104, 116, 192, 215, 363, 402]
RKP_00500_00100_1_06.txt|1590.0|0.11009400000000014|[3, 13, 16, 22, 34, 35, 50, 52, 55, 83, 89, 131, 165, 182, 190, 211, 225, 230, 240, 411, 490]
RKP_00500_00100_1_07.txt|1435.0|0.10489359999999959|[2, 5, 7, 13, 21, 22, 31, 40, 47, 80, 94, 97, 126, 147, 197, 206, 257, 322, 410, 461, 469, 492]
RKP_00500_00100_1_08.txt|1221.0|0.1128720000000003|[1, 3, 4, 10, 11, 29, 40, 71, 106, 146, 156, 165, 167, 185, 258, 332, 378, 450]
RKP_00500_00100_1_09.txt|1131.0|0.10847060000000042|[1, 3, 16, 19, 39, 48, 77, 108, 148, 153, 163, 180, 210, 221, 307, 344, 496]
RKP_00500_00100_1_10.txt|1218.0|0.08834610000000076|[3, 4, 5, 6, 14, 30, 31, 62, 75, 78, 109, 110, 155, 162, 214, 234, 277, 413]
RKP_00500_00100_2_01.txt|196.0|0.10963510000000021|[11, 16, 32, 39, 50, 102, 137, 148, 160, 168, 226, 241, 259, 378]
RKP_00500_00100_2_02.txt|207.0|0.09182440000000014|[4, 6, 7, 13, 16, 65, 72, 97, 112, 131, 141, 142, 156, 167, 299, 314, 336]
RKP_00500_00100_2_03.txt|219.0|0.10157020000000028|[2, 3, 31, 37, 64, 71, 100, 104, 107, 113, 135, 154, 155, 164, 166, 318, 436, 447]
RKP_00500_00100_2_04.txt|183.0|0.09510440000000031|[7, 9, 14, 26, 55, 58, 61, 79, 105, 112, 163, 216, 306, 471]
RKP_00500_00100_2_05.txt|169.0|0.10924080000000025|[5, 10, 16, 38, 48, 52, 53, 87, 125, 218, 260, 294, 426]
RKP_00500_00100_2_06.txt|188.0|0.11192380000000046|[1, 3, 6, 9, 18, 24, 57, 70, 117, 155, 358, 389]
RKP_00500_00100_2_07.txt|187.0|0.1051037999999993|[1, 6, 9, 17, 18, 67, 75, 114, 123, 162, 260, 292, 372, 452, 459]
RKP_00500_00100_2_08.txt|162.0|0.09256570000000064|[3, 6, 24, 28, 45, 87, 96, 109, 339, 400, 495]
RKP_00500_00100_2_09.txt|154.0|0.1142707999999999|[2, 3, 17, 51, 81, 87, 108, 189, 292, 304, 312, 335]
RKP_00500_00100_2_10.txt|173.0|0.1033805000000001|[14, 20, 30, 40, 83, 88, 105, 116, 154, 157, 372]
RKP_00500_00100_3_01.txt|247.0|0.10383000000000031|[1, 2, 3, 4, 5, 10, 11, 24, 33, 36, 43, 96, 129, 143, 240, 260, 401]
RKP_00500_00100_3_02.txt|317.0|0.09738969999999991|[1, 2, 4, 5, 9, 20, 26, 32, 39, 56, 64, 68, 73, 103, 110, 152, 160, 167, 172, 189, 221, 263, 331, 413]
RKP_00500_00100_3_03.txt|309.0|0.10914930000000034|[2, 3, 9, 22, 40, 43, 45, 49, 52, 71, 93, 113, 118, 134, 148, 168, 178, 193, 292, 351, 444, 454]
RKP_00500_00100_3_04.txt|286.0|0.1263910000000008|[1, 2, 3, 4, 8, 29, 50, 66, 68, 104, 129, 163, 168, 209, 278, 280, 282, 285, 312, 345, 350, 400]
RKP_00500_00100_3_05.txt|313.0|0.08421959999999995|[1, 5, 8, 12, 33, 35, 64, 74, 84, 87, 92, 106, 108, 143, 196, 199, 225, 263, 319, 340, 377, 381, 382, 417]
RKP_00500_00100_3_06.txt|260.0|0.0960914000000006|[5, 11, 16, 24, 45, 52, 56, 67, 91, 186, 189, 204, 242, 266, 270, 281, 311, 396, 404, 433]
RKP_00500_00100_3_07.txt|262.0|0.10245719999999992|[1, 3, 5, 12, 17, 30, 33, 37, 77, 102, 141, 157, 196, 200, 225, 282, 429, 487]
RKP_00500_00100_3_08.txt|333.0|0.09700309999999934|[1, 8, 14, 15, 19, 23, 25, 31, 49, 57, 58, 62, 63, 64, 84, 90, 114, 144, 150, 172, 275, 280, 301, 302, 451, 484]
RKP_00500_00100_3_09.txt|287.0|0.10531399999999991|[1, 2, 3, 4, 12, 31, 38, 58, 70, 72, 104, 148, 154, 169, 171, 221, 231, 294, 347, 412, 434]
RKP_00500_00100_3_10.txt|270.0|0.12340260000000036|[13, 14, 18, 36, 40, 47, 86, 135, 153, 159, 165, 183, 189, 198, 217, 305, 322, 325, 474]
RKP_00500_00100_4_01.txt|100.0|0.07095990000000008|[461]
RKP_00500_00100_4_02.txt|100.0|0.07317069999999948|[431]
RKP_00500_00100_4_03.txt|100.0|0.07285949999999985|[436]
RKP_00500_00100_4_04.txt|100.0|0.0712445000000006|[419]
RKP_00500_00100_4_05.txt|98.0|0.06979989999999958|[423]
RKP_00500_00100_4_06.txt|99.0|0.07160359999999955|[432]
RKP_00500_00100_4_07.txt|100.0|0.07486989999999949|[495]
RKP_00500_00100_4_08.txt|99.0|0.07476609999999972|[494]
RKP_00500_00100_4_09.txt|100.0|0.07307559999999924|[440]
RKP_00500_00100_4_10.txt|99.0|0.0683984999999998|[498]
RKP_00500_00100_5_01.txt|100.0|0.07206240000000008|[102, 159, 230, 281]
RKP_00500_00100_5_02.txt|100.0|0.0720244000000001|[1, 342, 477]
RKP_00500_00100_5_03.txt|100.0|0.07355420000000024|[1, 486]
RKP_00500_00100_5_04.txt|100.0|0.07114789999999971|[19, 78, 248]
RKP_00500_00100_5_05.txt|100.0|0.06857470000000099|[491]
RKP_00500_00100_5_06.txt|100.0|0.07457469999999944|[21, 63, 101, 116]
RKP_00500_00100_5_07.txt|100.0|0.07334819999999986|[84, 130, 166, 285]
RKP_00500_00100_5_08.txt|100.0|0.07238520000000115|[102, 279]
RKP_00500_00100_5_09.txt|100.0|0.0704135000000008|[82, 130, 200]
RKP_00500_00100_5_10.txt|100.0|0.07007420000000053|[10, 14, 116, 486]
RKP_01000_00100_1_01.txt|1529.0|0.1615669999999998|[2, 13, 39, 40, 47, 50, 51, 64, 67, 91, 97, 116, 123, 151, 260, 261, 314, 336, 347, 448, 465]
RKP_01000_00100_1_02.txt|1504.0|0.16293169999999968|[8, 9, 16, 30, 38, 72, 149, 171, 182, 185, 193, 195, 292, 294, 359, 486, 527, 557, 584, 624, 694, 696, 754]
RKP_01000_00100_1_03.txt|1548.0|0.15623079999999945|[1, 2, 32, 48, 50, 56, 114, 116, 121, 128, 134, 145, 160, 172, 174, 199, 380, 498, 535, 704, 800, 869]
RKP_01000_00100_1_04.txt|1860.0|0.15372260000000004|[1, 2, 5, 6, 12, 14, 20, 42, 44, 75, 151, 163, 165, 184, 204, 247, 255, 277, 283, 402, 429, 566, 592, 726, 732, 733, 758]
RKP_01000_00100_1_05.txt|1684.0|0.16826830000000115|[1, 41, 49, 75, 82, 89, 121, 123, 139, 151, 159, 198, 207, 307, 328, 425, 593, 635, 673, 696, 776, 915, 1000]
RKP_01000_00100_1_06.txt|1906.0|0.14058299999999946|[1, 6, 10, 33, 38, 52, 58, 78, 99, 117, 120, 168, 175, 176, 233, 236, 242, 244, 250, 349, 383, 442, 546, 645, 790, 993]
RKP_01000_00100_1_07.txt|1972.0|0.15193419999999946|[3, 7, 18, 37, 49, 86, 88, 90, 96, 127, 128, 129, 130, 147, 151, 190, 204, 226, 342, 372, 382, 436, 440, 547, 556, 778, 874]
RKP_01000_00100_1_08.txt|1545.0|0.17933050000000073|[1, 4, 6, 22, 26, 51, 64, 68, 80, 106, 118, 145, 149, 223, 242, 274, 303, 356, 366, 421, 422, 716, 922]
RKP_01000_00100_1_09.txt|1538.0|0.16470050000000036|[1, 10, 14, 17, 27, 31, 32, 36, 48, 103, 168, 196, 213, 262, 290, 427, 489, 513, 672, 691, 782, 898]
RKP_01000_00100_1_10.txt|1874.0|0.1631973000000002|[1, 8, 19, 37, 43, 55, 62, 69, 71, 76, 104, 111, 158, 159, 198, 253, 331, 466, 491, 534, 618, 669, 748, 785, 813, 968]
RKP_01000_00100_2_01.txt|215.0|0.2037033000000008|[3, 7, 12, 13, 16, 21, 24, 41, 47, 73, 76, 132, 148, 183, 209, 264, 374, 375, 622]
RKP_01000_00100_2_02.txt|188.0|0.14160379999999861|[23, 63, 84, 100, 166, 177, 202, 375, 376, 385, 517, 547, 782, 901, 954]
RKP_01000_00100_2_03.txt|250.0|0.1372876999999999|[5, 55, 58, 84, 87, 97, 123, 141, 171, 187, 225, 256, 264, 266, 330, 335, 340, 376, 404, 416, 417, 642, 746, 897]
RKP_01000_00100_2_04.txt|223.0|0.13892340000000125|[1, 9, 21, 24, 35, 37, 60, 77, 94, 106, 123, 158, 244, 443, 553]
RKP_01000_00100_2_05.txt|212.0|0.1301085000000004|[7, 42, 73, 84, 98, 152, 222, 237, 299, 339, 380, 420, 428, 447, 462, 501, 545, 547, 742]
RKP_01000_00100_2_06.txt|245.0|0.14629200000000075|[1, 6, 16, 33, 52, 115, 122, 138, 152, 154, 255, 259, 276, 297, 537, 590, 602, 647, 805, 827, 858, 876]
RKP_01000_00100_2_07.txt|208.0|0.14192610000000094|[2, 7, 18, 47, 81, 173, 208, 271, 284, 337, 396, 405, 433, 457, 531, 689, 731, 796]
RKP_01000_00100_2_08.txt|208.0|0.16249499999999983|[1, 3, 7, 9, 10, 16, 26, 39, 44, 121, 129, 141, 160, 198, 549, 573, 609, 661, 862, 940]
RKP_01000_00100_2_09.txt|222.0|0.1454550000000001|[9, 13, 18, 30, 31, 65, 109, 127, 148, 191, 205, 328, 382, 417, 436, 904, 982]
RKP_01000_00100_2_10.txt|218.0|0.14084300000000027|[1, 5, 15, 55, 56, 67, 89, 155, 163, 164, 191, 252, 309, 341, 402, 521, 548, 571, 755]
RKP_01000_00100_3_01.txt|377.0|0.13779990000000097|[1, 11, 15, 32, 49, 51, 55, 65, 83, 94, 118, 119, 133, 186, 208, 249, 294, 337, 351, 441, 456, 464, 537, 565, 659, 704, 740, 763, 795, 857, 959]
RKP_01000_00100_3_02.txt|353.0|0.14387100000000075|[3, 4, 8, 9, 18, 19, 25, 31, 35, 37, 69, 79, 94, 120, 137, 138, 176, 178, 207, 249, 295, 300, 318, 386, 533, 644, 654, 891]
RKP_01000_00100_3_03.txt|408.0|0.12808129999999984|[1, 3, 5, 13, 17, 22, 28, 31, 46, 54, 74, 84, 93, 99, 143, 170, 181, 204, 222, 270, 321, 325, 378, 431, 530, 580, 625, 652, 692, 720, 738, 809, 836]
RKP_01000_00100_3_04.txt|364.0|0.12822770000000006|[1, 3, 4, 5, 6, 9, 16, 32, 42, 44, 50, 58, 65, 142, 149, 186, 235, 271, 274, 277, 305, 389, 404, 449, 558, 639, 645, 740, 786]
RKP_01000_00100_3_05.txt|326.0|0.14425940000000104|[2, 5, 12, 23, 24, 29, 46, 57, 85, 108, 117, 128, 144, 145, 163, 172, 183, 315, 370, 460, 550, 630, 661, 778, 876]
RKP_01000_00100_3_06.txt|330.0|0.15466789999999975|[1, 5, 6, 7, 12, 13, 14, 15, 16, 22, 36, 37, 112, 146, 204, 217, 224, 237, 242, 249, 347, 471, 485, 543, 886, 970]
RKP_01000_00100_3_07.txt|392.0|0.12816390000000055|[4, 5, 6, 12, 16, 17, 20, 23, 27, 31, 38, 53, 56, 96, 112, 129, 169, 190, 204, 231, 255, 337, 342, 407, 433, 591, 605, 695, 750, 822, 867, 888]
RKP_01000_00100_3_08.txt|321.0|0.1451829|[1, 2, 11, 23, 35, 53, 71, 87, 89, 97, 129, 131, 152, 179, 198, 233, 252, 257, 266, 292, 303, 340, 636, 667, 703]
RKP_01000_00100_3_09.txt|321.0|0.1301521000000001|[1, 10, 12, 17, 23, 83, 141, 211, 216, 257, 318, 385, 403, 480, 563, 578, 607, 647, 662, 758, 814, 864, 871, 930]
RKP_01000_00100_3_10.txt|404.0|0.12987450000000145|[1, 2, 9, 10, 12, 18, 22, 26, 35, 37, 46, 61, 72, 104, 106, 113, 122, 156, 169, 245, 264, 314, 334, 431, 436, 439, 467, 524, 632, 677, 764, 799]
RKP_01000_00100_4_01.txt|100.0|0.10102999999999973|[882]
RKP_01000_00100_4_02.txt|99.0|0.09699749999999874|[968]
RKP_01000_00100_4_03.txt|100.0|0.09769469999999991|[966]
RKP_01000_00100_4_04.txt|100.0|0.10026460000000093|[886]
RKP_01000_00100_4_05.txt|100.0|0.09948130000000077|[872]
RKP_01000_00100_4_06.txt|99.0|0.09801050000000089|[920]
RKP_01000_00100_4_07.txt|99.0|0.09853179999999995|[994]
RKP_01000_00100_4_08.txt|100.0|0.0994211000000007|[867]
RKP_01000_00100_4_09.txt|99.0|0.09861450000000005|[851]
RKP_01000_00100_4_10.txt|100.0|0.09823429999999966|[942]
RKP_01000_00100_5_01.txt|100.0|0.0976012000000015|[237, 329]
RKP_01000_00100_5_02.txt|100.0|0.10958950000000023|[5, 193, 281, 383, 591, 847, 908]
RKP_01000_00100_5_03.txt|100.0|0.10270970000000013|[179, 277]
RKP_01000_00100_5_04.txt|100.0|0.13963719999999924|[103, 952]
RKP_01000_00100_5_05.txt|100.0|0.10922769999999993|[3, 104, 241, 396, 435]
RKP_01000_00100_5_06.txt|100.0|0.09876269999999998|[2, 91, 187, 201, 202, 262, 585, 914]
RKP_01000_00100_5_07.txt|100.0|0.09986529999999938|[1, 935]
RKP_01000_00100_5_08.txt|100.0|0.1001170000000009|[35, 154, 161, 956]
RKP_01000_00100_5_09.txt|100.0|0.10147330000000032|[61, 346, 961]
RKP_01000_00100_5_10.txt|100.0|0.10090740000000054|[1, 953]
RKP_05000_00100_1_01.txt|3609.0|0.6833719000000009|[1, 3, 4, 5, 8, 9, 20, 31, 33, 49, 51, 89, 99, 115, 116, 150, 198, 302, 465, 533, 540, 553, 589, 626, 642, 904, 1021, 1207, 1268, 1275, 1366, 1373, 1406, 1482, 1485, 1700, 1723, 1839, 2091, 2106, 2398, 2478, 2556, 3251, 3411, 3645, 3733, 4545]
RKP_05000_00100_1_02.txt|3462.0|0.6850708999999995|[1, 2, 16, 18, 31, 42, 60, 73, 83, 104, 130, 135, 171, 174, 235, 275, 277, 347, 350, 448, 463, 497, 501, 716, 892, 1201, 1210, 1236, 1821, 2337, 2586, 2669, 2939, 3013, 3107, 3176, 3415, 3648, 4066, 4311, 4318, 4324, 4439, 4651]
RKP_05000_00100_1_03.txt|3530.0|0.7337802000000018|[1, 2, 5, 6, 10, 22, 26, 27, 52, 81, 136, 148, 193, 207, 219, 350, 591, 929, 961, 1020, 1069, 1154, 1171, 1179, 1283, 1355, 1417, 1588, 1634, 1784, 1880, 1958, 2096, 2442, 2646, 2797, 2992, 3127, 3261, 3382, 3471, 3686, 4053, 4396, 4798]
RKP_05000_00100_1_04.txt|3314.0|0.7336300999999992|[2, 5, 7, 10, 23, 38, 41, 69, 78, 135, 142, 147, 205, 378, 416, 444, 455, 557, 593, 709, 713, 795, 979, 1048, 1521, 1931, 1998, 2030, 2255, 2304, 2528, 2565, 2594, 2831, 2859, 3006, 3064, 3198, 3225, 3336, 3474, 3644, 4280, 4320, 4470, 4914]
RKP_05000_00100_1_05.txt|3020.0|0.7797169000000004|[2, 4, 8, 16, 20, 30, 33, 38, 53, 60, 64, 77, 101, 119, 158, 174, 209, 288, 306, 427, 541, 542, 644, 1169, 1283, 1309, 1432, 1433, 1510, 1759, 1818, 2089, 2097, 2447, 2549, 2850, 2995, 3856, 4588, 4969]
RKP_05000_00100_1_06.txt|3253.0|0.6469193000000004|[9, 14, 18, 25, 41, 44, 45, 62, 73, 108, 115, 122, 131, 133, 139, 152, 171, 208, 219, 281, 329, 457, 569, 590, 645, 745, 747, 807, 860, 866, 896, 912, 1279, 1512, 1542, 1799, 2032, 2608, 3167, 3825, 4655]
RKP_05000_00100_1_07.txt|3579.0|0.7009243999999981|[1, 4, 5, 11, 13, 30, 32, 54, 55, 79, 90, 97, 115, 118, 124, 155, 180, 188, 197, 204, 219, 244, 451, 457, 582, 646, 811, 876, 880, 931, 991, 1149, 1222, 1401, 1437, 1674, 1687, 1758, 1762, 2037, 2085, 2207, 2591, 2883, 3111, 3320, 3419, 3473]
RKP_05000_00100_1_08.txt|3204.0|0.6912890999999988|[1, 6, 25, 52, 54, 82, 148, 154, 186, 234, 264, 266, 275, 276, 288, 300, 441, 502, 687, 779, 816, 820, 865, 906, 985, 1079, 1267, 1318, 1337, 1717, 1984, 2054, 2248, 2399, 2845, 2994, 3137, 3259, 3271, 3876, 4344, 4473, 4811]
RKP_05000_00100_1_09.txt|3068.0|0.7572322000000007|[3, 6, 10, 30, 90, 121, 178, 179, 270, 325, 410, 445, 463, 559, 729, 786, 802, 816, 845, 913, 1184, 1260, 1363, 1441, 1545, 1736, 1945, 2549, 2596, 2807, 2965, 3051, 3200, 3697, 3759, 4135, 4156, 4341, 4424]
RKP_05000_00100_1_10.txt|3301.0|0.6632009999999973|[2, 25, 26, 43, 48, 60, 79, 83, 111, 143, 175, 176, 189, 230, 235, 272, 321, 352, 429, 437, 482, 564, 780, 795, 930, 952, 1091, 1342, 1350, 1395, 1422, 1804, 2061, 2616, 2958, 3065, 3086, 3176, 3373, 3390, 4369, 4572, 4813, 4883]
RKP_05000_00100_2_01.txt|337.0|0.5617431999999987|[3, 36, 44, 77, 108, 110, 144, 273, 540, 551, 648, 746, 842, 848, 868, 1057, 1292, 1441, 1647, 1715, 1740, 1741, 1846, 1887, 2019, 2210, 2218, 2607, 2695, 2729, 2913, 3020, 3518, 4675]
RKP_05000_00100_2_02.txt|372.0|0.5523239999999987|[3, 4, 8, 10, 14, 29, 35, 73, 101, 144, 152, 275, 298, 407, 455, 532, 556, 578, 656, 677, 871, 929, 1014, 1178, 1493, 1570, 1674, 1770, 1793, 1838, 2263, 2320, 2360, 2707, 3238, 3640, 3654, 3917, 4063, 4347, 4958, 4978]
RKP_05000_00100_2_03.txt|343.0|0.5739309999999982|[4, 5, 7, 9, 17, 39, 157, 159, 185, 242, 388, 442, 710, 769, 798, 826, 840, 1122, 1184, 1234, 1390, 1463, 1469, 1867, 1925, 2550, 2844, 2982, 3332, 3367, 3625, 3969, 4547, 4655, 4806, 4989]
RKP_05000_00100_2_04.txt|345.0|0.5065615000000001|[1, 5, 10, 12, 13, 20, 35, 45, 54, 67, 168, 283, 291, 325, 340, 355, 387, 491, 506, 531, 674, 687, 917, 950, 1138, 1295, 1415, 1489, 1555, 1864, 2052, 2122, 2126, 2299, 3153, 3838, 4139]
RKP_05000_00100_2_05.txt|369.0|0.5158603999999976|[5, 10, 22, 34, 52, 69, 148, 274, 355, 434, 452, 473, 522, 693, 879, 942, 991, 1029, 1224, 1571, 1654, 1741, 1862, 2083, 2261, 2332, 2365, 2545, 2703, 2815, 3226, 3238, 3555, 3573, 3758, 3817]
RKP_05000_00100_2_06.txt|353.0|0.5386211999999979|[23, 33, 62, 135, 136, 170, 182, 291, 324, 326, 327, 367, 466, 702, 758, 816, 1025, 1109, 1193, 1208, 1288, 1394, 1433, 1581, 1917, 2044, 2118, 2148, 2322, 2408, 2422, 2453, 3347, 3682, 4405]
RKP_05000_00100_2_07.txt|343.0|0.5105994999999979|[1, 2, 3, 7, 43, 55, 58, 71, 79, 141, 180, 183, 235, 260, 261, 333, 345, 396, 409, 516, 595, 938, 1389, 1949, 2164, 2246, 2323, 2419, 2528, 2641, 2751, 3132, 3229, 3488, 3555, 4327]
RKP_05000_00100_2_08.txt|337.0|0.5241147999999995|[1, 2, 11, 14, 23, 24, 25, 41, 51, 98, 99, 152, 199, 291, 342, 464, 723, 745, 792, 869, 941, 953, 1005, 1204, 1330, 1387, 1492, 1581, 1617, 1638, 1700, 2068, 2149, 2584, 2831, 2915, 3421]
RKP_05000_00100_2_09.txt|381.0|0.5550361000000024|[5, 6, 18, 86, 88, 112, 142, 151, 175, 218, 293, 294, 315, 355, 362, 392, 420, 433, 537, 574, 846, 1008, 1149, 1331, 1335, 1338, 1607, 1611, 1873, 2179, 2318, 2352, 2365, 2520, 2692, 2953, 2989, 3113, 4070, 4778]
RKP_05000_00100_2_10.txt|350.0|0.48870349999999974|[9, 22, 48, 78, 93, 111, 113, 120, 136, 184, 250, 253, 275, 315, 373, 477, 502, 918, 978, 1313, 1547, 1608, 1773, 1932, 2283, 2318, 2345, 2435, 2728, 2755, 2768, 2802, 3005, 3300, 3321]
RKP_05000_00100_3_01.txt|582.0|0.4738498999999976|[1, 4, 5, 6, 8, 10, 11, 18, 26, 55, 83, 97, 109, 118, 135, 145, 224, 231, 288, 297, 312, 322, 334, 349, 413, 465, 471, 533, 588, 610, 692, 757, 1096, 1187, 1192, 1272, 1335, 1702, 1725, 1733, 1751, 1768, 2039, 2321, 2608, 2768, 3252, 3323, 3674, 3675, 3743]
RKP_05000_00100_3_02.txt|630.0|0.5053364000000009|[9, 38, 55, 74, 94, 98, 132, 135, 145, 203, 219, 254, 272, 280, 284, 301, 312, 313, 351, 355, 373, 415, 434, 453, 472, 512, 542, 554, 856, 863, 989, 1047, 1093, 1136, 1267, 1271, 1322, 1335, 1510, 1524, 1664, 1834, 1876, 2362, 2409, 2674, 2689, 2722, 2762, 2848, 2861, 3093, 3287, 3344, 3645, 4494, 4912]
RKP_05000_00100_3_03.txt|605.0|0.47195350000000147|[1, 5, 6, 18, 21, 24, 42, 52, 86, 129, 140, 159, 191, 192, 205, 258, 283, 341, 387, 403, 520, 656, 820, 901, 914, 945, 1058, 1109, 1226, 1256, 1304, 1305, 1347, 1487, 1525, 1558, 1712, 1847, 1888, 2079, 2351, 2793, 2858, 2962, 2984, 2989, 3115, 3260, 4254, 4440, 4520, 4528, 4874, 4968]
RKP_05000_00100_3_04.txt|612.0|0.4733411000000025|[1, 2, 3, 5, 9, 11, 16, 48, 56, 59, 100, 103, 118, 220, 227, 232, 282, 320, 325, 365, 375, 403, 446, 473, 607, 708, 770, 808, 898, 984, 1024, 1182, 1227, 1338, 1433, 1455, 1570, 1757, 1788, 1817, 2156, 2274, 2340, 2386, 2600, 2634, 2810, 3111, 3384, 3639, 3697, 3783, 4136, 4996]
RKP_05000_00100_3_05.txt|577.0|0.5162647000000007|[3, 7, 32, 52, 79, 109, 230, 235, 292, 295, 304, 362, 435, 480, 485, 542, 573, 638, 656, 669, 777, 891, 905, 909, 936, 950, 973, 1006, 1086, 1526, 1668, 1760, 1780, 1810, 2040, 2337, 2456, 2596, 2671, 2714, 2928, 3114, 3135, 3391, 4063, 4073, 4074, 4118, 4398, 4423]
RKP_05000_00100_3_06.txt|591.0|0.48811759999999893|[1, 3, 15, 26, 29, 32, 35, 58, 79, 104, 157, 179, 203, 221, 244, 290, 435, 440, 551, 564, 638, 700, 755, 796, 899, 956, 1046, 1148, 1376, 1451, 1477, 1657, 1735, 1775, 1854, 1860, 1884, 2159, 2205, 2299, 2412, 2457, 2528, 2710, 2738, 2878, 2889, 2978, 3082, 3943, 3996, 4211]
RKP_05000_00100_3_07.txt|616.0|0.5040005000000001|[2, 10, 14, 16, 20, 77, 89, 93, 98, 99, 178, 189, 304, 356, 362, 372, 495, 500, 507, 523, 526, 549, 550, 699, 729, 750, 799, 812, 817, 859, 883, 890, 980, 1030, 1095, 1109, 1453, 1615, 1663, 1833, 1892, 1960, 2113, 2169, 2510, 2632, 2667, 2701, 2869, 3232, 3416, 3509, 3596, 3653, 4835]
RKP_05000_00100_3_08.txt|628.0|0.47641750000000016|[1, 5, 13, 24, 28, 89, 92, 97, 99, 100, 108, 129, 169, 215, 227, 238, 309, 328, 343, 426, 428, 484, 515, 525, 602, 645, 685, 969, 1017, 1027, 1076, 1208, 1228, 1238, 1240, 1355, 1478, 1517, 1589, 1914, 2084, 2313, 2465, 2702, 3001, 3330, 3335, 3410, 3476, 3642, 3716, 3794, 3821, 4035, 4353]
RKP_05000_00100_3_09.txt|607.0|0.4940384000000009|[4, 18, 24, 55, 63, 94, 111, 137, 154, 217, 262, 271, 288, 307, 424, 447, 466, 600, 610, 636, 662, 696, 754, 789, 827, 839, 882, 986, 1004, 1161, 1517, 1532, 1558, 1683, 1715, 2033, 2048, 2227, 2372, 2453, 2579, 2595, 2846, 2897, 2925, 3120, 3500, 3603, 3727, 4097, 4348, 4681, 4813, 4948]
RKP_05000_00100_3_10.txt|633.0|0.5432968999999979|[2, 8, 11, 19, 47, 52, 57, 63, 119, 142, 173, 211, 236, 252, 283, 336, 438, 526, 540, 627, 659, 666, 685, 775, 787, 860, 881, 1075, 1111, 1166, 1396, 1419, 1426, 1430, 1457, 1463, 1547, 1639, 1946, 2181, 2195, 2235, 2244, 2312, 2477, 2816, 2858, 2929, 2988, 2990, 3361, 3415, 3869, 4016, 4448, 4628]
RKP_05000_00100_4_01.txt|100.0|0.45099339999999444|[4860]
RKP_05000_00100_4_02.txt|100.0|0.4655721000000028|[4822]
RKP_05000_00100_4_03.txt|100.0|0.4669883999999982|[4853]
RKP_05000_00100_4_04.txt|100.0|0.4602251000000024|[4793]
RKP_05000_00100_4_05.txt|100.0|0.45924300000000073|[4828]
RKP_05000_00100_4_06.txt|100.0|0.4927980999999946|[4918]
RKP_05000_00100_4_07.txt|100.0|0.4764608999999993|[4848]
RKP_05000_00100_4_08.txt|100.0|0.4708383999999981|[4860]
RKP_05000_00100_4_09.txt|100.0|0.4454443999999995|[4881]
RKP_05000_00100_4_10.txt|100.0|0.443207000000001|[4840]
RKP_05000_00100_5_01.txt|100.0|0.5040264000000008|[492, 647, 1696]
RKP_05000_00100_5_02.txt|100.0|0.4541363000000018|[310, 768, 909, 1025, 1721, 2000]
RKP_05000_00100_5_03.txt|100.0|0.4598391000000035|[249, 319, 344, 360, 556, 572, 644, 867, 1021, 2029, 2740, 4228]
RKP_05000_00100_5_04.txt|100.0|0.48144820000000266|[23, 98, 154, 461, 586, 1088, 1182, 1635, 1706, 2841]
RKP_05000_00100_5_05.txt|100.0|0.44486100000000306|[178, 294, 351, 696, 1692, 1833, 2323, 4561]
RKP_05000_00100_5_06.txt|100.0|0.48023369999999943|[334, 568, 1294, 2323]
RKP_05000_00100_5_07.txt|100.0|0.507559900000004|[1071, 1238, 1626]
RKP_05000_00100_5_08.txt|100.0|0.46192549999999954|[60, 91, 346, 683, 716, 986, 1039, 2614]
RKP_05000_00100_5_09.txt|100.0|0.48167430000000167|[62, 72, 113, 528, 940, 2447, 3074]
RKP_05000_00100_5_10.txt|100.0|0.45134309999999545|[10, 105, 185, 452, 4518, 4575]
RKP_05000_01000_1_01.txt|46775.0|0.7223140000000043|[1, 2, 8, 10, 13, 15, 16, 17, 18, 22, 23, 30, 53, 78, 86, 96, 151, 153, 164, 226, 271, 328, 334, 368, 379, 424, 491, 551, 700, 732, 751, 778, 800, 866, 921, 969, 974, 991, 1034, 1214, 1232, 1233, 1431, 1591, 1724, 1742, 1756, 1810, 1841, 1858, 1919, 1928, 1979, 2077, 2254, 2266, 2284, 2481, 2497, 2567, 2629, 2777, 2814, 3485, 3534, 3791, 3799, 4223, 4479, 4971]
RKP_05000_01000_1_02.txt|47326.0|0.772016200000003|[3, 7, 10, 17, 22, 36, 41, 65, 78, 89, 109, 155, 165, 207, 222, 235, 282, 304, 368, 406, 425, 464, 506, 539, 588, 622, 646, 675, 728, 837, 917, 918, 971, 988, 1055, 1205, 1261, 1337, 1403, 1414, 1455, 1590, 1677, 1860, 1999, 2011, 2041, 2379, 2594, 2745, 2769, 2800, 2825, 2832, 2973, 3053, 3349, 3565, 3668, 3875, 3957, 4414, 4489, 4961]
RKP_05000_01000_1_03.txt|42665.0|0.6948849999999993|[1, 4, 22, 24, 35, 62, 67, 72, 76, 94, 135, 165, 174, 176, 248, 254, 272, 339, 344, 400, 479, 513, 515, 533, 649, 852, 875, 882, 933, 940, 988, 1027, 1039, 1146, 1150, 1339, 1364, 1415, 1475, 1483, 1534, 1605, 1614, 1815, 1822, 1849, 1854, 1945, 2016, 2110, 2201, 2471, 2688, 3194, 3232, 3276, 3392, 3682, 3920, 4104, 4283]
RKP_05000_01000_1_04.txt|45231.0|0.6836154000000008|[1, 5, 7, 9, 10, 16, 33, 35, 49, 50, 52, 61, 64, 100, 114, 132, 135, 181, 189, 191, 223, 238, 318, 351, 378, 413, 482, 498, 533, 546, 594, 670, 683, 687, 716, 724, 794, 882, 952, 1107, 1142, 1174, 1218, 1275, 1311, 1450, 1546, 1916, 2023, 2047, 2060, 2269, 2320, 2470, 2580, 2649, 2922, 2999, 3023, 3051, 3055, 3926, 4232, 4277, 4397, 4624, 4775]
RKP_05000_01000_1_05.txt|44749.0|0.8053425000000018|[2, 4, 8, 9, 14, 16, 46, 49, 65, 67, 72, 91, 93, 94, 97, 119, 120, 132, 157, 168, 189, 254, 259, 267, 279, 330, 339, 352, 385, 430, 434, 467, 651, 667, 711, 816, 876, 985, 1012, 1023, 1093, 1142, 1155, 1162, 1227, 1316, 1320, 1411, 1418, 1588, 1606, 1607, 1649, 1708, 2069, 2256, 2271, 2397, 2547, 2740, 2786, 2834, 3067, 3468, 3542, 4053, 4096, 4118, 4385]
RKP_05000_01000_1_06.txt|41667.0|0.7802199999999999|[1, 2, 3, 6, 8, 9, 10, 15, 48, 51, 52, 80, 88, 90, 107, 122, 132, 150, 159, 174, 188, 217, 269, 284, 288, 292, 297, 336, 399, 498, 503, 594, 616, 637, 691, 697, 736, 894, 943, 998, 1097, 1145, 1242, 1368, 1511, 1530, 1662, 1689, 1720, 1879, 1910, 1916, 2012, 2028, 2050, 2195, 2517, 2857, 2865, 2967, 3076, 3109, 3846, 4196, 4603]
RKP_05000_01000_1_07.txt|39734.0|0.7508010999999968|[1, 2, 8, 15, 19, 21, 23, 38, 44, 46, 65, 77, 84, 91, 130, 153, 161, 188, 198, 204, 213, 226, 386, 488, 522, 523, 568, 569, 577, 616, 628, 637, 651, 753, 795, 957, 993, 1175, 1198, 1359, 1433, 1449, 1605, 1607, 1666, 1697, 1741, 1764, 1865, 1904, 2001, 2087, 2245, 2593, 2669, 3455, 4009, 4242]
RKP_05000_01000_1_08.txt|41132.0|0.7587170000000043|[1, 3, 7, 10, 15, 20, 24, 26, 36, 81, 89, 109, 115, 117, 140, 190, 207, 217, 235, 244, 257, 279, 419, 427, 430, 488, 527, 531, 575, 651, 670, 738, 785, 823, 890, 952, 1029, 1088, 1138, 1275, 1391, 1485, 1487, 1574, 2070, 2110, 2356, 2382, 2528, 2585, 2723, 2841, 3288, 3318, 3788, 3925, 3937, 4497]
RKP_05000_01000_1_09.txt|42973.0|0.761794100000003|[1, 2, 3, 4, 6, 7, 8, 17, 18, 27, 29, 32, 39, 47, 51, 73, 94, 104, 128, 157, 163, 190, 191, 364, 390, 397, 427, 499, 562, 563, 684, 883, 996, 998, 1242, 1362, 1366, 1401, 1434, 1481, 1554, 1579, 1679, 1714, 1761, 1788, 1854, 1950, 2121, 2328, 2364, 2381, 2651, 2845, 3179, 3245, 3332, 3644, 3707, 3744, 3964, 4115, 4400]
RKP_05000_01000_1_10.txt|48304.0|0.7118559999999974|[1, 2, 9, 11, 28, 33, 38, 43, 47, 49, 100, 103, 104, 124, 129, 180, 187, 198, 245, 261, 286, 359, 384, 417, 461, 472, 486, 495, 500, 528, 582, 634, 740, 785, 807, 839, 844, 888, 1044, 1076, 1095, 1175, 1253, 1284, 1313, 1361, 1413, 1430, 1479, 1554, 1640, 1644, 1680, 1686, 1914, 2153, 2184, 2216, 2309, 2544, 2608, 2671, 2698, 2753, 2867, 3137, 3309, 3836, 4698, 4815]
RKP_05000_01000_2_01.txt|3398.0|0.8166661999999931|[2, 28, 38, 88, 103, 153, 176, 253, 265, 339, 351, 352, 359, 395, 413, 483, 503, 541, 555, 724, 761, 803, 947, 951, 1100, 1173, 1473, 1641, 1730, 1844, 2000, 2047, 2057, 2351, 2400, 2569, 2671, 2708, 3060, 3919, 4001, 4166]
RKP_05000_01000_2_02.txt|3620.0|0.7989457999999985|[1, 2, 3, 44, 88, 94, 121, 214, 229, 279, 317, 340, 365, 462, 491, 545, 667, 862, 946, 964, 1045, 1068, 1189, 1284, 1294, 1318, 1503, 1577, 1693, 1856, 2213, 2259, 2308, 2581, 2682, 3024, 3711, 4017, 4784, 4977]
RKP_05000_01000_2_03.txt|3732.0|0.8736767000000043|[4, 6, 15, 18, 51, 69, 86, 118, 131, 171, 217, 235, 286, 305, 308, 465, 507, 655, 726, 858, 862, 942, 1002, 1354, 1483, 1672, 1684, 1958, 2182, 2340, 2421, 2468, 2601, 2617, 2930, 3180, 3351, 3406, 3416, 3540, 3938, 4964]
RKP_05000_01000_2_04.txt|3884.0|0.7544763999999944|[1, 3, 17, 20, 42, 54, 56, 63, 82, 124, 153, 163, 183, 302, 348, 371, 400, 509, 545, 585, 703, 758, 768, 916, 1065, 1086, 1672, 1740, 1906, 1989, 2237, 2242, 2245, 2249, 2408, 2518, 2928, 2989, 3429, 3498, 3530, 3767, 3872, 4424, 4454, 4833]
RKP_05000_01000_2_05.txt|3809.0|0.7769151000000036|[3, 4, 5, 8, 9, 12, 33, 34, 70, 80, 201, 204, 273, 360, 390, 420, 449, 453, 526, 541, 682, 734, 737, 775, 807, 876, 1064, 1132, 1158, 1256, 1269, 1625, 1680, 1789, 1925, 2008, 2513, 2637, 2834, 2943, 3321, 3464, 4215, 4333, 4485, 4632]
RKP_05000_01000_2_06.txt|3865.0|0.8178663000000057|[1, 2, 27, 30, 36, 61, 63, 85, 105, 106, 138, 184, 242, 252, 336, 344, 386, 403, 464, 473, 529, 672, 683, 707, 793, 862, 900, 925, 948, 1317, 1369, 1477, 1569, 1619, 1746, 1933, 1948, 1991, 2446, 2476, 2484, 2638, 3459, 4407, 4951]
RKP_05000_01000_2_07.txt|3982.0|0.7521098999999936|[1, 9, 11, 12, 59, 105, 157, 207, 212, 239, 257, 368, 420, 516, 747, 751, 759, 771, 772, 909, 1123, 1139, 1265, 1437, 1552, 1625, 1643, 1800, 1811, 1902, 2206, 2233, 2241, 2282, 2608, 3041, 3129, 3147, 3259, 3275, 3882, 3974, 4279, 4429, 4453, 4495]
RKP_05000_01000_2_08.txt|3941.0|0.8087680000000006|[4, 6, 17, 30, 44, 59, 78, 108, 114, 137, 213, 214, 236, 242, 264, 298, 312, 324, 371, 385, 573, 580, 658, 677, 720, 747, 846, 881, 972, 1016, 1067, 1184, 1499, 1783, 1865, 1924, 2133, 2231, 2399, 2941, 3148, 3191, 3385, 4129]
RKP_05000_01000_2_09.txt|3817.0|0.816488200000002|[3, 4, 10, 13, 15, 17, 22, 25, 28, 63, 77, 116, 128, 175, 270, 379, 408, 411, 536, 677, 709, 821, 847, 897, 997, 1132, 1226, 1556, 1583, 1587, 1627, 1786, 1967, 1992, 2037, 2094, 2140, 2317, 2599, 2637, 2750, 2789, 2887, 3297, 3478, 4691]
RKP_05000_01000_2_10.txt|3417.0|0.8357249999999965|[9, 18, 19, 25, 33, 36, 55, 99, 137, 149, 191, 206, 227, 294, 337, 351, 420, 708, 749, 855, 922, 1175, 1328, 1494, 1502, 1619, 1686, 1926, 2034, 2175, 2297, 2318, 2998, 3584, 3629, 3712, 3888, 4015, 4084, 4267]
RKP_05000_01000_3_01.txt|7757.0|0.6172323999999989|[1, 10, 13, 21, 23, 27, 34, 37, 40, 46, 47, 72, 77, 97, 108, 112, 114, 119, 140, 141, 150, 176, 204, 207, 237, 276, 284, 326, 372, 384, 429, 455, 527, 539, 550, 560, 562, 688, 728, 917, 996, 1038, 1081, 1139, 1198, 1365, 1369, 1382, 1600, 1615, 1698, 1779, 1894, 1958, 2056, 2178, 2241, 2250, 2416, 2429, 2461, 2640, 2748, 2783, 2851, 2874, 3246, 3421, 3545, 4452]
RKP_05000_01000_3_02.txt|8100.0|0.6429432999999989|[1, 2, 13, 25, 28, 33, 39, 40, 60, 77, 90, 107, 129, 140, 169, 209, 214, 230, 235, 304, 305, 379, 425, 436, 445, 446, 509, 522, 542, 552, 562, 606, 609, 730, 843, 849, 878, 883, 892, 1020, 1041, 1046, 1087, 1117, 1161, 1436, 1486, 1488, 1499, 1518, 1885, 1908, 2067, 2113, 2215, 2330, 2425, 2667, 2704, 2772, 2853, 2978, 2989, 2998, 3041, 3308, 3393, 3546, 3750, 3817, 3832, 4134, 4507, 4719]
RKP_05000_01000_3_03.txt|8503.0|0.5933603000000005|[1, 2, 3, 4, 5, 6, 10, 11, 22, 26, 36, 38, 129, 156, 158, 163, 199, 215, 239, 246, 280, 286, 330, 339, 360, 399, 411, 439, 465, 568, 592, 609, 621, 652, 709, 710, 763, 794, 856, 879, 881, 896, 975, 989, 1022, 1041, 1043, 1102, 1164, 1498, 1559, 1597, 1605, 1663, 2034, 2202, 2280, 2319, 2386, 2439, 2529, 2957, 3166, 3239, 3273, 3477, 3545, 3674, 3848, 3910, 4041, 4215, 4329, 4447, 4529, 4671, 4695, 4813]
RKP_05000_01000_3_04.txt|8758.0|0.569094800000002|[1, 4, 5, 6, 7, 9, 16, 18, 25, 27, 29, 35, 45, 50, 58, 63, 70, 109, 111, 132, 142, 144, 175, 198, 206, 261, 270, 277, 306, 321, 337, 360, 362, 400, 448, 489, 495, 548, 574, 610, 619, 657, 680, 709, 769, 835, 864, 989, 1049, 1064, 1080, 1226, 1276, 1296, 1396, 1557, 1786, 1801, 1872, 1912, 2150, 2372, 2516, 2541, 2568, 2575, 2601, 2747, 2865, 2868, 2871, 3197, 3310, 3330, 3448, 3523, 4042, 4440, 4880, 4935]
RKP_05000_01000_3_05.txt|8060.0|0.627988099999996|[1, 3, 7, 11, 16, 19, 24, 25, 26, 29, 32, 34, 37, 48, 49, 143, 162, 172, 184, 219, 256, 283, 285, 344, 372, 386, 501, 513, 555, 620, 638, 658, 748, 790, 814, 985, 1044, 1060, 1069, 1090, 1305, 1500, 1502, 1516, 1541, 1552, 1588, 1619, 1759, 1859, 1909, 1917, 1979, 2123, 2298, 2381, 2460, 2615, 2634, 2744, 2920, 2970, 3106, 3167, 3258, 3439, 3440, 3469, 3558, 3584, 3635, 4338, 4357]
RKP_05000_01000_3_06.txt|8546.0|0.5856606000000042|[1, 3, 4, 6, 7, 12, 37, 41, 45, 46, 55, 76, 82, 84, 85, 87, 88, 94, 106, 119, 206, 213, 227, 265, 276, 286, 287, 288, 368, 431, 469, 488, 528, 573, 603, 623, 665, 734, 756, 760, 767, 801, 813, 889, 931, 946, 1030, 1035, 1119, 1212, 1359, 1466, 1522, 1551, 1610, 1833, 1917, 1978, 1991, 2026, 2251, 2442, 2623, 2741, 2756, 2799, 3214, 3239, 3324, 3433, 3533, 4000, 4258, 4315, 4322, 4424, 4808, 4911]
RKP_05000_01000_3_07.txt|8193.0|0.6572530000000043|[2, 11, 13, 18, 36, 60, 73, 75, 76, 79, 80, 84, 93, 94, 100, 113, 125, 214, 216, 218, 220, 251, 291, 293, 295, 319, 360, 398, 413, 417, 427, 477, 487, 527, 539, 593, 707, 762, 827, 849, 870, 883, 884, 891, 896, 919, 975, 1003, 1055, 1123, 1144, 1179, 1470, 1709, 1783, 1789, 1792, 1825, 1998, 2357, 2360, 2381, 2448, 2587, 2716, 2900, 2966, 3085, 3146, 3438, 3628, 3731, 3854, 4131, 4233]
RKP_05000_01000_3_08.txt|8478.99999999862|0.6730917000000005|[4, 14, 20, 26, 28, 59, 77, 80, 118, 126, 134, 152, 154, 213, 217, 226, 244, 250, 260, 270, 279, 295, 301, 331, 359, 394, 460, 474, 489, 525, 556, 654, 660, 675, 686, 707, 771, 883, 901, 911, 953, 1009, 1036, 1040, 1117, 1135, 1159, 1273, 1342, 1364, 1395, 1513, 1588, 1729, 1733, 1967, 1970, 1976, 2019, 2088, 2236, 2364, 2402, 2484, 2858, 2977, 3017, 3087, 3214, 3237, 3557, 3571, 3808, 4022, 4192, 4463, 4467, 4767]
RKP_05000_01000_3_09.txt|7914.0000000000155|0.6740358999999998|[7, 9, 13, 14, 18, 27, 46, 51, 57, 73, 87, 100, 106, 136, 140, 152, 196, 242, 252, 281, 310, 354, 376, 384, 412, 453, 462, 492, 516, 556, 655, 661, 664, 671, 673, 751, 760, 786, 830, 852, 921, 1104, 1148, 1153, 1189, 1313, 1322, 1468, 1471, 1488, 1728, 1978, 2024, 2051, 2055, 2399, 2401, 2486, 2497, 2511, 2621, 2657, 3020, 3256, 3392, 3443, 3538, 3572, 3618, 3868, 4136, 4292]
RKP_05000_01000_3_10.txt|8624.0|0.6440711999999991|[1, 2, 3, 6, 8, 14, 16, 25, 33, 50, 52, 62, 66, 69, 83, 89, 112, 119, 145, 149, 159, 196, 219, 223, 235, 270, 287, 342, 369, 393, 400, 413, 434, 445, 490, 692, 789, 808, 811, 833, 876, 907, 944, 1019, 1093, 1125, 1184, 1279, 1329, 1498, 1530, 1621, 1785, 1847, 1854, 2139, 2189, 2224, 2322, 2611, 2749, 2764, 2813, 2894, 2915, 2940, 3127, 3150, 3234, 3240, 3251, 3435, 3589, 4052, 4227, 4466, 4631, 4747, 4788]
RKP_05000_01000_4_01.txt|999.0|0.512498800000003|[4453]
RKP_05000_01000_4_02.txt|999.0|0.5100527000000028|[4930]
RKP_05000_01000_4_03.txt|999.0|0.5881610999999936|[4802]
RKP_05000_01000_4_04.txt|999.0|0.5218617999999964|[4969]
RKP_05000_01000_4_05.txt|1000.0|0.5178312999999974|[4606]
RKP_05000_01000_4_06.txt|1000.0|0.5487475000000046|[4950]
RKP_05000_01000_4_07.txt|997.0|0.5128355000000084|[4581]
RKP_05000_01000_4_08.txt|1000.0|0.5460154000000017|[4472]
RKP_05000_01000_4_09.txt|1000.0|0.5076171999999985|[4992]
RKP_05000_01000_4_10.txt|1000.0|0.5174392999999924|[4889]
RKP_05000_01000_5_01.txt|1000.0|0.6060669999999959|[966, 977, 1403, 1712, 2483]
RKP_05000_01000_5_02.txt|1000.0|0.558887900000002|[4982]
RKP_05000_01000_5_03.txt|1000.0|0.5418626000000017|[33, 100, 108, 118, 184, 406, 724, 790, 940, 2571]
RKP_05000_01000_5_04.txt|1000.0|0.5824491000000052|[1153, 1240, 2078, 2580]
RKP_05000_01000_5_05.txt|1000.0|0.5668763000000041|[4969]
RKP_05000_01000_5_06.txt|1000.0|0.547438800000009|[4987]
RKP_05000_01000_5_07.txt|1000.0|0.5916452000000021|[587, 971, 1004, 1254, 2323]
RKP_05000_01000_5_08.txt|1000.0|0.5418360000000035|[6, 164, 657, 942, 1000, 1092, 1224, 2025, 3318, 3812, 4841]
RKP_05000_01000_5_09.txt|1000.0|0.590198700000002|[14, 1001, 1447, 1511]
RKP_05000_01000_5_10.txt|1000.0|0.5379517000000078|[1, 10, 830, 959, 1048, 2950, 3217]
RKP_05000_05000_1_01.txt|209909.0|0.7708035999999936|[2, 3, 8, 21, 36, 41, 47, 50, 74, 75, 78, 100, 127, 134, 137, 149, 168, 174, 226, 239, 254, 255, 263, 274, 279, 358, 363, 477, 496, 498, 562, 688, 747, 826, 940, 1083, 1200, 1201, 1231, 1246, 1247, 1260, 1416, 1437, 1543, 1595, 1617, 1643, 1674, 1850, 1939, 1999, 2195, 2321, 2685, 2687, 2945, 2997, 3721, 4810]
RKP_05000_05000_1_02.txt|257183.0|0.7184744999999992|[1, 2, 3, 4, 8, 10, 18, 21, 24, 45, 55, 57, 59, 104, 113, 117, 235, 238, 240, 269, 297, 310, 334, 361, 378, 396, 444, 470, 474, 537, 712, 785, 787, 805, 857, 876, 903, 1005, 1041, 1044, 1089, 1107, 1115, 1152, 1374, 1379, 1428, 1459, 1556, 1786, 1855, 2066, 2089, 2174, 2177, 2313, 2322, 2403, 2501, 2667, 2706, 2783, 3042, 3059, 3588, 3696, 3754, 3842, 3921, 3940, 4197, 4402, 4832]
RKP_05000_05000_1_03.txt|239113.0|0.7078955000000065|[1, 2, 7, 18, 25, 39, 46, 62, 69, 78, 80, 86, 110, 115, 133, 231, 233, 249, 297, 318, 339, 393, 399, 426, 435, 451, 481, 482, 557, 582, 586, 645, 811, 908, 1098, 1099, 1115, 1212, 1261, 1265, 1290, 1309, 1374, 1414, 1441, 1477, 1594, 1728, 1775, 2124, 2264, 2438, 2615, 2630, 2760, 2859, 2943, 3154, 3247, 3326, 3414, 3417, 3443, 3490, 3493, 4284, 4374, 4414]
RKP_05000_05000_1_04.txt|246133.0|0.9503411999999969|[1, 3, 5, 9, 18, 25, 34, 48, 68, 75, 76, 81, 85, 90, 96, 105, 145, 148, 189, 222, 226, 240, 291, 318, 332, 368, 376, 390, 408, 422, 484, 502, 557, 559, 675, 710, 787, 809, 814, 831, 1072, 1389, 1417, 1418, 1677, 1753, 1758, 1859, 1938, 2003, 2017, 2036, 2051, 2061, 2328, 2372, 2543, 2581, 2584, 2813, 2991, 3305, 3547, 3651, 3802, 3813, 3850, 4172, 4260, 4668]
RKP_05000_05000_1_05.txt|242239.0|0.8603430000000003|[1, 2, 3, 8, 12, 20, 22, 31, 33, 38, 46, 55, 62, 127, 130, 143, 146, 153, 163, 210, 214, 227, 301, 348, 378, 403, 463, 555, 559, 575, 582, 694, 923, 950, 992, 1003, 1088, 1098, 1281, 1432, 1460, 1483, 1662, 1668, 1887, 1929, 1993, 2025, 2045, 2118, 2138, 2309, 2352, 2411, 2427, 2467, 2579, 2639, 2657, 2761, 2804, 3024, 3175, 3186, 3722, 4170, 4208, 4354, 4789, 4846]
RKP_05000_05000_1_06.txt|224378.0|0.7478095999999965|[2, 18, 23, 40, 43, 66, 71, 82, 87, 113, 120, 236, 243, 274, 333, 338, 347, 363, 378, 396, 407, 514, 581, 608, 613, 621, 649, 651, 693, 707, 715, 813, 825, 850, 925, 956, 1041, 1054, 1065, 1154, 1227, 1280, 1305, 1308, 1371, 1730, 1927, 1981, 2003, 2048, 2132, 2204, 2210, 2309, 2509, 2640, 2701, 2729, 3233, 3361, 3613, 3978, 4076, 4540, 4561, 4692]
RKP_05000_05000_1_07.txt|215228.0|0.6789543000000009|[1, 2, 3, 4, 6, 7, 8, 15, 17, 23, 28, 29, 30, 31, 44, 83, 137, 153, 175, 182, 190, 233, 248, 249, 287, 294, 303, 332, 380, 381, 415, 457, 478, 507, 529, 536, 575, 730, 739, 745, 768, 785, 829, 864, 1019, 1228, 1263, 1267, 1315, 1406, 1520, 1616, 1820, 1849, 1894, 1897, 2529, 2688, 2725, 2854, 2937, 3045, 4149, 4260, 4664, 4751]
RKP_05000_05000_1_08.txt|220040.0|0.8108586000000031|[1, 2, 3, 4, 7, 16, 30, 38, 91, 95, 97, 122, 124, 140, 147, 156, 164, 171, 192, 232, 253, 280, 342, 371, 451, 471, 523, 560, 596, 669, 674, 706, 836, 902, 984, 1167, 1179, 1247, 1421, 1439, 1546, 1549, 1562, 1737, 1941, 2047, 2100, 2285, 2312, 2428, 2525, 2536, 2600, 2805, 2813, 3166, 3599, 3666, 3744, 3833, 3998, 4080, 4195, 4199, 4527, 4934]
RKP_05000_05000_1_09.txt|231995.0|0.8383450000000039|[1, 3, 5, 6, 27, 42, 43, 55, 66, 77, 113, 139, 156, 160, 170, 196, 221, 234, 243, 299, 325, 339, 380, 404, 438, 448, 460, 537, 542, 565, 632, 642, 682, 701, 820, 847, 871, 921, 1006, 1082, 1114, 1227, 1245, 1254, 1269, 1314, 1350, 1416, 1458, 1546, 1592, 1635, 1695, 1808, 1917, 2143, 2400, 2437, 2450, 2497, 2554, 2557, 2593, 2636, 2834, 3197, 4248, 4486, 4489, 4615, 4830]
RKP_05000_05000_1_10.txt|196260.0|0.7280427999999972|[7, 38, 70, 92, 144, 153, 185, 259, 286, 380, 414, 467, 470, 472, 659, 746, 756, 803, 813, 852, 863, 909, 959, 978, 981, 1209, 1304, 1402, 1504, 1609, 1652, 1725, 1750, 1766, 1861, 1930, 2050, 2151, 2281, 2500, 2504, 2580, 2608, 2629, 2641, 2821, 2870, 3067, 3078, 3101, 3198, 3261, 3450, 3728, 4380, 4532]
RKP_05000_05000_2_01.txt|17333.0|0.9506554999999963|[5, 18, 20, 49, 81, 93, 235, 279, 283, 293, 411, 475, 515, 668, 748, 866, 937, 953, 986, 1045, 1059, 1292, 1308, 1367, 1505, 1533, 1665, 2030, 2191, 2236, 2251, 2796, 2937, 3403, 3722, 3808, 4833, 4844]
RKP_05000_05000_2_02.txt|17846.0|0.7771568000000002|[14, 15, 56, 77, 79, 161, 208, 220, 276, 485, 530, 563, 582, 707, 710, 997, 1058, 1069, 1172, 1649, 1867, 2069, 2162, 2244, 2429, 3100, 3164, 3515, 3641, 3678, 3688, 3796, 3984, 4007, 4262, 4266]
RKP_05000_05000_2_03.txt|15700.0|0.8457623999999981|[1, 4, 21, 34, 40, 44, 64, 111, 146, 177, 187, 317, 375, 394, 441, 477, 502, 583, 586, 746, 812, 983, 1205, 1207, 1212, 1269, 1422, 1429, 1432, 2272, 2767, 3090, 3428, 3630, 3839, 3957, 4235, 4565]
RKP_05000_05000_2_04.txt|21234.0|0.8309921999999972|[1, 2, 3, 4, 21, 23, 34, 37, 47, 49, 71, 78, 86, 115, 122, 126, 131, 147, 165, 187, 238, 291, 307, 322, 346, 372, 406, 455, 491, 554, 583, 625, 637, 655, 769, 832, 893, 1124, 1223, 1329, 1335, 1412, 1508, 1586, 1606, 2282, 2308, 2343, 2382, 2632, 2705, 2773, 3257]
RKP_05000_05000_2_05.txt|18192.0|0.9086395000000067|[4, 5, 12, 13, 34, 36, 70, 103, 111, 113, 128, 142, 163, 167, 220, 317, 350, 481, 501, 513, 595, 606, 858, 932, 1011, 1022, 1103, 1153, 1219, 1232, 1260, 1588, 1768, 1813, 2569, 2694, 3604, 3623, 4048, 4092, 4182, 4330, 4902]
RKP_05000_05000_2_06.txt|15513.0|0.8928295000000048|[8, 30, 117, 136, 193, 303, 352, 373, 411, 437, 449, 574, 629, 637, 731, 748, 832, 857, 872, 912, 1070, 1073, 1461, 1542, 1807, 2245, 2357, 2900, 3064, 3174, 3580, 3764, 4111, 4215]
RKP_05000_05000_2_07.txt|18371.0|0.7772441000000043|[17, 20, 23, 24, 30, 36, 75, 98, 129, 152, 199, 411, 421, 624, 667, 725, 781, 850, 903, 926, 932, 989, 1049, 1115, 1137, 1326, 1435, 1438, 1460, 1581, 1730, 1734, 1819, 1988, 2045, 2118, 2838, 3396, 3704, 3935, 3995, 4066, 4239, 4779, 4811]
RKP_05000_05000_2_08.txt|19239.0|0.8672659000000067|[2, 17, 34, 116, 155, 179, 226, 242, 245, 274, 286, 332, 449, 551, 603, 659, 724, 746, 760, 811, 818, 853, 899, 919, 953, 1239, 1262, 1473, 1520, 1597, 1692, 1834, 1835, 2024, 2350, 2598, 2692, 2906, 3119, 3335, 3356, 3438, 3617, 3691, 3856, 4071]
RKP_05000_05000_2_09.txt|21251.0|0.8238131999999894|[1, 2, 3, 7, 36, 44, 60, 61, 68, 82, 83, 84, 105, 128, 129, 157, 164, 173, 180, 184, 327, 385, 394, 423, 519, 634, 681, 893, 899, 920, 973, 1086, 1090, 1179, 1184, 1213, 1231, 1308, 1378, 1478, 1482, 1771, 1802, 2129, 2551, 2555, 2889, 3192, 3741, 4702, 4959]
RKP_05000_05000_2_10.txt|17832.0|0.8509015000000062|[1, 2, 14, 23, 26, 42, 70, 82, 97, 134, 175, 185, 205, 222, 233, 261, 294, 311, 330, 351, 386, 452, 460, 465, 468, 557, 595, 666, 725, 798, 856, 899, 1136, 1620, 1908, 1960, 2524, 2556, 2594, 2605, 2854, 2884, 3467, 3568, 3618]
RKP_05000_05000_3_01.txt|42546.0|0.8812369999999987|[6, 9, 10, 16, 21, 39, 43, 45, 54, 55, 58, 79, 83, 88, 94, 106, 132, 137, 164, 179, 198, 210, 262, 284, 336, 449, 465, 499, 501, 510, 521, 528, 530, 563, 628, 638, 646, 712, 736, 760, 787, 800, 814, 870, 926, 1004, 1013, 1075, 1080, 1180, 1291, 1328, 1409, 1410, 1430, 1664, 1846, 1884, 1887, 2024, 2100, 2119, 2296, 2410, 2454, 2464, 2544, 2738, 2831, 2987, 3210, 3309, 3361, 3715, 4085, 4117, 4143]
RKP_05000_05000_3_02.txt|40183.0|0.9334805000000017|[1, 2, 9, 23, 25, 30, 32, 33, 38, 42, 50, 51, 58, 69, 92, 99, 107, 117, 133, 151, 155, 205, 217, 221, 303, 360, 364, 365, 407, 493, 507, 509, 597, 601, 738, 773, 885, 969, 970, 985, 1093, 1151, 1198, 1220, 1232, 1457, 1509, 1675, 1763, 1793, 1914, 2038, 2118, 2223, 2259, 2345, 2392, 2529, 2826, 3092, 3096, 3230, 3282, 3478, 3779, 3903, 3922, 4134, 4175, 4221, 4488, 4553, 4589]
RKP_05000_05000_3_03.txt|41975.99999999289|0.9025466999999878|[1, 2, 3, 4, 12, 13, 14, 15, 21, 25, 46, 47, 67, 79, 88, 90, 127, 185, 186, 194, 219, 223, 281, 323, 366, 433, 489, 523, 542, 636, 682, 763, 826, 856, 950, 963, 970, 1011, 1029, 1061, 1099, 1129, 1187, 1255, 1278, 1434, 1491, 1505, 1516, 1613, 1630, 1677, 1691, 1696, 1703, 1715, 1729, 1777, 1875, 1911, 1960, 2143, 2297, 2430, 2585, 2657, 2713, 2750, 3112, 3385, 3389, 3452, 3666, 3819, 3909, 4001, 4833]
RKP_05000_05000_3_04.txt|42110.0|0.86242510000001|[1, 4, 11, 12, 14, 21, 24, 27, 47, 51, 61, 71, 83, 93, 101, 102, 109, 118, 141, 155, 156, 173, 177, 183, 229, 236, 249, 256, 282, 304, 343, 404, 412, 454, 476, 479, 505, 585, 642, 779, 843, 868, 907, 922, 936, 965, 1033, 1208, 1276, 1564, 1589, 1800, 2146, 2312, 2428, 2441, 2561, 2704, 2727, 2854, 2915, 2979, 3065, 3143, 3391, 3454, 3543, 3625, 3841, 3856, 3870, 3872, 4104, 4107, 4170, 4678, 4924]
RKP_05000_05000_3_05.txt|39575.0|0.7934992999999935|[1, 2, 4, 5, 12, 13, 15, 20, 29, 34, 44, 50, 58, 70, 72, 75, 81, 97, 111, 115, 138, 139, 141, 150, 166, 186, 207, 259, 331, 349, 368, 372, 406, 503, 537, 542, 555, 606, 617, 628, 945, 958, 969, 984, 1010, 1044, 1220, 1506, 1519, 1623, 1640, 1664, 1680, 1696, 1758, 1771, 1843, 1951, 1982, 2428, 2606, 2910, 2994, 3138, 3285, 3442, 3566, 3664, 4138, 4267, 4618, 4707]
RKP_05000_05000_3_06.txt|39576.0|0.8482218999999986|[1, 2, 4, 6, 7, 8, 18, 22, 23, 28, 30, 43, 55, 78, 97, 115, 130, 148, 165, 234, 239, 242, 262, 276, 285, 313, 377, 382, 386, 396, 480, 607, 617, 645, 671, 737, 817, 839, 845, 924, 977, 985, 1005, 1087, 1115, 1123, 1191, 1215, 1678, 1989, 2100, 2115, 2161, 2169, 2300, 2334, 2338, 2537, 2697, 2702, 2724, 2793, 3065, 3251, 3441, 3448, 3468, 3690, 3871, 4180, 4300, 4610]
RKP_05000_05000_3_07.txt|39980.0|0.9376125999999942|[1, 2, 3, 4, 13, 14, 41, 46, 50, 82, 88, 119, 124, 143, 161, 217, 220, 224, 231, 232, 260, 283, 304, 348, 459, 462, 487, 490, 525, 609, 619, 652, 684, 717, 718, 739, 766, 796, 813, 817, 835, 866, 924, 1049, 1090, 1279, 1338, 1420, 1584, 1588, 1664, 1721, 1728, 1818, 1953, 1964, 2093, 2191, 2201, 2287, 2345, 2399, 2472, 2476, 2551, 2643, 2747, 2824, 3815, 3987, 4288, 4656]
RKP_05000_05000_3_08.txt|38755.0|0.9271874999999881|[1, 2, 4, 14, 16, 18, 22, 28, 38, 39, 43, 54, 63, 78, 110, 122, 128, 147, 150, 164, 191, 192, 205, 241, 248, 294, 351, 391, 430, 433, 524, 640, 702, 742, 752, 762, 782, 784, 857, 876, 938, 1042, 1104, 1105, 1145, 1262, 1311, 1371, 1405, 1450, 1613, 1778, 1833, 1969, 2221, 2250, 2393, 2413, 2446, 2528, 2636, 2750, 3102, 4022, 4469, 4474, 4731, 4789, 4805, 4834]
RKP_05000_05000_3_09.txt|41943.0|0.8609009999999984|[1, 4, 8, 10, 13, 17, 19, 25, 26, 42, 43, 75, 96, 111, 123, 133, 150, 184, 233, 252, 259, 313, 317, 338, 344, 345, 356, 387, 406, 413, 431, 520, 532, 533, 609, 629, 643, 660, 679, 767, 789, 814, 851, 877, 913, 929, 932, 1146, 1282, 1328, 1343, 1549, 1667, 1813, 1933, 1945, 2135, 2166, 2247, 2427, 2435, 2484, 2639, 2838, 2885, 2994, 3009, 3338, 3493, 3677, 3684, 4052, 4240, 4246, 4313, 4338, 4825]
RKP_05000_05000_3_10.txt|43363.0|0.8893449999999916|[1, 2, 3, 4, 9, 10, 13, 24, 26, 44, 48, 51, 59, 60, 77, 96, 110, 120, 137, 227, 248, 278, 306, 309, 313, 319, 394, 402, 405, 481, 490, 535, 576, 577, 607, 675, 716, 722, 952, 988, 1007, 1062, 1075, 1135, 1202, 1224, 1258, 1284, 1307, 1358, 1405, 1567, 1653, 1714, 1782, 1786, 1969, 1987, 2131, 2521, 2536, 2573, 2643, 2698, 2748, 2923, 2978, 3046, 3222, 3301, 3454, 3468, 3531, 3640, 3759, 3937, 4381, 4391, 4808]
RKP_05000_05000_4_01.txt|4999.0|0.6743901999999906|[4578]
RKP_05000_05000_4_02.txt|4999.0|0.644139899999999|[4975]
RKP_05000_05000_4_03.txt|4999.0|0.7053094000000044|[4885]
RKP_05000_05000_4_04.txt|5000.0|0.6585812999999945|[4597]
RKP_05000_05000_4_05.txt|4996.0|0.7032863999999961|[4685]
RKP_05000_05000_4_06.txt|4998.0|0.6856864999999885|[4744]
RKP_05000_05000_4_07.txt|5000.0|0.6784610999999927|[4778]
RKP_05000_05000_4_08.txt|5000.0|0.7079410999999993|[4648]
RKP_05000_05000_4_09.txt|4999.0|0.651736200000002|[4572]
RKP_05000_05000_4_10.txt|4998.0|0.6590979000000061|[4822]
RKP_05000_05000_5_01.txt|5000.0|0.7931147999999979|[18, 67, 2505, 2690, 2928, 3091, 4440]
RKP_05000_05000_5_02.txt|5000.0|0.8653537|[6, 893, 1823, 2588, 3857]
RKP_05000_05000_5_03.txt|5000.0|0.8479430000000008|[18, 1048, 1147, 1955, 2643]
RKP_05000_05000_5_04.txt|5000.0|0.8399890999999968|[1328, 1568, 2070, 2107, 2783, 3225, 3404]
RKP_05000_05000_5_05.txt|5000.0|0.8069507000000016|[10, 102, 182, 390, 507, 1008, 1295, 1311, 1923, 2134, 2566, 4254]
RKP_05000_05000_5_06.txt|5000.0|0.8482574000000085|[1059, 1381, 1777, 2498, 2502, 3277]
RKP_05000_05000_5_07.txt|5000.0|0.8122867000000014|[330, 453, 651, 847, 1542, 1748, 2622]
RKP_05000_05000_5_08.txt|5000.0|0.741853699999993|[80, 117, 410, 2588, 3241, 3269, 3309, 3671]
RKP_05000_05000_5_09.txt|5000.0|0.8767268000000001|[10, 12, 329, 1014, 1854, 2539, 2586, 3087]
RKP_05000_05000_5_10.txt|5000.0|0.8463287999999949|[216, 285, 805, 1600, 2015, 2618]
