RKP_00100_00100_1_01.txt|453.0|0.1070122|[1, 3, 10, 17, 22, 28, 30]
RKP_00100_00100_1_02.txt|588.0|0.08120569999999994|[1, 9, 15, 37, 47, 48, 50, 56, 91]
RKP_00100_00100_1_03.txt|464.0|0.10403889999999993|[1, 2, 4, 6, 10, 14, 34]
RKP_00100_00100_1_04.txt|424.0|0.04797679999999993|[3, 7, 9, 15, 43, 74]
RKP_00100_00100_1_05.txt|459.0|0.09508419999999995|[16, 20, 22, 30, 44, 79]
RKP_00100_00100_1_06.txt|700.0|0.05205150000000003|[16, 17, 20, 31, 47, 48, 55, 57, 97]
RKP_00100_00100_1_07.txt|322.0|0.09412419999999999|[5, 9, 39, 46, 60]
RKP_00100_00100_1_08.txt|675.0|0.057264299999999935|[1, 2, 5, 6, 7, 13, 24, 30, 76, 87, 92]
RKP_00100_00100_1_09.txt|378.0|0.04177619999999993|[5, 16, 18, 23, 24, 52]
RKP_00100_00100_1_10.txt|478.0|0.05866569999999993|[1, 2, 3, 4, 11, 13, 24, 27, 33]
RKP_00100_00100_2_01.txt|97.0|0.07161090000000003|[1, 2, 6, 20, 22, 43, 57]
RKP_00100_00100_2_02.txt|94.0|0.0579381000000001|[1, 4, 5, 8, 28, 30, 80]
RKP_00100_00100_2_03.txt|99.0|0.06796809999999986|[1, 5, 20, 31, 48, 51, 59, 75]
RKP_00100_00100_2_04.txt|85.0|0.07239970000000007|[2, 8, 11, 12, 18, 50, 52]
RKP_00100_00100_2_05.txt|69.0|0.05863330000000011|[34, 64, 82, 96]
RKP_00100_00100_2_06.txt|66.0|0.05890560000000011|[2, 23, 28, 47, 67]
RKP_00100_00100_2_07.txt|80.0|0.0661354999999999|[3, 7, 15, 22, 28, 32]
RKP_00100_00100_2_08.txt|79.0|0.06272379999999989|[1, 2, 14, 16, 28, 48]
RKP_00100_00100_2_09.txt|72.0|0.06617899999999999|[1, 4, 9, 23, 37, 51, 75]
RKP_00100_00100_2_10.txt|82.0|0.0698375|[2, 40, 64, 65, 76, 85]
RKP_00100_00100_3_01.txt|105.0|0.05881969999999992|[2, 3, 6, 29, 44, 47]
RKP_00100_00100_3_02.txt|125.0|0.05572319999999986|[1, 2, 3, 17, 24, 48, 52, 59]
RKP_00100_00100_3_03.txt|135.0|0.06922629999999996|[1, 3, 4, 6, 12, 14, 45, 49, 75]
RKP_00100_00100_3_04.txt|125.0|0.056546100000000266|[2, 6, 8, 9, 21, 26, 34, 42]
RKP_00100_00100_3_05.txt|115.0|0.046583800000000064|[1, 7, 12, 22, 25, 52, 70]
RKP_00100_00100_3_06.txt|145.0|0.05667840000000002|[2, 3, 4, 8, 11, 19, 27, 31, 40, 72]
RKP_00100_00100_3_07.txt|125.0|0.05007099999999998|[2, 5, 7, 14, 27, 72, 83, 89]
RKP_00100_00100_3_08.txt|115.0|0.07688419999999985|[3, 7, 9, 12, 18, 33, 62]
RKP_00100_00100_3_09.txt|115.0|0.05718230000000002|[1, 4, 8, 32, 48, 57, 89]
RKP_00100_00100_3_10.txt|135.0|0.05750300000000008|[5, 20, 46, 54, 60, 62, 66, 67, 69]
RKP_00100_00100_4_01.txt|35.00000000000001|0.04691080000000003|[13]
RKP_00100_00100_4_02.txt|35.0|0.04662940000000004|[15]
RKP_00100_00100_4_03.txt|34.000000000000014|0.046974900000000375|[48]
RKP_00100_00100_4_04.txt|35.00000000000001|0.04620330000000017|[36]
RKP_00100_00100_4_05.txt|35.00000000000001|0.04018170000000021|[15]
RKP_00100_00100_4_06.txt|35.00000000000001|0.0857196|[34]
RKP_00100_00100_4_07.txt|34.0|0.10885679999999986|[8]
RKP_00100_00100_4_08.txt|35.00000000000001|0.054802599999999924|[26]
RKP_00100_00100_4_09.txt|31.00000000000001|0.06275709999999979|[22, 57]
RKP_00100_00100_4_10.txt|33.000000000000014|0.05296460000000014|[5]
RKP_00100_00100_5_01.txt|45.0|0.05752099999999993|[1, 89]
RKP_00100_00100_5_02.txt|45.0|0.05632769999999976|[1, 56]
RKP_00100_00100_5_03.txt|45.0|0.06026610000000021|[1, 12, 14]
RKP_00100_00100_5_04.txt|45.0|0.056235000000000035|[1, 39]
RKP_00100_00100_5_05.txt|45.0|0.04945719999999998|[1, 44]
RKP_00100_00100_5_06.txt|45.0|0.062224799999999636|[1, 12]
RKP_00100_00100_5_07.txt|45.0|0.05651099999999998|[1, 48, 75]
RKP_00100_00100_5_08.txt|45.0|0.05656370000000033|[1, 8, 54, 72]
RKP_00100_00100_5_09.txt|45.0|0.05609110000000017|[1, 36]
RKP_00100_00100_5_10.txt|45.0|0.05595119999999998|[10, 42, 44]
RKP_00500_00100_1_01.txt|1057.0|0.08615499999999976|[2, 3, 25, 27, 40, 75, 120, 140, 148, 173, 211, 222, 269, 284, 304, 500]
RKP_00500_00100_1_02.txt|929.0|0.11389080000000007|[13, 77, 87, 89, 102, 109, 132, 175, 205, 288, 289, 351, 388, 433]
RKP_00500_00100_1_03.txt|879.0|0.11975040000000003|[1, 5, 11, 16, 30, 40, 111, 113, 139, 140, 147, 228, 360, 477, 496]
RKP_00500_00100_1_04.txt|1136.0|0.08418890000000001|[11, 41, 48, 59, 64, 65, 93, 94, 156, 197, 245, 254, 315, 359]
RKP_00500_00100_1_05.txt|1127.0|0.11431329999999917|[2, 10, 11, 17, 18, 23, 24, 26, 72, 76, 116, 192, 215, 363, 402]
RKP_00500_00100_1_06.txt|1224.0|0.1115067999999999|[3, 5, 13, 22, 34, 35, 52, 89, 165, 182, 190, 230, 240, 281, 411, 490]
RKP_00500_00100_1_07.txt|1259.0|0.1061456999999999|[2, 7, 21, 22, 31, 40, 47, 80, 97, 126, 165, 206, 257, 322, 410, 461, 469, 492]
RKP_00500_00100_1_08.txt|1153.0|0.09423729999999964|[1, 2, 3, 4, 10, 16, 29, 106, 146, 156, 165, 185, 258, 326, 332, 378, 450]
RKP_00500_00100_1_09.txt|1040.0|0.08137840000000018|[16, 19, 39, 54, 77, 108, 148, 151, 153, 163, 180, 221, 307, 344, 496]
RKP_00500_00100_1_10.txt|977.0|0.0790462999999999|[1, 3, 4, 5, 6, 14, 31, 62, 75, 84, 162, 214, 234, 277, 413]
RKP_00500_00100_2_01.txt|152.0|0.10630390000000034|[3, 11, 16, 32, 39, 40, 50, 60, 137, 148, 168, 226, 259, 441, 447]
RKP_00500_00100_2_02.txt|148.0|0.09220499999999987|[6, 13, 59, 65, 72, 97, 112, 131, 156, 167, 195, 314, 336, 441]
RKP_00500_00100_2_03.txt|146.0|0.10547470000000025|[2, 3, 24, 31, 60, 71, 100, 104, 107, 135, 142, 154, 155, 164, 166, 382, 436]
RKP_00500_00100_2_04.txt|139.0|0.09191290000000052|[1, 11, 14, 26, 55, 58, 105, 112, 125, 163, 204, 216, 306, 429]
RKP_00500_00100_2_05.txt|134.0|0.08349220000000024|[2, 4, 5, 10, 38, 48, 87, 218, 260, 275, 294, 426]
RKP_00500_00100_2_06.txt|134.0|0.07904550000000032|[1, 3, 9, 18, 27, 35, 70, 117, 150, 155]
RKP_00500_00100_2_07.txt|124.0|0.10721399999999992|[1, 3, 5, 6, 17, 53, 75, 83, 114, 260, 292, 452]
RKP_00500_00100_2_08.txt|109.0|0.11449379999999998|[1, 3, 6, 7, 15, 45, 50, 87, 96, 175, 234, 495]
RKP_00500_00100_2_09.txt|98.0|0.07878459999999965|[2, 38, 52, 70, 87, 108, 277, 304, 335, 433]
RKP_00500_00100_2_10.txt|125.0|0.09350740000000002|[1, 2, 9, 14, 20, 21, 40, 116, 118, 166, 276, 372]
RKP_00500_00100_3_01.txt|205.0|0.10061510000000062|[1, 2, 3, 5, 11, 31, 33, 38, 43, 55, 96, 143, 148, 158, 260, 401]
RKP_00500_00100_3_02.txt|245.0|0.09884929999999947|[1, 4, 5, 20, 26, 39, 56, 64, 73, 103, 110, 111, 152, 160, 167, 172, 189, 202, 221, 331]
RKP_00500_00100_3_03.txt|235.00000000000006|0.08571950000000061|[1, 9, 11, 14, 22, 52, 71, 93, 113, 142, 148, 193, 198, 258, 264, 266, 292, 351, 444, 454]
RKP_00500_00100_3_04.txt|235.0|0.09781829999999925|[1, 2, 9, 66, 68, 72, 104, 146, 156, 163, 168, 209, 278, 280, 282, 312, 328, 345, 350]
RKP_00500_00100_3_05.txt|245.0|0.09721070000000065|[1, 8, 12, 33, 74, 84, 87, 92, 102, 106, 108, 143, 211, 225, 294, 319, 340, 377, 381, 417]
RKP_00500_00100_3_06.txt|215.0|0.0887696|[5, 12, 16, 24, 45, 52, 56, 91, 186, 189, 204, 242, 281, 283, 311, 404, 433]
RKP_00500_00100_3_07.txt|205.0|0.07619560000000014|[1, 2, 3, 4, 5, 17, 30, 33, 76, 141, 157, 196, 200, 302, 308, 326]
RKP_00500_00100_3_08.txt|275.0|0.10069779999999984|[8, 14, 19, 25, 26, 31, 49, 57, 58, 62, 63, 84, 90, 114, 133, 144, 150, 172, 275, 280, 301, 302, 323, 451]
RKP_00500_00100_3_09.txt|245.0|0.09846580000000049|[1, 3, 4, 12, 24, 54, 58, 70, 104, 108, 115, 148, 154, 169, 171, 221, 231, 294, 347, 434]
RKP_00500_00100_3_10.txt|215.0|0.16908490000000054|[1, 3, 13, 18, 40, 101, 123, 153, 159, 165, 183, 189, 193, 305, 322, 325, 388]
RKP_00500_00100_4_01.txt|35.00000000000001|0.07695569999999918|[40]
RKP_00500_00100_4_02.txt|35.00000000000001|0.07404540000000015|[40]
RKP_00500_00100_4_03.txt|35.00000000000001|0.07572489999999998|[131]
RKP_00500_00100_4_04.txt|35.00000000000001|0.07429030000000036|[54]
RKP_00500_00100_4_05.txt|35.00000000000001|0.07324900000000056|[85]
RKP_00500_00100_4_06.txt|35.00000000000001|0.08054620000000057|[40]
RKP_00500_00100_4_07.txt|35.0|0.07496460000000038|[103]
RKP_00500_00100_4_08.txt|35.00000000000001|0.07189759999999978|[175]
RKP_00500_00100_4_09.txt|35.00000000000001|0.07546299999999917|[323]
RKP_00500_00100_4_10.txt|35.00000000000001|0.0745104999999997|[299]
RKP_00500_00100_5_01.txt|45.0|0.07608000000000015|[1, 2, 78]
RKP_00500_00100_5_02.txt|45.0|0.07600090000000037|[41, 101, 217]
RKP_00500_00100_5_03.txt|45.0|0.07750270000000015|[1, 95]
RKP_00500_00100_5_04.txt|45.0|0.07732109999999981|[107, 422]
RKP_00500_00100_5_05.txt|45.0|0.07629760000000019|[14, 101]
RKP_00500_00100_5_06.txt|45.0|0.07710210000000028|[105, 435, 447]
RKP_00500_00100_5_07.txt|45.0|0.07653399999999966|[1, 266]
RKP_00500_00100_5_08.txt|45.0|0.0745705000000001|[231, 480]
RKP_00500_00100_5_09.txt|45.0|0.07914260000000084|[1, 110]
RKP_00500_00100_5_10.txt|45.0|0.07709229999999856|[1, 81]
RKP_01000_00100_1_01.txt|1326.0|0.14722159999999995|[2, 13, 27, 42, 47, 50, 51, 64, 67, 91, 97, 123, 151, 222, 260, 261, 314, 432, 465]
RKP_01000_00100_1_02.txt|1337.0|0.11777860000000118|[1, 8, 9, 16, 30, 38, 49, 72, 171, 182, 193, 195, 292, 294, 359, 486, 557, 584, 696, 754]
RKP_01000_00100_1_03.txt|1319.0|0.14586229999999922|[1, 2, 4, 32, 48, 50, 56, 114, 116, 128, 172, 174, 182, 199, 326, 535, 800, 869]
RKP_01000_00100_1_04.txt|1651.0|0.1633369000000009|[1, 2, 3, 5, 12, 14, 20, 42, 44, 75, 151, 163, 165, 184, 247, 255, 277, 283, 429, 566, 726, 732, 733, 857]
RKP_01000_00100_1_05.txt|1451.0|0.1527946999999994|[1, 12, 16, 37, 39, 41, 49, 75, 89, 121, 123, 207, 307, 553, 635, 673, 696, 776, 915, 1000]
RKP_01000_00100_1_06.txt|1624.0|0.15112049999999932|[1, 4, 6, 10, 33, 38, 44, 52, 58, 78, 99, 120, 168, 177, 242, 250, 349, 383, 442, 632, 645, 790, 993]
RKP_01000_00100_1_07.txt|1663.0|0.16032449999999976|[3, 7, 37, 49, 86, 90, 127, 128, 129, 130, 170, 190, 204, 226, 342, 382, 436, 440, 476, 556, 778, 874]
RKP_01000_00100_1_08.txt|1443.0|0.13895510000000044|[1, 4, 6, 15, 22, 26, 68, 80, 118, 145, 149, 223, 242, 274, 303, 356, 366, 421, 422, 716, 922]
RKP_01000_00100_1_09.txt|1421.0|0.1256446000000011|[1, 14, 17, 27, 31, 32, 36, 48, 103, 168, 196, 213, 262, 290, 513, 579, 672, 691, 782, 898]
RKP_01000_00100_1_10.txt|1707.0|0.15805640000000132|[1, 8, 19, 37, 43, 55, 76, 104, 111, 159, 253, 286, 331, 466, 480, 491, 534, 618, 669, 748, 785, 805, 813, 931, 968]
RKP_01000_00100_2_01.txt|160.0|0.11474860000000042|[3, 7, 12, 13, 16, 24, 47, 73, 111, 185, 186, 209, 253, 264, 366, 374, 380, 690]
RKP_01000_00100_2_02.txt|148.0|0.12963609999999903|[3, 63, 73, 84, 179, 183, 202, 213, 311, 357, 375, 385, 410, 547, 583, 782]
RKP_01000_00100_2_03.txt|191.0|0.12646460000000026|[5, 13, 33, 58, 64, 81, 84, 87, 97, 123, 124, 141, 171, 330, 335, 394, 416, 417]
RKP_01000_00100_2_04.txt|159.0|0.14133080000000042|[21, 35, 37, 58, 60, 94, 123, 147, 184, 244, 428, 443, 504, 698]
RKP_01000_00100_2_05.txt|166.0|0.12098259999999961|[2, 7, 26, 30, 73, 84, 152, 162, 214, 222, 236, 299, 380, 409, 420, 428, 501, 512, 742]
RKP_01000_00100_2_06.txt|187.0|0.14566120000000105|[1, 6, 8, 16, 24, 33, 52, 122, 138, 154, 187, 255, 259, 383, 590, 602, 647, 805, 858, 876]
RKP_01000_00100_2_07.txt|159.0|0.15784999999999982|[2, 3, 7, 61, 81, 173, 208, 284, 378, 396, 457, 520, 531, 783, 796, 950]
RKP_01000_00100_2_08.txt|181.0|0.1729527000000015|[1, 3, 7, 9, 10, 11, 26, 39, 44, 121, 129, 175, 250, 406, 573, 609, 661, 862]
RKP_01000_00100_2_09.txt|159.0|0.14593469999999975|[13, 18, 25, 127, 191, 205, 235, 348, 382, 417, 436, 573, 651, 656, 904, 982]
RKP_01000_00100_2_10.txt|181.0|0.1402746999999991|[1, 4, 5, 15, 30, 56, 71, 78, 89, 122, 163, 164, 191, 252, 282, 309, 341, 521, 548, 564, 579, 710]
RKP_01000_00100_3_01.txt|315.0|0.10059170000000073|[1, 11, 15, 32, 49, 51, 55, 65, 119, 133, 157, 186, 208, 249, 337, 340, 348, 441, 456, 464, 537, 567, 659, 704, 740, 763, 795, 857]
RKP_01000_00100_3_02.txt|285.0|0.10646209999999989|[2, 3, 9, 18, 25, 37, 69, 79, 94, 110, 120, 121, 126, 137, 138, 176, 216, 295, 300, 318, 533, 586, 600, 644, 654]
RKP_01000_00100_3_03.txt|305.0|0.12783959999999972|[1, 3, 13, 31, 54, 74, 84, 93, 143, 170, 175, 204, 222, 270, 321, 325, 378, 392, 431, 530, 580, 652, 692, 738, 836, 994]
RKP_01000_00100_3_04.txt|315.0|0.10223099999999974|[1, 2, 3, 4, 5, 9, 16, 29, 41, 42, 44, 65, 83, 142, 149, 161, 235, 274, 277, 293, 305, 389, 449, 558, 639, 645, 740, 786]
RKP_01000_00100_3_05.txt|265.0|0.11351670000000169|[2, 5, 10, 23, 24, 29, 31, 46, 57, 86, 100, 108, 141, 144, 151, 163, 172, 183, 460, 480, 630, 661]
RKP_01000_00100_3_06.txt|275.0|0.15752900000000025|[1, 5, 6, 7, 14, 15, 16, 22, 36, 37, 63, 71, 112, 129, 204, 224, 242, 249, 278, 347, 471, 543, 970]
RKP_01000_00100_3_07.txt|325.0|0.12807360000000045|[1, 4, 5, 12, 16, 20, 23, 27, 31, 53, 56, 112, 129, 169, 190, 231, 282, 337, 354, 402, 433, 591, 605, 695, 750, 822, 867, 888]
RKP_01000_00100_3_08.txt|245.0|0.12633839999999985|[1, 2, 7, 11, 35, 53, 71, 89, 97, 129, 131, 145, 179, 198, 257, 266, 303, 524, 591, 703]
RKP_01000_00100_3_09.txt|255.0|0.12395590000000034|[1, 6, 9, 16, 17, 23, 26, 48, 83, 141, 202, 211, 257, 318, 385, 403, 480, 578, 647, 758, 871]
RKP_01000_00100_3_10.txt|295.0|0.12203330000000001|[3, 10, 12, 16, 18, 26, 35, 37, 46, 56, 72, 106, 122, 156, 169, 187, 227, 245, 334, 439, 467, 524, 632, 677, 764]
RKP_01000_00100_4_01.txt|35.00000000000001|0.10123270000000062|[175]
RKP_01000_00100_4_02.txt|35.00000000000001|0.1013465|[228]
RKP_01000_00100_4_03.txt|35.00000000000001|0.10760559999999941|[555]
RKP_01000_00100_4_04.txt|35.00000000000001|0.09886709999999965|[654]
RKP_01000_00100_4_05.txt|35.00000000000001|0.09968329999999881|[625]
RKP_01000_00100_4_06.txt|35.00000000000001|0.10132019999999997|[429]
RKP_01000_00100_4_07.txt|35.00000000000001|0.10805880000000023|[373]
RKP_01000_00100_4_08.txt|35.00000000000001|0.1005477999999993|[326]
RKP_01000_00100_4_09.txt|35.00000000000001|0.10189740000000036|[237]
RKP_01000_00100_4_10.txt|35.00000000000001|0.10199670000000083|[277]
RKP_01000_00100_5_01.txt|45.0|0.10500410000000038|[84, 105, 111, 129, 377, 743, 781]
RKP_01000_00100_5_02.txt|45.0|0.1013736999999999|[18, 71, 115, 148, 650]
RKP_01000_00100_5_03.txt|45.0|0.1023764000000007|[108, 764]
RKP_01000_00100_5_04.txt|45.0|0.12898050000000083|[101, 725]
RKP_01000_00100_5_05.txt|45.0|0.10451070000000051|[1, 72, 202, 278, 422]
RKP_01000_00100_5_06.txt|45.0|0.10540130000000048|[12, 941]
RKP_01000_00100_5_07.txt|45.0|0.1028412000000003|[6, 9, 35, 101, 897]
RKP_01000_00100_5_08.txt|45.0|0.10285039999999945|[100, 374]
RKP_01000_00100_5_09.txt|45.0|0.10502360000000088|[58, 115]
RKP_01000_00100_5_10.txt|45.0|0.10418130000000048|[1, 37, 850]
RKP_05000_00100_1_01.txt|2922.0|0.5044587999999983|[1, 3, 4, 5, 8, 9, 20, 31, 49, 51, 68, 116, 150, 302, 465, 540, 553, 589, 642, 904, 1268, 1275, 1366, 1373, 1406, 1482, 1485, 1700, 1839, 2091, 2106, 2398, 2556, 3411, 3645, 3733, 4536]
RKP_05000_00100_1_02.txt|2883.0|0.5504390999999984|[1, 2, 16, 18, 31, 42, 60, 73, 104, 135, 171, 174, 275, 277, 304, 338, 347, 350, 374, 463, 501, 601, 716, 892, 1201, 1210, 1821, 2337, 2939, 3013, 3415, 3648, 4066, 4311, 4439, 4651]
RKP_05000_00100_1_03.txt|2849.0|0.5055129000000012|[1, 2, 6, 10, 22, 26, 27, 52, 81, 114, 136, 193, 207, 591, 929, 961, 1069, 1171, 1355, 1417, 1588, 1634, 1880, 2646, 2992, 3036, 3127, 3261, 3382, 3471, 3686, 3801, 4053, 4396, 4436, 4798]
RKP_05000_00100_1_04.txt|2669.0|0.5042158000000008|[2, 5, 7, 16, 23, 38, 41, 69, 131, 135, 147, 233, 378, 444, 579, 713, 795, 868, 1048, 1367, 1521, 1633, 1931, 2030, 2528, 2565, 2594, 2831, 2859, 3064, 3198, 3336, 3338, 3644, 4280, 4320, 4470]
RKP_05000_00100_1_05.txt|2664.0|0.5562917000000027|[2, 4, 8, 16, 20, 33, 38, 53, 60, 64, 92, 96, 101, 119, 174, 288, 306, 427, 507, 541, 542, 644, 1169, 1309, 1432, 1433, 1759, 2447, 2549, 2850, 2995, 3856, 4179, 4588, 4969]
RKP_05000_00100_1_06.txt|2739.0|0.5016254999999994|[3, 8, 9, 14, 17, 21, 25, 41, 45, 62, 73, 122, 133, 152, 208, 219, 329, 435, 457, 569, 645, 701, 745, 747, 807, 860, 866, 896, 1279, 1319, 1512, 1606, 1799, 2608, 3167, 3825]
RKP_05000_00100_1_07.txt|3080.0|0.5029985000000003|[1, 4, 11, 13, 30, 32, 54, 55, 79, 90, 97, 118, 124, 180, 188, 204, 219, 244, 451, 453, 582, 876, 880, 931, 991, 1149, 1222, 1401, 1437, 1674, 1758, 1762, 2037, 2591, 2883, 3111, 3370, 3419, 3473]
RKP_05000_00100_1_08.txt|2745.0|0.5812801000000007|[1, 6, 48, 52, 82, 120, 148, 154, 179, 186, 264, 266, 275, 276, 288, 300, 441, 502, 687, 739, 816, 820, 865, 906, 985, 1267, 1318, 1717, 2054, 2248, 2780, 2845, 3137, 3226, 3259, 3876, 4344, 4811]
RKP_05000_00100_1_09.txt|2456.0|0.5341896999999989|[2, 3, 6, 10, 30, 42, 70, 74, 121, 178, 230, 270, 325, 423, 463, 729, 786, 816, 853, 1184, 1363, 1441, 1856, 2349, 2596, 2965, 3051, 3572, 3697, 3759, 4135, 4341, 4424]
RKP_05000_00100_1_10.txt|2862.0|0.501616300000002|[1, 2, 8, 25, 43, 48, 60, 83, 111, 143, 176, 189, 230, 321, 352, 429, 437, 482, 564, 780, 952, 1091, 1342, 1350, 1395, 1422, 1804, 2061, 2616, 2958, 3065, 3086, 3176, 3373, 4369, 4572, 4883]
RKP_05000_00100_2_01.txt|262.0|0.5290912999999975|[44, 68, 77, 110, 144, 148, 220, 540, 551, 648, 736, 848, 868, 1057, 1078, 1292, 1647, 1741, 2000, 2019, 2210, 2218, 2729, 2735, 3020, 3518, 4039]
RKP_05000_00100_2_02.txt|308.0|0.49550030000000334|[3, 4, 10, 14, 29, 35, 40, 73, 152, 275, 298, 407, 455, 532, 578, 656, 677, 763, 871, 1014, 1178, 1493, 1570, 1770, 1793, 1800, 2437, 2707, 3178, 3238, 3654, 4063, 4347, 4978]
RKP_05000_00100_2_03.txt|288.0|0.5515472000000017|[4, 5, 6, 9, 17, 39, 242, 388, 442, 710, 769, 826, 840, 842, 895, 1122, 1234, 1463, 1867, 1925, 2550, 2606, 2844, 3332, 3625, 3969, 4206, 4547, 4655, 4806, 4989]
RKP_05000_00100_2_04.txt|269.0|0.5096951000000018|[1, 5, 12, 35, 45, 99, 168, 283, 355, 387, 483, 491, 506, 531, 674, 687, 752, 917, 950, 1107, 1138, 1415, 1551, 1565, 1633, 1864, 2126, 3153, 4139]
RKP_05000_00100_2_05.txt|296.0|0.48650510000000224|[5, 22, 52, 274, 355, 366, 452, 522, 752, 879, 942, 984, 991, 1029, 1224, 1654, 1741, 1823, 2083, 2332, 2365, 2545, 2703, 2785, 3226, 3238, 3374, 3383, 3406, 3555, 3758]
RKP_05000_00100_2_06.txt|285.0|0.5275348000000015|[6, 23, 62, 129, 135, 136, 324, 326, 356, 369, 437, 466, 758, 816, 1109, 1208, 1288, 1581, 1688, 2040, 2044, 2118, 2148, 2322, 2408, 2453, 3081, 3347, 3682, 4405, 4478]
RKP_05000_00100_2_07.txt|283.0|0.48097749999999806|[1, 2, 3, 7, 15, 43, 58, 71, 79, 105, 141, 180, 183, 235, 260, 261, 333, 373, 396, 516, 595, 938, 1389, 1949, 2108, 2246, 2323, 2419, 2528, 2641, 2751, 4183]
RKP_05000_00100_2_08.txt|270.0|0.484410699999998|[2, 11, 14, 23, 24, 25, 41, 48, 98, 99, 152, 199, 342, 621, 636, 792, 953, 1204, 1387, 1617, 1638, 1700, 2068, 2149, 2584, 2915, 3421, 4332, 4658]
RKP_05000_00100_2_09.txt|313.0|0.5636192999999992|[5, 6, 18, 75, 86, 88, 110, 112, 142, 151, 218, 293, 294, 355, 392, 433, 755, 846, 1149, 1331, 1338, 1873, 2179, 2318, 2352, 2365, 2520, 2692, 2953, 3113, 4070, 4778]
RKP_05000_00100_2_10.txt|270.0|0.47744519999999824|[19, 74, 113, 120, 136, 250, 275, 291, 315, 326, 477, 502, 918, 1547, 1773, 1932, 2022, 2133, 2283, 2318, 2345, 2435, 2755, 2768, 2802, 3300, 3321, 4994]
RKP_05000_00100_3_01.txt|475.0|0.4660516000000001|[1, 3, 8, 10, 11, 26, 48, 83, 97, 135, 145, 224, 231, 279, 288, 312, 334, 349, 361, 465, 471, 588, 610, 661, 692, 900, 948, 1006, 1096, 1192, 1725, 1751, 1768, 2039, 2321, 2608, 3252, 3272, 3292, 3674, 3675, 3743, 4195]
RKP_05000_00100_3_02.txt|495.0|0.4791661999999981|[1, 9, 22, 36, 38, 55, 94, 98, 132, 145, 148, 203, 254, 272, 312, 313, 351, 356, 373, 392, 434, 496, 512, 542, 989, 1047, 1092, 1119, 1136, 1267, 1271, 1335, 1664, 1834, 2362, 2409, 2689, 2722, 2772, 2848, 3287, 3318, 4114, 4494, 4912]
RKP_05000_00100_3_03.txt|495.0|0.4521607000000003|[1, 5, 6, 18, 21, 52, 76, 96, 129, 156, 191, 205, 258, 341, 387, 403, 520, 820, 894, 914, 945, 977, 1058, 1109, 1226, 1256, 1304, 1305, 1409, 1459, 1487, 1571, 1847, 1888, 1941, 2676, 2793, 2962, 2989, 3115, 4254, 4440, 4520, 4528, 4563]
RKP_05000_00100_3_04.txt|495.0|0.48982810000000043|[1, 5, 9, 11, 16, 56, 59, 298, 320, 335, 365, 375, 446, 578, 688, 708, 759, 769, 770, 808, 898, 984, 1024, 1182, 1193, 1227, 1264, 1283, 1338, 1348, 1433, 1570, 1739, 1757, 1788, 1905, 2156, 2274, 2340, 2600, 2810, 3111, 3639, 3851, 4679]
RKP_05000_00100_3_05.txt|425.0|0.502919900000002|[7, 24, 32, 52, 79, 113, 238, 292, 295, 362, 480, 485, 513, 542, 573, 614, 638, 669, 905, 909, 936, 950, 973, 1668, 1764, 2040, 2337, 2456, 2596, 2714, 2928, 3114, 3135, 4073, 4110, 4182, 4398, 4423]
RKP_05000_00100_3_06.txt|495.0|0.4944935000000008|[1, 2, 10, 15, 24, 25, 26, 27, 32, 35, 58, 68, 79, 103, 119, 179, 203, 244, 248, 270, 492, 551, 564, 638, 755, 796, 838, 956, 1046, 1451, 1477, 1657, 1698, 1735, 1860, 1884, 2159, 2205, 2528, 2710, 2738, 2878, 2889, 3112, 4282]
RKP_05000_00100_3_07.txt|495.0|0.4755712999999986|[1, 2, 10, 14, 16, 18, 20, 77, 93, 98, 119, 169, 189, 213, 222, 281, 304, 356, 372, 416, 495, 500, 507, 523, 550, 699, 729, 750, 817, 883, 980, 1030, 1095, 1453, 1615, 1833, 1892, 1960, 2113, 2510, 2701, 2869, 3232, 3416, 4835]
RKP_05000_00100_3_08.txt|495.0|0.4635842000000032|[13, 17, 28, 47, 92, 97, 100, 101, 129, 169, 215, 227, 238, 328, 343, 346, 428, 491, 557, 563, 572, 645, 700, 925, 969, 1238, 1240, 1244, 1355, 1414, 1478, 1502, 1517, 2154, 2276, 2702, 3001, 3410, 3716, 3821, 4062, 4178, 4225, 4604, 4735]
RKP_05000_00100_3_09.txt|495.0|0.45241800000000154|[1, 4, 55, 63, 94, 111, 137, 205, 217, 262, 271, 288, 355, 409, 466, 585, 600, 636, 696, 827, 839, 981, 1067, 1161, 1532, 1558, 1683, 1913, 2033, 2048, 2227, 2453, 2609, 2846, 2862, 2897, 3120, 3562, 3603, 3727, 3987, 4348, 4813, 4902, 4948]
RKP_05000_00100_3_10.txt|495.0|0.49552500000000066|[3, 8, 19, 21, 22, 27, 47, 119, 173, 216, 236, 252, 283, 438, 627, 666, 775, 787, 860, 881, 1046, 1075, 1166, 1419, 1430, 1463, 1547, 1938, 1946, 2181, 2195, 2235, 2244, 2477, 2567, 2929, 2988, 2990, 3361, 3869, 3877, 3997, 4448, 4628, 4783]
RKP_05000_00100_4_01.txt|35.00000000000001|0.4624610000000011|[1983]
RKP_05000_00100_4_02.txt|35.00000000000001|0.4468978000000021|[1969]
RKP_05000_00100_4_03.txt|35.00000000000001|0.4754675999999982|[3423]
RKP_05000_00100_4_04.txt|35.00000000000001|0.438908099999999|[1907]
RKP_05000_00100_4_05.txt|35.00000000000001|0.4455784999999999|[3418]
RKP_05000_00100_4_06.txt|35.00000000000001|0.49224410000000063|[1477]
RKP_05000_00100_4_07.txt|35.00000000000001|0.44889880000000204|[355]
RKP_05000_00100_4_08.txt|35.00000000000001|0.48105389999999915|[1942]
RKP_05000_00100_4_09.txt|35.00000000000001|0.45888109999999926|[1876]
RKP_05000_00100_4_10.txt|35.00000000000001|0.4459931000000026|[1960]
RKP_05000_00100_5_01.txt|45.0|0.48901939999999655|[1073, 1227]
RKP_05000_00100_5_02.txt|45.0|0.4434573999999998|[23, 1761, 2716]
RKP_05000_00100_5_03.txt|45.0|0.464343999999997|[897, 1163]
RKP_05000_00100_5_04.txt|45.0|0.5000116000000006|[757, 1043, 1066]
RKP_05000_00100_5_05.txt|45.0|0.4635531999999998|[728, 1031]
RKP_05000_00100_5_06.txt|45.0|0.45507379999999387|[1314, 2893]
RKP_05000_00100_5_07.txt|45.0|0.49713669999999865|[101, 772]
RKP_05000_00100_5_08.txt|45.0|0.4525205999999997|[866, 1095]
RKP_05000_00100_5_09.txt|45.0|0.5013744999999972|[105, 798]
RKP_05000_00100_5_10.txt|45.0|0.4468399000000005|[1040, 1269, 1772]
RKP_05000_01000_1_01.txt|39657.0|0.5919748999999968|[1, 2, 8, 10, 13, 15, 16, 17, 18, 23, 53, 78, 86, 151, 164, 226, 328, 334, 368, 379, 399, 424, 661, 684, 700, 732, 751, 778, 866, 1034, 1214, 1232, 1233, 1431, 1591, 1724, 1742, 1756, 1841, 1858, 1919, 1979, 2077, 2254, 2266, 2481, 2567, 2629, 2777, 3187, 3256, 3485, 3534, 3791, 3799, 4223, 4479, 4971]
RKP_05000_01000_1_02.txt|41734.0|0.6382327999999973|[3, 7, 10, 17, 22, 36, 39, 41, 78, 89, 109, 155, 222, 235, 282, 304, 337, 368, 406, 425, 506, 539, 588, 622, 675, 728, 772, 837, 918, 965, 988, 1055, 1205, 1261, 1329, 1337, 1403, 1414, 1590, 1677, 1999, 2011, 2379, 2594, 2745, 2769, 2800, 2825, 2832, 3349, 3565, 3628, 3795, 3875, 4489, 4961]
RKP_05000_01000_1_03.txt|37371.0|0.6542767999999981|[1, 22, 24, 60, 67, 72, 76, 114, 135, 165, 174, 176, 248, 272, 339, 344, 479, 533, 649, 749, 852, 882, 933, 940, 1027, 1039, 1150, 1339, 1364, 1415, 1475, 1483, 1534, 1605, 1614, 1719, 1822, 1854, 2016, 2080, 2125, 2201, 2314, 2471, 2688, 2848, 3194, 3232, 3276, 3392, 3682, 3835, 3920, 4104]
RKP_05000_01000_1_04.txt|39516.0|0.5671442000000013|[1, 5, 9, 10, 16, 25, 33, 35, 49, 50, 52, 61, 64, 114, 135, 181, 189, 191, 223, 238, 318, 351, 413, 482, 498, 533, 546, 594, 687, 716, 724, 794, 952, 1107, 1142, 1174, 1218, 1275, 1311, 1416, 1450, 1546, 1916, 2023, 2060, 2320, 2470, 2999, 3023, 3051, 3055, 3926, 4232, 4277, 4397, 4624, 4775]
RKP_05000_01000_1_05.txt|38390.0|0.6637192999999968|[2, 4, 8, 9, 14, 16, 46, 65, 85, 91, 93, 94, 97, 119, 132, 157, 168, 254, 259, 267, 279, 339, 352, 385, 430, 467, 580, 651, 667, 711, 816, 943, 985, 1023, 1049, 1093, 1142, 1155, 1162, 1227, 1316, 1320, 1321, 1411, 1418, 1474, 1588, 1606, 1607, 1649, 1883, 2069, 2271, 2547, 2834, 3067, 3468, 4053, 4096, 4118, 4385]
RKP_05000_01000_1_06.txt|36746.0|0.5834234000000009|[1, 2, 3, 6, 8, 9, 10, 13, 48, 51, 52, 80, 90, 107, 150, 159, 188, 217, 269, 288, 297, 336, 343, 399, 498, 503, 616, 691, 697, 736, 894, 943, 998, 1002, 1097, 1192, 1242, 1368, 1511, 1530, 1689, 1879, 1910, 1916, 2050, 2195, 2517, 2857, 2865, 2925, 2967, 3076, 3109, 3846, 4603]
RKP_05000_01000_1_07.txt|34571.0|0.6146513999999996|[1, 2, 8, 15, 21, 23, 44, 46, 65, 77, 84, 91, 130, 161, 188, 198, 204, 213, 226, 386, 421, 522, 523, 568, 569, 577, 616, 628, 651, 753, 795, 848, 957, 985, 1175, 1359, 1449, 1607, 1697, 1741, 1764, 1865, 1904, 2087, 2245, 2593, 2669, 3455, 4009, 4242]
RKP_05000_01000_1_08.txt|34875.0|0.6753288999999967|[3, 7, 10, 12, 15, 20, 24, 26, 39, 66, 81, 89, 109, 115, 118, 140, 151, 190, 235, 257, 279, 427, 430, 488, 527, 575, 651, 670, 738, 785, 849, 952, 1088, 1138, 1275, 1391, 1487, 1574, 2110, 2356, 2382, 2528, 2585, 2723, 2841, 3318, 3925, 3937, 4497, 4666]
RKP_05000_01000_1_09.txt|38388.0|0.6179762000000011|[1, 2, 3, 4, 6, 7, 17, 18, 27, 29, 39, 47, 51, 104, 128, 157, 163, 190, 191, 302, 342, 364, 390, 427, 473, 499, 562, 563, 684, 714, 883, 996, 998, 1113, 1242, 1362, 1366, 1414, 1434, 1481, 1579, 1679, 1714, 1761, 1788, 1854, 2012, 2121, 2328, 2364, 2381, 2845, 3179, 3245, 3556, 3744, 3964, 4115]
RKP_05000_01000_1_10.txt|42082.0|0.680298999999998|[1, 2, 9, 11, 33, 38, 43, 47, 49, 100, 103, 104, 129, 180, 198, 212, 245, 261, 286, 359, 384, 461, 472, 486, 500, 528, 740, 785, 807, 839, 844, 888, 1044, 1076, 1095, 1253, 1284, 1313, 1361, 1430, 1479, 1554, 1640, 1680, 1686, 1914, 2153, 2184, 2216, 2309, 2541, 2544, 2560, 2671, 2698, 2753, 2867, 3137, 3309, 3836, 4815]
RKP_05000_01000_2_01.txt|2747.0|0.7410888|[2, 7, 28, 32, 81, 88, 103, 153, 176, 265, 309, 339, 413, 483, 541, 604, 761, 947, 951, 1046, 1100, 1173, 1473, 1487, 1641, 1730, 1844, 1898, 2000, 2057, 2281, 2351, 2400, 2671, 3060, 3764, 3919, 4166]
RKP_05000_01000_2_02.txt|2981.0|0.7642252999999997|[1, 2, 3, 44, 62, 76, 78, 88, 121, 126, 214, 279, 311, 317, 365, 462, 471, 491, 545, 653, 667, 862, 964, 1045, 1049, 1068, 1189, 1294, 1577, 1693, 1812, 1856, 2308, 2581, 2682, 2983, 3024, 4977]
RKP_05000_01000_2_03.txt|3160.000000000002|0.7452153999999993|[6, 51, 69, 86, 104, 118, 131, 177, 216, 217, 235, 286, 305, 308, 341, 465, 507, 518, 655, 726, 862, 942, 1002, 1354, 1958, 2182, 2340, 2548, 2601, 2930, 3087, 3180, 3343, 3351, 3416, 3540, 3938, 4457, 4964]
RKP_05000_01000_2_04.txt|3347.0|0.7171790000000016|[1, 3, 7, 17, 22, 54, 63, 82, 153, 183, 247, 302, 348, 371, 400, 509, 545, 567, 585, 662, 758, 768, 1086, 1136, 1319, 1398, 1672, 1740, 1906, 1989, 2237, 2245, 2249, 2408, 2518, 2928, 2989, 3498, 3530, 3872, 4236, 4424, 4454]
RKP_05000_01000_2_05.txt|2978.0|0.6746063999999947|[3, 4, 5, 8, 12, 16, 33, 34, 70, 80, 187, 201, 204, 260, 273, 344, 360, 390, 420, 427, 453, 526, 734, 876, 1064, 1132, 1158, 1269, 1680, 1762, 1789, 1925, 2008, 2513, 2943, 3321, 4215, 4485]
RKP_05000_01000_2_06.txt|3091.0|0.736370100000002|[1, 2, 27, 30, 36, 59, 61, 94, 105, 138, 152, 154, 159, 242, 282, 344, 386, 464, 473, 672, 683, 707, 739, 793, 900, 925, 1064, 1134, 1477, 1569, 1619, 1898, 1933, 1948, 1991, 2282, 2287, 2446, 2476, 2638, 3111, 4951]
RKP_05000_01000_2_07.txt|3344.0|0.7202052999999964|[1, 5, 11, 12, 44, 157, 199, 207, 212, 238, 294, 368, 387, 516, 751, 759, 771, 772, 909, 1123, 1265, 1437, 1552, 1593, 1625, 1643, 1811, 1902, 1945, 2206, 2233, 2241, 2282, 2446, 2461, 2608, 2843, 3129, 3147, 3275, 3882, 4279, 4453, 4495]
RKP_05000_01000_2_08.txt|3237.0|0.6898282000000009|[4, 6, 17, 30, 44, 59, 78, 108, 200, 213, 236, 242, 264, 298, 312, 371, 385, 580, 634, 658, 660, 677, 747, 846, 972, 1067, 1114, 1156, 1184, 1314, 1499, 1783, 2399, 2632, 2808, 2941, 3148, 3191, 3385]
RKP_05000_01000_2_09.txt|3073.0|0.698817499999997|[3, 4, 10, 13, 15, 22, 25, 36, 63, 128, 175, 270, 379, 408, 419, 536, 677, 784, 821, 897, 997, 1132, 1226, 1259, 1556, 1583, 1627, 1786, 1967, 1992, 2140, 2317, 2637, 2789, 2887, 3297, 3478]
RKP_05000_01000_2_10.txt|2993.0|0.6875925000000009|[9, 18, 19, 36, 99, 137, 149, 191, 227, 294, 420, 555, 749, 880, 922, 1011, 1049, 1303, 1491, 1494, 1502, 1523, 1619, 1686, 1858, 1926, 2034, 2318, 2559, 2998, 3674, 3712, 4015, 4050, 4084, 4267, 4809]
RKP_05000_01000_3_01.txt|6554.0|0.5135648999999987|[1, 9, 21, 34, 40, 46, 47, 60, 72, 77, 87, 97, 108, 112, 114, 119, 132, 150, 176, 193, 207, 237, 276, 284, 305, 372, 384, 398, 455, 550, 562, 688, 728, 749, 757, 917, 996, 1038, 1081, 1198, 1382, 1600, 1615, 1698, 1779, 1894, 1958, 2056, 2178, 2241, 2250, 2416, 2429, 2461, 2748, 2783, 2851, 2874, 3246, 3421, 3683]
RKP_05000_01000_3_02.txt|7154.0|0.5720468000000025|[1, 2, 4, 13, 25, 28, 33, 39, 40, 41, 66, 90, 107, 129, 140, 169, 209, 214, 230, 295, 305, 379, 425, 436, 445, 446, 542, 562, 609, 718, 730, 801, 849, 878, 883, 892, 1020, 1041, 1046, 1087, 1117, 1174, 1436, 1486, 1499, 1885, 1908, 2067, 2113, 2136, 2215, 2330, 2425, 2565, 2667, 2704, 2772, 2853, 2978, 2989, 3041, 3308, 3393, 3546, 3750, 4134, 4507]
RKP_05000_01000_3_03.txt|7354.0|0.6675576000000021|[1, 2, 3, 4, 5, 11, 14, 22, 26, 36, 38, 115, 129, 156, 158, 163, 199, 214, 215, 239, 246, 286, 330, 339, 360, 399, 439, 465, 568, 609, 621, 652, 709, 710, 763, 794, 856, 881, 896, 952, 975, 989, 1022, 1041, 1164, 1465, 1498, 1523, 1559, 1597, 1663, 2202, 2319, 2386, 2439, 2957, 3166, 3273, 3545, 3910, 3928, 4041, 4084, 4215, 4338, 4529, 4671, 4695, 4813]
RKP_05000_01000_3_04.txt|7454.0|0.5396380999999977|[1, 4, 5, 6, 7, 9, 15, 18, 27, 29, 45, 58, 63, 70, 82, 111, 132, 142, 175, 198, 206, 225, 261, 277, 306, 321, 337, 360, 448, 495, 548, 574, 610, 619, 657, 680, 709, 747, 769, 864, 962, 977, 989, 1049, 1064, 1080, 1226, 1276, 1322, 1396, 1768, 1786, 1872, 1907, 2150, 2372, 2516, 2541, 2568, 2593, 2747, 2865, 2868, 3197, 3330, 3448, 3523, 3612, 4042, 4440, 4880]
RKP_05000_01000_3_05.txt|6654.0|0.5191216999999995|[1, 7, 11, 16, 19, 26, 29, 32, 34, 37, 48, 49, 143, 162, 169, 184, 219, 285, 344, 348, 358, 501, 513, 555, 620, 638, 658, 708, 748, 768, 912, 985, 998, 1033, 1060, 1069, 1263, 1305, 1500, 1516, 1552, 1588, 1619, 1759, 1859, 1909, 2123, 2460, 2634, 2744, 2920, 2970, 3055, 3106, 3167, 3439, 3440, 3469, 3558, 3584, 3635, 4338]
RKP_05000_01000_3_06.txt|7254.0|0.5496160000000003|[1, 3, 4, 6, 7, 12, 41, 45, 46, 55, 76, 82, 85, 94, 102, 124, 184, 206, 213, 227, 249, 276, 286, 287, 288, 368, 404, 418, 469, 488, 573, 603, 623, 665, 734, 760, 801, 813, 859, 889, 931, 946, 1030, 1119, 1296, 1359, 1466, 1522, 1551, 1610, 1640, 1917, 1978, 2026, 2251, 2741, 2799, 3214, 3264, 3324, 3433, 3533, 4000, 4258, 4315, 4322, 4808, 4911]
RKP_05000_01000_3_07.txt|7054.0|0.564004599999997|[2, 3, 11, 13, 18, 36, 60, 73, 75, 76, 79, 84, 94, 100, 125, 214, 216, 218, 220, 291, 293, 295, 360, 370, 393, 398, 413, 417, 427, 477, 487, 527, 593, 608, 714, 762, 827, 849, 883, 884, 891, 896, 1003, 1044, 1055, 1123, 1470, 1783, 1789, 1792, 1998, 2104, 2357, 2448, 2587, 2716, 2900, 2966, 3085, 3146, 3438, 3628, 3731, 3854, 4131, 4233]
RKP_05000_01000_3_08.txt|6954.0|0.5334404000000035|[4, 6, 14, 28, 30, 36, 77, 80, 134, 152, 154, 162, 217, 250, 260, 270, 279, 301, 331, 394, 474, 489, 525, 556, 654, 686, 725, 901, 911, 944, 953, 1009, 1036, 1077, 1117, 1134, 1135, 1159, 1273, 1395, 1513, 1588, 1636, 1733, 1967, 1970, 1976, 2019, 2025, 2088, 2364, 2402, 2484, 2858, 2977, 3087, 3214, 3237, 3346, 3396, 3571, 3808, 4022, 4192, 4463]
RKP_05000_01000_3_09.txt|6554.0|0.6316070999999965|[7, 9, 14, 26, 40, 51, 73, 77, 83, 87, 99, 106, 136, 152, 159, 237, 242, 252, 281, 310, 376, 384, 453, 462, 492, 494, 556, 655, 661, 664, 671, 751, 760, 786, 852, 995, 1148, 1189, 1313, 1322, 1471, 1684, 1978, 2024, 2051, 2055, 2401, 2486, 2497, 2511, 2621, 2680, 2941, 3256, 3392, 3443, 3538, 3572, 3868, 4136, 4292]
RKP_05000_01000_3_10.txt|7154.0|0.5819022999999959|[1, 2, 3, 6, 14, 16, 25, 33, 50, 52, 62, 69, 112, 119, 145, 196, 219, 235, 270, 287, 343, 369, 393, 413, 434, 692, 789, 808, 811, 876, 907, 1019, 1093, 1125, 1184, 1329, 1498, 1530, 1621, 1635, 1785, 1803, 1854, 1890, 2139, 2189, 2224, 2322, 2749, 2764, 2813, 2894, 2915, 2940, 3127, 3150, 3234, 3240, 3251, 3435, 3589, 4052, 4227, 4466, 4631, 4747, 4788]
RKP_05000_01000_4_01.txt|354.0|0.47887850000000043|[4183]
RKP_05000_01000_4_02.txt|354.0|0.48545220000000455|[3750]
RKP_05000_01000_4_03.txt|354.0|0.5060027999999974|[626]
RKP_05000_01000_4_04.txt|354.0|0.4737182000000004|[1246]
RKP_05000_01000_4_05.txt|354.0|0.5036472999999972|[1444]
RKP_05000_01000_4_06.txt|354.0|0.5058492000000001|[1048]
RKP_05000_01000_4_07.txt|354.0|0.48274990000000173|[3547]
RKP_05000_01000_4_08.txt|354.0|0.658106200000006|[4204]
RKP_05000_01000_4_09.txt|354.0|0.4856605000000016|[3482]
RKP_05000_01000_4_10.txt|354.0|0.47932109999999994|[1008]
RKP_05000_01000_5_01.txt|454.0|0.5224073000000047|[664, 1007, 1071, 2344]
RKP_05000_01000_5_02.txt|454.0|0.48119510000000076|[7, 10, 150, 992]
RKP_05000_01000_5_03.txt|454.0|0.4984334999999902|[100, 104, 994]
RKP_05000_01000_5_04.txt|454.0|0.5506630000000001|[1, 2, 1399]
RKP_05000_01000_5_05.txt|454.0|0.5204611999999997|[102, 247, 999, 1020]
RKP_05000_01000_5_06.txt|454.0|0.4605977000000081|[100, 382, 988, 1048, 3938]
RKP_05000_01000_5_07.txt|454.0|0.4947191999999916|[10, 971]
RKP_05000_01000_5_08.txt|454.0|0.464796199999995|[100, 164, 979, 1109, 2297, 3185]
RKP_05000_01000_5_09.txt|454.0|0.49663890000000777|[14, 56, 276, 1010, 1082, 1962]
RKP_05000_01000_5_10.txt|454.0|0.47778030000000626|[1008, 1185, 1235, 1239, 1489, 1826]
RKP_05000_05000_1_01.txt|185450.0|0.5622753000000102|[2, 3, 4, 8, 21, 36, 74, 75, 78, 100, 127, 134, 149, 168, 174, 226, 239, 254, 255, 263, 279, 290, 358, 477, 496, 498, 522, 688, 747, 826, 940, 1083, 1200, 1201, 1231, 1247, 1260, 1305, 1416, 1437, 1543, 1595, 1674, 1939, 2195, 2321, 2685, 2687, 2896, 2945, 2997, 3721, 4810]
RKP_05000_05000_1_02.txt|226550.99999999392|0.6366923000000071|[1, 2, 4, 8, 10, 20, 21, 24, 45, 55, 104, 113, 117, 231, 238, 240, 269, 297, 310, 334, 361, 378, 396, 444, 470, 474, 537, 668, 712, 785, 787, 805, 903, 1005, 1041, 1044, 1069, 1107, 1115, 1152, 1374, 1459, 1855, 1870, 2174, 2177, 2306, 2322, 2501, 2667, 2706, 3059, 3696, 3754, 3842, 3921, 3940, 4197, 4382, 4402, 4712, 4832]
RKP_05000_05000_1_03.txt|202844.0|0.9551742999999959|[1, 7, 8, 18, 25, 39, 46, 62, 78, 80, 86, 110, 115, 206, 231, 233, 249, 318, 339, 393, 426, 435, 451, 482, 557, 582, 586, 811, 960, 1098, 1099, 1115, 1235, 1261, 1265, 1309, 1414, 1441, 1477, 1594, 1775, 2124, 2264, 2438, 2630, 2760, 2859, 3247, 3414, 3443, 3490, 3493, 3512, 3593, 4284, 4414]
RKP_05000_05000_1_04.txt|223027.0|0.6265870000000007|[1, 3, 5, 9, 25, 34, 38, 48, 75, 76, 81, 85, 90, 135, 145, 148, 169, 189, 222, 240, 291, 332, 368, 376, 390, 408, 422, 484, 557, 559, 675, 787, 814, 831, 1072, 1389, 1417, 1418, 1677, 1753, 1758, 1859, 1938, 2003, 2013, 2051, 2061, 2328, 2372, 2581, 2584, 2813, 2991, 3260, 3305, 3547, 3651, 3802, 3813, 3850, 4172, 4260, 4384, 4668, 4715]
RKP_05000_05000_1_05.txt|211677.0|0.6306344999999993|[1, 2, 3, 7, 12, 22, 32, 33, 38, 46, 55, 62, 127, 130, 143, 153, 210, 214, 227, 301, 348, 378, 403, 459, 463, 559, 582, 694, 923, 950, 992, 1088, 1098, 1281, 1432, 1460, 1483, 1492, 1662, 1668, 1887, 1929, 1993, 2025, 2045, 2118, 2138, 2309, 2352, 2411, 2467, 2579, 2657, 2804, 3024, 3175, 3186, 3722, 4208, 4354, 4846]
RKP_05000_05000_1_06.txt|197136.0|0.5957322000000005|[2, 8, 18, 23, 40, 43, 66, 71, 82, 85, 87, 113, 120, 243, 338, 363, 378, 407, 514, 568, 581, 608, 613, 621, 649, 651, 693, 707, 715, 813, 825, 850, 925, 956, 1065, 1154, 1227, 1280, 1308, 1730, 1927, 1981, 2048, 2132, 2204, 2210, 2240, 2309, 2386, 2509, 2701, 2729, 3361, 3978, 4076, 4540, 4561, 4692]
RKP_05000_05000_1_07.txt|189326.0|0.6938740000000081|[1, 2, 3, 4, 7, 8, 15, 29, 30, 31, 44, 83, 121, 153, 175, 182, 187, 190, 215, 230, 248, 249, 287, 294, 303, 380, 381, 457, 478, 529, 536, 575, 730, 739, 785, 829, 864, 1228, 1263, 1267, 1315, 1406, 1520, 1616, 1820, 1849, 1894, 1897, 2162, 2273, 2529, 2688, 2725, 2854, 3045, 3888, 4149, 4225, 4260, 4664]
RKP_05000_05000_1_08.txt|183192.0|0.6235358999999931|[2, 3, 16, 30, 38, 91, 95, 97, 122, 124, 138, 156, 171, 192, 232, 253, 275, 280, 303, 342, 371, 402, 451, 471, 512, 523, 560, 596, 674, 764, 836, 850, 984, 1167, 1179, 1247, 1421, 1439, 1546, 1549, 1562, 1678, 1737, 1941, 2047, 2312, 2428, 2525, 2536, 2600, 3599, 3666, 3744, 3833, 3998, 4080, 4195]
RKP_05000_05000_1_09.txt|199304.0|0.6128254999999996|[1, 2, 3, 5, 6, 42, 52, 55, 66, 77, 113, 114, 126, 139, 160, 170, 196, 221, 234, 299, 312, 325, 339, 382, 438, 448, 460, 492, 537, 542, 565, 632, 682, 701, 820, 871, 921, 1006, 1227, 1245, 1254, 1314, 1350, 1416, 1458, 1592, 1635, 1788, 1808, 1917, 1979, 2016, 2143, 2450, 2593, 2636, 3197, 4248, 4486, 4489, 4615]
RKP_05000_05000_1_10.txt|166262.99999999962|0.6123817000000003|[2, 7, 18, 24, 38, 60, 89, 92, 144, 153, 185, 278, 286, 380, 414, 428, 467, 472, 659, 746, 756, 803, 813, 909, 959, 981, 1402, 1504, 1609, 1652, 1766, 2050, 2151, 2281, 2306, 2498, 2580, 2608, 2629, 2641, 2786, 2870, 3067, 3078, 3101, 3261, 4380]
RKP_05000_05000_2_01.txt|14774.0|0.6103576999999945|[18, 20, 21, 93, 235, 250, 279, 293, 411, 475, 515, 690, 748, 866, 953, 986, 1045, 1059, 1308, 1367, 1505, 1635, 1665, 1784, 1885, 2236, 2251, 2687, 2937, 3403, 3883, 4544, 4844]
RKP_05000_05000_2_02.txt|13584.0|0.6915499999999923|[5, 14, 15, 56, 79, 91, 96, 161, 208, 220, 294, 530, 563, 582, 677, 707, 710, 762, 1058, 1069, 1172, 1287, 1649, 2060, 2162, 2244, 2429, 3100, 3641, 3796, 4007, 4564]
RKP_05000_05000_2_03.txt|13415.0|0.6825714999999946|[1, 4, 38, 44, 50, 72, 94, 177, 306, 375, 394, 441, 477, 502, 583, 783, 983, 1207, 1269, 1289, 1307, 1422, 1429, 1432, 1481, 2224, 2272, 3090, 3368, 3428, 3630, 3839, 3957, 4235, 4565, 4939]
RKP_05000_05000_2_04.txt|18739.0|0.6617889999999989|[1, 2, 3, 4, 21, 23, 37, 47, 49, 71, 78, 82, 115, 122, 126, 131, 147, 165, 187, 238, 307, 322, 346, 372, 455, 491, 554, 583, 625, 637, 655, 803, 832, 893, 1124, 1223, 1329, 1335, 1412, 1478, 1508, 1586, 1606, 2093, 2308, 2382, 2632, 2705, 2773, 3257, 3288, 3593]
RKP_05000_05000_2_05.txt|14757.0|0.6451915000000099|[4, 5, 13, 34, 70, 103, 113, 128, 163, 220, 281, 317, 481, 501, 513, 595, 606, 858, 874, 932, 962, 1011, 1022, 1103, 1153, 1232, 1242, 1260, 1394, 1588, 1768, 1813, 2678, 2694, 3623, 4182, 4330, 4410]
RKP_05000_05000_2_06.txt|12705.0|0.6951164999999975|[30, 43, 74, 136, 303, 370, 373, 411, 437, 449, 574, 629, 637, 689, 726, 731, 832, 866, 872, 912, 985, 1070, 1073, 1342, 1756, 1805, 2245, 2357, 2653, 3064, 3105, 3580, 3764]
RKP_05000_05000_2_07.txt|15234.0|0.7467182999999977|[7, 26, 30, 36, 129, 152, 199, 273, 411, 421, 428, 452, 461, 528, 624, 631, 725, 727, 903, 926, 932, 989, 1115, 1137, 1326, 1438, 1460, 1581, 1614, 1730, 1734, 1819, 2045, 2118, 2838, 3005, 3180, 3396, 3704, 3935, 3995, 4066, 4239]
RKP_05000_05000_2_08.txt|16238.0|0.7599289999999996|[2, 9, 17, 20, 27, 83, 116, 155, 160, 179, 192, 274, 286, 332, 449, 551, 603, 659, 724, 746, 760, 782, 811, 899, 919, 953, 1239, 1262, 1464, 1520, 1597, 1692, 1834, 1835, 2024, 2598, 2856, 2906, 2907, 3039, 3119, 3335, 3356, 3617]
RKP_05000_05000_2_09.txt|17563.0|0.6756784000000096|[1, 2, 3, 7, 36, 60, 61, 82, 83, 84, 105, 128, 129, 137, 157, 164, 180, 327, 385, 394, 413, 423, 519, 634, 893, 899, 920, 973, 1179, 1213, 1231, 1308, 1378, 1462, 1478, 1482, 1687, 1771, 1802, 2129, 2354, 2555, 2889, 3741, 4959]
RKP_05000_05000_2_10.txt|15208.0|0.7083684999999917|[1, 2, 14, 23, 24, 35, 42, 70, 82, 97, 185, 205, 233, 261, 311, 330, 351, 481, 666, 723, 725, 856, 899, 1060, 1078, 1136, 1230, 1530, 1620, 1908, 2524, 2605, 2732, 2854, 2884, 3271, 3467, 3568, 3618]
RKP_05000_05000_3_01.txt|35772.0|0.5223878999999982|[4, 6, 13, 16, 17, 21, 39, 45, 54, 55, 58, 79, 83, 88, 94, 106, 132, 164, 171, 198, 336, 449, 452, 480, 510, 521, 528, 530, 563, 595, 625, 628, 638, 646, 736, 787, 800, 814, 870, 926, 1004, 1075, 1080, 1132, 1290, 1328, 1409, 1410, 1430, 1664, 1758, 1846, 1850, 1887, 2024, 2100, 2266, 2454, 2544, 2738, 2831, 2987, 3210, 3361, 3715, 3941, 4143]
RKP_05000_05000_3_02.txt|33272.0|0.6469201999999967|[1, 5, 9, 25, 30, 32, 33, 38, 50, 51, 55, 58, 59, 85, 99, 115, 133, 151, 155, 217, 221, 227, 303, 407, 507, 509, 601, 773, 885, 969, 970, 985, 1093, 1151, 1198, 1199, 1220, 1232, 1509, 1675, 1914, 1970, 2025, 2038, 2259, 2345, 2392, 2529, 2826, 3096, 3230, 3282, 3743, 3779, 3922, 4134, 4175, 4221, 4338, 4488, 4553, 4589]
RKP_05000_05000_3_03.txt|36272.0|0.550859299999999|[1, 2, 3, 4, 6, 12, 13, 21, 25, 46, 67, 79, 88, 90, 127, 185, 194, 219, 223, 281, 323, 471, 489, 523, 542, 618, 636, 682, 763, 826, 856, 950, 963, 970, 1011, 1029, 1061, 1099, 1129, 1187, 1238, 1255, 1278, 1505, 1516, 1547, 1677, 1691, 1696, 1703, 1715, 1729, 1777, 1875, 1911, 1960, 2297, 2420, 2430, 2585, 2713, 2750, 3112, 3385, 3389, 3452, 3819, 3909]
RKP_05000_05000_3_04.txt|35272.0|0.5542159999999967|[1, 4, 12, 14, 27, 51, 61, 71, 94, 101, 102, 109, 156, 169, 173, 177, 183, 198, 208, 229, 249, 256, 304, 343, 404, 412, 454, 455, 476, 479, 505, 585, 642, 718, 779, 843, 868, 936, 965, 1033, 1208, 1276, 1564, 1589, 1800, 2018, 2428, 2441, 2704, 2727, 2854, 2915, 3065, 3143, 3391, 3454, 3497, 3543, 3625, 3841, 3856, 3870, 3872, 4104, 4170, 4678]
RKP_05000_05000_3_05.txt|33772.0|0.5333459999999945|[2, 5, 12, 13, 20, 24, 28, 34, 44, 50, 70, 72, 75, 81, 97, 115, 139, 150, 166, 202, 207, 259, 331, 368, 372, 406, 537, 555, 617, 628, 779, 945, 958, 969, 984, 1004, 1044, 1182, 1313, 1506, 1519, 1640, 1664, 1680, 1696, 1758, 1771, 1843, 1951, 1960, 1982, 2386, 2428, 2606, 2910, 2994, 3138, 3442, 3566, 3569, 4138, 4267, 4618, 4707]
RKP_05000_05000_3_06.txt|34272.0|0.5261952000000036|[1, 6, 8, 22, 23, 28, 30, 43, 44, 48, 55, 78, 101, 115, 125, 130, 234, 239, 242, 262, 285, 313, 377, 382, 386, 480, 607, 617, 623, 645, 671, 737, 817, 839, 845, 909, 924, 934, 977, 1005, 1115, 1123, 1191, 1678, 1939, 1989, 2100, 2115, 2169, 2300, 2334, 2338, 2537, 2626, 2697, 2724, 2793, 3065, 3251, 3441, 3448, 4129, 4300, 4383]
RKP_05000_05000_3_07.txt|32772.0|0.5666568999999981|[1, 2, 3, 4, 82, 88, 119, 130, 143, 161, 217, 220, 231, 232, 304, 348, 459, 462, 487, 490, 525, 544, 609, 684, 717, 718, 723, 766, 796, 813, 817, 835, 866, 897, 924, 1049, 1127, 1213, 1279, 1338, 1403, 1420, 1497, 1664, 1721, 1728, 1818, 1854, 2093, 2201, 2287, 2345, 2399, 2511, 2643, 2747, 2824, 3347, 3503, 3987, 4656]
RKP_05000_05000_3_08.txt|33271.0|0.49916140000000553|[1, 2, 14, 16, 18, 22, 28, 39, 43, 53, 54, 73, 78, 105, 110, 122, 128, 147, 150, 152, 205, 241, 294, 351, 391, 430, 433, 484, 524, 640, 742, 752, 762, 784, 857, 876, 938, 1042, 1104, 1105, 1145, 1224, 1311, 1371, 1450, 1520, 1613, 1833, 1969, 2150, 2221, 2250, 2393, 2413, 2446, 2528, 2636, 2750, 4022, 4469, 4731, 4805]
RKP_05000_05000_3_09.txt|35772.0|0.5301974000000058|[4, 7, 8, 13, 17, 19, 42, 43, 96, 111, 123, 133, 233, 252, 259, 313, 317, 345, 354, 387, 406, 431, 512, 532, 609, 629, 643, 660, 693, 767, 789, 851, 877, 913, 929, 932, 1146, 1282, 1328, 1343, 1422, 1489, 1549, 1667, 1727, 1813, 1933, 1945, 2166, 2247, 2427, 2435, 2484, 2838, 2885, 2926, 2994, 3338, 3677, 3684, 4052, 4240, 4246, 4313, 4338, 4789, 4825]
RKP_05000_05000_3_10.txt|35772.0|0.5913963999999936|[1, 2, 3, 4, 10, 13, 14, 26, 44, 48, 51, 59, 60, 120, 137, 172, 227, 243, 278, 313, 402, 405, 481, 490, 535, 576, 577, 607, 664, 665, 675, 716, 988, 1062, 1075, 1099, 1135, 1202, 1224, 1258, 1284, 1307, 1358, 1405, 1444, 1567, 1639, 1653, 1714, 1786, 1891, 2536, 2573, 2643, 2698, 2748, 2923, 3046, 3222, 3454, 3468, 3531, 3640, 3759, 3937, 4381, 4808]
RKP_05000_05000_4_01.txt|1772.0000000000005|0.46250790000000563|[1579]
RKP_05000_05000_4_02.txt|1772.0000000000005|0.46695630000000676|[603]
RKP_05000_05000_4_03.txt|1772.0000000000005|0.507962599999999|[2061]
RKP_05000_05000_4_04.txt|1772.0000000000005|0.4720342000000102|[1937]
RKP_05000_05000_4_05.txt|1771.0000000000007|0.4955273000000062|[3367]
RKP_05000_05000_4_06.txt|1772.0000000000005|0.4593852999999939|[556]
RKP_05000_05000_4_07.txt|1772.0000000000005|0.45727719999999294|[2074]
RKP_05000_05000_4_08.txt|1771.0000000000007|0.49880509999999845|[2453]
RKP_05000_05000_4_09.txt|1772.0000000000005|0.46416109999999833|[4311]
RKP_05000_05000_4_10.txt|1771.0000000000007|0.489102299999999|[1155]
RKP_05000_05000_5_01.txt|2272.0|0.5223663999999957|[10, 111, 982, 2505, 3011, 3485]
RKP_05000_05000_5_02.txt|2272.0000000000005|0.48488439999999855|[1334]
RKP_05000_05000_5_03.txt|2272.0000000000005|0.4875200000000035|[4346]
RKP_05000_05000_5_04.txt|2272.0|0.5215782000000075|[1, 100, 822, 950, 1274, 2070, 4537]
RKP_05000_05000_5_05.txt|2272.0000000000005|0.4897282999999959|[1591]
RKP_05000_05000_5_06.txt|2272.0|0.5121400000000023|[100, 974, 1032, 1122, 2498]
RKP_05000_05000_5_07.txt|2272.0000000000005|0.47574889999999925|[2033]
RKP_05000_05000_5_08.txt|2272.0|0.4881615000000039|[1, 34, 111, 118, 231, 999]
RKP_05000_05000_5_09.txt|2272.0|0.5379128000000009|[1, 12, 97, 993, 1104, 1369, 2360]
RKP_05000_05000_5_10.txt|2272.0000000000005|0.5000617999999974|[3905]
