RKP_00100_00100_1_01.txt|654.0|0.08089289999999993|[1, 3, 4, 10, 14, 17, 22, 29, 31]
RKP_00100_00100_1_02.txt|666.0|0.07571170000000005|[1, 9, 15, 31, 37, 47, 50, 56, 70, 91]
RKP_00100_00100_1_03.txt|596.0|0.06969239999999999|[1, 4, 5, 6, 10, 12, 14, 34, 67]
RKP_00100_00100_1_04.txt|621.0|0.06830389999999997|[5, 7, 9, 15, 31, 43, 74, 85]
RKP_00100_00100_1_05.txt|581.0|0.07921029999999996|[1, 6, 11, 14, 16, 20, 22, 79]
RKP_00100_00100_1_06.txt|926.0|0.07589750000000006|[10, 16, 17, 20, 31, 34, 48, 50, 55, 57, 83, 97]
RKP_00100_00100_1_07.txt|484.0|0.05882900000000002|[1, 5, 9, 13, 37, 39, 46, 60]
RKP_00100_00100_1_08.txt|774.0|0.06143290000000001|[1, 2, 6, 7, 13, 24, 29, 30, 36, 76, 87, 92]
RKP_00100_00100_1_09.txt|536.0|0.09656409999999993|[2, 4, 5, 16, 18, 23, 24, 29, 77]
RKP_00100_00100_1_10.txt|698.0|0.05971199999999999|[1, 2, 4, 11, 12, 13, 15, 16, 20, 27, 33]
RKP_00100_00100_2_01.txt|141.0|0.07885779999999998|[2, 6, 20, 27, 57, 87]
RKP_00100_00100_2_02.txt|160.0|0.08205379999999995|[4, 5, 8, 11, 26, 28, 30, 36, 80]
RKP_00100_00100_2_03.txt|143.0|0.07200999999999991|[1, 3, 5, 7, 20, 26, 48, 59, 75]
RKP_00100_00100_2_04.txt|148.0|0.08123170000000002|[2, 8, 9, 11, 50, 76]
RKP_00100_00100_2_05.txt|131.0|0.0934193000000001|[7, 29, 30, 39, 82, 96]
RKP_00100_00100_2_06.txt|134.0|0.07422190000000017|[2, 3, 23, 47, 50]
RKP_00100_00100_2_07.txt|138.0|0.07914090000000007|[3, 7, 15, 22, 49, 54]
RKP_00100_00100_2_08.txt|144.0|0.0674355000000002|[1, 16, 21, 28, 29]
RKP_00100_00100_2_09.txt|135.0|0.059940500000000174|[4, 20, 23, 27, 42, 51, 56, 75]
RKP_00100_00100_2_10.txt|142.0|0.0733851999999997|[1, 2, 5, 14, 27, 64, 65, 81]
RKP_00100_00100_3_01.txt|180.0|0.09516299999999989|[3, 6, 8, 14, 16, 33, 47, 52]
RKP_00100_00100_3_02.txt|194.0|0.08528879999999983|[1, 2, 8, 10, 12, 17, 25, 52, 59, 68]
RKP_00100_00100_3_03.txt|198.0|0.07847589999999993|[3, 4, 6, 12, 14, 15, 22, 40, 46, 64, 75]
RKP_00100_00100_3_04.txt|195.0|0.07355599999999995|[1, 2, 8, 14, 15, 21, 26, 34, 37, 50]
RKP_00100_00100_3_05.txt|198.0|0.0648920000000004|[1, 5, 7, 12, 14, 22, 26, 33, 70, 72]
RKP_00100_00100_3_06.txt|228.0|0.06546720000000006|[2, 3, 4, 8, 11, 12, 19, 27, 28, 31, 40, 66, 72, 95]
RKP_00100_00100_3_07.txt|198.0|0.07738980000000018|[2, 4, 5, 6, 8, 23, 67, 72, 83, 89]
RKP_00100_00100_3_08.txt|181.0|0.12411720000000015|[1, 3, 7, 8, 12, 15, 58, 62, 67]
RKP_00100_00100_3_09.txt|177.0|0.07354199999999977|[1, 4, 9, 13, 31, 32, 42, 89]
RKP_00100_00100_3_10.txt|201.0|0.0596665999999999|[1, 5, 6, 9, 20, 45, 47, 54, 62, 69, 86]
RKP_00100_00100_4_01.txt|100.0|0.048061199999999804|[97]
RKP_00100_00100_4_02.txt|100.0|0.04685139999999999|[88]
RKP_00100_00100_4_03.txt|100.0|0.04708880000000004|[84]
RKP_00100_00100_4_04.txt|100.0|0.046808799999999984|[95]
RKP_00100_00100_4_05.txt|97.0|0.04721960000000003|[93]
RKP_00100_00100_4_06.txt|96.0|0.05350790000000005|[92]
RKP_00100_00100_4_07.txt|98.0|0.04815550000000002|[98]
RKP_00100_00100_4_08.txt|94.0|0.048046000000000255|[96]
RKP_00100_00100_4_09.txt|94.0|0.04918129999999987|[96]
RKP_00100_00100_4_10.txt|95.0|0.04908900000000038|[89]
RKP_00100_00100_5_01.txt|100.0|0.04793190000000003|[98]
RKP_00100_00100_5_02.txt|100.0|0.054718299999999775|[1, 10, 25, 66]
RKP_00100_00100_5_03.txt|100.0|0.04960129999999996|[1, 87]
RKP_00100_00100_5_04.txt|100.0|0.04925589999999991|[92]
RKP_00100_00100_5_05.txt|100.0|0.04897090000000004|[1, 84]
RKP_00100_00100_5_06.txt|100.0|0.04843170000000008|[3, 36, 40]
RKP_00100_00100_5_07.txt|100.0|0.0520567999999999|[7, 8, 14, 17, 33]
RKP_00100_00100_5_08.txt|100.0|0.04967799999999967|[10, 94]
RKP_00100_00100_5_09.txt|100.0|0.04861480000000018|[96]
RKP_00100_00100_5_10.txt|100.0|0.04813830000000019|[6, 8, 76]
RKP_00500_00100_1_01.txt|1351.0|0.12511129999999993|[3, 4, 6, 17, 25, 27, 40, 75, 129, 140, 148, 158, 211, 222, 274, 280, 284, 304, 500]
RKP_00500_00100_1_02.txt|1244.0|0.1259351000000004|[4, 5, 13, 28, 77, 87, 88, 89, 102, 108, 175, 205, 288, 325, 376, 394, 430, 433]
RKP_00500_00100_1_03.txt|1163.0|0.11258520000000072|[1, 5, 11, 15, 16, 20, 23, 30, 37, 111, 113, 140, 147, 158, 228, 365, 477, 496]
RKP_00500_00100_1_04.txt|1477.0|0.12172699999999992|[10, 11, 41, 48, 59, 62, 64, 65, 93, 94, 121, 156, 197, 245, 258, 315, 359, 467]
RKP_00500_00100_1_05.txt|1447.0|0.1144911999999998|[1, 2, 3, 6, 10, 11, 17, 18, 23, 24, 25, 26, 72, 76, 192, 215, 292, 320, 363, 382, 402]
RKP_00500_00100_1_06.txt|1597.0|0.10258620000000018|[2, 3, 4, 5, 13, 16, 22, 27, 34, 35, 50, 52, 83, 89, 107, 165, 190, 225, 230, 240, 411, 491]
RKP_00500_00100_1_07.txt|1701.0000000000005|0.11355640000000022|[2, 7, 21, 22, 24, 31, 40, 47, 80, 89, 94, 97, 100, 126, 133, 147, 165, 192, 206, 257, 322, 410, 461, 469, 492]
RKP_00500_00100_1_08.txt|1524.0|0.1129364000000006|[1, 2, 3, 4, 10, 11, 16, 29, 106, 122, 146, 149, 150, 156, 165, 167, 185, 258, 326, 332, 357, 378, 450]
RKP_00500_00100_1_09.txt|1418.0|0.11059919999999934|[2, 11, 16, 19, 39, 48, 54, 56, 68, 77, 108, 148, 151, 153, 163, 173, 180, 210, 214, 221, 245, 307, 324]
RKP_00500_00100_1_10.txt|1381.0|0.11184159999999999|[1, 2, 4, 5, 6, 8, 14, 21, 59, 62, 75, 78, 109, 162, 214, 234, 277, 342, 413, 464]
RKP_00500_00100_2_01.txt|234.0|0.10554210000000008|[11, 16, 20, 32, 39, 50, 88, 101, 102, 122, 148, 168, 226, 259, 351, 441, 447]
RKP_00500_00100_2_02.txt|219.0|0.10588849999999983|[4, 10, 13, 21, 65, 72, 97, 100, 112, 131, 141, 156, 167, 299, 336, 385, 441]
RKP_00500_00100_2_03.txt|219.0|0.10914610000000025|[2, 9, 12, 31, 37, 60, 64, 71, 100, 107, 135, 151, 154, 155, 164, 166, 343, 370, 382, 436, 479]
RKP_00500_00100_2_04.txt|213.0|0.10778750000000059|[7, 9, 11, 14, 16, 19, 26, 38, 58, 85, 99, 105, 112, 125, 163, 204, 216, 429]
RKP_00500_00100_2_05.txt|212.0|0.0940367000000002|[4, 5, 10, 34, 38, 43, 52, 87, 125, 143, 182, 218, 240, 260, 294, 417, 426]
RKP_00500_00100_2_06.txt|212.0|0.08962249999999994|[1, 9, 10, 18, 24, 27, 50, 53, 57, 70, 117, 150, 155, 203]
RKP_00500_00100_2_07.txt|187.0|0.1053229|[1, 2, 3, 4, 9, 17, 18, 53, 75, 83, 123, 162, 260, 278, 292, 308]
RKP_00500_00100_2_08.txt|195.0|0.10242569999999951|[6, 15, 23, 42, 45, 46, 50, 87, 96, 123, 136, 175, 234, 265, 350, 495]
RKP_00500_00100_2_09.txt|165.0|0.11768609999999935|[19, 25, 38, 48, 52, 87, 119, 183, 276, 277, 335, 433]
RKP_00500_00100_2_10.txt|179.0|0.09307670000000012|[9, 14, 19, 20, 40, 46, 62, 83, 116, 118, 199, 276, 372, 441]
RKP_00500_00100_3_01.txt|291.0|0.11654929999999997|[1, 3, 5, 11, 19, 20, 31, 33, 36, 43, 55, 77, 96, 143, 223, 225, 248, 260, 343, 401]
RKP_00500_00100_3_02.txt|360.0|0.10718610000000073|[1, 3, 4, 5, 7, 15, 20, 26, 32, 39, 56, 68, 103, 110, 111, 152, 160, 167, 172, 181, 189, 202, 203, 221, 263, 336, 351]
RKP_00500_00100_3_03.txt|326.0|0.10412890000000008|[1, 9, 35, 45, 52, 71, 74, 80, 93, 113, 126, 134, 139, 142, 148, 168, 178, 191, 245, 264, 351, 444, 454]
RKP_00500_00100_3_04.txt|350.0|0.08817730000000079|[1, 2, 4, 9, 20, 27, 31, 66, 68, 72, 104, 146, 156, 159, 168, 209, 217, 221, 278, 280, 282, 301, 312, 345, 350, 400]
RKP_00500_00100_3_05.txt|352.0|0.09979099999999974|[1, 3, 4, 9, 12, 33, 35, 74, 88, 92, 102, 106, 108, 143, 167, 196, 211, 225, 248, 319, 340, 377, 381, 382, 417, 468]
RKP_00500_00100_3_06.txt|318.0|0.07231180000000048|[2, 4, 5, 11, 16, 24, 45, 49, 52, 67, 73, 90, 91, 186, 189, 199, 204, 242, 281, 283, 311, 404, 433]
RKP_00500_00100_3_07.txt|307.0|0.11064259999999937|[1, 2, 5, 7, 24, 30, 33, 37, 65, 77, 91, 99, 102, 157, 200, 216, 244, 282, 308, 429, 430]
RKP_00500_00100_3_08.txt|383.0|0.12085309999999971|[1, 8, 12, 14, 19, 25, 26, 31, 35, 49, 57, 58, 62, 63, 84, 90, 114, 133, 144, 150, 159, 172, 195, 214, 275, 301, 302, 323, 389, 451]
RKP_00500_00100_3_09.txt|336.0|0.10033590000000014|[2, 3, 4, 12, 13, 17, 24, 58, 63, 70, 83, 90, 104, 148, 154, 169, 171, 173, 208, 221, 231, 294, 315, 347, 434]
RKP_00500_00100_3_10.txt|332.0|0.12082149999999992|[9, 10, 13, 18, 25, 32, 38, 47, 48, 57, 60, 71, 99, 123, 135, 153, 159, 165, 183, 189, 282, 305, 322, 325]
RKP_00500_00100_4_01.txt|100.0|0.07019130000000029|[445]
RKP_00500_00100_4_02.txt|100.0|0.07171539999999954|[454]
RKP_00500_00100_4_03.txt|100.0|0.07367300000000032|[436]
RKP_00500_00100_4_04.txt|100.0|0.07234650000000009|[419]
RKP_00500_00100_4_05.txt|100.0|0.07097209999999965|[489]
RKP_00500_00100_4_06.txt|98.0|0.07042860000000051|[498]
RKP_00500_00100_4_07.txt|100.0|0.07053180000000037|[495]
RKP_00500_00100_4_08.txt|100.0|0.06984290000000026|[430]
RKP_00500_00100_4_09.txt|100.0|0.08210210000000018|[471]
RKP_00500_00100_4_10.txt|100.0|0.07288229999999984|[497]
RKP_00500_00100_5_01.txt|100.0|0.07551489999999994|[496]
RKP_00500_00100_5_02.txt|100.0|0.07185670000000055|[245, 260]
RKP_00500_00100_5_03.txt|100.0|0.07395939999999968|[1, 95, 214, 283, 370]
RKP_00500_00100_5_04.txt|100.0|0.07089110000000076|[493]
RKP_00500_00100_5_05.txt|100.0|0.07772709999999883|[11, 16, 38, 70, 101]
RKP_00500_00100_5_06.txt|100.0|0.07449060000000074|[55, 57, 90, 106, 122, 130]
RKP_00500_00100_5_07.txt|100.0|0.07165490000000041|[152, 163]
RKP_00500_00100_5_08.txt|100.0|0.07467790000000107|[1, 104, 181, 324]
RKP_00500_00100_5_09.txt|100.0|0.07852090000000089|[223, 498]
RKP_00500_00100_5_10.txt|100.0|0.07138480000000058|[14, 82, 101, 134, 316]
RKP_01000_00100_1_01.txt|1773.0|0.17253969999999974|[2, 10, 11, 19, 36, 47, 48, 50, 51, 64, 67, 91, 97, 123, 151, 260, 261, 314, 347, 376, 432, 465, 531, 560, 646]
RKP_01000_00100_1_02.txt|1709.0|0.19746089999999938|[8, 9, 16, 18, 30, 38, 49, 58, 72, 76, 81, 108, 171, 182, 195, 292, 294, 331, 408, 486, 515, 527, 557, 584, 599, 624, 696, 754]
RKP_01000_00100_1_03.txt|1755.0|0.22865059999999993|[1, 4, 16, 32, 50, 56, 65, 114, 116, 128, 134, 172, 174, 182, 199, 252, 326, 366, 380, 483, 498, 535, 800, 813, 869]
RKP_01000_00100_1_04.txt|2018.0|0.171099400000001|[1, 2, 3, 5, 6, 12, 14, 20, 44, 67, 69, 75, 151, 163, 165, 172, 247, 255, 277, 283, 429, 566, 592, 726, 732, 733, 790, 857]
RKP_01000_00100_1_05.txt|1932.0|0.17034720000000014|[1, 12, 16, 26, 29, 39, 41, 49, 75, 89, 121, 123, 139, 188, 207, 307, 425, 553, 582, 635, 673, 696, 776, 865, 915, 1000]
RKP_01000_00100_1_06.txt|2119.0|0.17696620000000074|[1, 4, 8, 10, 33, 37, 38, 52, 55, 57, 58, 63, 78, 83, 99, 120, 168, 210, 233, 236, 242, 250, 255, 383, 442, 632, 645, 773, 790, 993]
RKP_01000_00100_1_07.txt|2105.0|0.17413170000000022|[1, 3, 7, 19, 37, 42, 46, 80, 86, 88, 90, 96, 127, 128, 129, 130, 146, 147, 190, 204, 226, 382, 436, 440, 556, 627, 778, 874]
RKP_01000_00100_1_08.txt|1835.0|0.2013259000000005|[1, 2, 4, 5, 6, 16, 22, 26, 64, 68, 80, 145, 149, 223, 242, 274, 278, 294, 303, 356, 366, 390, 421, 422, 716, 922]
RKP_01000_00100_1_09.txt|1878.999999999935|0.1931408999999995|[1, 2, 10, 14, 17, 27, 31, 32, 36, 103, 108, 133, 155, 168, 170, 196, 213, 248, 290, 409, 427, 513, 579, 672, 782, 925]
RKP_01000_00100_1_10.txt|2162.0|0.15043589999999973|[1, 8, 19, 37, 50, 55, 76, 104, 111, 158, 159, 188, 221, 253, 286, 295, 331, 368, 399, 428, 439, 466, 491, 534, 618, 663, 669, 748, 785, 825, 931, 968]
RKP_01000_00100_2_01.txt|238.0|0.12276660000000028|[3, 7, 12, 13, 24, 33, 37, 47, 111, 183, 209, 253, 264, 348, 374, 375, 470, 614, 901, 990]
RKP_01000_00100_2_02.txt|221.0|0.13298699999999997|[3, 23, 35, 73, 77, 84, 100, 103, 166, 183, 202, 375, 385, 410, 547, 625, 718, 782, 954]
RKP_01000_00100_2_03.txt|283.0|0.1546719999999997|[5, 58, 64, 81, 84, 87, 97, 123, 124, 141, 171, 186, 282, 330, 335, 340, 347, 371, 394, 416, 417, 708, 746, 854]
RKP_01000_00100_2_04.txt|236.0|0.15953030000000012|[21, 35, 37, 49, 58, 60, 74, 94, 123, 150, 207, 232, 244, 332, 443, 553, 698]
RKP_01000_00100_2_05.txt|238.0|0.14704629999999952|[2, 7, 11, 30, 42, 84, 98, 111, 152, 162, 172, 222, 236, 299, 339, 380, 420, 428, 512, 742, 823]
RKP_01000_00100_2_06.txt|246.0|0.1302038999999997|[1, 6, 16, 17, 24, 33, 57, 122, 138, 149, 259, 276, 290, 383, 399, 537, 590, 647, 805, 858, 876]
RKP_01000_00100_2_07.txt|216.0|0.1454304000000004|[1, 5, 7, 20, 47, 69, 81, 173, 208, 284, 345, 396, 405, 457, 531, 689, 731, 783, 796, 950]
RKP_01000_00100_2_08.txt|257.0|0.12389250000000018|[1, 3, 7, 9, 10, 21, 39, 44, 49, 62, 121, 129, 131, 133, 198, 223, 294, 414, 519, 549, 573, 609, 661, 862]
RKP_01000_00100_2_09.txt|234.0|0.12317470000000164|[6, 11, 13, 18, 30, 127, 175, 191, 205, 225, 235, 241, 348, 382, 417, 436, 470, 635, 904, 982]
RKP_01000_00100_2_10.txt|240.0|0.13971540000000005|[1, 15, 42, 56, 58, 75, 89, 155, 163, 164, 191, 196, 252, 273, 282, 301, 309, 341, 412, 521, 522, 548, 710]
RKP_01000_00100_3_01.txt|458.0|0.13140350000000112|[1, 2, 11, 15, 21, 32, 49, 51, 55, 65, 77, 83, 94, 118, 119, 133, 157, 179, 186, 208, 240, 249, 294, 337, 340, 348, 441, 456, 464, 537, 659, 704, 740, 763, 795, 816, 857, 959]
RKP_01000_00100_3_02.txt|425.0|0.12977360000000004|[1, 9, 18, 19, 24, 25, 37, 42, 51, 70, 77, 79, 94, 110, 112, 120, 137, 138, 176, 178, 207, 216, 295, 300, 318, 377, 381, 533, 567, 600, 644, 654, 978]
RKP_01000_00100_3_03.txt|432.0|0.12787239999999933|[1, 3, 8, 13, 17, 22, 31, 44, 46, 54, 74, 89, 93, 142, 143, 170, 175, 204, 222, 256, 270, 305, 325, 378, 382, 392, 431, 530, 580, 625, 652, 692, 822, 836, 994]
RKP_01000_00100_3_04.txt|408.0|0.12864289999999912|[1, 3, 4, 5, 9, 10, 15, 16, 29, 35, 41, 42, 62, 65, 142, 149, 161, 235, 274, 277, 305, 339, 389, 433, 449, 527, 558, 579, 639, 645, 740, 786, 816]
RKP_01000_00100_3_05.txt|362.0|0.11714879999999894|[2, 23, 24, 29, 31, 37, 57, 85, 91, 108, 128, 141, 144, 151, 163, 172, 183, 204, 308, 315, 355, 460, 630, 661, 739, 851, 876, 910]
RKP_01000_00100_3_06.txt|389.0|0.1597419999999996|[1, 5, 6, 12, 14, 18, 22, 25, 36, 37, 63, 66, 71, 98, 112, 116, 158, 204, 207, 217, 224, 242, 249, 345, 347, 405, 471, 543, 886, 970]
RKP_01000_00100_3_07.txt|438.0|0.1248497000000004|[2, 3, 5, 12, 16, 20, 23, 31, 34, 38, 48, 53, 112, 124, 129, 131, 169, 190, 202, 204, 231, 337, 354, 407, 410, 529, 581, 583, 591, 605, 695, 822, 828, 867, 888, 942]
RKP_01000_00100_3_08.txt|359.0|0.11413549999999972|[1, 2, 11, 13, 23, 35, 71, 89, 97, 129, 131, 154, 178, 179, 198, 233, 257, 265, 266, 301, 303, 340, 342, 472, 526, 667, 883]
RKP_01000_00100_3_09.txt|381.0|0.1322624000000001|[1, 16, 17, 23, 36, 39, 48, 66, 83, 100, 126, 141, 185, 216, 228, 257, 385, 446, 471, 480, 502, 547, 563, 578, 647, 758, 825, 871, 930]
RKP_01000_00100_3_10.txt|393.0|0.12662820000000075|[1, 2, 3, 4, 5, 10, 11, 12, 18, 26, 35, 46, 56, 104, 122, 156, 169, 170, 217, 227, 245, 247, 264, 319, 334, 436, 467, 524, 632, 677, 764]
RKP_01000_00100_4_01.txt|100.0|0.09912170000000131|[882]
RKP_01000_00100_4_02.txt|100.0|0.09741890000000097|[866]
RKP_01000_00100_4_03.txt|100.0|0.0976423999999998|[860]
RKP_01000_00100_4_04.txt|100.0|0.10147760000000083|[828]
RKP_01000_00100_4_05.txt|100.0|0.09758650000000024|[851]
RKP_01000_00100_4_06.txt|100.0|0.09909569999999945|[926]
RKP_01000_00100_4_07.txt|100.0|0.095528100000001|[887]
RKP_01000_00100_4_08.txt|100.0|0.10857070000000135|[847]
RKP_01000_00100_4_09.txt|100.0|0.09826069999999909|[877]
RKP_01000_00100_4_10.txt|100.0|0.106460199999999|[862]
RKP_01000_00100_5_01.txt|100.0|0.10211470000000133|[28, 150, 179, 255]
RKP_01000_00100_5_02.txt|100.0|0.10114699999999921|[8, 39, 58, 69, 658, 870, 902]
RKP_01000_00100_5_03.txt|100.0|0.10573550000000154|[86, 251, 252, 955]
RKP_01000_00100_5_04.txt|100.0|0.1268703000000002|[102, 802]
RKP_01000_00100_5_05.txt|100.0|0.09853050000000074|[260, 885]
RKP_01000_00100_5_06.txt|100.0|0.09897839999999825|[33, 85, 114, 213]
RKP_01000_00100_5_07.txt|100.0|0.10133210000000048|[102, 112, 169, 617, 822]
RKP_01000_00100_5_08.txt|100.0|0.10048350000000106|[95, 357, 386, 519]
RKP_01000_00100_5_09.txt|100.0|0.1019148000000012|[10, 800]
RKP_01000_00100_5_10.txt|100.0|0.10223959999999899|[88, 109, 809]
RKP_05000_00100_1_01.txt|3929.0|0.6267649999999989|[1, 3, 4, 5, 8, 9, 13, 20, 21, 31, 49, 51, 77, 115, 116, 130, 183, 302, 343, 363, 465, 533, 540, 553, 589, 642, 904, 1021, 1181, 1207, 1213, 1268, 1275, 1277, 1366, 1373, 1406, 1465, 1568, 1700, 1731, 1839, 2091, 2106, 2398, 2505, 2556, 3411, 3645, 3733, 4474, 4536, 4758]
RKP_05000_00100_1_02.txt|3882.0000000000005|0.7272414999999981|[1, 2, 18, 28, 31, 42, 60, 65, 73, 75, 83, 99, 104, 130, 151, 169, 171, 174, 238, 262, 275, 277, 304, 350, 354, 357, 398, 420, 463, 601, 616, 716, 892, 1201, 1210, 1236, 1432, 1821, 2056, 2196, 2337, 2669, 2785, 2939, 3107, 3415, 3592, 3648, 3739, 4066, 4071, 4311, 4439, 4651]
RKP_05000_00100_1_03.txt|3740.0|0.6076827999999992|[1, 2, 5, 6, 10, 22, 26, 27, 52, 81, 114, 136, 148, 178, 193, 207, 304, 312, 326, 350, 401, 591, 612, 656, 684, 793, 929, 961, 1020, 1069, 1237, 1355, 1363, 1394, 1588, 1880, 1912, 1968, 2096, 2105, 2442, 2646, 2992, 3036, 3127, 3261, 3382, 3471, 4053, 4396, 4693, 4798]
RKP_05000_00100_1_04.txt|3717.0|0.6883544999999991|[2, 5, 7, 16, 23, 38, 41, 48, 69, 78, 104, 135, 147, 203, 205, 337, 378, 397, 455, 587, 593, 651, 709, 713, 795, 868, 936, 979, 1048, 1210, 1521, 1764, 1814, 1931, 1998, 2255, 2304, 2528, 2565, 2594, 2831, 2859, 3064, 3225, 3336, 3338, 3484, 3503, 3703, 4248, 4320, 4377, 4470, 4914]
RKP_05000_00100_1_05.txt|3655.0|0.7301585000000017|[2, 4, 8, 14, 16, 20, 33, 38, 44, 53, 60, 64, 92, 96, 101, 106, 119, 174, 230, 288, 306, 356, 427, 428, 530, 541, 542, 644, 660, 667, 1024, 1169, 1249, 1309, 1432, 1433, 1510, 1759, 1866, 2097, 2347, 2537, 2850, 2886, 2922, 2995, 3856, 4002, 4588, 4969]
RKP_05000_00100_1_06.txt|3832.0|0.6469710000000006|[2, 6, 7, 8, 9, 18, 21, 25, 41, 44, 45, 62, 71, 73, 108, 122, 131, 133, 139, 147, 152, 155, 208, 219, 238, 329, 377, 455, 457, 569, 594, 645, 652, 701, 707, 745, 747, 807, 860, 866, 888, 896, 1295, 1319, 1485, 1799, 2000, 2055, 2608, 3167, 3825, 4655]
RKP_05000_00100_1_07.txt|4352.0|0.6967631999999995|[1, 3, 4, 5, 11, 13, 30, 32, 46, 54, 55, 60, 76, 79, 90, 97, 104, 118, 124, 155, 180, 188, 192, 204, 219, 244, 451, 453, 457, 582, 646, 811, 876, 880, 931, 991, 1022, 1149, 1199, 1222, 1299, 1401, 1437, 1477, 1674, 1687, 1713, 1758, 1762, 1913, 2037, 2085, 2591, 2883, 3072, 3419, 3473, 3566, 4252, 4639]
RKP_05000_00100_1_08.txt|3636.0|0.7300259000000011|[1, 6, 29, 48, 54, 66, 72, 82, 137, 148, 179, 183, 186, 215, 221, 234, 260, 264, 266, 275, 276, 288, 300, 441, 502, 816, 820, 865, 906, 1029, 1186, 1318, 1358, 1632, 1717, 1781, 1908, 1984, 2054, 2248, 2250, 2337, 2845, 3226, 3259, 3876, 3911, 3927, 4344, 4998]
RKP_05000_00100_1_09.txt|3573.0|0.7454011999999999|[3, 6, 10, 30, 42, 43, 74, 83, 121, 165, 178, 179, 190, 270, 307, 325, 430, 463, 533, 559, 588, 593, 619, 747, 786, 816, 853, 987, 1184, 1260, 1309, 1363, 1441, 1448, 1736, 1769, 1856, 1929, 1945, 2596, 2965, 3051, 3200, 3556, 3697, 4062, 4135, 4220, 4341, 4424]
RKP_05000_00100_1_10.txt|3872.0|0.6193111999999985|[15, 25, 43, 48, 60, 67, 83, 84, 90, 111, 131, 134, 143, 153, 176, 180, 189, 230, 235, 321, 343, 352, 363, 429, 433, 437, 445, 482, 564, 612, 654, 714, 952, 956, 1021, 1091, 1247, 1342, 1350, 1395, 1422, 1517, 1804, 2061, 2120, 2149, 2958, 3065, 3086, 3176, 3373, 3390, 4572, 4883]
RKP_05000_00100_2_01.txt|376.0|0.5758215999999976|[40, 44, 77, 110, 144, 204, 246, 303, 315, 460, 493, 540, 551, 648, 746, 842, 868, 1057, 1187, 1272, 1647, 1741, 1835, 2000, 2019, 2085, 2120, 2218, 2367, 2607, 2729, 3020, 3518, 3573, 4039, 4620, 4675]
RKP_05000_00100_2_02.txt|423.0|0.5110937|[3, 4, 8, 10, 15, 22, 25, 29, 73, 101, 103, 144, 152, 275, 298, 407, 455, 532, 578, 656, 677, 871, 1014, 1194, 1307, 1493, 1570, 1714, 1793, 1838, 2263, 2320, 2360, 2412, 2439, 2501, 2707, 2984, 3004, 3238, 3612, 3848, 3917, 4063, 4347, 4978]
RKP_05000_00100_2_03.txt|397.0|0.5079393000000003|[4, 5, 7, 12, 17, 39, 113, 157, 242, 385, 543, 592, 614, 710, 769, 798, 826, 840, 842, 1122, 1184, 1234, 1463, 1469, 1749, 1771, 1867, 1925, 2550, 2606, 2973, 3166, 3625, 3969, 4028, 4206, 4547, 4655, 4806, 4989]
RKP_05000_00100_2_04.txt|394.0|0.4971557000000004|[1, 12, 13, 45, 72, 101, 109, 111, 143, 168, 225, 283, 325, 355, 363, 387, 483, 506, 531, 674, 687, 752, 950, 1107, 1295, 1415, 1633, 1864, 2042, 2050, 2052, 2100, 2126, 2299, 2568, 3028, 3153, 3585, 4139]
RKP_05000_00100_2_05.txt|401.0|0.4985166999999997|[22, 29, 34, 40, 148, 167, 274, 355, 370, 413, 426, 452, 473, 489, 522, 612, 684, 752, 829, 984, 991, 1029, 1076, 1224, 1503, 1741, 1823, 1903, 2083, 2146, 2208, 2332, 2365, 2545, 2614, 2703, 2785, 2815, 3226, 3238, 3383, 3549, 3555, 3758]
RKP_05000_00100_2_06.txt|394.0|0.5341720000000016|[8, 23, 33, 62, 129, 135, 182, 210, 222, 326, 327, 356, 367, 437, 466, 502, 602, 702, 816, 853, 926, 1109, 1208, 1288, 1383, 1581, 1688, 2040, 2075, 2118, 2148, 2322, 2453, 2519, 3081, 3347, 3385, 3682, 4405]
RKP_05000_00100_2_07.txt|419.0|0.5300526999999988|[1, 2, 3, 7, 11, 28, 49, 55, 71, 74, 79, 105, 141, 169, 177, 179, 183, 216, 260, 333, 373, 396, 516, 689, 927, 938, 1387, 1601, 1949, 2108, 2164, 2246, 2332, 2419, 2528, 2641, 2751, 3488, 3555, 3689, 3813, 4183, 4327]
RKP_05000_00100_2_08.txt|398.0|0.5074150000000017|[1, 2, 7, 9, 11, 14, 24, 25, 34, 48, 79, 94, 98, 99, 152, 199, 227, 342, 367, 464, 491, 672, 735, 792, 953, 1204, 1273, 1330, 1415, 1617, 1700, 2068, 2133, 2312, 2522, 2584, 2831, 2915, 3421, 3696, 3854, 4658]
RKP_05000_00100_2_09.txt|411.0|0.517465099999999|[5, 6, 15, 18, 61, 86, 88, 110, 112, 142, 151, 244, 293, 294, 355, 392, 420, 433, 673, 755, 796, 846, 955, 1149, 1331, 1335, 1400, 1529, 1617, 1873, 2179, 2196, 2213, 2318, 2352, 2520, 2692, 2953, 3113, 3441, 4778]
RKP_05000_00100_2_10.txt|390.0|0.5149612000000019|[22, 66, 72, 74, 76, 120, 123, 136, 163, 210, 250, 275, 291, 302, 305, 477, 502, 918, 935, 978, 1253, 1313, 1547, 1577, 1773, 1932, 2022, 2133, 2249, 2345, 2430, 2435, 2456, 2755, 2802, 3077, 3300, 3492, 4424, 4994]
RKP_05000_00100_3_01.txt|681.0|0.4415631999999974|[1, 2, 4, 5, 7, 8, 10, 11, 28, 55, 69, 97, 104, 109, 135, 145, 188, 242, 276, 279, 288, 312, 322, 345, 377, 410, 465, 506, 533, 558, 610, 661, 676, 692, 1006, 1037, 1119, 1192, 1272, 1286, 1751, 1768, 1994, 2039, 2321, 2608, 2691, 2908, 3020, 3046, 3252, 3272, 3292, 3674, 3675, 3683, 3743, 4057, 4562]
RKP_05000_00100_3_02.txt|716.0|0.48219620000000063|[3, 11, 17, 19, 36, 38, 40, 54, 89, 94, 97, 98, 105, 132, 135, 166, 167, 175, 203, 219, 254, 272, 280, 304, 312, 313, 330, 355, 373, 392, 415, 434, 496, 554, 776, 856, 863, 917, 993, 1326, 1335, 1407, 1524, 1664, 1727, 1824, 2059, 2337, 2362, 2367, 2409, 2689, 2762, 2988, 3093, 3234, 3318, 3504, 3645, 3676, 4233, 4912]
RKP_05000_00100_3_03.txt|709.0|0.4401122000000015|[1, 5, 6, 18, 20, 42, 52, 90, 96, 129, 140, 155, 156, 191, 192, 283, 341, 387, 397, 403, 446, 459, 520, 546, 647, 656, 698, 714, 721, 780, 820, 945, 963, 977, 979, 996, 1086, 1175, 1256, 1304, 1409, 1558, 1571, 1672, 1686, 1712, 1847, 1888, 1941, 2079, 2662, 2676, 2793, 2962, 2984, 4111, 4254, 4440, 4520, 4547, 4563, 4968]
RKP_05000_00100_3_04.txt|748.0|0.45157069999999777|[1, 2, 4, 5, 9, 11, 15, 16, 24, 48, 68, 72, 98, 99, 100, 103, 118, 266, 298, 315, 318, 325, 375, 377, 446, 473, 578, 688, 708, 759, 769, 770, 808, 898, 984, 1024, 1162, 1193, 1200, 1227, 1264, 1283, 1293, 1338, 1347, 1348, 1433, 1739, 1757, 1905, 2156, 2274, 2340, 2343, 2386, 2433, 2600, 2634, 2810, 2992, 3105, 3111, 3639, 3783, 3851, 4679, 4996]
RKP_05000_00100_3_05.txt|658.0|0.4814957000000035|[7, 11, 24, 25, 32, 52, 55, 79, 109, 113, 122, 147, 206, 220, 230, 235, 238, 292, 295, 362, 435, 448, 480, 485, 486, 513, 573, 588, 590, 638, 656, 769, 848, 909, 950, 973, 1088, 1259, 1526, 1668, 1760, 1810, 1858, 2040, 2337, 2456, 2596, 2714, 2928, 3114, 3135, 4063, 4073, 4074, 4110, 4398, 4423]
RKP_05000_00100_3_06.txt|699.0|0.4364001000000002|[1, 2, 3, 5, 10, 12, 26, 32, 68, 86, 103, 108, 113, 119, 157, 179, 207, 221, 244, 270, 290, 352, 434, 452, 460, 564, 588, 673, 683, 775, 796, 838, 899, 1046, 1081, 1130, 1148, 1227, 1366, 1393, 1474, 1657, 1698, 1702, 1727, 1860, 1884, 2159, 2412, 2457, 2520, 2710, 2738, 2878, 2889, 2978, 3091, 3112, 3151, 4211, 4282]
RKP_05000_00100_3_07.txt|708.0|0.4700831000000001|[1, 2, 10, 16, 20, 29, 30, 32, 68, 85, 89, 93, 96, 99, 114, 119, 166, 167, 178, 189, 206, 211, 222, 281, 356, 362, 372, 485, 495, 507, 549, 550, 583, 607, 699, 729, 812, 859, 865, 913, 980, 985, 1030, 1095, 1411, 1453, 1615, 1833, 1960, 2113, 2510, 2528, 2667, 2869, 3232, 3542, 3596, 3653, 3863, 4038, 4464, 4467, 4835]
RKP_05000_00100_3_08.txt|750.0|0.4316367000000021|[4, 6, 21, 24, 35, 41, 59, 92, 100, 101, 115, 124, 129, 161, 169, 215, 216, 296, 309, 328, 346, 426, 484, 502, 515, 645, 684, 685, 700, 807, 888, 925, 969, 1028, 1047, 1076, 1106, 1238, 1344, 1478, 1497, 1502, 1517, 1666, 1747, 1802, 1914, 2068, 2084, 2091, 2154, 2363, 2465, 2572, 2702, 3335, 3410, 3429, 3642, 3821, 4062, 4353, 4604, 4708, 4735]
RKP_05000_00100_3_09.txt|750.0|0.4035922999999997|[2, 3, 8, 10, 24, 29, 55, 57, 94, 111, 116, 137, 154, 205, 217, 229, 262, 288, 350, 355, 424, 579, 610, 636, 789, 827, 882, 973, 981, 986, 1074, 1161, 1163, 1210, 1328, 1430, 1517, 1558, 1818, 2032, 2227, 2275, 2453, 2595, 2618, 2805, 2885, 2897, 2925, 3071, 3127, 3283, 3477, 3562, 3603, 3830, 3987, 4097, 4348, 4425, 4609, 4677, 4681, 4902, 4948]
RKP_05000_00100_3_10.txt|721.0|0.47252659999999835|[1, 2, 3, 4, 5, 10, 21, 30, 39, 47, 57, 110, 113, 119, 138, 141, 142, 166, 173, 227, 236, 252, 283, 383, 438, 559, 659, 685, 775, 1040, 1046, 1075, 1132, 1187, 1323, 1396, 1426, 1430, 1463, 1639, 1928, 1938, 1946, 2107, 2181, 2195, 2235, 2244, 2280, 2312, 2477, 2567, 2583, 2858, 2988, 3361, 3506, 3877, 3997, 4016, 4448, 4628, 4783]
RKP_05000_00100_4_01.txt|100.0|0.4055296000000048|[4248]
RKP_05000_00100_4_02.txt|100.0|0.4410311999999976|[4283]
RKP_05000_00100_4_03.txt|100.0|0.4476312999999976|[4277]
RKP_05000_00100_4_04.txt|100.0|0.40775959999999856|[4224]
RKP_05000_00100_4_05.txt|100.0|0.4168340000000015|[4330]
RKP_05000_00100_4_06.txt|100.0|0.4523362999999989|[4203]
RKP_05000_00100_4_07.txt|100.0|0.4107770999999971|[4278]
RKP_05000_00100_4_08.txt|100.0|0.45075700000000296|[4281]
RKP_05000_00100_4_09.txt|100.0|0.4244215999999952|[4232]
RKP_05000_00100_4_10.txt|100.0|0.3992509999999996|[4213]
RKP_05000_00100_5_01.txt|100.0|0.4531431999999995|[753, 1030, 1395, 1822, 1863, 4573]
RKP_05000_00100_5_02.txt|100.0|0.41954299999999733|[1, 4238]
RKP_05000_00100_5_03.txt|100.0|0.41865980000000036|[9, 49, 134, 1031, 1571, 4262]
RKP_05000_00100_5_04.txt|100.0|0.449766799999999|[118, 629, 713, 1000, 1226, 1498, 2544]
RKP_05000_00100_5_05.txt|100.0|0.4230497|[10, 16, 20, 46, 83, 997, 1240, 1481, 1532, 2209, 2712, 3715]
RKP_05000_00100_5_06.txt|100.0|0.41678609999999594|[1022, 4343]
RKP_05000_00100_5_07.txt|100.0|0.45148429999999706|[116, 231, 622, 676, 699, 1022, 1443, 3404, 3667, 4084, 4418]
RKP_05000_00100_5_08.txt|100.0|0.4156665000000004|[604, 1073, 1852, 3773]
RKP_05000_00100_5_09.txt|100.0|0.45728369999999785|[290, 887, 1075, 1189, 1206, 1307, 1557, 2222]
RKP_05000_00100_5_10.txt|100.0|0.4122553999999994|[166, 254, 990, 1006, 1647]
RKP_05000_01000_1_01.txt|49495.0|0.7002869999999959|[1, 2, 8, 13, 15, 17, 18, 23, 35, 53, 59, 78, 86, 96, 118, 123, 151, 153, 164, 226, 252, 271, 304, 328, 334, 368, 379, 424, 436, 491, 511, 551, 661, 684, 700, 726, 732, 751, 778, 800, 866, 921, 974, 991, 1034, 1145, 1196, 1214, 1232, 1233, 1431, 1591, 1686, 1724, 1742, 1756, 1841, 1858, 1919, 1979, 2077, 2254, 2266, 2284, 2481, 2629, 2777, 2874, 3144, 3485, 3534, 3791, 3799, 4223, 4479, 4971]
RKP_05000_01000_1_02.txt|52938.0|0.7282802999999944|[3, 7, 10, 17, 22, 36, 39, 41, 78, 89, 109, 155, 222, 235, 236, 282, 304, 337, 406, 425, 464, 506, 539, 588, 622, 646, 675, 728, 772, 790, 837, 917, 918, 965, 988, 1055, 1205, 1261, 1318, 1329, 1337, 1403, 1414, 1455, 1590, 1604, 1677, 1698, 1999, 2011, 2041, 2093, 2120, 2198, 2229, 2379, 2594, 2727, 2745, 2750, 2769, 2800, 2825, 2832, 2973, 3053, 3349, 3565, 3668, 3795, 3875, 3957, 4489, 4961]
RKP_05000_01000_1_03.txt|48763.0|0.7537402000000029|[1, 13, 20, 22, 24, 28, 60, 67, 76, 94, 114, 129, 135, 174, 176, 248, 272, 339, 344, 366, 405, 446, 449, 479, 533, 649, 810, 852, 882, 933, 940, 988, 1006, 1027, 1039, 1128, 1146, 1150, 1219, 1339, 1364, 1415, 1475, 1534, 1614, 1719, 1822, 1849, 1854, 1945, 1979, 2016, 2080, 2110, 2201, 2468, 2471, 2682, 2688, 3194, 3276, 3392, 3682, 3835, 3920, 4216, 4283, 4640]
RKP_05000_01000_1_04.txt|50935.0|0.6482771999999954|[1, 2, 9, 10, 16, 17, 24, 35, 49, 50, 52, 61, 64, 84, 103, 114, 135, 181, 191, 210, 223, 238, 248, 304, 318, 351, 378, 395, 465, 482, 498, 522, 533, 546, 547, 594, 687, 716, 724, 792, 794, 882, 886, 952, 1021, 1074, 1107, 1142, 1174, 1218, 1275, 1395, 1450, 1546, 1689, 1916, 2047, 2060, 2177, 2269, 2320, 2470, 2550, 2649, 2999, 3023, 3051, 3055, 3271, 3926, 4232, 4277, 4397, 4624, 4775]
RKP_05000_01000_1_05.txt|48338.0|0.8354843999999986|[2, 4, 12, 14, 27, 46, 48, 65, 69, 73, 91, 93, 94, 97, 119, 120, 132, 157, 168, 189, 201, 208, 254, 259, 267, 279, 330, 339, 349, 350, 352, 385, 430, 434, 440, 467, 593, 651, 667, 711, 816, 943, 985, 1023, 1049, 1093, 1142, 1155, 1162, 1227, 1316, 1355, 1411, 1418, 1588, 1606, 1607, 1649, 1708, 1853, 1883, 1893, 2069, 2271, 2360, 2547, 2834, 3067, 3468, 3770, 4053, 4118, 4385]
RKP_05000_01000_1_06.txt|47871.0|0.7950542999999968|[2, 3, 8, 9, 10, 13, 37, 42, 48, 51, 52, 66, 73, 80, 88, 107, 150, 159, 163, 188, 217, 224, 269, 288, 292, 297, 336, 337, 399, 498, 503, 601, 612, 616, 637, 688, 691, 697, 721, 736, 883, 894, 943, 998, 1097, 1192, 1242, 1368, 1494, 1511, 1689, 1812, 1879, 1910, 1916, 2012, 2025, 2050, 2195, 2442, 2517, 2633, 2857, 2861, 2865, 2925, 2967, 3076, 3109, 3846, 4183, 4603]
RKP_05000_01000_1_07.txt|46660.0|0.6978910999999997|[1, 2, 15, 21, 23, 27, 44, 65, 77, 84, 91, 94, 110, 115, 130, 153, 161, 188, 198, 204, 213, 226, 241, 363, 386, 393, 421, 453, 488, 522, 523, 568, 569, 577, 608, 616, 628, 633, 640, 731, 753, 951, 957, 985, 993, 1047, 1052, 1175, 1178, 1359, 1367, 1449, 1607, 1645, 1666, 1697, 1741, 1764, 1865, 1904, 2001, 2087, 2235, 2593, 2669, 2984, 3438, 3455, 3964, 4009]
RKP_05000_01000_1_08.txt|45781.0|0.7773929999999964|[1, 7, 8, 10, 15, 20, 24, 26, 40, 66, 75, 78, 81, 89, 109, 115, 140, 151, 190, 207, 217, 235, 257, 279, 411, 427, 430, 488, 527, 529, 531, 575, 651, 670, 738, 785, 892, 952, 1029, 1065, 1088, 1138, 1275, 1391, 1487, 1537, 1574, 1736, 2070, 2099, 2110, 2280, 2356, 2382, 2528, 2585, 2841, 3288, 3318, 3323, 3788, 3925, 4070, 4242, 4497]
RKP_05000_01000_1_09.txt|47380.0|0.8445143000000002|[1, 2, 3, 4, 5, 6, 7, 8, 17, 18, 27, 39, 47, 51, 91, 94, 104, 107, 128, 153, 157, 163, 190, 191, 342, 359, 364, 377, 379, 390, 427, 429, 473, 499, 562, 563, 684, 883, 897, 996, 998, 1113, 1242, 1329, 1362, 1366, 1401, 1434, 1481, 1509, 1679, 1714, 1761, 1788, 1854, 2012, 2239, 2364, 2381, 2651, 2845, 3156, 3179, 3245, 3556, 3707, 3744, 3900, 3964, 4115, 4400]
RKP_05000_01000_1_10.txt|52923.0|0.8297504000000018|[1, 2, 4, 9, 11, 33, 38, 43, 47, 49, 100, 103, 104, 124, 129, 180, 187, 193, 198, 245, 255, 261, 286, 359, 384, 461, 464, 486, 500, 528, 582, 604, 634, 740, 785, 807, 813, 839, 844, 888, 1044, 1076, 1095, 1253, 1284, 1313, 1333, 1361, 1413, 1430, 1476, 1479, 1553, 1554, 1636, 1640, 1641, 1680, 1686, 1914, 2153, 2184, 2216, 2309, 2541, 2544, 2560, 2608, 2671, 2753, 2768, 2867, 3687, 3836, 4815]
RKP_05000_01000_2_01.txt|4003.0|0.8836642999999995|[2, 7, 12, 26, 28, 38, 81, 88, 103, 115, 176, 309, 339, 352, 395, 413, 478, 483, 541, 602, 707, 716, 761, 947, 951, 997, 1011, 1046, 1100, 1173, 1473, 1487, 1573, 1641, 1730, 1844, 2000, 2014, 2047, 2057, 2351, 2400, 2581, 2671, 3060, 3395, 3919, 4166]
RKP_05000_01000_2_02.txt|4204.0|0.9458172999999945|[1, 2, 3, 44, 62, 76, 78, 88, 139, 162, 214, 279, 311, 317, 365, 462, 471, 491, 683, 862, 946, 964, 1045, 1049, 1068, 1112, 1159, 1189, 1284, 1294, 1577, 1693, 1739, 1812, 1856, 2213, 2259, 2308, 2419, 2537, 2682, 3342, 3498, 3711, 3942, 4977]
RKP_05000_01000_2_03.txt|4132.0|0.9593624999999975|[6, 7, 49, 51, 63, 69, 86, 104, 106, 155, 216, 217, 235, 286, 305, 308, 341, 350, 375, 414, 465, 477, 507, 589, 655, 726, 862, 1002, 1132, 1550, 1625, 1676, 2164, 2182, 2340, 2617, 2811, 2930, 3087, 3180, 3351, 3416, 3540, 3938, 4457, 4964]
RKP_05000_01000_2_04.txt|4564.0|0.8454107000000022|[1, 3, 7, 17, 22, 41, 42, 51, 54, 59, 63, 82, 153, 183, 222, 247, 274, 302, 348, 371, 400, 545, 585, 662, 758, 768, 857, 1062, 1065, 1086, 1100, 1136, 1178, 1210, 1398, 1412, 1672, 1740, 1906, 1926, 1989, 2170, 2237, 2242, 2245, 2249, 2408, 2508, 2518, 2928, 2989, 3498, 3530, 3872, 4424, 4454]
RKP_05000_01000_2_05.txt|4252.0|0.9285946999999979|[3, 4, 5, 8, 12, 16, 30, 33, 34, 43, 70, 93, 187, 201, 204, 208, 273, 290, 344, 360, 390, 420, 427, 449, 526, 734, 737, 775, 784, 807, 876, 957, 1064, 1132, 1158, 1223, 1424, 1622, 1672, 1680, 1762, 1839, 1925, 2548, 2686, 2943, 3321, 3464, 4215, 4485]
RKP_05000_01000_2_06.txt|4273.0|0.9081112000000005|[1, 2, 5, 10, 27, 28, 30, 36, 59, 61, 94, 105, 109, 114, 138, 154, 184, 241, 242, 252, 344, 443, 464, 470, 473, 670, 672, 683, 739, 900, 925, 1134, 1317, 1369, 1477, 1569, 1896, 1898, 1933, 1948, 1991, 2201, 2204, 2446, 2476, 2638, 2690, 3111, 3559, 4039, 4131, 4407, 4951]
RKP_05000_01000_2_07.txt|4374.0|0.8269179000000051|[1, 9, 11, 12, 77, 157, 169, 199, 207, 238, 294, 368, 387, 516, 751, 759, 771, 772, 909, 1123, 1181, 1265, 1437, 1461, 1552, 1593, 1625, 1643, 1811, 1886, 1902, 1935, 2001, 2206, 2233, 2282, 2341, 2446, 2608, 3031, 3085, 3129, 3147, 3196, 3259, 3275, 3278, 3507, 3658, 3882, 4279, 4429, 4453, 4495]
RKP_05000_01000_2_08.txt|4390.0|0.8549488000000025|[4, 6, 14, 17, 30, 44, 59, 78, 108, 174, 200, 213, 236, 242, 264, 278, 298, 312, 313, 342, 362, 371, 385, 413, 580, 608, 634, 658, 747, 823, 833, 846, 972, 987, 1016, 1067, 1114, 1156, 1184, 1256, 1499, 1664, 1783, 2133, 2399, 2683, 2941, 3148, 3191, 3385, 4129]
RKP_05000_01000_2_09.txt|4173.0|0.8884797999999989|[2, 3, 4, 10, 13, 15, 22, 25, 44, 63, 77, 128, 175, 270, 377, 379, 408, 536, 561, 579, 677, 709, 784, 821, 847, 897, 1132, 1226, 1309, 1556, 1583, 1587, 1786, 1967, 1992, 2005, 2037, 2094, 2140, 2317, 2599, 2637, 2789, 2887, 3113, 3399, 3478, 3583, 4669, 4691]
RKP_05000_01000_2_10.txt|4014.0|0.8464602999999968|[9, 18, 19, 25, 36, 74, 82, 99, 137, 149, 191, 206, 227, 294, 305, 420, 587, 749, 880, 922, 941, 1416, 1491, 1494, 1502, 1523, 1619, 1631, 1686, 1713, 1745, 1926, 2034, 2227, 2318, 2474, 2998, 3584, 3629, 3674, 3712, 3887, 4015, 4084, 4267]
RKP_05000_01000_3_01.txt|8384.0|0.6272496000000061|[1, 3, 4, 10, 13, 15, 21, 34, 40, 46, 47, 60, 72, 77, 87, 97, 108, 109, 112, 114, 150, 176, 207, 237, 241, 274, 284, 372, 381, 387, 400, 455, 539, 550, 562, 567, 623, 699, 728, 749, 757, 917, 996, 1021, 1038, 1081, 1087, 1140, 1198, 1615, 1698, 1779, 1894, 1958, 2056, 2082, 2178, 2206, 2241, 2250, 2416, 2461, 2608, 2748, 2783, 2794, 2851, 2874, 3246, 3368, 3421, 3683, 3877, 4101, 4452]
RKP_05000_01000_3_02.txt|9385.999999999422|0.7772878000000034|[1, 2, 4, 10, 13, 25, 28, 33, 39, 40, 41, 55, 66, 90, 107, 116, 129, 140, 169, 209, 214, 230, 263, 295, 303, 305, 314, 371, 379, 425, 436, 446, 448, 522, 542, 562, 595, 609, 652, 718, 727, 759, 790, 801, 849, 878, 883, 892, 931, 953, 1020, 1022, 1041, 1046, 1083, 1087, 1161, 1365, 1436, 1486, 1488, 1499, 1631, 1885, 1908, 2067, 2113, 2136, 2215, 2330, 2425, 2667, 2704, 2853, 2933, 2953, 2978, 2989, 3041, 3308, 3546, 3750, 3832, 4134, 4419, 4507]
RKP_05000_01000_3_03.txt|9731.0|0.5922690999999958|[2, 3, 4, 5, 6, 10, 11, 14, 22, 26, 36, 127, 129, 137, 158, 163, 199, 215, 239, 246, 286, 323, 339, 360, 377, 399, 439, 455, 465, 480, 568, 592, 609, 621, 652, 710, 765, 770, 856, 881, 896, 907, 952, 975, 983, 989, 1077, 1082, 1164, 1222, 1231, 1316, 1360, 1429, 1498, 1523, 1559, 1597, 1605, 1663, 1688, 1767, 2034, 2087, 2202, 2280, 2298, 2310, 2319, 2386, 2439, 2901, 2957, 3042, 3166, 3273, 3508, 3545, 3674, 3910, 4041, 4084, 4149, 4215, 4447, 4529, 4695, 4813]
RKP_05000_01000_3_04.txt|10088.0|0.5835332999999991|[1, 4, 5, 6, 7, 8, 9, 13, 18, 27, 29, 45, 51, 58, 63, 70, 82, 94, 111, 132, 142, 175, 198, 206, 225, 258, 261, 277, 306, 321, 337, 360, 362, 400, 437, 448, 456, 472, 495, 496, 548, 568, 574, 610, 619, 650, 657, 680, 709, 769, 784, 827, 864, 962, 977, 989, 1049, 1064, 1080, 1165, 1226, 1276, 1396, 1589, 1768, 1786, 1801, 1852, 1872, 1907, 1912, 2150, 2372, 2394, 2506, 2516, 2541, 2568, 2575, 2593, 2747, 2775, 2865, 2868, 3197, 3330, 3448, 3523, 3645, 4042, 4440, 4880]
RKP_05000_01000_3_05.txt|9018.0|0.6931823999999978|[1, 7, 8, 11, 15, 16, 19, 24, 25, 26, 32, 34, 48, 49, 70, 112, 143, 162, 169, 183, 184, 202, 212, 219, 224, 283, 285, 296, 335, 344, 358, 501, 513, 632, 638, 658, 692, 748, 777, 814, 830, 958, 985, 1037, 1044, 1060, 1069, 1090, 1206, 1256, 1259, 1305, 1500, 1502, 1516, 1552, 1588, 1619, 1759, 1770, 1859, 1909, 2123, 2447, 2460, 2615, 2634, 2723, 2744, 3068, 3106, 3167, 3370, 3439, 3440, 3558, 3584, 3635, 4338, 4357, 4405]
RKP_05000_01000_3_06.txt|9247.0|0.6227108000000001|[1, 2, 3, 4, 6, 7, 12, 41, 45, 46, 55, 76, 82, 84, 85, 86, 88, 94, 106, 141, 193, 206, 213, 227, 276, 286, 287, 288, 345, 350, 368, 418, 431, 469, 488, 490, 540, 573, 603, 607, 623, 734, 756, 760, 801, 813, 839, 889, 900, 931, 1030, 1119, 1296, 1359, 1466, 1522, 1551, 1610, 1917, 1978, 1991, 2026, 2138, 2251, 2442, 2623, 2705, 2741, 2799, 3095, 3214, 3239, 3264, 3324, 3390, 3433, 3533, 3851, 4258, 4315, 4322, 4424, 4808, 4911]
RKP_05000_01000_3_07.txt|9020.0|0.6497004000000004|[2, 3, 6, 11, 13, 18, 20, 31, 33, 36, 60, 73, 76, 79, 84, 94, 100, 125, 136, 146, 194, 214, 216, 221, 291, 293, 295, 319, 360, 370, 393, 398, 413, 417, 427, 462, 487, 500, 527, 593, 608, 762, 827, 849, 870, 883, 884, 891, 896, 991, 1003, 1044, 1055, 1066, 1090, 1123, 1246, 1262, 1470, 1783, 1789, 1792, 1998, 2043, 2357, 2360, 2448, 2716, 2900, 2966, 3085, 3135, 3146, 3323, 3438, 3628, 3716, 3731, 3854, 4131, 4233, 4659]
RKP_05000_01000_3_08.txt|9283.0|0.6047208999999967|[3, 4, 7, 14, 20, 26, 28, 30, 34, 36, 73, 77, 80, 126, 134, 152, 154, 217, 226, 230, 250, 260, 264, 270, 271, 301, 331, 394, 489, 525, 556, 654, 660, 675, 686, 883, 895, 901, 944, 953, 1009, 1036, 1117, 1135, 1159, 1273, 1342, 1364, 1395, 1502, 1588, 1636, 1729, 1733, 1924, 1967, 1970, 1976, 2019, 2025, 2088, 2236, 2364, 2402, 2479, 2484, 2858, 2921, 2977, 3017, 3087, 3214, 3237, 3324, 3346, 3396, 3571, 3808, 3939, 4022, 4192, 4487, 4767, 4779]
RKP_05000_01000_3_09.txt|8765.0|0.695417599999999|[1, 4, 7, 8, 9, 13, 20, 26, 40, 51, 57, 73, 77, 83, 86, 87, 99, 100, 106, 152, 193, 222, 237, 242, 252, 281, 290, 296, 310, 354, 376, 384, 412, 426, 444, 462, 492, 556, 655, 661, 664, 671, 751, 760, 797, 852, 886, 921, 931, 995, 1040, 1108, 1148, 1189, 1311, 1313, 1322, 1420, 1471, 1488, 1978, 2024, 2051, 2401, 2486, 2497, 2511, 2621, 2706, 2941, 3020, 3256, 3392, 3443, 3538, 3572, 3868, 4136, 4292]
RKP_05000_01000_3_10.txt|9286.0|0.6567445000000021|[1, 2, 3, 13, 14, 16, 25, 33, 37, 44, 50, 52, 62, 69, 73, 119, 145, 159, 194, 196, 218, 219, 235, 270, 272, 275, 287, 342, 344, 360, 369, 393, 413, 417, 434, 456, 479, 490, 615, 627, 692, 811, 876, 907, 944, 1019, 1125, 1184, 1279, 1329, 1343, 1530, 1549, 1635, 1785, 1803, 1854, 1890, 2139, 2189, 2224, 2322, 2611, 2708, 2749, 2764, 2813, 2877, 2894, 2915, 2940, 3026, 3119, 3127, 3150, 3234, 3240, 3251, 3435, 3589, 4052, 4466, 4578, 4788]
RKP_05000_01000_4_01.txt|1000.0|0.5004682000000003|[4922]
RKP_05000_01000_4_02.txt|1000.0|0.5062732000000025|[4655]
RKP_05000_01000_4_03.txt|1000.0|0.5411948999999936|[4567]
RKP_05000_01000_4_04.txt|1000.0|0.4908812999999981|[4995]
RKP_05000_01000_4_05.txt|1000.0|0.5229490999999911|[4606]
RKP_05000_01000_4_06.txt|1000.0|0.530262300000004|[4578]
RKP_05000_01000_4_07.txt|1000.0|0.5546986000000089|[4589]
RKP_05000_01000_4_08.txt|1000.0|0.5417988000000094|[4472]
RKP_05000_01000_4_09.txt|1000.0|0.5103088000000042|[4561]
RKP_05000_01000_4_10.txt|1000.0|0.49933469999999147|[4469]
RKP_05000_01000_5_01.txt|1000.0|0.5912784000000073|[38, 86, 141, 785, 1086, 1087, 1197, 3319, 3541, 3702, 3841, 4640]
RKP_05000_01000_5_02.txt|1000.0|0.5377857000000006|[10, 65, 164, 512, 652, 730, 753, 996, 1083, 1153, 1802, 1811]
RKP_05000_01000_5_03.txt|1000.0|0.5620038999999935|[605, 1018, 1042, 2595]
RKP_05000_01000_5_04.txt|1000.0|0.5837408999999951|[362, 841, 1000, 1036, 4190]
RKP_05000_01000_5_05.txt|1000.0|0.5595282000000026|[100, 334, 755, 897, 1008, 1150, 1160, 1312, 1825]
RKP_05000_01000_5_06.txt|1000.0|0.5407613999999938|[10, 121, 356, 557, 985, 1005, 1093, 1714]
RKP_05000_01000_5_07.txt|1000.0|0.6091399999999965|[53, 248, 293, 307, 1245, 2415, 3685]
RKP_05000_01000_5_08.txt|1000.0|0.5758319999999912|[4982]
RKP_05000_01000_5_09.txt|1000.0|0.5854063999999966|[600, 705, 925, 993, 1004, 1020, 1881, 1962, 3348]
RKP_05000_01000_5_10.txt|1000.0|0.5560905000000105|[46, 71, 460, 564, 839, 1258, 1293, 1547, 1587, 1601, 2308, 3047]
RKP_05000_05000_1_01.txt|247786.0|0.6999085000000065|[2, 3, 4, 8, 21, 30, 36, 40, 41, 47, 74, 75, 78, 94, 100, 127, 134, 137, 149, 168, 206, 226, 234, 239, 248, 254, 255, 263, 274, 279, 290, 449, 477, 496, 498, 562, 601, 688, 747, 809, 826, 981, 1200, 1201, 1231, 1246, 1247, 1260, 1286, 1305, 1416, 1437, 1543, 1595, 1768, 1939, 1999, 2002, 2195, 2321, 2489, 2685, 2687, 2945, 2997, 3113, 3266, 3721, 3813, 4077, 4810]
RKP_05000_05000_1_02.txt|281035.0|0.7912993999999998|[1, 2, 4, 8, 9, 10, 20, 21, 24, 38, 45, 55, 89, 104, 113, 117, 231, 238, 240, 269, 297, 310, 334, 341, 349, 361, 365, 378, 396, 444, 470, 474, 537, 669, 712, 785, 787, 805, 857, 903, 1005, 1041, 1044, 1089, 1107, 1115, 1152, 1374, 1379, 1556, 1722, 1842, 1855, 1979, 2174, 2177, 2313, 2322, 2403, 2501, 2667, 2706, 3059, 3588, 3696, 3754, 3842, 3921, 3940, 4013, 4074, 4197, 4382, 4402, 4712, 4832]
RKP_05000_05000_1_03.txt|250279.0|0.6955949999999973|[1, 7, 18, 25, 31, 39, 46, 69, 73, 78, 80, 86, 110, 115, 206, 231, 233, 246, 249, 318, 393, 426, 429, 434, 435, 451, 481, 482, 488, 504, 557, 582, 586, 645, 692, 779, 811, 960, 1042, 1098, 1099, 1115, 1212, 1227, 1244, 1261, 1265, 1414, 1441, 1477, 1594, 1775, 1897, 2124, 2264, 2426, 2615, 2630, 2760, 2859, 3247, 3414, 3417, 3443, 3490, 3493, 3843, 4284, 4414]
RKP_05000_05000_1_04.txt|276697.0|0.7264966000000044|[1, 3, 5, 9, 12, 18, 24, 25, 34, 48, 68, 75, 81, 85, 90, 135, 145, 148, 173, 189, 197, 202, 222, 226, 240, 291, 299, 318, 326, 332, 333, 368, 376, 390, 408, 422, 468, 484, 557, 559, 675, 710, 787, 814, 831, 935, 1072, 1389, 1417, 1418, 1675, 1677, 1753, 1758, 1859, 1938, 2003, 2013, 2017, 2051, 2061, 2323, 2328, 2372, 2581, 2584, 2813, 2991, 3059, 3305, 3547, 3568, 3651, 3652, 3802, 3813, 3850, 4172, 4260, 4668, 4715]
RKP_05000_05000_1_05.txt|267007.0|0.7943112000000099|[1, 2, 7, 8, 20, 22, 23, 33, 38, 46, 55, 62, 127, 130, 131, 139, 143, 146, 148, 153, 163, 167, 210, 214, 227, 245, 261, 301, 378, 403, 555, 559, 582, 663, 677, 694, 950, 992, 1003, 1008, 1088, 1221, 1281, 1372, 1432, 1460, 1483, 1521, 1662, 1668, 1692, 1929, 1993, 2025, 2045, 2118, 2138, 2309, 2352, 2411, 2467, 2579, 2657, 2703, 2804, 2910, 3024, 3175, 3186, 3722, 3813, 4108, 4208, 4301, 4354, 4691, 4789, 4846]
RKP_05000_05000_1_06.txt|248305.0|0.7626434000000017|[2, 18, 19, 20, 23, 40, 43, 66, 71, 79, 82, 87, 113, 120, 236, 243, 274, 275, 333, 363, 378, 407, 514, 568, 581, 613, 621, 649, 651, 693, 707, 715, 754, 813, 850, 925, 956, 1041, 1065, 1125, 1154, 1227, 1280, 1308, 1578, 1641, 1671, 1730, 1821, 1927, 1981, 2011, 2048, 2132, 2204, 2210, 2228, 2240, 2309, 2386, 2509, 2592, 2640, 2646, 2701, 2729, 2949, 3233, 3361, 3938, 3978, 4076, 4540, 4561, 4692]
RKP_05000_05000_1_07.txt|233733.0|0.6883899999999983|[1, 2, 3, 4, 6, 7, 8, 15, 16, 28, 29, 30, 31, 44, 79, 83, 109, 121, 137, 153, 175, 182, 187, 190, 237, 248, 249, 287, 294, 303, 380, 381, 432, 457, 463, 478, 529, 536, 575, 667, 690, 730, 739, 745, 768, 785, 829, 864, 1019, 1228, 1263, 1267, 1315, 1406, 1520, 1616, 1804, 1820, 1849, 1894, 1897, 2162, 2529, 2688, 2725, 2854, 3045, 3094, 3875, 3888, 4149, 4260, 4664, 4751]
RKP_05000_05000_1_08.txt|234229.0|0.8678883000000042|[3, 16, 30, 38, 91, 95, 97, 115, 122, 124, 138, 147, 156, 171, 232, 253, 262, 280, 314, 342, 363, 371, 402, 451, 453, 471, 478, 523, 528, 560, 596, 674, 764, 836, 850, 878, 908, 949, 984, 1167, 1179, 1247, 1421, 1439, 1546, 1549, 1552, 1562, 1590, 1678, 1919, 1941, 2047, 2312, 2428, 2525, 2536, 2600, 2681, 2805, 2813, 3545, 3599, 3666, 3744, 3792, 3833, 3998, 4080, 4195, 4393, 4934]
RKP_05000_05000_1_09.txt|264869.0|0.8387767999999909|[1, 3, 5, 6, 14, 42, 52, 55, 66, 76, 77, 99, 113, 114, 126, 139, 156, 160, 170, 179, 196, 221, 234, 282, 299, 312, 325, 339, 376, 380, 382, 438, 444, 448, 460, 492, 537, 542, 544, 563, 565, 632, 682, 701, 726, 820, 847, 871, 921, 1006, 1082, 1114, 1126, 1227, 1245, 1254, 1314, 1350, 1396, 1416, 1458, 1592, 1594, 1596, 1635, 1788, 1979, 2143, 2450, 2554, 2557, 2593, 2636, 3197, 4194, 4248, 4486, 4489, 4615]
RKP_05000_05000_1_10.txt|216730.0|0.7843311000000028|[1, 2, 7, 38, 60, 98, 131, 144, 153, 185, 286, 414, 467, 470, 472, 519, 659, 724, 746, 756, 803, 813, 852, 862, 863, 909, 959, 981, 1304, 1340, 1402, 1504, 1609, 1652, 1725, 1766, 1930, 1986, 1998, 2050, 2151, 2281, 2498, 2500, 2580, 2607, 2608, 2629, 2786, 2810, 2821, 2870, 3067, 3078, 3101, 3229, 3261, 3471, 3654, 3696, 4380]
RKP_05000_05000_2_01.txt|19749.0|0.9511375000000015|[18, 19, 20, 32, 33, 49, 81, 82, 93, 157, 198, 235, 283, 293, 335, 383, 411, 475, 515, 579, 668, 748, 750, 866, 937, 953, 1045, 1059, 1292, 1308, 1367, 1505, 1665, 1784, 1937, 2191, 2236, 2251, 2458, 2937, 3403, 3667, 3722, 3808, 4623, 4844]
RKP_05000_05000_2_02.txt|18781.0|0.904443999999998|[5, 14, 15, 56, 131, 191, 208, 220, 276, 294, 485, 530, 563, 582, 598, 696, 710, 762, 836, 997, 1026, 1058, 1069, 1171, 1172, 1649, 1714, 2060, 2142, 2244, 2429, 2814, 2839, 3100, 3455, 3515, 3641, 3688, 3796, 3984, 4007]
RKP_05000_05000_2_03.txt|19099.0|0.9707598999999902|[1, 4, 8, 13, 21, 38, 41, 44, 45, 61, 64, 94, 128, 177, 216, 306, 375, 387, 394, 441, 477, 502, 544, 783, 812, 827, 983, 1207, 1269, 1422, 1429, 1432, 1770, 2141, 2579, 2688, 2790, 3090, 3428, 3630, 3662, 3839, 3957, 4235, 4565]
RKP_05000_05000_2_04.txt|23985.0|0.8391436999999939|[1, 2, 4, 20, 21, 23, 37, 43, 47, 49, 71, 78, 82, 122, 126, 147, 165, 187, 206, 238, 262, 307, 340, 406, 455, 491, 547, 554, 625, 637, 693, 769, 832, 862, 893, 1124, 1223, 1329, 1335, 1412, 1478, 1508, 1586, 1606, 1748, 1770, 2293, 2308, 2319, 2343, 2382, 2632, 2705, 2773, 3257, 3288, 3593, 3704, 3735]
RKP_05000_05000_2_05.txt|20954.0|0.8610549000000134|[5, 8, 34, 66, 67, 70, 96, 103, 113, 128, 142, 163, 167, 220, 281, 317, 350, 481, 501, 513, 551, 595, 626, 734, 856, 858, 874, 932, 962, 1011, 1022, 1103, 1153, 1232, 1260, 1289, 1394, 1588, 1813, 2057, 2345, 2569, 2678, 2906, 3472, 3623, 3798, 4092, 4182, 4330, 4410, 4902]
RKP_05000_05000_2_06.txt|18946.0|0.9532042000000018|[8, 16, 30, 51, 110, 136, 303, 316, 326, 370, 373, 437, 523, 574, 629, 637, 726, 731, 748, 832, 912, 976, 985, 1070, 1073, 1107, 1256, 1461, 1542, 1756, 1805, 1807, 2039, 2245, 2900, 3064, 3105, 3437, 3580, 4763]
RKP_05000_05000_2_07.txt|20635.0|0.9580014000000006|[7, 23, 30, 36, 72, 129, 152, 169, 232, 273, 301, 409, 411, 421, 452, 624, 667, 713, 725, 872, 903, 926, 931, 932, 989, 1115, 1137, 1326, 1438, 1460, 1614, 1730, 1734, 1819, 2045, 2118, 2664, 3060, 3396, 3690, 3747, 3935, 3995, 4066, 4720, 4779, 4811]
RKP_05000_05000_2_08.txt|22020.0|0.906107899999995|[2, 5, 17, 83, 116, 125, 155, 179, 192, 242, 245, 274, 286, 449, 551, 603, 659, 668, 746, 760, 782, 811, 826, 899, 919, 953, 1051, 1064, 1239, 1262, 1464, 1473, 1479, 1520, 1683, 1692, 1714, 1822, 1834, 1835, 2024, 2078, 2219, 2350, 2598, 2906, 3039, 3119, 3257, 3335, 3356, 3617, 3691, 4709]
RKP_05000_05000_2_09.txt|21917.0|0.8906351000000114|[1, 2, 3, 4, 7, 12, 13, 26, 36, 68, 74, 82, 83, 95, 105, 108, 128, 129, 157, 164, 178, 234, 251, 279, 327, 385, 394, 413, 423, 519, 634, 893, 899, 973, 1086, 1179, 1184, 1213, 1231, 1308, 1378, 1478, 1482, 1771, 1812, 2129, 2354, 2551, 2555, 2889, 3741, 3975, 4230, 4959]
RKP_05000_05000_2_10.txt|20934.0|0.8482944000000003|[1, 2, 9, 23, 35, 42, 70, 82, 97, 102, 133, 153, 175, 185, 205, 233, 261, 268, 288, 311, 330, 351, 424, 460, 465, 481, 657, 666, 725, 728, 856, 899, 1136, 1367, 1601, 1620, 1908, 1945, 2102, 2189, 2524, 2605, 2884, 3018, 3467, 3568, 3618, 4041, 4367, 4670]
RKP_05000_05000_3_01.txt|46428.0|0.9318943999999902|[3, 4, 6, 10, 12, 16, 21, 26, 39, 45, 54, 55, 56, 58, 60, 79, 83, 88, 94, 95, 102, 106, 122, 132, 157, 169, 171, 198, 262, 284, 289, 336, 449, 452, 465, 480, 521, 528, 530, 563, 628, 638, 646, 731, 736, 800, 814, 870, 926, 1004, 1013, 1075, 1080, 1132, 1158, 1180, 1223, 1290, 1328, 1409, 1410, 1430, 1539, 1664, 1758, 1846, 1887, 2024, 2025, 2100, 2233, 2266, 2296, 2544, 2738, 2831, 2987, 3020, 3210, 3309, 4117, 4143, 4348, 4523]
RKP_05000_05000_3_02.txt|45032.0|0.9833703999999983|[8, 9, 10, 16, 25, 30, 32, 33, 38, 42, 45, 47, 50, 51, 55, 58, 69, 85, 99, 105, 115, 117, 133, 151, 205, 208, 217, 221, 227, 303, 360, 365, 389, 407, 409, 507, 509, 558, 568, 597, 601, 747, 773, 869, 885, 969, 985, 1050, 1151, 1199, 1200, 1220, 1232, 1238, 1509, 1675, 1763, 1914, 1970, 2038, 2063, 2118, 2259, 2345, 2392, 2501, 2529, 2826, 3096, 3230, 3282, 3779, 3922, 4027, 4134, 4175, 4221, 4322, 4338, 4488, 4553]
RKP_05000_05000_3_03.txt|48123.0|0.9200673999999935|[1, 2, 3, 4, 5, 8, 12, 13, 15, 21, 25, 38, 46, 67, 79, 88, 90, 127, 128, 140, 183, 185, 186, 194, 219, 223, 281, 297, 323, 366, 373, 432, 433, 471, 489, 523, 553, 618, 636, 682, 763, 777, 826, 853, 856, 912, 937, 950, 970, 1011, 1029, 1061, 1099, 1128, 1129, 1187, 1238, 1255, 1284, 1491, 1613, 1677, 1691, 1696, 1729, 1855, 1960, 1984, 2143, 2147, 2297, 2420, 2430, 2439, 2585, 2713, 2750, 2794, 3112, 3385, 3389, 3452, 3819, 3837, 3909, 4032, 4833]
RKP_05000_05000_3_04.txt|46125.99999999779|1.020371499999996|[2, 3, 4, 5, 11, 14, 16, 19, 24, 27, 31, 32, 61, 71, 93, 101, 109, 155, 156, 169, 173, 177, 183, 194, 208, 236, 249, 256, 274, 282, 284, 304, 343, 375, 404, 412, 454, 476, 479, 505, 547, 585, 599, 642, 779, 843, 868, 934, 936, 981, 1033, 1112, 1130, 1304, 1433, 1589, 1834, 2018, 2081, 2312, 2428, 2495, 2547, 2551, 2688, 2704, 2727, 2854, 2915, 3143, 3167, 3290, 3330, 3391, 3454, 3543, 3625, 3841, 3856, 3870, 4104, 4170, 4637, 4678]
RKP_05000_05000_3_05.txt|44658.999999996326|0.9938372000000015|[1, 2, 4, 5, 12, 13, 18, 29, 32, 42, 44, 50, 58, 62, 67, 72, 81, 95, 97, 111, 138, 139, 150, 178, 202, 205, 207, 247, 259, 331, 349, 368, 372, 375, 406, 441, 465, 537, 542, 555, 616, 617, 628, 652, 743, 779, 839, 958, 969, 984, 1004, 1010, 1044, 1220, 1506, 1519, 1640, 1655, 1664, 1680, 1745, 1758, 1771, 1843, 1852, 1951, 1960, 1982, 2358, 2386, 2428, 2606, 2910, 3119, 3138, 3509, 3566, 3993, 4138, 4267, 4707]
RKP_05000_05000_3_06.txt|45067.0|0.9054873999999984|[1, 3, 4, 6, 7, 8, 10, 22, 23, 28, 30, 43, 44, 48, 55, 78, 89, 93, 97, 115, 130, 132, 141, 187, 190, 203, 219, 234, 239, 262, 285, 313, 377, 382, 386, 480, 495, 607, 617, 645, 671, 737, 817, 839, 845, 909, 924, 934, 977, 1005, 1104, 1115, 1123, 1190, 1191, 1215, 1248, 1323, 1678, 1939, 1967, 1989, 2100, 2115, 2300, 2334, 2338, 2412, 2537, 2626, 2697, 2724, 2793, 2868, 3065, 3214, 3251, 3325, 3441, 3448, 4180, 4300]
RKP_05000_05000_3_07.txt|43502.0|1.0356237999999962|[1, 2, 4, 6, 38, 41, 50, 82, 88, 119, 124, 127, 143, 192, 217, 220, 231, 232, 283, 304, 348, 395, 444, 459, 462, 487, 490, 525, 544, 599, 609, 656, 684, 718, 723, 766, 796, 813, 817, 835, 841, 866, 924, 1005, 1102, 1133, 1148, 1279, 1338, 1375, 1403, 1405, 1420, 1494, 1579, 1664, 1721, 1728, 1818, 1854, 1953, 2093, 2191, 2201, 2255, 2287, 2345, 2379, 2399, 2643, 2655, 2747, 3295, 3320, 3347, 3890, 3987, 4656]
RKP_05000_05000_3_08.txt|43481.0|0.9336325000000016|[1, 2, 14, 16, 18, 22, 39, 43, 54, 60, 73, 89, 91, 105, 122, 128, 147, 150, 152, 164, 192, 205, 241, 248, 251, 254, 280, 351, 391, 430, 433, 484, 491, 524, 547, 563, 640, 722, 731, 752, 762, 784, 808, 828, 857, 876, 938, 993, 1042, 1104, 1105, 1145, 1185, 1266, 1311, 1371, 1450, 1520, 1639, 1833, 1969, 2221, 2250, 2393, 2413, 2446, 2528, 2636, 2700, 2750, 2859, 3711, 3967, 4022, 4469, 4789, 4805, 4834]
RKP_05000_05000_3_09.txt|46664.0|0.8675128999999941|[1, 3, 7, 8, 13, 17, 19, 42, 43, 51, 52, 54, 111, 123, 133, 184, 233, 238, 252, 259, 281, 299, 313, 317, 338, 344, 345, 387, 406, 413, 431, 520, 534, 609, 629, 643, 660, 679, 693, 767, 789, 851, 877, 913, 929, 932, 1146, 1282, 1328, 1343, 1422, 1469, 1549, 1555, 1563, 1667, 1746, 1813, 1933, 1945, 2090, 2166, 2247, 2427, 2435, 2484, 2639, 2838, 2885, 2994, 3009, 3338, 3453, 3493, 3677, 3684, 4052, 4077, 4192, 4240, 4246, 4313, 4338, 4825, 4839]
RKP_05000_05000_3_10.txt|45956.0|0.8960215000000034|[1, 2, 3, 4, 10, 13, 14, 18, 26, 28, 44, 46, 48, 51, 59, 60, 67, 101, 120, 137, 170, 172, 181, 190, 227, 243, 261, 276, 313, 355, 371, 394, 402, 405, 481, 490, 535, 576, 577, 607, 616, 664, 665, 675, 722, 848, 988, 1062, 1075, 1099, 1135, 1202, 1224, 1258, 1284, 1307, 1358, 1405, 1567, 1653, 1714, 1786, 1887, 1969, 2131, 2521, 2536, 2573, 2643, 2698, 2748, 2923, 3046, 3218, 3222, 3301, 3454, 3468, 3531, 3759, 3937, 4381, 4391, 4808]
RKP_05000_05000_4_01.txt|4999.0|0.6833678999999933|[4578]
RKP_05000_05000_4_02.txt|4998.0|0.6617085999999972|[4466]
RKP_05000_05000_4_03.txt|5000.0|0.6931613999999939|[4714]
RKP_05000_05000_4_04.txt|5000.0|0.6788269999999983|[4597]
RKP_05000_05000_4_05.txt|5000.0|0.7164008999999965|[4783]
RKP_05000_05000_4_06.txt|5000.0|0.6872670000000056|[4625]
RKP_05000_05000_4_07.txt|4999.0|0.6640704|[4517]
RKP_05000_05000_4_08.txt|4994.0|0.7149394000000058|[4932]
RKP_05000_05000_4_09.txt|5000.0|0.6595518999999967|[4988]
RKP_05000_05000_4_10.txt|4998.0|0.6767978999999968|[4822]
RKP_05000_05000_5_01.txt|5000.0|0.8856652000000054|[67, 99, 365, 410, 452, 1435, 2584, 3011]
RKP_05000_05000_5_02.txt|5000.0|0.8724883000000005|[312, 853, 1731, 2530]
RKP_05000_05000_5_03.txt|5000.0|0.8041832999999912|[1, 18, 116, 268, 366, 1031, 1158, 1264, 1408, 1575, 2559, 3070, 3851]
RKP_05000_05000_5_04.txt|5000.0|0.8140866000000102|[4993]
RKP_05000_05000_5_05.txt|5000.0|0.8150912000000119|[75, 390, 884, 905, 1001, 2509]
RKP_05000_05000_5_06.txt|5000.0|0.8405254999999983|[78, 86, 100, 581, 966, 1032, 1068, 1276, 1381, 1757, 1939, 2614, 2801]
RKP_05000_05000_5_07.txt|5000.0|0.7621849000000083|[163, 203, 330, 424, 1045, 1736, 2210, 2539, 4323]
RKP_05000_05000_5_08.txt|5000.0|0.76696179999999|[34, 89, 180, 264, 609, 756, 1311, 1542, 2504]
RKP_05000_05000_5_09.txt|5000.0|0.8077776999999884|[4999]
RKP_05000_05000_5_10.txt|5000.0|0.7795859999999948|[4995]
