RKP_00100_00100_1_01.txt|716.0|0.11659550000000007|[1, 3, 10, 16, 17, 22, 28, 29, 30, 31, 67]
RKP_00100_00100_1_02.txt|832.0|0.07875409999999994|[1, 2, 15, 16, 23, 37, 44, 48, 50, 56, 91]
RKP_00100_00100_1_03.txt|747.0|0.11412500000000003|[1, 2, 4, 5, 6, 10, 14, 34, 58, 63, 70]
RKP_00100_00100_1_04.txt|708.0|0.12036639999999998|[2, 3, 4, 5, 7, 9, 10, 15, 43, 74]
RKP_00100_00100_1_05.txt|696.0|0.09978199999999993|[3, 6, 11, 16, 20, 22, 30, 44, 79]
RKP_00100_00100_1_06.txt|1002.0|0.0767099|[5, 12, 16, 17, 20, 31, 34, 47, 48, 50, 55, 57, 97]
RKP_00100_00100_1_07.txt|429.0|0.08539370000000002|[9, 33, 39, 46, 51, 60, 71]
RKP_00100_00100_1_08.txt|850.0|0.08978029999999992|[1, 2, 6, 7, 9, 13, 18, 24, 29, 30, 76, 87, 88, 92]
RKP_00100_00100_1_09.txt|610.0|0.09029320000000007|[2, 4, 5, 16, 18, 23, 29, 42, 52]
RKP_00100_00100_1_10.txt|723.0|0.09377970000000002|[1, 2, 4, 5, 11, 13, 15, 16, 18, 24, 27, 33]
RKP_00100_00100_2_01.txt|169.0|0.11367159999999998|[1, 2, 3, 6, 13, 20, 22, 43, 57, 59]
RKP_00100_00100_2_02.txt|170.0|0.07646360000000008|[1, 4, 5, 8, 11, 28, 30, 40, 47, 80]
RKP_00100_00100_2_03.txt|172.0|0.07233939999999994|[1, 3, 5, 16, 31, 47, 48, 51, 59, 75]
RKP_00100_00100_2_04.txt|163.0|0.07276210000000005|[2, 8, 9, 11, 12, 18, 26, 28, 50]
RKP_00100_00100_2_05.txt|142.0|0.10887219999999997|[13, 30, 32, 34, 36, 64]
RKP_00100_00100_2_06.txt|136.0|0.08347649999999995|[2, 8, 23, 47, 67, 79]
RKP_00100_00100_2_07.txt|154.0|0.09151660000000028|[3, 4, 7, 13, 15, 21, 22, 28]
RKP_00100_00100_2_08.txt|149.00000000000003|0.0712921999999998|[1, 2, 4, 6, 15, 16, 28, 48]
RKP_00100_00100_2_09.txt|146.0|0.08345620000000009|[4, 7, 9, 20, 23, 27, 37, 75]
RKP_00100_00100_2_10.txt|156.0|0.09413610000000006|[1, 2, 4, 14, 40, 48, 64, 65, 85]
RKP_00100_00100_3_01.txt|210.0|0.08820229999999984|[1, 2, 3, 5, 6, 10, 16, 22, 29, 44, 47]
RKP_00100_00100_3_02.txt|220.0|0.08118399999999992|[1, 2, 3, 7, 8, 17, 25, 41, 48, 52, 56, 59]
RKP_00100_00100_3_03.txt|247.0|0.08770610000000012|[1, 2, 3, 4, 6, 12, 14, 19, 23, 45, 46, 49, 66, 75, 81]
RKP_00100_00100_3_04.txt|220.0|0.10272330000000007|[1, 3, 4, 6, 8, 21, 26, 34, 42, 48, 50, 72]
RKP_00100_00100_3_05.txt|220.0|0.06853730000000002|[1, 3, 7, 10, 12, 15, 22, 25, 33, 52, 70, 72]
RKP_00100_00100_3_06.txt|250.0|0.08055799999999991|[2, 3, 4, 5, 6, 8, 11, 12, 16, 19, 27, 31, 40, 66, 72]
RKP_00100_00100_3_07.txt|220.0|0.08599800000000002|[2, 6, 7, 8, 13, 14, 27, 50, 55, 72, 83, 89]
RKP_00100_00100_3_08.txt|210.0|0.10215629999999987|[1, 6, 7, 9, 12, 18, 33, 58, 62, 70, 75]
RKP_00100_00100_3_09.txt|200.0|0.0863786000000002|[1, 8, 31, 32, 35, 44, 48, 57, 61, 89]
RKP_00100_00100_3_10.txt|240.0|0.09204370000000006|[1, 5, 6, 13, 20, 34, 54, 60, 61, 62, 66, 67, 69, 93]
RKP_00100_00100_4_01.txt|100.0|0.05623330000000015|[97]
RKP_00100_00100_4_02.txt|100.0|0.056494799999999845|[88]
RKP_00100_00100_4_03.txt|100.0|0.05914750000000035|[84]
RKP_00100_00100_4_04.txt|100.0|0.06102780000000019|[95]
RKP_00100_00100_4_05.txt|100.0|0.05936640000000004|[95]
RKP_00100_00100_4_06.txt|98.0|0.05706459999999991|[93]
RKP_00100_00100_4_07.txt|98.0|0.05508559999999996|[98]
RKP_00100_00100_4_08.txt|100.0|0.05785859999999987|[97]
RKP_00100_00100_4_09.txt|99.0|0.059143600000000074|[90]
RKP_00100_00100_4_10.txt|98.0|0.05748070000000016|[88]
RKP_00100_00100_5_01.txt|100.0|0.05953340000000029|[1, 90]
RKP_00100_00100_5_02.txt|100.0|0.061074300000000026|[1, 42, 91]
RKP_00100_00100_5_03.txt|100.0|0.06123829999999986|[1, 87]
RKP_00100_00100_5_04.txt|100.0|0.05768519999999988|[92]
RKP_00100_00100_5_05.txt|100.0|0.058425699999999914|[1, 96]
RKP_00100_00100_5_06.txt|100.0|0.058993199999999746|[1, 36, 64]
RKP_00100_00100_5_07.txt|100.0|0.0603170000000004|[1, 95]
RKP_00100_00100_5_08.txt|100.0|0.058636299999999864|[10, 89]
RKP_00100_00100_5_09.txt|100.0|0.05826829999999994|[26, 48, 90]
RKP_00100_00100_5_10.txt|100.0|0.0591999999999997|[32, 84]
RKP_00500_00100_1_01.txt|1690.0|0.1411302999999995|[2, 3, 4, 5, 6, 15, 17, 25, 27, 38, 40, 75, 120, 131, 140, 148, 158, 173, 211, 222, 269, 274, 280, 284, 304, 500]
RKP_00500_00100_1_02.txt|1415.0|0.12601800000000019|[3, 13, 14, 30, 77, 87, 88, 102, 109, 132, 170, 175, 205, 288, 289, 325, 351, 377, 388, 394, 433]
RKP_00500_00100_1_03.txt|1331.0|0.12611910000000037|[1, 5, 11, 16, 23, 30, 40, 44, 73, 111, 113, 123, 139, 140, 147, 158, 164, 227, 228, 360, 477, 496]
RKP_00500_00100_1_04.txt|1624.0|0.1240395000000003|[10, 11, 41, 48, 59, 62, 64, 65, 93, 94, 121, 151, 156, 197, 245, 254, 258, 315, 359, 467]
RKP_00500_00100_1_05.txt|1631.0|0.15502419999999972|[2, 3, 10, 11, 13, 17, 18, 23, 24, 26, 60, 72, 76, 104, 136, 192, 203, 215, 292, 320, 363, 382, 402]
RKP_00500_00100_1_06.txt|1944.0|0.10850060000000017|[2, 3, 5, 13, 22, 34, 35, 50, 52, 53, 55, 83, 89, 131, 165, 182, 189, 190, 211, 225, 230, 240, 244, 281, 353, 411, 490]
RKP_00500_00100_1_07.txt|1904.0|0.1294738999999998|[2, 4, 7, 16, 21, 22, 31, 39, 40, 47, 49, 80, 89, 94, 97, 126, 147, 165, 192, 197, 206, 257, 322, 359, 410, 461, 469, 492]
RKP_00500_00100_1_08.txt|1693.0|0.1118566999999997|[1, 2, 3, 4, 10, 16, 29, 35, 63, 106, 122, 146, 149, 150, 156, 165, 167, 185, 225, 258, 326, 357, 378, 450]
RKP_00500_00100_1_09.txt|1621.0|0.08485180000000003|[1, 2, 11, 16, 19, 39, 48, 54, 68, 77, 108, 148, 150, 151, 163, 173, 180, 210, 214, 221, 229, 307, 324, 344, 496]
RKP_00500_00100_1_10.txt|1546.0|0.1351300000000002|[1, 3, 4, 5, 6, 8, 14, 21, 30, 31, 33, 49, 59, 62, 75, 109, 110, 155, 162, 214, 234, 277, 342]
RKP_00500_00100_2_01.txt|254.0|0.09970869999999987|[3, 11, 16, 32, 36, 39, 40, 60, 88, 100, 101, 102, 137, 148, 150, 168, 226, 259, 351, 441, 447, 472]
RKP_00500_00100_2_02.txt|253.0|0.11330609999999997|[4, 6, 13, 21, 36, 59, 65, 72, 97, 100, 112, 131, 142, 156, 167, 186, 195, 299, 314, 336, 441]
RKP_00500_00100_2_03.txt|251.0|0.10613129999999948|[2, 3, 13, 21, 24, 31, 37, 60, 64, 71, 100, 104, 107, 113, 135, 142, 151, 154, 155, 164, 166, 318, 382, 436]
RKP_00500_00100_2_04.txt|233.0|0.11828579999999977|[7, 11, 14, 16, 19, 20, 22, 26, 38, 55, 58, 85, 105, 163, 204, 216, 306, 429]
RKP_00500_00100_2_05.txt|235.0|0.08643599999999996|[2, 4, 5, 10, 16, 34, 38, 48, 58, 87, 109, 143, 182, 218, 240, 260, 275, 294, 322, 417, 426]
RKP_00500_00100_2_06.txt|229.0|0.1110875999999994|[3, 5, 9, 15, 18, 24, 27, 35, 47, 50, 53, 57, 70, 117, 150, 155, 203, 377]
RKP_00500_00100_2_07.txt|215.0|0.1237743|[1, 3, 4, 6, 9, 17, 67, 75, 83, 114, 123, 129, 226, 260, 278, 292, 308, 452]
RKP_00500_00100_2_08.txt|206.0|0.11701440000000041|[1, 7, 15, 24, 42, 45, 46, 50, 87, 96, 123, 184, 350, 384, 495]
RKP_00500_00100_2_09.txt|188.0|0.08866819999999986|[2, 16, 38, 52, 70, 87, 108, 115, 176, 304, 312, 335, 426, 433]
RKP_00500_00100_2_10.txt|218.0|0.13696979999999925|[1, 2, 9, 14, 19, 20, 21, 30, 40, 46, 83, 105, 116, 154, 166, 216, 372, 441, 498]
RKP_00500_00100_3_01.txt|340.0|0.10872279999999979|[1, 2, 3, 5, 8, 11, 24, 31, 33, 38, 43, 55, 64, 77, 96, 143, 158, 182, 225, 240, 248, 260, 344, 401]
RKP_00500_00100_3_02.txt|398.0|0.10555449999999933|[1, 3, 4, 5, 7, 9, 15, 20, 26, 38, 39, 56, 64, 68, 73, 103, 110, 111, 152, 160, 167, 172, 179, 189, 195, 202, 203, 221, 336, 413]
RKP_00500_00100_3_03.txt|360.0|0.10654990000000009|[1, 5, 9, 11, 14, 22, 40, 45, 49, 52, 71, 80, 93, 113, 118, 126, 139, 148, 191, 198, 201, 264, 292, 322, 351, 454]
RKP_00500_00100_3_04.txt|388.0|0.10975279999999987|[1, 2, 4, 8, 11, 27, 31, 50, 66, 68, 104, 119, 142, 146, 156, 159, 163, 168, 209, 217, 278, 280, 282, 301, 312, 328, 345, 350, 453]
RKP_00500_00100_3_05.txt|397.0|0.12595959999999984|[7, 8, 9, 12, 30, 32, 33, 74, 84, 87, 88, 92, 106, 108, 143, 189, 196, 208, 211, 225, 252, 263, 294, 319, 340, 377, 381, 392, 397, 417]
RKP_00500_00100_3_06.txt|350.0|0.10353099999999937|[1, 2, 4, 5, 11, 12, 16, 19, 24, 45, 52, 56, 68, 73, 90, 91, 186, 199, 204, 242, 281, 283, 311, 316, 405]
RKP_00500_00100_3_07.txt|335.0|0.11101150000000004|[1, 2, 3, 5, 17, 24, 30, 33, 37, 76, 99, 102, 111, 141, 157, 196, 216, 244, 287, 302, 308, 326, 393, 430]
RKP_00500_00100_3_08.txt|418.0|0.0898368000000005|[1, 4, 14, 19, 25, 26, 31, 32, 35, 49, 57, 62, 63, 84, 90, 93, 114, 133, 141, 144, 150, 159, 214, 275, 280, 301, 302, 323, 389, 451, 470, 484]
RKP_00500_00100_3_09.txt|400.0|0.07523819999999937|[1, 2, 3, 4, 12, 24, 54, 58, 59, 63, 70, 83, 104, 108, 115, 122, 136, 148, 154, 169, 171, 173, 208, 221, 231, 269, 294, 315, 347, 434]
RKP_00500_00100_3_10.txt|378.0|0.12309570000000036|[1, 3, 10, 13, 14, 18, 25, 28, 32, 38, 40, 48, 52, 57, 99, 123, 153, 159, 165, 183, 189, 193, 222, 305, 322, 325, 388, 392]
RKP_00500_00100_4_01.txt|100.0|0.07689489999999921|[483]
RKP_00500_00100_4_02.txt|100.0|0.07507720000000084|[488]
RKP_00500_00100_4_03.txt|100.0|0.07678519999999978|[497]
RKP_00500_00100_4_04.txt|100.0|0.07494230000000002|[469]
RKP_00500_00100_4_05.txt|100.0|0.07531589999999966|[498]
RKP_00500_00100_4_06.txt|100.0|0.07753040000000055|[431]
RKP_00500_00100_4_07.txt|100.0|0.08045189999999991|[497]
RKP_00500_00100_4_08.txt|100.0|0.0765355999999997|[449]
RKP_00500_00100_4_09.txt|100.0|0.07716489999999965|[461]
RKP_00500_00100_4_10.txt|100.0|0.07631809999999994|[473]
RKP_00500_00100_5_01.txt|100.0|0.07525919999999964|[75, 226]
RKP_00500_00100_5_02.txt|100.0|0.07896030000000032|[57, 111, 317, 418]
RKP_00500_00100_5_03.txt|100.0|0.07903789999999944|[1, 480]
RKP_00500_00100_5_04.txt|100.0|0.07821539999999949|[1, 471]
RKP_00500_00100_5_05.txt|100.0|0.0770824999999995|[19, 20, 87, 101, 273, 331]
RKP_00500_00100_5_06.txt|100.0|0.0784722999999996|[58, 121, 304]
RKP_00500_00100_5_07.txt|100.0|0.0765886000000009|[163, 238]
RKP_00500_00100_5_08.txt|100.0|0.08557279999999956|[72, 127, 287, 360]
RKP_00500_00100_5_09.txt|100.0|0.07753669999999957|[1, 490]
RKP_00500_00100_5_10.txt|100.0|0.07918800000000026|[1, 484]
RKP_01000_00100_1_01.txt|2218.0|0.1465766999999989|[2, 8, 10, 13, 27, 39, 40, 42, 47, 48, 50, 51, 64, 67, 91, 97, 116, 151, 222, 260, 261, 314, 376, 432, 465, 531, 560, 604, 606, 646]
RKP_01000_00100_1_02.txt|2001.0|0.1327657999999996|[1, 2, 8, 9, 16, 18, 30, 38, 49, 50, 64, 81, 89, 108, 171, 182, 193, 292, 294, 359, 486, 515, 519, 527, 557, 584, 694, 696, 754, 872]
RKP_01000_00100_1_03.txt|2046.0|0.18030210000000046|[1, 3, 4, 16, 19, 32, 48, 50, 56, 65, 114, 116, 128, 145, 172, 174, 182, 199, 206, 252, 326, 366, 498, 535, 725, 754, 800, 813, 869]
RKP_01000_00100_1_04.txt|2343.0|0.17504000000000097|[1, 2, 3, 5, 6, 12, 14, 20, 44, 53, 63, 69, 75, 91, 151, 163, 165, 172, 184, 204, 247, 255, 266, 277, 283, 402, 429, 566, 592, 726, 732, 733, 790, 857]
RKP_01000_00100_1_05.txt|2125.0|0.17242109999999933|[1, 16, 26, 29, 37, 39, 41, 49, 69, 74, 75, 82, 89, 121, 123, 151, 159, 188, 198, 207, 222, 299, 307, 582, 593, 635, 673, 696, 865, 915, 1000]
RKP_01000_00100_1_06.txt|2521.0|0.1508351999999995|[1, 4, 6, 8, 10, 33, 37, 38, 44, 52, 55, 57, 58, 78, 99, 117, 120, 168, 176, 177, 210, 233, 242, 244, 250, 255, 265, 283, 349, 383, 442, 546, 632, 645, 790, 993]
RKP_01000_00100_1_07.txt|2469.0|0.18428570000000022|[1, 2, 3, 7, 8, 18, 37, 42, 49, 80, 86, 88, 127, 128, 129, 130, 170, 190, 204, 226, 342, 372, 382, 436, 440, 476, 484, 556, 627, 641, 778, 874]
RKP_01000_00100_1_08.txt|2233.0|0.1989812000000004|[1, 2, 4, 5, 6, 7, 10, 15, 16, 22, 26, 29, 68, 80, 111, 118, 145, 149, 183, 223, 242, 274, 278, 294, 303, 356, 366, 390, 421, 422, 716, 780, 922]
RKP_01000_00100_1_09.txt|2168.0|0.1571396000000007|[1, 2, 14, 15, 17, 27, 31, 32, 36, 39, 103, 108, 133, 168, 170, 196, 213, 262, 290, 409, 427, 489, 513, 579, 672, 691, 782, 898, 925, 942]
RKP_01000_00100_1_10.txt|2454.0|0.19443700000000064|[1, 4, 8, 19, 30, 37, 43, 58, 76, 104, 111, 158, 159, 188, 198, 253, 286, 295, 331, 368, 399, 439, 466, 480, 491, 534, 618, 663, 669, 724, 748, 785, 805, 813, 825, 931, 968]
RKP_01000_00100_2_01.txt|265.0|0.1588428000000004|[3, 7, 13, 16, 21, 24, 33, 41, 47, 73, 76, 185, 186, 209, 253, 264, 361, 366, 374, 375, 380, 470, 614, 690]
RKP_01000_00100_2_02.txt|259.0|0.16742149999999967|[23, 63, 69, 73, 84, 129, 166, 179, 183, 202, 213, 311, 357, 375, 385, 397, 410, 547, 583, 625, 782, 901, 954]
RKP_01000_00100_2_03.txt|315.0|0.155964599999999|[5, 13, 33, 55, 58, 64, 81, 84, 87, 97, 123, 124, 141, 171, 186, 187, 256, 282, 330, 335, 340, 394, 404, 416, 417, 746, 854, 897, 928]
RKP_01000_00100_2_04.txt|256.0|0.16035489999999974|[24, 35, 37, 49, 58, 60, 74, 94, 123, 130, 147, 158, 207, 244, 246, 443, 504, 698, 782]
RKP_01000_00100_2_05.txt|272.0|0.12791019999999875|[2, 5, 7, 11, 12, 26, 30, 73, 84, 152, 162, 172, 214, 222, 236, 255, 299, 351, 380, 409, 420, 428, 462, 501, 512, 742, 823, 846]
RKP_01000_00100_2_06.txt|304.0|0.13123720000000105|[1, 6, 8, 9, 16, 24, 48, 52, 57, 115, 122, 138, 152, 154, 185, 187, 233, 255, 290, 322, 383, 399, 590, 805, 827, 858, 876, 894]
RKP_01000_00100_2_07.txt|273.0|0.14601980000000125|[1, 3, 7, 20, 38, 61, 81, 173, 208, 284, 305, 337, 378, 396, 433, 444, 457, 520, 531, 731, 783, 796, 821, 950]
RKP_01000_00100_2_08.txt|301.0|0.12220409999999937|[1, 3, 7, 9, 10, 11, 21, 26, 39, 44, 49, 54, 121, 129, 131, 171, 175, 223, 228, 250, 278, 294, 406, 414, 549, 573, 661, 862]
RKP_01000_00100_2_09.txt|265.0|0.22232679999999938|[6, 9, 13, 18, 30, 31, 127, 175, 176, 191, 205, 225, 235, 348, 382, 411, 417, 436, 470, 573, 651, 904, 982]
RKP_01000_00100_2_10.txt|286.0|0.1492224999999987|[1, 4, 5, 15, 30, 56, 71, 78, 89, 122, 163, 164, 184, 191, 252, 273, 282, 309, 314, 341, 409, 412, 521, 522, 548, 564, 579, 700, 710, 755]
RKP_01000_00100_3_01.txt|510.0|0.12731899999999996|[1, 11, 21, 22, 32, 49, 51, 55, 65, 69, 77, 83, 94, 119, 133, 134, 157, 179, 186, 204, 208, 249, 294, 322, 326, 337, 340, 348, 441, 456, 464, 537, 565, 567, 659, 704, 740, 763, 795, 857, 962]
RKP_01000_00100_3_02.txt|480.0|0.12647160000000035|[1, 2, 3, 9, 16, 18, 24, 25, 31, 37, 56, 69, 70, 94, 110, 120, 121, 126, 137, 138, 176, 178, 216, 286, 295, 300, 318, 381, 386, 533, 567, 576, 586, 600, 644, 654, 891, 978]
RKP_01000_00100_3_03.txt|507.0|0.10199760000000069|[1, 3, 13, 17, 31, 44, 46, 54, 62, 74, 84, 89, 93, 99, 143, 170, 175, 180, 181, 204, 222, 256, 270, 321, 325, 378, 382, 392, 431, 443, 448, 530, 580, 652, 692, 720, 738, 797, 822, 836, 994]
RKP_01000_00100_3_04.txt|490.0|0.12877399999999994|[1, 2, 3, 4, 5, 15, 16, 29, 31, 35, 42, 44, 58, 62, 65, 83, 119, 142, 149, 161, 235, 274, 277, 293, 305, 309, 389, 433, 449, 480, 492, 527, 550, 558, 639, 645, 657, 740, 786]
RKP_01000_00100_3_05.txt|430.0|0.13444059999999958|[1, 5, 10, 23, 24, 29, 31, 37, 46, 57, 76, 85, 86, 100, 107, 128, 141, 143, 144, 151, 163, 172, 183, 192, 204, 315, 355, 460, 480, 630, 661, 876, 910]
RKP_01000_00100_3_06.txt|430.0|0.15130429999999961|[1, 4, 5, 6, 7, 12, 13, 14, 15, 18, 22, 25, 36, 63, 64, 71, 112, 129, 153, 158, 204, 217, 224, 237, 239, 242, 249, 278, 330, 471, 543, 886, 901]
RKP_01000_00100_3_07.txt|510.0|0.14222879999999982|[1, 3, 4, 5, 8, 12, 16, 20, 23, 27, 31, 34, 38, 45, 53, 56, 62, 112, 124, 131, 161, 169, 190, 191, 202, 204, 231, 282, 354, 407, 433, 483, 583, 591, 605, 695, 750, 822, 867, 888, 942]
RKP_01000_00100_3_08.txt|430.0|0.10149030000000003|[1, 7, 9, 35, 53, 74, 89, 97, 118, 129, 130, 131, 145, 152, 154, 179, 198, 233, 250, 252, 257, 266, 292, 340, 342, 472, 524, 528, 591, 636, 655, 703, 883]
RKP_01000_00100_3_09.txt|440.0|0.09917780000000143|[2, 3, 4, 9, 16, 17, 23, 26, 36, 47, 48, 77, 83, 126, 127, 141, 185, 199, 202, 211, 216, 228, 318, 403, 471, 480, 547, 578, 647, 758, 825, 871, 885, 930]
RKP_01000_00100_3_10.txt|478.0|0.16691539999999883|[1, 2, 3, 5, 12, 16, 18, 22, 26, 35, 37, 46, 56, 72, 103, 104, 106, 122, 156, 169, 187, 227, 245, 247, 264, 314, 319, 334, 436, 439, 467, 524, 632, 677, 687, 764, 799, 964]
RKP_01000_00100_4_01.txt|100.0|0.10035989999999906|[866]
RKP_01000_00100_4_02.txt|100.0|0.09870689999999982|[858]
RKP_01000_00100_4_03.txt|100.0|0.09921710000000061|[856]
RKP_01000_00100_4_04.txt|100.0|0.09997119999999882|[828]
RKP_01000_00100_4_05.txt|100.0|0.09943130000000089|[851]
RKP_01000_00100_4_06.txt|100.0|0.09890799999999977|[878]
RKP_01000_00100_4_07.txt|100.0|0.09993030000000047|[887]
RKP_01000_00100_4_08.txt|100.0|0.10615960000000157|[847]
RKP_01000_00100_4_09.txt|100.0|0.09799230000000136|[877]
RKP_01000_00100_4_10.txt|100.0|0.09775929999999988|[862]
RKP_01000_00100_5_01.txt|100.0|0.10086690000000154|[22, 107, 341, 649]
RKP_01000_00100_5_02.txt|100.0|0.10114830000000019|[47, 130, 159, 591, 805]
RKP_01000_00100_5_03.txt|100.0|0.1004870000000011|[82, 117, 120, 134, 228, 265, 404]
RKP_01000_00100_5_04.txt|100.0|0.13566849999999953|[7, 19, 31, 33, 93, 105, 142, 340, 399]
RKP_01000_00100_5_05.txt|100.0|0.10114469999999898|[101, 908]
RKP_01000_00100_5_06.txt|100.0|0.10239609999999999|[46, 59, 125, 676]
RKP_01000_00100_5_07.txt|100.0|0.10178080000000023|[73, 80, 107, 334, 361]
RKP_01000_00100_5_08.txt|100.0|0.09778859999999945|[215, 352]
RKP_01000_00100_5_09.txt|100.0|0.10214209999999824|[107, 716, 823]
RKP_01000_00100_5_10.txt|100.0|0.10336350000000216|[110, 309, 696]
RKP_05000_00100_1_01.txt|4805.0|0.46431929999999966|[1, 3, 4, 5, 7, 8, 9, 13, 16, 20, 21, 22, 24, 31, 49, 51, 59, 89, 99, 115, 116, 150, 155, 213, 302, 343, 363, 465, 518, 540, 553, 589, 642, 801, 852, 904, 1021, 1181, 1207, 1213, 1268, 1275, 1277, 1366, 1373, 1406, 1482, 1485, 1568, 1723, 1839, 2003, 2091, 2106, 2398, 2478, 2505, 2548, 2556, 2692, 3411, 3645, 3733, 4536, 4545]
RKP_05000_00100_1_02.txt|4502.0|0.49605120000000014|[2, 16, 18, 28, 31, 42, 51, 57, 60, 73, 75, 99, 104, 130, 135, 151, 171, 174, 235, 262, 275, 277, 301, 304, 338, 350, 357, 374, 437, 448, 463, 601, 716, 794, 892, 1099, 1201, 1210, 1557, 1585, 1720, 1821, 1908, 1929, 2056, 2337, 2586, 2669, 2809, 2939, 3013, 3107, 3415, 3648, 3739, 4066, 4071, 4311, 4439, 4651]
RKP_05000_00100_1_03.txt|4442.0|0.5349207999999983|[1, 2, 6, 7, 10, 22, 26, 27, 52, 81, 114, 136, 193, 203, 207, 219, 304, 326, 350, 401, 436, 591, 612, 656, 793, 929, 961, 1020, 1035, 1044, 1066, 1069, 1154, 1171, 1237, 1283, 1355, 1550, 1588, 1634, 1880, 2442, 2646, 2797, 2939, 2992, 3005, 3036, 3127, 3261, 3382, 3471, 3686, 3801, 4053, 4396, 4436, 4798]
RKP_05000_00100_1_04.txt|4439.0|0.4926331000000026|[2, 5, 7, 16, 20, 23, 26, 38, 41, 69, 78, 104, 131, 135, 147, 205, 233, 337, 378, 416, 444, 455, 557, 579, 651, 713, 792, 795, 868, 936, 979, 1048, 1173, 1210, 1521, 1527, 1633, 1764, 1814, 1931, 2030, 2255, 2304, 2528, 2565, 2594, 2831, 2859, 2940, 3006, 3053, 3064, 3085, 3198, 3225, 3336, 3338, 3474, 3484, 3503, 3605, 3644, 3703, 4248, 4280, 4320, 4470]
RKP_05000_00100_1_05.txt|4368.0|0.5438581000000013|[2, 4, 5, 8, 14, 16, 20, 30, 33, 38, 44, 53, 60, 64, 96, 101, 119, 158, 174, 230, 270, 288, 306, 356, 427, 428, 507, 527, 541, 542, 608, 644, 660, 667, 907, 977, 1088, 1169, 1249, 1309, 1432, 1433, 1759, 2097, 2347, 2447, 2537, 2549, 2850, 2886, 2922, 2995, 3160, 3454, 3856, 4179, 4588, 4969]
RKP_05000_00100_1_06.txt|4437.0|0.5346620999999985|[2, 3, 6, 8, 9, 11, 14, 17, 18, 21, 25, 41, 44, 45, 55, 62, 71, 73, 108, 111, 115, 122, 131, 133, 139, 147, 152, 208, 219, 238, 329, 377, 457, 569, 645, 652, 694, 701, 745, 747, 807, 860, 866, 896, 920, 1031, 1259, 1279, 1512, 1542, 1606, 1799, 2510, 2608, 2842, 3167, 3239, 3571, 3825, 4655]
RKP_05000_00100_1_07.txt|4795.0|0.46138249999999914|[1, 3, 4, 5, 13, 30, 32, 35, 54, 55, 60, 79, 90, 97, 104, 118, 124, 155, 180, 188, 192, 204, 219, 244, 362, 451, 453, 494, 551, 582, 646, 811, 876, 880, 930, 931, 991, 1149, 1187, 1199, 1222, 1299, 1437, 1477, 1674, 1758, 1762, 1827, 2037, 2041, 2085, 2207, 2367, 2438, 2591, 2883, 3111, 3162, 3167, 3370, 3419, 3473, 3566, 4252, 4639]
RKP_05000_00100_1_08.txt|4417.0|0.5371981000000012|[1, 6, 25, 48, 52, 54, 82, 137, 148, 154, 179, 183, 186, 215, 234, 260, 264, 266, 275, 276, 288, 300, 341, 345, 441, 502, 538, 739, 745, 777, 779, 816, 820, 865, 906, 985, 1029, 1079, 1267, 1318, 1337, 1358, 1632, 1717, 1781, 1984, 2054, 2248, 2250, 2399, 2535, 2780, 2845, 2899, 3226, 3259, 3876, 3911, 4344, 4473, 4638, 4811, 4998]
RKP_05000_00100_1_09.txt|4135.0|0.4912407999999999|[2, 3, 6, 10, 30, 42, 70, 74, 83, 90, 121, 178, 179, 230, 270, 307, 325, 329, 383, 423, 447, 533, 588, 619, 635, 729, 747, 786, 796, 816, 853, 987, 1184, 1260, 1309, 1363, 1387, 1427, 1441, 1736, 1769, 1856, 1869, 1945, 2349, 2596, 2965, 3051, 3556, 3572, 3697, 3759, 4062, 4135, 4156, 4341, 4378, 4424]
RKP_05000_00100_1_10.txt|4487.0|0.5680541999999988|[1, 2, 8, 13, 14, 15, 20, 21, 25, 26, 43, 48, 60, 83, 90, 111, 143, 153, 176, 180, 189, 230, 304, 321, 352, 363, 385, 429, 437, 482, 484, 629, 662, 714, 780, 795, 805, 930, 952, 956, 1091, 1221, 1342, 1350, 1395, 1422, 1517, 1804, 2028, 2061, 2120, 2462, 2958, 3065, 3086, 3176, 3373, 3734, 4369, 4572, 4883]
RKP_05000_00100_2_01.txt|428.0|0.4622800999999974|[5, 25, 40, 44, 68, 77, 110, 142, 144, 220, 315, 540, 551, 560, 626, 648, 736, 868, 1057, 1095, 1187, 1238, 1292, 1647, 1715, 1741, 1835, 1887, 2000, 2019, 2120, 2210, 2218, 2367, 2729, 2735, 2913, 2948, 3020, 3043, 3393, 3573, 4620, 4675]
RKP_05000_00100_2_02.txt|489.0|0.4493735000000001|[4, 8, 10, 14, 15, 22, 29, 33, 35, 40, 73, 101, 103, 152, 275, 298, 407, 455, 532, 536, 556, 578, 656, 677, 763, 778, 871, 1014, 1178, 1194, 1493, 1570, 1714, 1770, 1793, 1800, 1838, 2263, 2360, 2437, 2439, 2501, 2707, 2992, 3004, 3178, 3238, 3612, 3848, 4063, 4347, 4384, 4978]
RKP_05000_00100_2_03.txt|481.0|0.4121795000000006|[1, 4, 5, 6, 17, 22, 39, 82, 113, 185, 202, 242, 314, 442, 524, 543, 592, 610, 710, 711, 769, 798, 826, 839, 840, 842, 895, 1122, 1234, 1332, 1463, 1469, 1749, 1867, 1925, 2550, 2606, 2655, 2844, 2973, 3166, 3332, 3625, 3890, 3969, 4028, 4206, 4547, 4655, 4806, 4989]
RKP_05000_00100_2_04.txt|454.0|0.47681539999999956|[1, 5, 12, 31, 35, 45, 54, 67, 72, 87, 109, 156, 168, 225, 291, 325, 355, 387, 483, 491, 506, 531, 637, 674, 687, 752, 840, 917, 950, 1107, 1138, 1415, 1551, 1566, 1633, 1671, 1864, 2042, 2052, 2100, 2126, 2299, 3108, 3153, 3585, 3838, 4139]
RKP_05000_00100_2_05.txt|486.0|0.42774730000000005|[5, 22, 29, 52, 69, 99, 274, 355, 366, 370, 426, 452, 522, 612, 693, 797, 829, 879, 942, 984, 991, 1029, 1076, 1224, 1654, 1735, 1741, 1823, 1903, 2083, 2206, 2208, 2261, 2332, 2365, 2545, 2614, 2703, 2785, 2815, 3226, 3238, 3374, 3383, 3406, 3481, 3555, 3573, 3758, 3817]
RKP_05000_00100_2_06.txt|461.0|0.4623507999999994|[1, 3, 6, 8, 23, 33, 62, 129, 135, 136, 182, 210, 222, 324, 326, 356, 369, 466, 602, 639, 758, 816, 853, 926, 1109, 1193, 1208, 1288, 1383, 1433, 1581, 1688, 1917, 2039, 2040, 2044, 2075, 2118, 2148, 2322, 2408, 2422, 2453, 2974, 3184, 3682, 4405, 4478]
RKP_05000_00100_2_07.txt|475.0|0.40669610000000134|[1, 2, 3, 7, 11, 15, 43, 49, 55, 58, 74, 79, 141, 169, 180, 183, 194, 216, 235, 260, 261, 333, 345, 373, 396, 429, 516, 595, 649, 689, 744, 1063, 1387, 1389, 1949, 2108, 2164, 2246, 2323, 2332, 2419, 2528, 2641, 2751, 3229, 3488, 3555, 3866, 4327]
RKP_05000_00100_2_08.txt|449.0|0.43447169999999957|[2, 7, 9, 11, 14, 23, 25, 41, 48, 79, 94, 98, 99, 152, 199, 291, 342, 367, 464, 524, 560, 621, 636, 671, 735, 792, 953, 967, 1204, 1273, 1301, 1330, 1387, 1415, 1492, 1617, 1638, 1700, 2068, 2149, 2312, 2584, 2831, 3246, 3365, 3421, 4332, 4543, 4658]
RKP_05000_00100_2_09.txt|490.0|0.43533389999999983|[5, 6, 15, 18, 61, 75, 88, 112, 142, 151, 238, 244, 293, 294, 315, 355, 362, 392, 433, 574, 678, 747, 755, 796, 846, 955, 1149, 1203, 1331, 1335, 1338, 1397, 1617, 1679, 1818, 1873, 2179, 2196, 2213, 2318, 2352, 2365, 2520, 2692, 2953, 3113, 3890, 4070, 4171, 4778]
RKP_05000_00100_2_10.txt|460.0|0.3950016000000005|[19, 48, 66, 72, 74, 113, 120, 123, 136, 163, 184, 250, 253, 275, 291, 302, 315, 326, 373, 387, 477, 502, 918, 935, 1183, 1253, 1313, 1459, 1547, 1773, 1932, 2022, 2133, 2249, 2283, 2318, 2345, 2435, 2755, 2768, 2802, 3005, 3077, 3123, 3300, 4012, 4424, 4994]
RKP_05000_00100_3_01.txt|790.0|0.3273223000000023|[1, 2, 5, 7, 8, 10, 11, 26, 28, 48, 55, 80, 83, 97, 104, 135, 145, 224, 242, 276, 279, 288, 312, 322, 334, 345, 349, 361, 377, 383, 410, 471, 533, 558, 588, 610, 661, 676, 692, 900, 1006, 1096, 1187, 1192, 1232, 1272, 1363, 1702, 1725, 1733, 1751, 1768, 2039, 2090, 2190, 2608, 2691, 2768, 2908, 3020, 3252, 3272, 3292, 3674, 3675, 3743, 4195, 4471, 4835]
RKP_05000_00100_3_02.txt|880.0|0.3838701000000029|[1, 3, 9, 19, 22, 31, 36, 38, 54, 55, 74, 93, 94, 97, 98, 132, 135, 145, 148, 166, 167, 203, 219, 254, 272, 301, 304, 312, 313, 351, 355, 356, 365, 392, 415, 426, 452, 472, 496, 512, 542, 776, 856, 863, 879, 917, 973, 993, 1047, 1092, 1093, 1119, 1267, 1271, 1322, 1326, 1335, 1834, 1876, 2362, 2367, 2409, 2674, 2689, 2722, 2762, 2772, 2848, 3093, 3287, 3318, 3344, 3615, 3623, 3645, 4055, 4494, 4912]
RKP_05000_00100_3_03.txt|850.0|0.36114470000000054|[1, 3, 5, 6, 14, 15, 18, 20, 21, 24, 27, 42, 52, 76, 86, 96, 124, 129, 140, 156, 159, 165, 191, 192, 205, 258, 283, 341, 387, 403, 520, 546, 656, 714, 721, 820, 894, 901, 914, 945, 963, 977, 1051, 1058, 1086, 1109, 1304, 1305, 1347, 1487, 1558, 1571, 1672, 1712, 1732, 1847, 1888, 1890, 1941, 2079, 2351, 2662, 2793, 2858, 2962, 2989, 3115, 3566, 4111, 4254, 4440, 4528, 4547, 4563, 4968]
RKP_05000_00100_3_04.txt|840.0|0.32867470000000054|[1, 2, 3, 5, 9, 11, 15, 16, 24, 28, 48, 51, 56, 59, 66, 99, 100, 205, 232, 298, 309, 318, 320, 325, 335, 365, 377, 403, 411, 446, 473, 578, 648, 688, 769, 770, 808, 898, 984, 991, 995, 1024, 1182, 1193, 1227, 1264, 1283, 1293, 1338, 1348, 1380, 1455, 1570, 1739, 1757, 1788, 2156, 2231, 2274, 2340, 2386, 2600, 2634, 2764, 2810, 2992, 3105, 3111, 3384, 3639, 3697, 3851, 4679, 4996]
RKP_05000_00100_3_05.txt|730.0|0.3826356000000004|[7, 24, 25, 52, 60, 76, 109, 122, 147, 206, 230, 235, 238, 292, 304, 345, 362, 448, 485, 513, 542, 563, 573, 583, 588, 590, 614, 638, 656, 669, 769, 891, 909, 936, 950, 994, 1088, 1491, 1526, 1529, 1668, 1760, 1858, 2040, 2337, 2456, 2471, 2596, 2671, 2714, 2837, 2859, 2877, 2928, 3114, 3135, 4063, 4073, 4110, 4118, 4182, 4398, 4423]
RKP_05000_00100_3_06.txt|840.0|0.32215169999999915|[1, 2, 3, 5, 10, 12, 15, 24, 26, 27, 29, 32, 35, 45, 58, 68, 79, 80, 103, 113, 119, 121, 157, 179, 181, 207, 248, 270, 278, 352, 452, 460, 492, 551, 564, 588, 638, 700, 787, 838, 1046, 1130, 1148, 1347, 1376, 1393, 1451, 1477, 1657, 1698, 1727, 1775, 1854, 1860, 1884, 2159, 2205, 2299, 2412, 2457, 2528, 2710, 2738, 2878, 2889, 2978, 3082, 3091, 3112, 3151, 3434, 3943, 4151, 4282]
RKP_05000_00100_3_07.txt|840.0|0.37833940000000155|[1, 9, 16, 18, 20, 26, 29, 30, 77, 85, 93, 96, 98, 99, 114, 119, 130, 166, 169, 185, 189, 211, 213, 222, 281, 356, 362, 372, 495, 500, 507, 526, 550, 570, 583, 607, 699, 719, 729, 750, 812, 817, 859, 865, 876, 883, 890, 980, 1030, 1060, 1095, 1109, 1453, 1577, 1615, 1663, 1833, 1892, 1960, 2113, 2510, 2528, 2632, 2869, 3232, 3416, 3596, 3653, 3863, 4038, 4083, 4185, 4467, 4835]
RKP_05000_00100_3_08.txt|880.0|0.32919749999999937|[1, 4, 5, 6, 13, 17, 28, 35, 47, 92, 97, 99, 100, 129, 161, 169, 191, 227, 238, 294, 343, 346, 382, 484, 491, 557, 563, 572, 611, 684, 700, 785, 888, 925, 969, 1017, 1028, 1076, 1106, 1208, 1238, 1240, 1244, 1344, 1355, 1414, 1458, 1478, 1502, 1517, 1589, 1802, 1973, 2084, 2091, 2154, 2276, 2313, 2430, 2465, 2572, 2702, 3001, 3330, 3335, 3410, 3716, 3794, 3821, 4035, 4062, 4178, 4225, 4318, 4353, 4604, 4708, 4735]
RKP_05000_00100_3_09.txt|850.0|0.3566217000000016|[1, 2, 4, 10, 18, 24, 40, 49, 55, 63, 94, 101, 110, 111, 119, 205, 217, 229, 262, 271, 277, 355, 466, 579, 600, 636, 662, 696, 754, 789, 827, 839, 882, 973, 981, 986, 1067, 1161, 1210, 1328, 1430, 1517, 1532, 1558, 1683, 1818, 1913, 2032, 2033, 2048, 2227, 2275, 2372, 2453, 2595, 2609, 2618, 2846, 2897, 2925, 3120, 3127, 3477, 3500, 3562, 3727, 3830, 3987, 4348, 4459, 4677, 4681, 4813, 4902, 4948]
RKP_05000_00100_3_10.txt|850.0|0.39029199999999875|[2, 3, 4, 5, 8, 10, 11, 19, 21, 22, 27, 30, 47, 52, 63, 79, 110, 119, 138, 166, 173, 216, 227, 236, 252, 283, 336, 383, 438, 559, 627, 659, 666, 685, 775, 787, 798, 881, 933, 1040, 1046, 1075, 1111, 1132, 1166, 1187, 1426, 1430, 1457, 1463, 1547, 1688, 1928, 1938, 1946, 2107, 2181, 2195, 2235, 2244, 2312, 2477, 2567, 2583, 2816, 2929, 2988, 3361, 3415, 3869, 3877, 3997, 4448, 4628, 4783]
RKP_05000_00100_4_01.txt|100.0|0.32842139999999986|[4988]
RKP_05000_00100_4_02.txt|100.0|0.31975060000000255|[4283]
RKP_05000_00100_4_03.txt|100.0|0.3560851000000014|[4228]
RKP_05000_00100_4_04.txt|100.0|0.3315542000000029|[4959]
RKP_05000_00100_4_05.txt|100.0|0.32703300000000013|[4981]
RKP_05000_00100_4_06.txt|100.0|0.3495400999999987|[4994]
RKP_05000_00100_4_07.txt|100.0|0.3208731|[4210]
RKP_05000_00100_4_08.txt|100.0|0.32800820000000286|[4992]
RKP_05000_00100_4_09.txt|100.0|0.3741479000000041|[4209]
RKP_05000_00100_4_10.txt|100.0|0.31886819999999716|[4995]
RKP_05000_00100_5_01.txt|100.0|0.3493394000000052|[19, 23, 43, 608, 1012, 1117, 1246, 2868]
RKP_05000_00100_5_02.txt|100.0|0.3281893999999994|[317, 817, 873, 1006, 1092, 1670]
RKP_05000_00100_5_03.txt|100.0|0.3231601999999967|[793, 1059, 3198, 4172]
RKP_05000_00100_5_04.txt|100.0|0.3682208999999972|[18, 52, 137, 194, 534, 712, 757, 997, 1000, 1042, 1302, 1720, 1973]
RKP_05000_00100_5_05.txt|100.0|0.329040599999999|[908, 1000, 1487, 4955]
RKP_05000_00100_5_06.txt|100.0|0.33151769999999914|[539, 1481]
RKP_05000_00100_5_07.txt|100.0|0.3602377000000061|[93, 667, 931, 1015]
RKP_05000_00100_5_08.txt|100.0|0.3311788999999976|[320, 321, 868, 1571, 2157]
RKP_05000_00100_5_09.txt|100.0|0.3346422999999987|[13, 578, 875, 1827, 1985, 2363]
RKP_05000_00100_5_10.txt|100.0|0.35875380000000234|[204, 233, 821, 1006]
RKP_05000_01000_1_01.txt|56947.0|0.8726259000000027|[1, 2, 5, 8, 13, 15, 17, 18, 22, 23, 30, 35, 53, 59, 78, 86, 96, 118, 123, 151, 164, 212, 226, 252, 271, 310, 328, 334, 379, 399, 424, 491, 511, 551, 661, 684, 700, 732, 751, 778, 800, 866, 969, 1034, 1145, 1196, 1214, 1232, 1233, 1387, 1431, 1591, 1724, 1742, 1756, 1775, 1841, 1858, 1919, 1928, 1979, 2077, 2254, 2266, 2481, 2567, 2629, 2777, 2814, 2874, 3144, 3187, 3256, 3282, 3403, 3485, 3534, 3791, 3799, 4129, 4223, 4479, 4971]
RKP_05000_01000_1_02.txt|58537.0|0.7528799999999976|[1, 3, 7, 10, 17, 22, 36, 39, 41, 65, 78, 84, 89, 96, 109, 130, 155, 207, 222, 235, 236, 282, 293, 304, 337, 368, 406, 425, 464, 471, 506, 539, 588, 622, 646, 675, 694, 728, 790, 917, 918, 928, 965, 988, 1055, 1205, 1261, 1277, 1337, 1343, 1403, 1414, 1455, 1590, 1604, 1860, 1999, 2011, 2041, 2120, 2198, 2229, 2379, 2594, 2727, 2745, 2769, 2800, 2825, 2832, 2973, 3095, 3349, 3565, 3585, 3628, 3668, 3875, 4489, 4961]
RKP_05000_01000_1_03.txt|55593.0|0.6224117999999947|[1, 3, 13, 22, 24, 33, 60, 62, 67, 72, 76, 94, 114, 129, 135, 174, 176, 186, 192, 272, 339, 344, 441, 446, 479, 515, 533, 649, 749, 810, 852, 875, 882, 933, 940, 988, 1006, 1027, 1039, 1146, 1150, 1219, 1262, 1339, 1364, 1415, 1475, 1478, 1483, 1534, 1605, 1614, 1719, 1815, 1822, 1854, 1979, 2016, 2080, 2110, 2125, 2161, 2201, 2314, 2468, 2471, 2682, 2688, 2848, 3194, 3232, 3276, 3392, 3682, 3835, 3920, 4104, 4191, 4193, 4216, 4640]
RKP_05000_01000_1_04.txt|57100.0|0.668816900000003|[1, 2, 5, 6, 7, 8, 9, 10, 16, 17, 24, 25, 35, 49, 50, 52, 61, 64, 71, 114, 132, 133, 135, 181, 189, 191, 210, 223, 238, 248, 270, 318, 351, 395, 413, 421, 465, 482, 498, 522, 533, 546, 594, 670, 687, 716, 724, 792, 794, 886, 952, 1021, 1074, 1107, 1142, 1174, 1218, 1275, 1311, 1395, 1450, 1546, 1597, 1689, 1901, 1916, 2023, 2047, 2060, 2177, 2320, 2470, 2550, 2580, 2922, 2999, 3051, 3055, 3271, 3926, 4232, 4277, 4397, 4624, 4775]
RKP_05000_01000_1_05.txt|56057.0|0.6171720999999977|[2, 4, 5, 8, 9, 14, 16, 19, 25, 27, 46, 48, 65, 67, 69, 72, 73, 85, 91, 93, 94, 97, 119, 120, 130, 132, 157, 168, 208, 231, 254, 259, 267, 279, 339, 349, 352, 385, 430, 467, 580, 592, 651, 711, 816, 903, 943, 985, 1012, 1023, 1049, 1093, 1142, 1150, 1162, 1227, 1316, 1320, 1321, 1411, 1474, 1588, 1606, 1607, 1649, 1883, 1893, 2004, 2069, 2256, 2263, 2271, 2350, 2360, 2397, 2547, 2570, 2786, 2819, 2834, 3067, 3468, 4053, 4096, 4118, 4204, 4385]
RKP_05000_01000_1_06.txt|54768.0|0.6648625999999993|[2, 3, 4, 6, 8, 9, 10, 13, 25, 37, 42, 48, 51, 52, 60, 80, 90, 107, 150, 157, 159, 163, 188, 192, 224, 269, 288, 292, 297, 336, 337, 343, 399, 498, 594, 601, 612, 616, 637, 646, 687, 688, 691, 697, 721, 736, 883, 894, 943, 998, 1002, 1040, 1097, 1192, 1242, 1305, 1368, 1511, 1530, 1662, 1689, 1720, 1879, 1910, 1916, 2012, 2025, 2048, 2050, 2168, 2195, 2442, 2483, 2517, 2633, 2857, 2861, 2865, 2925, 2967, 3109, 3846, 4183, 4196, 4603, 4793]
RKP_05000_01000_1_07.txt|50919.0|0.8395189000000016|[1, 2, 8, 15, 21, 23, 27, 38, 44, 46, 65, 77, 84, 91, 94, 119, 130, 161, 188, 198, 204, 213, 226, 241, 363, 386, 393, 421, 424, 453, 488, 522, 523, 568, 569, 616, 628, 640, 651, 731, 753, 848, 957, 985, 993, 1047, 1052, 1175, 1178, 1359, 1489, 1605, 1607, 1645, 1659, 1666, 1697, 1741, 1764, 1865, 1904, 2001, 2087, 2145, 2235, 2245, 2593, 2669, 2984, 3438, 3455, 3964, 4009, 4078, 4242]
RKP_05000_01000_1_08.txt|53553.0|0.7363558999999995|[3, 8, 10, 12, 15, 20, 24, 26, 29, 32, 39, 43, 52, 66, 75, 79, 81, 89, 109, 115, 117, 118, 140, 151, 190, 207, 217, 235, 244, 257, 279, 389, 411, 419, 427, 430, 488, 527, 529, 531, 548, 575, 651, 670, 738, 785, 849, 890, 892, 952, 1029, 1088, 1138, 1275, 1344, 1391, 1485, 1487, 1574, 2070, 2099, 2110, 2356, 2382, 2528, 2585, 2723, 2841, 3083, 3244, 3288, 3318, 3323, 3437, 3788, 3908, 3937, 4497]
RKP_05000_01000_1_09.txt|57391.0|0.7337038000000007|[1, 2, 3, 4, 6, 7, 8, 17, 18, 25, 27, 32, 39, 49, 51, 73, 94, 104, 106, 128, 136, 157, 163, 190, 191, 302, 342, 359, 364, 377, 390, 427, 451, 473, 499, 562, 563, 684, 714, 844, 883, 996, 998, 1113, 1242, 1337, 1362, 1366, 1401, 1414, 1434, 1481, 1495, 1509, 1579, 1679, 1699, 1714, 1761, 1788, 1854, 1911, 2012, 2034, 2121, 2239, 2246, 2328, 2364, 2381, 2399, 2844, 2845, 3156, 3179, 3245, 3448, 3556, 3644, 3744, 3900, 3964, 4115]
RKP_05000_01000_1_10.txt|60243.0|0.6477999999999966|[1, 2, 4, 9, 11, 17, 28, 33, 38, 43, 47, 49, 80, 100, 103, 104, 129, 152, 161, 180, 187, 198, 212, 245, 255, 261, 286, 359, 384, 461, 464, 472, 486, 495, 500, 528, 582, 604, 634, 652, 740, 785, 807, 813, 839, 844, 888, 904, 1044, 1076, 1095, 1253, 1284, 1313, 1361, 1413, 1423, 1430, 1476, 1479, 1553, 1636, 1640, 1641, 1680, 1731, 1817, 1914, 1934, 2153, 2184, 2216, 2309, 2541, 2544, 2560, 2608, 2671, 2698, 2753, 2768, 2867, 3137, 3309, 3687, 3836, 4036, 4698, 4815]
RKP_05000_01000_2_01.txt|4342.0|0.9624825000000001|[2, 7, 12, 22, 23, 26, 28, 38, 81, 88, 103, 115, 147, 153, 176, 265, 309, 339, 352, 413, 483, 541, 604, 687, 724, 761, 947, 951, 997, 1011, 1046, 1100, 1173, 1473, 1487, 1641, 1730, 1844, 1898, 2000, 2057, 2281, 2351, 2400, 2581, 2671, 2742, 3060, 3764, 3919, 4166, 4493, 4598]
RKP_05000_01000_2_02.txt|4783.0|0.9334384999999941|[1, 2, 3, 44, 51, 62, 76, 78, 88, 94, 139, 214, 279, 311, 317, 338, 365, 379, 462, 471, 491, 545, 667, 820, 862, 946, 964, 1000, 1045, 1049, 1068, 1189, 1196, 1294, 1503, 1577, 1693, 1739, 1812, 1856, 1964, 2213, 2259, 2308, 2419, 2515, 2537, 2581, 2682, 2933, 2983, 3342, 3711, 4977]
RKP_05000_01000_2_03.txt|4858.0|0.9046121000000014|[51, 63, 69, 86, 88, 104, 106, 131, 177, 185, 217, 235, 286, 305, 308, 341, 375, 414, 465, 477, 507, 518, 589, 655, 726, 858, 862, 942, 1002, 1132, 1256, 1354, 1483, 1550, 1676, 1684, 1732, 1958, 2164, 2182, 2340, 2548, 2601, 2610, 2617, 2930, 3343, 3351, 3416, 3540, 3822, 3938, 4457, 4964]
RKP_05000_01000_2_04.txt|5193.0|0.9848268000000004|[3, 7, 17, 19, 22, 23, 51, 54, 59, 63, 82, 84, 86, 153, 163, 183, 247, 302, 348, 371, 400, 473, 527, 547, 557, 567, 585, 662, 667, 703, 758, 768, 916, 1065, 1086, 1100, 1136, 1209, 1210, 1319, 1398, 1539, 1672, 1740, 1799, 1906, 1989, 2237, 2242, 2245, 2249, 2408, 2518, 2928, 2989, 3183, 3498, 3530, 3872, 4424, 4454]
RKP_05000_01000_2_05.txt|4634.0|0.9595519999999951|[3, 4, 5, 8, 9, 12, 16, 23, 33, 34, 43, 80, 187, 201, 204, 208, 260, 269, 273, 306, 324, 344, 360, 390, 420, 427, 453, 526, 734, 737, 775, 784, 807, 876, 1052, 1064, 1132, 1158, 1223, 1269, 1335, 1424, 1478, 1576, 1622, 1680, 1762, 1839, 2008, 2513, 2943, 3321, 4215, 4333, 4485]
RKP_05000_01000_2_06.txt|4926.0|1.0273870999999986|[1, 2, 10, 27, 30, 36, 61, 63, 105, 109, 138, 152, 154, 159, 184, 242, 252, 282, 328, 336, 344, 386, 464, 473, 481, 670, 672, 683, 707, 714, 739, 793, 862, 900, 925, 1064, 1369, 1477, 1569, 1619, 1746, 1852, 1898, 1933, 1948, 1991, 2201, 2282, 2287, 2446, 2476, 2484, 2638, 2690, 3111, 4131, 4545, 4951]
RKP_05000_01000_2_07.txt|5073.0|0.8950754999999972|[1, 5, 11, 12, 44, 105, 157, 199, 207, 212, 228, 257, 294, 368, 387, 516, 751, 759, 771, 772, 909, 997, 1123, 1139, 1265, 1425, 1437, 1461, 1552, 1593, 1625, 1643, 1702, 1811, 1886, 1902, 1935, 1945, 1976, 2206, 2233, 2241, 2282, 2341, 2461, 2608, 2843, 2864, 3085, 3129, 3147, 3196, 3259, 3275, 3507, 3882, 4279, 4453, 4495]
RKP_05000_01000_2_08.txt|4956.0|0.9895704999999992|[4, 6, 11, 14, 17, 38, 44, 59, 78, 108, 114, 174, 200, 201, 213, 236, 242, 264, 278, 298, 312, 362, 371, 385, 397, 473, 580, 634, 658, 660, 677, 747, 846, 901, 955, 972, 1016, 1067, 1114, 1156, 1184, 1256, 1314, 1499, 1783, 1802, 1924, 2133, 2399, 2632, 2683, 2808, 3148, 3191, 3385, 3857, 4129]
RKP_05000_01000_2_09.txt|4695.0|0.963856100000001|[2, 3, 4, 10, 13, 22, 25, 36, 44, 63, 77, 116, 118, 128, 130, 175, 247, 270, 310, 377, 379, 408, 419, 536, 561, 579, 677, 784, 821, 897, 935, 997, 1132, 1226, 1259, 1309, 1428, 1556, 1583, 1587, 1627, 1786, 1967, 2005, 2037, 2140, 2317, 2637, 2789, 2887, 3113, 3297, 3478, 3583, 3974, 4691]
RKP_05000_01000_2_10.txt|4654.0|0.8746679999999998|[9, 15, 18, 19, 25, 29, 36, 74, 82, 95, 99, 137, 149, 191, 206, 227, 294, 305, 337, 351, 420, 555, 587, 880, 922, 941, 1011, 1049, 1175, 1176, 1303, 1416, 1491, 1494, 1502, 1523, 1619, 1686, 1745, 1858, 1926, 2034, 2318, 2559, 2998, 3163, 3584, 3674, 3712, 3887, 4015, 4050, 4084, 4267, 4809]
RKP_05000_01000_3_01.txt|9800.0|0.5080588000000006|[1, 2, 9, 15, 16, 21, 23, 34, 37, 40, 45, 46, 47, 53, 60, 72, 77, 87, 97, 109, 112, 114, 119, 132, 150, 176, 193, 207, 237, 241, 274, 276, 284, 305, 372, 381, 387, 398, 400, 455, 527, 539, 550, 553, 560, 562, 604, 623, 632, 688, 728, 749, 757, 917, 951, 996, 1047, 1081, 1087, 1139, 1140, 1190, 1198, 1369, 1382, 1600, 1615, 1698, 1779, 1958, 2056, 2178, 2241, 2250, 2416, 2429, 2461, 2748, 2783, 2851, 2874, 3246, 3421, 3545, 3591, 3683, 4101, 4452]
RKP_05000_01000_3_02.txt|10485.0|0.5069548000000026|[1, 2, 4, 13, 25, 28, 33, 38, 39, 41, 55, 66, 68, 90, 107, 111, 116, 129, 130, 140, 169, 209, 214, 230, 235, 263, 295, 304, 305, 345, 379, 425, 436, 446, 448, 542, 562, 609, 624, 646, 718, 730, 759, 801, 849, 878, 883, 892, 931, 953, 1020, 1022, 1041, 1083, 1087, 1117, 1161, 1193, 1240, 1243, 1334, 1436, 1484, 1486, 1488, 1499, 1885, 1908, 2067, 2080, 2113, 2136, 2215, 2330, 2425, 2565, 2704, 2772, 2808, 2853, 2933, 2953, 2978, 2989, 2998, 3041, 3308, 3393, 3546, 3750, 3832, 4134, 4419, 4507, 4719]
RKP_05000_01000_3_03.txt|10980.0|0.49508449999999726|[1, 2, 3, 4, 5, 6, 11, 22, 26, 36, 38, 97, 115, 129, 153, 156, 158, 163, 190, 199, 200, 214, 215, 239, 246, 286, 308, 330, 339, 360, 399, 439, 452, 465, 480, 544, 568, 609, 621, 652, 709, 710, 763, 765, 770, 794, 839, 856, 879, 881, 896, 907, 952, 975, 989, 1022, 1041, 1077, 1157, 1164, 1169, 1360, 1465, 1498, 1523, 1559, 1597, 1605, 1663, 1688, 1733, 1874, 1926, 2034, 2087, 2202, 2319, 2386, 2439, 2613, 2901, 2957, 3166, 3239, 3273, 3477, 3545, 3697, 3722, 3928, 4041, 4084, 4149, 4215, 4329, 4338, 4529, 4671, 4695, 4813]
RKP_05000_01000_3_04.txt|10879.0|0.487035800000001|[1, 3, 4, 5, 6, 7, 9, 13, 15, 18, 25, 27, 29, 35, 39, 45, 63, 70, 82, 89, 94, 109, 111, 132, 175, 198, 205, 206, 225, 258, 261, 263, 277, 306, 321, 337, 360, 400, 448, 472, 495, 548, 568, 574, 610, 619, 648, 657, 680, 709, 730, 747, 769, 827, 864, 962, 977, 989, 1049, 1064, 1080, 1165, 1226, 1276, 1309, 1322, 1396, 1398, 1557, 1589, 1768, 1786, 1801, 1852, 1872, 1907, 1912, 1996, 2115, 2150, 2372, 2516, 2541, 2568, 2575, 2593, 2601, 2747, 2857, 2865, 2868, 2871, 3197, 3274, 3448, 3612, 4042, 4440, 4880]
RKP_05000_01000_3_05.txt|10200.0|0.5097698999999949|[1, 2, 3, 4, 6, 7, 8, 10, 11, 16, 19, 25, 26, 29, 32, 34, 37, 48, 56, 70, 112, 122, 143, 162, 169, 183, 184, 203, 219, 256, 283, 296, 335, 344, 348, 358, 386, 486, 501, 513, 620, 638, 658, 692, 748, 777, 814, 912, 985, 998, 1033, 1060, 1069, 1090, 1259, 1263, 1292, 1305, 1500, 1516, 1552, 1588, 1619, 1759, 1770, 1859, 1909, 2123, 2298, 2447, 2460, 2610, 2615, 2634, 2723, 2744, 2920, 2970, 3055, 3068, 3106, 3167, 3258, 3370, 3439, 3440, 3469, 3558, 3584, 3635, 4338, 4405]
RKP_05000_01000_3_06.txt|10689.0|0.5261722999999989|[1, 2, 3, 4, 6, 7, 9, 12, 16, 39, 41, 45, 46, 55, 71, 76, 82, 84, 85, 86, 94, 102, 106, 119, 124, 135, 141, 184, 193, 206, 213, 214, 219, 227, 249, 265, 276, 286, 287, 288, 368, 404, 418, 431, 469, 488, 573, 603, 623, 665, 686, 702, 734, 760, 767, 801, 813, 859, 889, 931, 946, 1030, 1035, 1119, 1212, 1296, 1359, 1466, 1522, 1551, 1610, 1640, 1697, 1917, 1978, 1991, 2026, 2138, 2251, 2623, 2741, 2756, 2799, 3095, 3214, 3264, 3390, 3433, 3533, 3851, 4000, 4258, 4315, 4322, 4424, 4582, 4808]
RKP_05000_01000_3_07.txt|10595.0|0.47383059999999944|[1, 2, 3, 5, 6, 8, 11, 13, 18, 20, 31, 33, 36, 60, 73, 75, 79, 84, 94, 100, 113, 125, 146, 194, 214, 216, 218, 220, 221, 251, 291, 293, 295, 319, 360, 370, 393, 398, 413, 417, 422, 427, 462, 477, 487, 539, 593, 608, 640, 658, 714, 762, 827, 849, 883, 884, 891, 896, 1003, 1044, 1055, 1066, 1090, 1123, 1173, 1262, 1407, 1470, 1544, 1709, 1783, 1789, 1792, 1998, 2043, 2104, 2111, 2357, 2587, 2716, 2900, 2966, 3085, 3135, 3146, 3402, 3438, 3609, 3628, 3716, 3731, 3836, 3854, 4131, 4233, 4659]
RKP_05000_01000_3_08.txt|10371.0|0.517097899999996|[1, 2, 3, 4, 6, 7, 14, 20, 22, 28, 30, 34, 35, 36, 73, 77, 80, 116, 118, 126, 134, 152, 162, 217, 226, 250, 260, 264, 270, 279, 295, 331, 394, 474, 489, 498, 525, 556, 654, 656, 660, 686, 707, 725, 883, 895, 901, 911, 944, 953, 1009, 1014, 1036, 1050, 1077, 1117, 1134, 1135, 1159, 1395, 1502, 1513, 1588, 1636, 1733, 1967, 1970, 1976, 2019, 2025, 2088, 2236, 2364, 2391, 2402, 2484, 2808, 2858, 2977, 3017, 3087, 3214, 3237, 3284, 3346, 3571, 3808, 4022, 4192, 4463, 4467, 4487, 4767, 4779]
RKP_05000_01000_3_09.txt|9777.0|0.4989018999999999|[1, 2, 8, 9, 13, 14, 26, 40, 42, 51, 57, 61, 73, 77, 81, 83, 87, 99, 106, 111, 136, 152, 159, 193, 207, 222, 237, 242, 252, 281, 354, 376, 384, 412, 426, 453, 462, 492, 494, 556, 564, 655, 661, 664, 671, 673, 751, 760, 786, 830, 852, 886, 921, 931, 995, 1003, 1040, 1104, 1148, 1189, 1313, 1322, 1420, 1471, 1488, 1684, 1978, 2051, 2055, 2287, 2401, 2486, 2497, 2511, 2577, 2621, 2657, 2941, 3020, 3256, 3392, 3443, 3538, 3572, 3618, 3868, 4136, 4292]
RKP_05000_01000_3_10.txt|10371.0|0.5229017999999996|[1, 2, 3, 10, 14, 16, 25, 33, 37, 50, 52, 62, 69, 73, 112, 119, 145, 191, 196, 218, 219, 235, 270, 287, 305, 312, 343, 344, 353, 369, 389, 393, 400, 413, 434, 446, 456, 458, 502, 627, 692, 781, 789, 808, 811, 876, 907, 944, 1019, 1093, 1097, 1125, 1184, 1279, 1317, 1329, 1343, 1498, 1530, 1621, 1635, 1785, 1847, 1854, 2030, 2139, 2189, 2224, 2322, 2458, 2611, 2631, 2749, 2764, 2813, 2877, 2894, 2915, 2940, 3119, 3127, 3150, 3234, 3240, 3435, 3589, 3788, 3879, 4052, 4227, 4466, 4578, 4631, 4747]
RKP_05000_01000_4_01.txt|1000.0|0.4225397000000015|[4615]
RKP_05000_01000_4_02.txt|1000.0|0.4087469999999982|[4655]
RKP_05000_01000_4_03.txt|1000.0|0.4341474999999946|[4567]
RKP_05000_01000_4_04.txt|1000.0|0.4046847999999983|[4995]
RKP_05000_01000_4_05.txt|1000.0|0.41305279999999556|[4575]
RKP_05000_01000_4_06.txt|1000.0|0.43965790000000027|[4578]
RKP_05000_01000_4_07.txt|1000.0|0.41624269999999797|[4493]
RKP_05000_01000_4_08.txt|1000.0|0.3932354000000018|[4472]
RKP_05000_01000_4_09.txt|1000.0|0.42759369999999564|[4992]
RKP_05000_01000_4_10.txt|1000.0|0.42005780000000215|[4469]
RKP_05000_01000_5_01.txt|1000.0|0.5096856999999986|[10, 191, 224, 514, 570, 824, 957, 1391, 1459, 2674, 2696]
RKP_05000_01000_5_02.txt|1000.0|0.43872470000000163|[343, 963, 1000, 2741, 2792, 4859]
RKP_05000_01000_5_03.txt|1000.0|0.4391081999999997|[104, 682, 975, 1007]
RKP_05000_01000_5_04.txt|1000.0|0.4837372000000002|[19, 58, 595, 977, 999, 1094]
RKP_05000_01000_5_05.txt|1000.0|0.43908729999999707|[19, 95, 108, 151, 465, 1002, 1116, 1885, 2145, 2387, 3069]
RKP_05000_01000_5_06.txt|1000.0|0.4488438000000059|[10, 90, 964, 1301, 1976, 2738, 2755]
RKP_05000_01000_5_07.txt|1000.0|0.4869371000000058|[670, 986, 1128, 2019, 2217, 2818, 2922, 3918, 4016, 4962]
RKP_05000_01000_5_08.txt|1000.0|0.43965670000000046|[102, 164, 952, 1002, 1092, 1216]
RKP_05000_01000_5_09.txt|1000.0|0.4441843000000034|[13, 390, 773, 929, 1191, 1216, 1266]
RKP_05000_01000_5_10.txt|1000.0|0.5244557000000043|[513, 1029, 1258, 1282, 1338, 2524]
RKP_05000_05000_1_01.txt|268452.0|0.7520155999999929|[2, 3, 4, 8, 21, 30, 33, 36, 40, 47, 50, 74, 75, 78, 94, 96, 100, 127, 134, 149, 168, 174, 206, 226, 234, 239, 248, 254, 255, 263, 274, 279, 449, 477, 496, 522, 562, 601, 604, 688, 747, 798, 809, 826, 940, 1034, 1083, 1200, 1201, 1231, 1246, 1247, 1260, 1270, 1293, 1305, 1416, 1437, 1543, 1595, 1674, 1685, 1768, 1939, 2195, 2321, 2685, 2687, 2896, 2945, 2997, 3113, 3266, 3721, 3813, 4077, 4308, 4777, 4810]
RKP_05000_05000_1_02.txt|323474.0|0.7992958000000101|[1, 2, 4, 8, 9, 10, 14, 18, 20, 21, 24, 38, 45, 55, 57, 59, 89, 104, 113, 117, 126, 141, 213, 231, 235, 238, 240, 258, 269, 297, 310, 334, 341, 349, 361, 378, 396, 444, 470, 474, 537, 668, 669, 712, 785, 787, 805, 876, 903, 1005, 1041, 1044, 1069, 1075, 1089, 1107, 1115, 1152, 1203, 1266, 1309, 1374, 1379, 1434, 1459, 1556, 1722, 1786, 1855, 1870, 1979, 2039, 2174, 2177, 2306, 2322, 2501, 2667, 2706, 3059, 3696, 3754, 3842, 3886, 3921, 3940, 4013, 4197, 4382, 4402, 4712, 4832]
RKP_05000_05000_1_03.txt|290455.0|0.61379629999999|[1, 2, 7, 8, 18, 22, 25, 31, 39, 46, 62, 73, 78, 80, 86, 110, 115, 133, 206, 231, 233, 246, 249, 318, 339, 353, 393, 426, 429, 435, 451, 481, 482, 488, 504, 557, 582, 586, 645, 651, 779, 811, 872, 908, 960, 1083, 1098, 1099, 1108, 1115, 1212, 1236, 1244, 1261, 1265, 1290, 1374, 1414, 1441, 1477, 1594, 1775, 2124, 2426, 2615, 2630, 2760, 2859, 2957, 3154, 3247, 3414, 3417, 3443, 3490, 3493, 3512, 3593, 3843, 4284, 4374, 4414]
RKP_05000_05000_1_04.txt|308350.0|0.6750642000000084|[1, 3, 5, 9, 12, 18, 24, 25, 34, 38, 48, 68, 75, 81, 85, 90, 96, 105, 135, 145, 148, 169, 173, 189, 197, 202, 222, 226, 240, 291, 299, 318, 326, 332, 368, 376, 387, 390, 408, 422, 484, 557, 559, 619, 675, 710, 778, 787, 809, 814, 831, 935, 1072, 1389, 1417, 1418, 1675, 1677, 1753, 1758, 1859, 1875, 1938, 2003, 2013, 2017, 2051, 2061, 2312, 2328, 2372, 2581, 2584, 2813, 2991, 3059, 3305, 3410, 3431, 3547, 3568, 3651, 3652, 3802, 3813, 3850, 4172, 4260, 4286, 4384, 4668, 4715]
RKP_05000_05000_1_05.txt|308303.0|0.7786926999999935|[1, 2, 3, 7, 8, 12, 20, 22, 23, 26, 32, 33, 38, 43, 46, 55, 62, 127, 130, 139, 143, 146, 153, 167, 210, 214, 227, 245, 261, 301, 378, 403, 459, 463, 518, 555, 559, 582, 677, 694, 838, 923, 950, 992, 1003, 1016, 1088, 1098, 1221, 1372, 1432, 1460, 1483, 1492, 1521, 1642, 1662, 1668, 1690, 1692, 1887, 1929, 1993, 2025, 2045, 2118, 2138, 2223, 2309, 2352, 2411, 2427, 2467, 2579, 2657, 2703, 2732, 2804, 2910, 3024, 3175, 3186, 3722, 3813, 3873, 4108, 4208, 4301, 4354, 4789, 4846]
RKP_05000_05000_1_06.txt|280543.0|0.6948572000000013|[2, 7, 8, 9, 18, 20, 23, 40, 43, 64, 66, 71, 76, 82, 85, 87, 106, 120, 122, 236, 243, 274, 299, 333, 338, 347, 361, 363, 378, 407, 427, 445, 514, 568, 581, 608, 613, 621, 649, 651, 693, 707, 715, 754, 813, 825, 830, 850, 925, 956, 1041, 1054, 1065, 1154, 1227, 1280, 1305, 1308, 1428, 1483, 1508, 1578, 1641, 1730, 1855, 1927, 1981, 2011, 2048, 2132, 2204, 2210, 2240, 2309, 2386, 2509, 2592, 2646, 2701, 2729, 2949, 3104, 3361, 3613, 3938, 3978, 4076, 4540, 4561, 4692]
RKP_05000_05000_1_07.txt|259825.0|0.6231091000000077|[1, 2, 3, 4, 6, 7, 8, 15, 16, 29, 30, 31, 44, 79, 83, 119, 137, 153, 175, 182, 187, 190, 215, 230, 233, 237, 248, 249, 266, 294, 303, 332, 346, 380, 381, 413, 457, 463, 478, 507, 529, 536, 575, 667, 690, 730, 739, 768, 785, 829, 864, 916, 1228, 1246, 1263, 1267, 1315, 1375, 1406, 1520, 1525, 1616, 1804, 1820, 1849, 1894, 1897, 2162, 2273, 2529, 2688, 2725, 2854, 3045, 3875, 3888, 3965, 4149, 4225, 4260, 4664, 4751]
RKP_05000_05000_1_08.txt|264442.0|0.705976899999996|[2, 3, 5, 7, 16, 30, 38, 51, 91, 95, 97, 122, 124, 137, 138, 156, 171, 192, 232, 253, 262, 275, 280, 303, 314, 342, 363, 367, 371, 402, 451, 453, 471, 478, 523, 528, 560, 596, 669, 674, 706, 836, 878, 902, 949, 984, 1167, 1179, 1247, 1421, 1439, 1546, 1549, 1678, 1737, 1941, 2047, 2285, 2312, 2428, 2525, 2536, 2600, 2643, 2676, 2681, 2805, 2813, 3599, 3666, 3744, 3792, 3833, 3998, 4080, 4195, 4393, 4527, 4596, 4934]
RKP_05000_05000_1_09.txt|286409.0|0.691712300000006|[1, 3, 5, 12, 14, 42, 52, 55, 66, 77, 99, 104, 113, 114, 126, 139, 151, 156, 160, 170, 179, 196, 221, 234, 243, 282, 299, 312, 325, 339, 376, 380, 382, 385, 404, 438, 448, 460, 492, 537, 542, 544, 563, 565, 632, 682, 701, 726, 820, 871, 921, 1006, 1064, 1078, 1114, 1227, 1245, 1254, 1314, 1350, 1416, 1458, 1466, 1480, 1504, 1510, 1592, 1594, 1596, 1635, 1788, 1808, 1917, 1979, 2016, 2450, 2497, 2554, 2557, 2593, 2636, 2834, 3197, 3551, 4248, 4486, 4489, 4615]
RKP_05000_05000_1_10.txt|255187.0|0.7321178999999916|[2, 7, 14, 18, 24, 38, 60, 92, 98, 131, 144, 153, 185, 278, 286, 302, 322, 380, 414, 428, 467, 470, 472, 659, 724, 746, 756, 803, 813, 862, 863, 867, 909, 959, 981, 1015, 1209, 1402, 1479, 1504, 1609, 1652, 1766, 1930, 1986, 2050, 2082, 2151, 2265, 2281, 2306, 2498, 2504, 2580, 2607, 2608, 2629, 2641, 2786, 2810, 2870, 2942, 3067, 3078, 3101, 3198, 3229, 3261, 3450, 3471, 3696, 4380, 4532]
RKP_05000_05000_2_01.txt|24243.0|0.9194367000000057|[1, 8, 18, 19, 20, 21, 32, 33, 52, 65, 70, 93, 106, 235, 250, 279, 293, 335, 411, 475, 515, 579, 690, 748, 750, 866, 937, 953, 986, 1045, 1059, 1155, 1239, 1292, 1308, 1367, 1435, 1482, 1497, 1505, 1635, 1665, 1784, 1885, 1937, 2113, 2236, 2251, 2687, 2937, 3403, 3667, 3808, 3883, 4844]
RKP_05000_05000_2_02.txt|21956.0|0.9558403000000055|[5, 14, 15, 28, 56, 79, 91, 96, 105, 131, 161, 191, 203, 208, 220, 294, 530, 563, 582, 677, 696, 707, 710, 722, 762, 836, 973, 1058, 1069, 1171, 1172, 1287, 1649, 1714, 2060, 2069, 2142, 2162, 2244, 2272, 2429, 2839, 3100, 3355, 3641, 3796, 3813, 3984, 4007, 4564]
RKP_05000_05000_2_03.txt|21103.0|0.9728048000000058|[1, 3, 4, 5, 13, 21, 41, 44, 45, 49, 50, 64, 72, 177, 216, 306, 338, 375, 394, 411, 441, 465, 477, 502, 544, 582, 583, 659, 729, 783, 812, 966, 983, 1212, 1269, 1289, 1307, 1422, 1429, 1481, 1536, 1998, 2224, 2272, 2512, 2790, 2868, 3090, 3368, 3428, 3630, 3839, 3860, 3957, 4235, 4565, 4939]
RKP_05000_05000_2_04.txt|27425.0|0.8850220000000064|[1, 2, 3, 4, 19, 20, 21, 23, 37, 47, 60, 71, 77, 78, 82, 115, 122, 126, 131, 147, 154, 165, 187, 238, 264, 307, 314, 322, 346, 372, 406, 422, 455, 554, 583, 625, 637, 655, 803, 832, 862, 893, 1068, 1124, 1187, 1223, 1329, 1335, 1412, 1478, 1508, 1519, 1586, 1606, 1748, 1770, 2093, 2308, 2318, 2319, 2343, 2382, 2632, 2705, 2773, 3212, 3257, 3288, 3593, 3704]
RKP_05000_05000_2_05.txt|24066.0|0.9272973000000064|[4, 5, 8, 9, 13, 34, 43, 70, 96, 103, 113, 128, 145, 163, 167, 220, 317, 350, 370, 481, 501, 513, 551, 606, 626, 662, 734, 842, 856, 858, 932, 962, 1011, 1022, 1034, 1103, 1153, 1175, 1232, 1242, 1260, 1394, 1489, 1503, 1588, 1768, 1813, 2057, 2493, 2569, 2678, 2906, 3623, 3798, 4092, 4182, 4410, 4902]
RKP_05000_05000_2_06.txt|20749.0|0.967098799999988|[8, 16, 17, 30, 51, 74, 106, 136, 281, 303, 316, 326, 370, 373, 411, 449, 523, 574, 629, 637, 689, 726, 731, 832, 866, 872, 912, 976, 1070, 1073, 1342, 1630, 1756, 1807, 1814, 2039, 2245, 2357, 3064, 3105, 3248, 3371, 3580, 3749, 3764]
RKP_05000_05000_2_07.txt|24400.0|0.8693680000000086|[7, 12, 16, 26, 30, 36, 72, 129, 152, 199, 212, 232, 273, 301, 383, 409, 411, 421, 452, 461, 624, 667, 713, 725, 872, 903, 926, 932, 957, 989, 1115, 1137, 1153, 1326, 1435, 1438, 1460, 1581, 1614, 1734, 1819, 1988, 2037, 2045, 2118, 2838, 3005, 3060, 3189, 3396, 3704, 3935, 3995, 4066, 4239, 4779]
RKP_05000_05000_2_08.txt|24929.0|0.8318550999999985|[2, 9, 17, 20, 30, 34, 83, 93, 112, 116, 125, 127, 155, 160, 179, 192, 242, 245, 259, 274, 286, 332, 409, 449, 603, 659, 724, 746, 760, 782, 811, 899, 919, 944, 953, 1064, 1239, 1262, 1464, 1473, 1520, 1597, 1683, 1692, 1714, 1834, 2024, 2078, 2219, 2390, 2598, 2814, 2856, 2907, 3039, 3119, 3274, 3335, 3356, 3617, 3691]
RKP_05000_05000_2_09.txt|25537.0|0.9281447999999983|[1, 2, 3, 4, 7, 19, 26, 36, 44, 60, 61, 74, 82, 83, 84, 95, 105, 128, 129, 137, 152, 157, 164, 178, 180, 181, 184, 221, 251, 279, 360, 385, 394, 413, 423, 574, 634, 893, 899, 920, 1012, 1086, 1177, 1179, 1213, 1231, 1308, 1378, 1462, 1478, 1482, 1555, 1687, 1771, 2129, 2368, 2382, 2555, 2584, 2889, 3741, 4230, 4959]
RKP_05000_05000_2_10.txt|24572.0|0.9278473000000105|[1, 2, 14, 23, 24, 35, 42, 70, 82, 97, 117, 153, 175, 185, 205, 268, 311, 330, 351, 424, 452, 465, 481, 586, 657, 666, 723, 725, 728, 856, 899, 1015, 1060, 1136, 1230, 1601, 1620, 1742, 1757, 1908, 1960, 2102, 2264, 2312, 2524, 2594, 2605, 2732, 2854, 2884, 3185, 3271, 3272, 3467, 3568, 3618, 4367, 4670]
RKP_05000_05000_3_01.txt|52496.0|0.5653097000000002|[1, 4, 6, 9, 10, 12, 13, 16, 21, 26, 39, 45, 54, 56, 58, 66, 79, 83, 88, 94, 96, 102, 106, 122, 132, 137, 157, 164, 169, 171, 198, 284, 289, 449, 452, 465, 480, 521, 528, 530, 563, 595, 625, 628, 634, 638, 646, 731, 736, 800, 801, 814, 833, 870, 926, 1004, 1075, 1080, 1132, 1158, 1180, 1223, 1290, 1291, 1328, 1409, 1410, 1430, 1539, 1664, 1758, 1846, 1850, 1887, 2024, 2025, 2100, 2122, 2145, 2266, 2312, 2454, 2738, 2781, 2831, 2987, 3210, 3361, 3715, 3941, 4085, 4117, 4143, 4483, 4523]
RKP_05000_05000_3_02.txt|49959.0|0.613034600000006|[1, 2, 5, 8, 9, 10, 16, 25, 30, 32, 33, 38, 47, 50, 51, 58, 59, 85, 92, 99, 106, 117, 123, 133, 151, 205, 212, 217, 221, 227, 303, 360, 384, 389, 405, 407, 409, 493, 507, 509, 558, 568, 597, 601, 607, 747, 769, 773, 869, 885, 967, 969, 970, 985, 1093, 1132, 1151, 1199, 1220, 1232, 1457, 1509, 1675, 1763, 1793, 1814, 2025, 2038, 2118, 2259, 2345, 2392, 2501, 2529, 2556, 2589, 2826, 3092, 3096, 3230, 3282, 3478, 3717, 3779, 3922, 4134, 4175, 4221, 4338, 4488]
RKP_05000_05000_3_03.txt|51907.0|0.5759687999999983|[1, 2, 3, 4, 6, 8, 9, 12, 13, 15, 21, 38, 58, 67, 88, 90, 127, 128, 136, 185, 186, 194, 219, 223, 281, 323, 366, 372, 373, 433, 471, 489, 523, 542, 554, 561, 618, 636, 682, 742, 763, 764, 777, 826, 856, 937, 950, 963, 970, 1011, 1029, 1061, 1099, 1128, 1129, 1187, 1255, 1278, 1495, 1505, 1516, 1547, 1613, 1677, 1696, 1703, 1715, 1729, 1800, 1855, 1875, 1911, 1960, 2143, 2147, 2274, 2297, 2420, 2430, 2439, 2585, 2657, 2713, 2750, 2768, 3112, 3213, 3385, 3389, 3452, 3819, 3837, 3909, 4032]
RKP_05000_05000_3_04.txt|52983.0|0.5637863000000038|[1, 4, 11, 12, 14, 27, 31, 34, 47, 51, 61, 93, 94, 101, 102, 109, 141, 155, 156, 169, 173, 177, 183, 205, 208, 215, 229, 236, 241, 249, 274, 282, 284, 304, 316, 343, 404, 454, 455, 476, 479, 505, 547, 585, 599, 640, 642, 648, 720, 779, 843, 868, 888, 907, 934, 936, 965, 1033, 1119, 1130, 1208, 1276, 1304, 1564, 1589, 1746, 1793, 1800, 1804, 2081, 2146, 2343, 2428, 2441, 2551, 2688, 2704, 2727, 2854, 2915, 3143, 3330, 3391, 3454, 3497, 3543, 3625, 3841, 3856, 3872, 4104, 4107, 4170, 4343, 4678, 4713]
RKP_05000_05000_3_05.txt|51480.0|0.5948546999999991|[1, 2, 4, 5, 8, 10, 12, 13, 15, 17, 20, 24, 25, 28, 32, 44, 50, 58, 70, 72, 75, 81, 95, 97, 115, 139, 141, 150, 166, 202, 207, 242, 247, 259, 268, 309, 317, 331, 368, 372, 406, 442, 503, 533, 537, 616, 620, 628, 652, 743, 779, 814, 839, 945, 958, 969, 984, 1004, 1044, 1073, 1182, 1378, 1506, 1519, 1640, 1655, 1664, 1680, 1686, 1758, 1771, 1843, 1852, 1951, 1960, 1982, 2222, 2386, 2428, 2606, 2910, 2994, 3138, 3442, 3509, 3566, 3569, 3733, 3993, 4138, 4267, 4618, 4707]
RKP_05000_05000_3_06.txt|52387.0|0.5877004999999969|[1, 3, 6, 7, 8, 9, 10, 18, 22, 23, 28, 30, 43, 44, 48, 55, 78, 93, 97, 101, 115, 125, 130, 132, 141, 165, 190, 203, 219, 233, 234, 239, 242, 285, 313, 318, 377, 382, 386, 403, 430, 480, 607, 617, 623, 645, 671, 692, 817, 839, 845, 909, 924, 934, 977, 985, 1005, 1115, 1123, 1191, 1215, 1323, 1379, 1678, 1745, 1939, 1967, 1989, 2035, 2100, 2115, 2169, 2300, 2338, 2537, 2540, 2626, 2697, 2724, 2793, 3065, 3214, 3251, 3325, 3327, 3359, 3441, 3448, 3690, 3871, 3946, 4129, 4180, 4300, 4383]
RKP_05000_05000_3_07.txt|50000.0|0.5824601999999999|[1, 2, 3, 4, 12, 13, 46, 61, 82, 88, 119, 124, 130, 143, 192, 217, 220, 231, 232, 283, 304, 348, 395, 412, 459, 462, 476, 487, 490, 525, 544, 598, 599, 609, 619, 656, 684, 717, 718, 723, 739, 766, 796, 813, 817, 835, 866, 897, 924, 1005, 1049, 1090, 1102, 1127, 1213, 1264, 1279, 1323, 1338, 1375, 1403, 1405, 1420, 1497, 1579, 1664, 1721, 1728, 1818, 1854, 1914, 1939, 1964, 2093, 2201, 2287, 2379, 2551, 2655, 2747, 2824, 3036, 3295, 3347, 3890, 3987, 4288, 4656, 4750, 4796]
RKP_05000_05000_3_08.txt|48979.0|0.6137070999999992|[1, 2, 3, 6, 14, 16, 18, 21, 22, 28, 38, 39, 43, 53, 54, 60, 66, 73, 78, 89, 91, 105, 110, 122, 128, 147, 150, 152, 192, 205, 237, 251, 254, 280, 289, 294, 351, 391, 430, 433, 454, 484, 524, 547, 640, 692, 731, 742, 752, 762, 784, 828, 857, 876, 938, 1104, 1105, 1145, 1262, 1311, 1371, 1405, 1450, 1520, 1613, 1833, 1856, 1969, 2150, 2221, 2250, 2393, 2413, 2418, 2446, 2528, 2636, 2697, 2750, 2859, 3072, 3102, 3512, 3967, 4022, 4469, 4731, 4805]
RKP_05000_05000_3_09.txt|53407.0|0.6273606000000029|[1, 2, 3, 4, 7, 8, 10, 13, 17, 19, 25, 26, 35, 42, 43, 54, 75, 96, 111, 112, 123, 140, 150, 165, 184, 233, 259, 281, 299, 313, 317, 338, 344, 345, 387, 406, 413, 431, 512, 533, 593, 609, 629, 643, 660, 693, 767, 789, 793, 814, 851, 877, 913, 929, 932, 1146, 1162, 1282, 1328, 1343, 1479, 1489, 1549, 1555, 1562, 1563, 1667, 1727, 1746, 1813, 1933, 1945, 2111, 2166, 2435, 2484, 2746, 2748, 2773, 2838, 2885, 2926, 2994, 3009, 3338, 3453, 3677, 3864, 4052, 4077, 4192, 4240, 4246, 4313, 4338, 4789, 4825, 4839]
RKP_05000_05000_3_10.txt|52450.0|0.6238382999999885|[1, 2, 3, 4, 5, 9, 13, 14, 18, 23, 25, 26, 28, 41, 44, 51, 57, 59, 60, 67, 77, 98, 101, 102, 119, 120, 172, 181, 190, 202, 227, 243, 261, 276, 278, 309, 313, 355, 371, 394, 402, 405, 481, 490, 535, 576, 577, 605, 607, 616, 664, 665, 668, 675, 716, 848, 988, 1007, 1062, 1075, 1099, 1135, 1159, 1202, 1258, 1284, 1307, 1358, 1405, 1444, 1567, 1639, 1653, 1786, 1891, 1969, 2521, 2573, 2643, 2698, 2748, 2923, 2978, 3046, 3222, 3301, 3454, 3459, 3468, 3640, 3759, 3937, 4381, 4391, 4808]
RKP_05000_05000_4_01.txt|5000.0|0.46582880000001126|[4658]
RKP_05000_05000_4_02.txt|5000.0|0.48871309999999824|[4978]
RKP_05000_05000_4_03.txt|5000.0|0.5335594000000015|[4714]
RKP_05000_05000_4_04.txt|5000.0|0.504840999999999|[4597]
RKP_05000_05000_4_05.txt|5000.0|0.4938116000000008|[4783]
RKP_05000_05000_4_06.txt|4998.0|0.5147505999999993|[4744]
RKP_05000_05000_4_07.txt|5000.0|0.49761910000000853|[4778]
RKP_05000_05000_4_08.txt|5000.0|0.5304612999999989|[4648]
RKP_05000_05000_4_09.txt|5000.0|0.5035402000000033|[4988]
RKP_05000_05000_4_10.txt|4999.0|0.4720207999999957|[4786]
RKP_05000_05000_5_01.txt|5000.0|0.5503862000000055|[1, 10, 111, 997, 1512, 3011, 3504]
RKP_05000_05000_5_02.txt|5000.0|0.6032803999999885|[6, 66, 76, 218, 236, 339, 1153, 1335, 2067, 2097, 2391]
RKP_05000_05000_5_03.txt|5000.0|0.4965734000000026|[1, 10, 18, 100, 101, 914, 927, 994, 1955, 2717]
RKP_05000_05000_5_04.txt|5000.0|0.5755378000000064|[1, 979, 1078, 1220, 1274]
RKP_05000_05000_5_05.txt|5000.0|0.6175158000000067|[25, 136, 477, 651, 1164, 1245, 1418, 1434, 2318, 2655]
RKP_05000_05000_5_06.txt|5000.0|0.5452129000000099|[297, 976, 999, 1052, 2214]
RKP_05000_05000_5_07.txt|5000.0|0.6288433999999938|[45, 83, 87, 167, 867, 1126, 1864]
RKP_05000_05000_5_08.txt|5000.0|0.5407116999999886|[1, 33, 72, 118, 164, 225, 267, 997, 1009, 1121, 1311, 4446]
RKP_05000_05000_5_09.txt|5000.0|0.555245400000004|[1, 821, 998, 1104, 1207, 3421, 4917]
RKP_05000_05000_5_10.txt|5000.0|0.5038755000000066|[1, 10, 120, 988, 2563]
