RKP_00100_00100_1_01.txt|564.0|0.0745827|[1, 3, 4, 10, 17, 22, 28, 29, 67]
RKP_00100_00100_1_02.txt|625.0|0.050889300000000026|[1, 9, 15, 23, 37, 48, 50, 56, 91]
RKP_00100_00100_1_03.txt|512.0|0.10200549999999997|[1, 4, 5, 6, 10, 14, 16, 34]
RKP_00100_00100_1_04.txt|454.0|0.059860400000000036|[1, 5, 7, 9, 10, 15, 24]
RKP_00100_00100_1_05.txt|535.0|0.06524370000000002|[16, 20, 22, 30, 32, 44, 79]
RKP_00100_00100_1_06.txt|881.0|0.04974780000000001|[3, 5, 16, 17, 20, 31, 34, 47, 48, 50, 57, 97]
RKP_00100_00100_1_07.txt|368.0|0.06400440000000007|[1, 4, 9, 33, 39, 46, 60]
RKP_00100_00100_1_08.txt|747.0|0.0855066000000001|[1, 2, 6, 7, 9, 12, 19, 24, 30, 76, 87, 88, 92]
RKP_00100_00100_1_09.txt|435.0|0.05152559999999995|[8, 18, 23, 24, 29, 62, 85]
RKP_00100_00100_1_10.txt|600.0|0.11075980000000007|[1, 4, 6, 11, 13, 15, 20, 24, 27, 79]
RKP_00100_00100_2_01.txt|147.0|0.058237899999999954|[2, 6, 13, 20, 22, 59, 68]
RKP_00100_00100_2_02.txt|130.0|0.05763610000000008|[8, 11, 18, 30, 55]
RKP_00100_00100_2_03.txt|132.0|0.07612250000000009|[5, 16, 31, 48, 59, 75, 93]
RKP_00100_00100_2_04.txt|140.0|0.07223960000000007|[9, 11, 12, 14, 18, 68]
RKP_00100_00100_2_05.txt|121.0|0.10239619999999983|[7, 9, 28, 32, 34, 82]
RKP_00100_00100_2_06.txt|112.0|0.06995079999999998|[4, 8, 9, 67, 87]
RKP_00100_00100_2_07.txt|137.0|0.07330259999999988|[7, 8, 15, 22, 28, 50, 54]
RKP_00100_00100_2_08.txt|113.0|0.06889579999999995|[2, 16, 29, 51]
RKP_00100_00100_2_09.txt|136.0|0.04952449999999997|[9, 20, 23, 27, 38]
RKP_00100_00100_2_10.txt|125.0|0.06530009999999997|[4, 18, 28, 64, 65, 81]
RKP_00100_00100_3_01.txt|160.0|0.07161550000000005|[1, 11, 21, 24, 47, 67]
RKP_00100_00100_3_02.txt|151.0|0.06242430000000021|[1, 2, 16, 24, 56, 57]
RKP_00100_00100_3_03.txt|160.0|0.057000099999999776|[3, 4, 14, 25, 34, 40, 46, 75]
RKP_00100_00100_3_04.txt|186.0|0.060208700000000004|[1, 7, 8, 9, 14, 34, 42, 48, 50]
RKP_00100_00100_3_05.txt|177.0|0.058463000000000154|[1, 3, 6, 7, 25, 27, 33, 69]
RKP_00100_00100_3_06.txt|198.0|0.05659040000000015|[1, 2, 3, 11, 12, 16, 28, 35, 40, 72, 95]
RKP_00100_00100_3_07.txt|181.0|0.07198780000000005|[1, 2, 5, 12, 27, 45, 67, 72, 89]
RKP_00100_00100_3_08.txt|160.0|0.08364290000000008|[1, 9, 11, 19, 41, 63]
RKP_00100_00100_3_09.txt|166.0|0.057187199999999994|[1, 2, 4, 8, 16, 32, 33]
RKP_00100_00100_3_10.txt|179.0|0.049937099999999734|[2, 3, 5, 6, 20, 34, 60, 62, 86]
RKP_00100_00100_4_01.txt|95.0|0.045436699999999774|[93]
RKP_00100_00100_4_02.txt|97.0|0.045663300000000184|[94]
RKP_00100_00100_4_03.txt|100.0|0.10895559999999982|[84]
RKP_00100_00100_4_04.txt|100.0|0.04530440000000002|[95]
RKP_00100_00100_4_05.txt|97.0|0.04559449999999998|[93]
RKP_00100_00100_4_06.txt|98.0|0.04738339999999974|[93]
RKP_00100_00100_4_07.txt|98.0|0.04575839999999998|[98]
RKP_00100_00100_4_08.txt|93.0|0.046972900000000095|[88]
RKP_00100_00100_4_09.txt|99.0|0.04661750000000042|[90]
RKP_00100_00100_4_10.txt|98.0|0.048425000000000384|[88]
RKP_00100_00100_5_01.txt|100.0|0.04870890000000028|[1, 90]
RKP_00100_00100_5_02.txt|100.0|0.04716269999999989|[96]
RKP_00100_00100_5_03.txt|100.0|0.050024599999999975|[10, 30, 90]
RKP_00100_00100_5_04.txt|100.0|0.047041800000000134|[92]
RKP_00100_00100_5_05.txt|100.0|0.04644889999999968|[98]
RKP_00100_00100_5_06.txt|100.0|0.04853899999999989|[1, 16, 48, 50, 57]
RKP_00100_00100_5_07.txt|100.0|0.053384499999999946|[17, 22, 36, 38]
RKP_00100_00100_5_08.txt|100.0|0.048139900000000235|[4, 72, 92]
RKP_00100_00100_5_09.txt|100.0|0.06709249999999978|[1, 9, 82]
RKP_00100_00100_5_10.txt|100.0|0.07639040000000019|[15, 36, 50]
RKP_00500_00100_1_01.txt|1201.0|0.1397311000000001|[17, 20, 21, 25, 27, 40, 75, 89, 140, 148, 211, 250, 274, 284, 304, 359, 500]
RKP_00500_00100_1_02.txt|1035.0|0.11404820000000004|[4, 9, 13, 77, 87, 88, 89, 102, 175, 205, 288, 351, 388, 465]
RKP_00500_00100_1_03.txt|987.0|0.13382010000000033|[1, 5, 7, 11, 16, 20, 30, 37, 111, 113, 120, 123, 139, 327, 477, 496]
RKP_00500_00100_1_04.txt|1180.0|0.12696530000000017|[11, 23, 41, 59, 64, 65, 93, 156, 197, 245, 254, 315, 359, 467]
RKP_00500_00100_1_05.txt|1175.0|0.10575159999999961|[2, 10, 11, 16, 17, 18, 24, 26, 48, 72, 104, 130, 136, 192, 215, 363, 402]
RKP_00500_00100_1_06.txt|1303.0|0.1162226000000004|[3, 13, 34, 35, 50, 52, 55, 89, 131, 165, 182, 189, 190, 211, 230, 240, 244, 411]
RKP_00500_00100_1_07.txt|1382.0|0.11125879999999988|[2, 13, 16, 21, 22, 31, 40, 47, 49, 80, 97, 126, 178, 206, 257, 322, 461, 469, 492]
RKP_00500_00100_1_08.txt|1261.0|0.11588639999999995|[1, 4, 10, 29, 63, 71, 106, 146, 149, 156, 165, 185, 258, 332, 357, 378, 439, 450]
RKP_00500_00100_1_09.txt|1092.0|0.11923100000000009|[1, 13, 16, 19, 39, 48, 68, 77, 108, 113, 148, 163, 180, 221, 307, 496]
RKP_00500_00100_1_10.txt|1116.0|0.2829864999999998|[1, 3, 4, 5, 14, 21, 28, 31, 62, 75, 155, 162, 214, 234, 277, 413, 456]
RKP_00500_00100_2_01.txt|194.0|0.0973240999999998|[11, 16, 20, 32, 100, 102, 122, 148, 168, 220, 226, 252, 259, 347]
RKP_00500_00100_2_02.txt|168.0|0.1082377999999995|[16, 59, 65, 112, 131, 156, 220, 246, 336, 441, 461]
RKP_00500_00100_2_03.txt|194.0|0.13384980000000013|[12, 30, 37, 38, 50, 60, 97, 100, 104, 107, 135, 142, 155, 166, 436, 446]
RKP_00500_00100_2_04.txt|172.0|0.1221458000000002|[8, 14, 16, 33, 55, 58, 61, 80, 105, 112, 131, 163, 216, 234]
RKP_00500_00100_2_05.txt|173.0|0.0988332999999999|[5, 10, 21, 27, 32, 51, 87, 109, 173, 200, 218, 260, 294]
RKP_00500_00100_2_06.txt|161.0|0.12695550000000022|[4, 9, 18, 25, 34, 70, 89, 115, 117, 239, 240]
RKP_00500_00100_2_07.txt|178.0|0.1027376999999996|[1, 4, 5, 9, 17, 18, 33, 75, 114, 129, 134, 226, 260, 278, 308]
RKP_00500_00100_2_08.txt|168.0|0.11566179999999981|[1, 45, 50, 87, 96, 97, 136, 184, 265, 450, 495]
RKP_00500_00100_2_09.txt|155.0|0.10025629999999985|[2, 38, 91, 119, 276, 304, 312, 335, 414, 426]
RKP_00500_00100_2_10.txt|149.0|0.11079569999999972|[1, 2, 14, 20, 46, 76, 134, 172, 230, 276, 441]
RKP_00500_00100_3_01.txt|267.0|0.09002659999999985|[1, 3, 5, 8, 11, 19, 24, 31, 33, 43, 96, 143, 148, 158, 248, 260, 343, 401, 462]
RKP_00500_00100_3_02.txt|301.0|0.10429669999999991|[1, 4, 5, 7, 15, 18, 20, 32, 39, 56, 68, 73, 103, 110, 143, 152, 160, 167, 172, 179, 189, 221, 263]
RKP_00500_00100_3_03.txt|284.0|0.10771710000000034|[2, 9, 22, 52, 71, 93, 113, 118, 121, 144, 148, 178, 193, 201, 252, 292, 351, 408, 444, 454]
RKP_00500_00100_3_04.txt|302.0|0.1303238999999996|[2, 9, 27, 40, 66, 68, 103, 104, 119, 142, 168, 206, 209, 217, 221, 278, 280, 282, 285, 312, 328, 345]
RKP_00500_00100_3_05.txt|282.0|0.0944010999999998|[1, 2, 7, 8, 12, 14, 17, 33, 74, 92, 106, 108, 143, 167, 225, 319, 377, 381, 397, 417, 468]
RKP_00500_00100_3_06.txt|260.0|0.09613720000000026|[2, 4, 5, 16, 25, 45, 49, 52, 56, 137, 172, 186, 189, 199, 204, 226, 242, 311]
RKP_00500_00100_3_07.txt|254.0|0.10581170000000029|[5, 7, 17, 18, 24, 30, 33, 69, 104, 157, 196, 200, 282, 302, 308, 326, 487]
RKP_00500_00100_3_08.txt|312.0|0.2012577000000002|[1, 10, 14, 19, 31, 34, 49, 57, 58, 62, 63, 84, 90, 113, 114, 144, 150, 159, 172, 195, 275, 280, 301, 451]
RKP_00500_00100_3_09.txt|291.0|0.09660129999999967|[3, 4, 12, 35, 54, 58, 70, 93, 104, 108, 122, 148, 154, 169, 171, 173, 221, 231, 294, 315, 347, 434]
RKP_00500_00100_3_10.txt|297.0|0.16757120000000025|[3, 7, 13, 18, 25, 30, 33, 38, 52, 57, 86, 107, 123, 153, 159, 165, 183, 189, 222, 322, 325]
RKP_00500_00100_4_01.txt|100.0|0.08581020000000006|[445]
RKP_00500_00100_4_02.txt|100.0|0.0699443999999998|[454]
RKP_00500_00100_4_03.txt|99.0|0.07051639999999981|[439]
RKP_00500_00100_4_04.txt|97.0|0.06846130000000006|[452]
RKP_00500_00100_4_05.txt|98.0|0.06911559999999994|[486]
RKP_00500_00100_4_06.txt|100.0|0.07338860000000036|[431]
RKP_00500_00100_4_07.txt|99.0|0.06927720000000015|[499]
RKP_00500_00100_4_08.txt|100.0|0.07105039999999985|[480]
RKP_00500_00100_4_09.txt|100.0|0.06985539999999979|[461]
RKP_00500_00100_4_10.txt|98.0|0.06975500000000068|[493]
RKP_00500_00100_5_01.txt|100.0|0.07304330000000014|[10, 467]
RKP_00500_00100_5_02.txt|100.0|0.06973429999999858|[89, 260]
RKP_00500_00100_5_03.txt|100.0|0.07511289999999882|[10, 487]
RKP_00500_00100_5_04.txt|100.0|0.07433159999999894|[6, 357, 444]
RKP_00500_00100_5_05.txt|100.0|0.07271429999999945|[90, 376]
RKP_00500_00100_5_06.txt|100.0|0.10383160000000125|[16, 92, 104, 105]
RKP_00500_00100_5_07.txt|100.0|0.07313599999999987|[1, 39, 460]
RKP_00500_00100_5_08.txt|100.0|0.07955890000000032|[11, 42, 85, 117]
RKP_00500_00100_5_09.txt|100.0|0.07346750000000135|[13, 62, 162, 232]
RKP_00500_00100_5_10.txt|100.0|0.07214079999999967|[90, 353]
RKP_01000_00100_1_01.txt|1482.0|0.15465069999999947|[2, 10, 19, 27, 39, 40, 47, 50, 51, 67, 91, 97, 151, 244, 260, 261, 317, 376, 531, 745, 910]
RKP_01000_00100_1_02.txt|1449.0|0.28431480000000064|[9, 16, 25, 30, 58, 72, 76, 171, 182, 185, 195, 292, 294, 359, 486, 557, 584, 694, 696, 754, 872, 905]
RKP_01000_00100_1_03.txt|1415.0|0.19918700000000022|[1, 2, 32, 56, 75, 80, 114, 116, 128, 172, 174, 199, 252, 330, 366, 380, 535, 555, 704, 800, 869]
RKP_01000_00100_1_04.txt|1732.0|0.15546249999999873|[1, 3, 5, 12, 14, 36, 44, 75, 91, 151, 165, 204, 247, 263, 277, 283, 376, 429, 566, 592, 726, 732, 733, 758]
RKP_01000_00100_1_05.txt|1532.0|0.14602960000000031|[1, 26, 29, 37, 41, 49, 75, 89, 101, 121, 123, 207, 212, 299, 307, 328, 582, 635, 673, 696, 828, 915, 1000]
RKP_01000_00100_1_06.txt|1683.0|0.16046150000000026|[1, 4, 6, 10, 33, 38, 44, 52, 58, 78, 99, 120, 168, 242, 244, 250, 349, 383, 442, 632, 645, 790, 993]
RKP_01000_00100_1_07.txt|1697.0|0.22999210000000048|[1, 3, 7, 8, 37, 49, 86, 90, 107, 127, 128, 129, 130, 151, 190, 204, 226, 382, 436, 440, 476, 556, 778, 874]
RKP_01000_00100_1_08.txt|1545.0|0.2024980000000003|[1, 4, 5, 6, 16, 22, 51, 68, 80, 101, 145, 149, 183, 223, 278, 294, 303, 356, 421, 422, 454, 716, 922]
RKP_01000_00100_1_09.txt|1558.0|0.15583129999999912|[2, 10, 14, 27, 29, 31, 36, 52, 103, 150, 155, 168, 191, 196, 213, 258, 290, 513, 579, 672, 691, 728, 782]
RKP_01000_00100_1_10.txt|1874.0|0.15435909999999886|[1, 8, 11, 19, 35, 43, 50, 55, 58, 71, 76, 104, 111, 158, 188, 253, 331, 399, 466, 480, 491, 534, 618, 669, 748, 785, 931, 968]
RKP_01000_00100_2_01.txt|215.0|0.13573850000000043|[7, 12, 13, 14, 21, 24, 33, 47, 76, 90, 111, 186, 209, 264, 374, 375, 470, 901]
RKP_01000_00100_2_02.txt|183.0|0.14567210000000053|[23, 35, 73, 77, 84, 109, 166, 202, 311, 375, 385, 477, 492, 625]
RKP_01000_00100_2_03.txt|231.0|0.14132139999999893|[5, 21, 30, 58, 81, 84, 87, 97, 123, 141, 153, 171, 187, 335, 394, 416, 417, 650, 897, 928]
RKP_01000_00100_2_04.txt|203.0|0.28064969999999967|[21, 35, 37, 42, 49, 60, 94, 112, 130, 194, 317, 428, 443, 620, 698]
RKP_01000_00100_2_05.txt|220.0|0.12457260000000048|[2, 7, 26, 73, 78, 84, 98, 141, 152, 172, 222, 236, 299, 339, 380, 409, 420, 742, 823]
RKP_01000_00100_2_06.txt|236.0|0.1447289000000005|[4, 6, 18, 24, 38, 46, 48, 57, 115, 122, 138, 154, 185, 259, 590, 805, 827, 858, 876]
RKP_01000_00100_2_07.txt|207.0|0.16999269999999989|[7, 12, 20, 46, 47, 81, 138, 173, 208, 218, 284, 444, 457, 531, 689, 783, 796, 821]
RKP_01000_00100_2_08.txt|217.0|0.1264366999999993|[1, 3, 7, 10, 21, 39, 44, 117, 121, 129, 131, 133, 141, 171, 182, 223, 228, 411, 573, 661]
RKP_01000_00100_2_09.txt|199.0|0.1802115000000004|[9, 13, 20, 31, 127, 129, 191, 205, 316, 327, 382, 414, 417, 436, 593, 656, 835]
RKP_01000_00100_2_10.txt|222.0|0.1442508|[1, 5, 14, 15, 33, 42, 89, 163, 164, 191, 252, 341, 409, 412, 443, 521, 548, 564, 624, 710]
RKP_01000_00100_3_01.txt|369.0|0.1537183000000013|[21, 32, 49, 51, 55, 65, 83, 119, 129, 133, 157, 166, 179, 249, 269, 294, 337, 340, 351, 420, 431, 464, 537, 565, 659, 704, 740, 763, 857]
RKP_01000_00100_3_02.txt|340.0|0.13213919999999924|[7, 8, 9, 16, 18, 25, 30, 31, 38, 42, 53, 56, 69, 94, 120, 121, 137, 138, 178, 295, 300, 318, 644, 654, 891, 989]
RKP_01000_00100_3_03.txt|337.0|0.16301329999999936|[1, 13, 17, 31, 44, 47, 54, 68, 72, 84, 93, 99, 170, 184, 325, 378, 382, 392, 427, 431, 506, 530, 542, 692, 836, 994]
RKP_01000_00100_3_04.txt|362.0|0.14722040000000014|[1, 2, 3, 9, 15, 16, 31, 41, 42, 50, 58, 68, 83, 142, 149, 154, 274, 277, 293, 305, 389, 449, 558, 579, 639, 645, 657, 740, 786]
RKP_01000_00100_3_05.txt|316.0|0.12845249999999986|[2, 4, 5, 21, 24, 29, 50, 57, 72, 100, 145, 169, 172, 183, 385, 460, 550, 630, 652, 661, 674, 851, 910]
RKP_01000_00100_3_06.txt|323.0|0.15706930000000163|[3, 5, 12, 14, 22, 28, 35, 36, 60, 63, 64, 112, 153, 158, 204, 207, 227, 242, 249, 294, 345, 347, 388]
RKP_01000_00100_3_07.txt|362.0|0.134405000000001|[5, 12, 16, 20, 23, 31, 38, 53, 71, 112, 124, 129, 161, 167, 169, 190, 198, 204, 223, 231, 287, 404, 567, 591, 695, 822, 888, 900]
RKP_01000_00100_3_08.txt|323.0|0.2357485999999991|[2, 35, 81, 88, 89, 118, 124, 130, 152, 154, 172, 178, 179, 198, 252, 257, 266, 279, 340, 472, 528, 532, 655]
RKP_01000_00100_3_09.txt|325.0|0.1256567000000004|[1, 2, 5, 16, 17, 23, 26, 47, 61, 77, 83, 100, 141, 202, 211, 318, 372, 385, 403, 432, 446, 480, 647, 758, 871]
RKP_01000_00100_3_10.txt|344.0|0.12693630000000056|[4, 5, 9, 10, 12, 16, 26, 37, 46, 79, 103, 104, 106, 122, 156, 245, 302, 334, 343, 431, 439, 524, 677, 764, 927, 974]
RKP_01000_00100_4_01.txt|99.0|0.0979384999999997|[951]
RKP_01000_00100_4_02.txt|100.0|0.09802230000000023|[992]
RKP_01000_00100_4_03.txt|100.0|0.1304230999999998|[876]
RKP_01000_00100_4_04.txt|100.0|0.10060350000000007|[889]
RKP_01000_00100_4_05.txt|100.0|0.12123509999999982|[906]
RKP_01000_00100_4_06.txt|100.0|0.09732750000000046|[940]
RKP_01000_00100_4_07.txt|100.0|0.19618380000000002|[989]
RKP_01000_00100_4_08.txt|100.0|0.1514021999999997|[970]
RKP_01000_00100_4_09.txt|99.0|0.10019879999999937|[864]
RKP_01000_00100_4_10.txt|100.0|0.11816179999999932|[843]
RKP_01000_00100_5_01.txt|100.0|0.10186950000000117|[881, 911]
RKP_01000_00100_5_02.txt|100.0|0.10204280000000132|[4, 47, 494, 652, 844]
RKP_01000_00100_5_03.txt|100.0|0.13609830000000045|[53, 57, 184, 262, 764, 860, 946]
RKP_01000_00100_5_04.txt|100.0|0.13169840000000121|[14, 74, 81, 138, 197, 251]
RKP_01000_00100_5_05.txt|100.0|0.15358650000000118|[85, 380, 386, 871]
RKP_01000_00100_5_06.txt|100.0|0.10062369999999987|[9, 101, 180, 915]
RKP_01000_00100_5_07.txt|100.0|0.1318785000000009|[211, 212, 301, 995]
RKP_01000_00100_5_08.txt|100.0|0.10023540000000075|[117, 136, 142, 180, 287]
RKP_01000_00100_5_09.txt|100.0|0.1209130000000016|[1, 819, 830]
RKP_01000_00100_5_10.txt|100.0|0.09757779999999983|[108, 113, 282, 833]
RKP_05000_00100_1_01.txt|3412.0|0.6152476|[1, 3, 4, 5, 8, 9, 13, 16, 20, 31, 49, 99, 115, 116, 130, 183, 302, 343, 465, 540, 553, 642, 1268, 1275, 1373, 1406, 1465, 1482, 1507, 1839, 2091, 2106, 2398, 2478, 2548, 2556, 3251, 3645, 3781, 4474, 4536, 4545, 4758]
RKP_05000_00100_1_02.txt|3152.0|0.6926477999999996|[2, 6, 16, 31, 57, 60, 65, 73, 104, 130, 149, 171, 174, 211, 213, 275, 277, 289, 350, 357, 398, 463, 497, 794, 892, 1210, 1821, 2337, 2785, 2793, 2809, 2939, 3107, 3176, 3415, 3648, 3739, 4066, 4071, 4311, 4439, 4651]
RKP_05000_00100_1_03.txt|3070.0|0.6478164|[1, 2, 6, 10, 22, 27, 47, 52, 81, 136, 178, 193, 207, 208, 304, 336, 338, 350, 401, 591, 684, 929, 961, 1020, 1069, 1154, 1355, 1363, 1394, 1588, 2442, 2646, 2797, 2939, 2992, 3261, 3382, 4053, 4396, 4798]
RKP_05000_00100_1_04.txt|2998.0|0.6969247999999979|[1, 2, 5, 7, 20, 23, 38, 41, 58, 69, 131, 135, 142, 147, 261, 378, 444, 579, 709, 713, 795, 815, 936, 1048, 1521, 1669, 1814, 1931, 2030, 2269, 2394, 2528, 2565, 2594, 2831, 3006, 3064, 3198, 3338, 4280, 4320, 4377, 4470]
RKP_05000_00100_1_05.txt|3202.0|0.7031166999999989|[2, 4, 8, 14, 16, 20, 38, 53, 64, 92, 96, 101, 106, 119, 158, 174, 214, 306, 386, 427, 428, 527, 541, 542, 608, 644, 907, 1169, 1283, 1309, 1432, 1433, 1759, 2353, 2537, 2850, 2922, 2995, 3160, 3856, 4002, 4179, 4251, 4588, 4630]
RKP_05000_00100_1_06.txt|2951.0|0.6767171999999988|[3, 8, 9, 23, 25, 41, 45, 55, 62, 71, 73, 108, 131, 133, 152, 208, 219, 457, 467, 569, 645, 745, 747, 807, 860, 866, 896, 1100, 1279, 1295, 1319, 1394, 1485, 1799, 2077, 2608, 2842, 3167, 3571, 3825, 3834]
RKP_05000_00100_1_07.txt|3288.0|0.6612062999999999|[1, 4, 11, 30, 32, 54, 55, 97, 118, 124, 180, 188, 204, 219, 229, 244, 362, 482, 568, 582, 646, 876, 879, 880, 914, 931, 1022, 1149, 1222, 1437, 1477, 1624, 1674, 1758, 1762, 2037, 2438, 2883, 3167, 3320, 3419, 3473, 3484]
RKP_05000_00100_1_08.txt|3123.0|0.6954467999999991|[1, 6, 66, 82, 120, 137, 186, 215, 264, 266, 275, 276, 288, 300, 441, 502, 687, 739, 777, 779, 816, 820, 865, 906, 1079, 1186, 1267, 1318, 1337, 1717, 2054, 2248, 2250, 2337, 2845, 3259, 3271, 3876, 3927, 4344, 4811]
RKP_05000_00100_1_09.txt|2820.0000000000077|0.6838830999999992|[2, 3, 30, 42, 90, 178, 185, 270, 307, 325, 430, 512, 635, 786, 802, 814, 816, 1184, 1277, 1329, 1343, 1363, 1441, 1448, 1545, 1769, 1856, 1959, 2596, 2965, 3051, 3186, 3572, 3759, 4135, 4156, 4220, 4341, 4424]
RKP_05000_00100_1_10.txt|3284.0|0.6576346999999991|[15, 25, 43, 48, 60, 83, 111, 143, 153, 176, 189, 230, 272, 304, 321, 343, 429, 433, 437, 564, 629, 654, 662, 930, 952, 956, 1342, 1350, 1395, 1422, 1517, 1804, 1983, 2028, 2061, 2120, 2163, 2327, 2616, 2958, 3086, 3176, 3373, 4544]
RKP_05000_00100_2_01.txt|328.0|0.5488453|[5, 40, 44, 74, 108, 110, 144, 148, 540, 551, 587, 665, 813, 842, 1057, 1647, 1715, 1741, 1753, 1846, 2019, 2210, 2218, 2729, 2948, 3020, 3043, 3393, 3518, 4039, 4675]
RKP_05000_00100_2_02.txt|343.0|0.5717202999999991|[3, 4, 10, 29, 35, 71, 73, 103, 144, 152, 199, 275, 298, 407, 455, 532, 578, 656, 677, 871, 1014, 1178, 1307, 1493, 1570, 1793, 2479, 2707, 2992, 3004, 3178, 3238, 3612, 4063, 4347, 4978]
RKP_05000_00100_2_03.txt|315.0|0.5307950999999989|[1, 4, 5, 6, 12, 17, 39, 82, 97, 242, 388, 500, 543, 639, 710, 769, 826, 840, 1122, 1185, 1234, 1390, 1463, 1867, 2352, 2655, 2844, 3625, 3701, 3969, 4028, 4547, 4655, 4989]
RKP_05000_00100_2_04.txt|310.0|0.5232524000000005|[1, 5, 10, 12, 25, 37, 45, 52, 67, 100, 101, 168, 272, 283, 291, 387, 506, 531, 674, 687, 950, 1139, 1551, 1633, 1671, 2122, 2126, 3028, 3108, 3153, 3468, 4139]
RKP_05000_00100_2_05.txt|339.0|0.5185514999999974|[22, 29, 34, 61, 99, 101, 148, 233, 274, 355, 366, 452, 473, 522, 879, 991, 1029, 1503, 1735, 1741, 1762, 1823, 1862, 1921, 2083, 2206, 2332, 2365, 2545, 2614, 2703, 3238, 3383, 3555, 3758]
RKP_05000_00100_2_06.txt|325.0|0.5619811000000006|[3, 6, 18, 23, 135, 136, 291, 326, 327, 342, 374, 466, 546, 668, 702, 816, 926, 1025, 1109, 1288, 1581, 2072, 2118, 2148, 2322, 2408, 2422, 2453, 2519, 2974, 3184, 3347, 3682, 4405]
RKP_05000_00100_2_07.txt|353.0|0.4685529000000024|[1, 2, 3, 7, 49, 55, 58, 71, 79, 103, 179, 180, 216, 235, 244, 333, 345, 373, 396, 516, 558, 649, 690, 744, 927, 1143, 2164, 2205, 2528, 2641, 2751, 3229, 3555, 3689, 4725]
RKP_05000_00100_2_08.txt|340.0|0.5088194000000001|[1, 7, 14, 15, 19, 21, 25, 41, 68, 79, 98, 99, 117, 152, 166, 199, 232, 293, 342, 735, 745, 792, 941, 953, 1125, 1204, 1387, 1492, 1617, 1700, 3421, 3696, 3854, 4543, 4658]
RKP_05000_00100_2_09.txt|332.0|0.5194141999999999|[5, 6, 18, 20, 86, 151, 238, 293, 294, 315, 355, 362, 420, 433, 964, 1045, 1149, 1203, 1331, 1335, 1338, 1529, 1818, 1873, 1919, 2027, 2196, 2352, 2520, 2692, 2953, 2989, 3113, 3890, 3927, 4778]
RKP_05000_00100_2_10.txt|297.0|0.5183962999999991|[9, 19, 22, 66, 76, 93, 120, 275, 305, 384, 387, 463, 477, 1183, 1196, 1315, 1466, 1547, 1667, 1773, 1916, 2022, 2345, 2435, 2665, 2755, 2802, 3005, 3300, 3946, 4012]
RKP_05000_00100_3_01.txt|519.0|0.4787676999999988|[3, 4, 10, 11, 18, 22, 33, 39, 67, 83, 97, 135, 145, 231, 274, 288, 438, 443, 465, 471, 506, 519, 530, 533, 610, 821, 1006, 1037, 1192, 1232, 1273, 1751, 1768, 2005, 2090, 2321, 2691, 2806, 2847, 3252, 3292, 3298, 3674, 4057, 4562]
RKP_05000_00100_3_02.txt|580.0|0.5673957999999999|[3, 4, 5, 9, 31, 35, 42, 45, 77, 98, 102, 148, 166, 168, 175, 203, 272, 280, 284, 365, 453, 634, 776, 843, 863, 958, 1136, 1147, 1252, 1271, 1326, 1335, 1407, 1635, 1637, 2185, 2528, 2689, 2861, 2988, 3093, 3228, 3318, 3504, 3615, 3676, 4114, 4537]
RKP_05000_00100_3_03.txt|562.0|0.47359100000000254|[1, 5, 8, 11, 18, 42, 52, 76, 90, 129, 159, 181, 191, 341, 345, 380, 400, 403, 442, 486, 520, 698, 724, 820, 894, 914, 963, 977, 999, 1058, 1080, 1256, 1409, 1525, 1686, 1732, 1847, 1888, 2224, 2659, 2676, 2962, 2984, 4111, 4440, 4520, 4528, 4563]
RKP_05000_00100_3_04.txt|543.0|0.447985199999998|[2, 3, 16, 47, 48, 51, 61, 68, 72, 89, 98, 101, 130, 136, 220, 232, 266, 298, 311, 353, 377, 429, 578, 759, 770, 991, 995, 1048, 1240, 1283, 1338, 1348, 1399, 1788, 1817, 1907, 2038, 2156, 2274, 2824, 3008, 3329, 3399, 3783, 4299]
RKP_05000_00100_3_05.txt|546.0|0.504445699999998|[2, 7, 11, 25, 32, 47, 52, 55, 63, 76, 79, 81, 109, 113, 147, 238, 295, 362, 404, 480, 497, 513, 582, 614, 638, 669, 777, 905, 909, 936, 950, 980, 1252, 1668, 1764, 1780, 1886, 1921, 2040, 2353, 2837, 3035, 3114, 3135, 4110, 4398, 4423]
RKP_05000_00100_3_06.txt|571.0|0.48073350000000303|[3, 6, 14, 26, 27, 30, 32, 47, 68, 79, 80, 84, 113, 121, 183, 213, 244, 434, 435, 440, 452, 501, 551, 564, 638, 668, 683, 700, 796, 1227, 1366, 1376, 1393, 1451, 1727, 1775, 1854, 1931, 2206, 2239, 2528, 2685, 2738, 2978, 3082, 3434, 3595, 3996]
RKP_05000_00100_3_07.txt|530.0|0.46296749999999776|[5, 7, 14, 22, 29, 56, 77, 80, 96, 97, 123, 165, 355, 372, 500, 523, 585, 607, 719, 729, 817, 913, 1041, 1060, 1421, 1423, 1437, 1561, 1585, 1960, 2169, 2232, 2380, 2646, 2849, 3416, 3596, 3624, 3863, 4185, 4409, 4464, 4563]
RKP_05000_00100_3_08.txt|559.0|0.4857069000000038|[1, 47, 59, 92, 100, 124, 129, 161, 273, 294, 296, 303, 343, 346, 382, 474, 491, 515, 525, 557, 563, 602, 700, 940, 969, 1047, 1173, 1225, 1240, 1244, 1332, 1414, 1458, 1497, 1517, 2068, 2084, 2154, 2276, 3112, 3272, 3383, 3716, 4062, 4178, 4225, 4353, 4735]
RKP_05000_00100_3_09.txt|539.0|0.4687874999999977|[1, 2, 24, 25, 55, 94, 111, 119, 225, 237, 238, 262, 288, 331, 501, 516, 566, 569, 616, 636, 662, 754, 778, 789, 839, 981, 986, 1155, 1238, 1430, 1517, 1558, 1818, 1913, 2032, 2033, 2275, 2372, 2925, 3120, 3283, 3510, 3727, 3987, 4681, 4813, 4948]
RKP_05000_00100_3_10.txt|505.0|0.5167007000000012|[1, 3, 8, 11, 21, 27, 50, 113, 173, 252, 666, 749, 881, 942, 999, 1040, 1046, 1075, 1132, 1166, 1187, 1195, 1291, 1338, 1426, 1630, 1904, 2181, 2195, 2244, 2312, 2487, 2567, 2583, 2858, 2990, 3158, 3506, 3869, 3877, 3997, 4218, 4628]
RKP_05000_00100_4_01.txt|100.0|0.43786790000000053|[4203]
RKP_05000_00100_4_02.txt|100.0|0.4423248999999956|[4298]
RKP_05000_00100_4_03.txt|100.0|0.5049173999999965|[4336]
RKP_05000_00100_4_04.txt|100.0|0.4506388999999942|[4218]
RKP_05000_00100_4_05.txt|100.0|0.4395607999999953|[4227]
RKP_05000_00100_4_06.txt|100.0|0.47219309999999837|[4203]
RKP_05000_00100_4_07.txt|100.0|0.4418803000000011|[4211]
RKP_05000_00100_4_08.txt|100.0|0.4635382000000021|[4211]
RKP_05000_00100_4_09.txt|100.0|0.4415475999999998|[4232]
RKP_05000_00100_4_10.txt|100.0|0.4711161999999973|[4226]
RKP_05000_00100_5_01.txt|100.0|0.49787270000000206|[10, 868, 1372, 1494]
RKP_05000_00100_5_02.txt|100.0|0.4419915000000003|[994, 1018]
RKP_05000_00100_5_03.txt|100.0|0.4495503999999997|[983, 988, 1017]
RKP_05000_00100_5_04.txt|100.0|0.46945209999999804|[113, 620, 1039, 1649, 1663]
RKP_05000_00100_5_05.txt|100.0|0.4497605999999976|[158, 1170, 1411]
RKP_05000_00100_5_06.txt|100.0|0.44427960000000155|[426, 943, 1024, 1267]
RKP_05000_00100_5_07.txt|100.0|0.47743119999999806|[39, 80, 135, 583, 1020, 2324, 2517, 2652, 2749, 3339]
RKP_05000_00100_5_08.txt|100.0|0.48339380000000176|[1800, 1803]
RKP_05000_00100_5_09.txt|100.0|0.46690619999999683|[106, 598, 666, 4633]
RKP_05000_00100_5_10.txt|100.0|0.46913769999999744|[22, 705, 774, 1099, 1170, 1802, 2069, 2313, 3346, 3693]
RKP_05000_01000_1_01.txt|42950.0|0.7043034999999946|[1, 2, 10, 13, 15, 17, 18, 23, 53, 74, 78, 151, 164, 202, 226, 252, 308, 310, 328, 334, 379, 399, 424, 511, 661, 684, 700, 732, 751, 778, 866, 921, 969, 991, 1034, 1196, 1214, 1232, 1431, 1512, 1591, 1724, 1742, 1756, 1841, 1858, 1919, 1979, 2077, 2254, 2481, 2629, 2777, 3144, 3282, 3485, 3534, 3776, 3791, 3799, 4223, 4479, 4971]
RKP_05000_01000_1_02.txt|41984.0|0.6843332999999987|[3, 7, 10, 17, 22, 36, 41, 47, 78, 89, 96, 109, 165, 222, 235, 282, 304, 406, 425, 506, 539, 588, 622, 675, 681, 728, 918, 965, 988, 1055, 1205, 1261, 1337, 1403, 1414, 1455, 1590, 1677, 1683, 1860, 1999, 2011, 2041, 2093, 2379, 2594, 2745, 2769, 2800, 2825, 2832, 3095, 3349, 3565, 3585, 3875, 3957, 4489, 4961]
RKP_05000_01000_1_03.txt|38608.0|0.6199714000000043|[1, 4, 9, 21, 22, 24, 56, 67, 122, 135, 174, 176, 272, 339, 344, 405, 446, 479, 533, 645, 649, 678, 749, 810, 852, 882, 933, 940, 988, 1027, 1039, 1150, 1262, 1339, 1364, 1415, 1475, 1527, 1534, 1614, 1822, 1849, 1854, 1945, 2016, 2201, 2471, 2688, 3194, 3276, 3392, 3920, 4191]
RKP_05000_01000_1_04.txt|42435.0|0.8004522999999963|[1, 2, 5, 7, 9, 10, 14, 16, 17, 30, 35, 49, 52, 61, 64, 114, 135, 181, 191, 223, 238, 270, 304, 318, 351, 360, 378, 395, 482, 498, 546, 594, 687, 716, 724, 794, 882, 952, 1107, 1142, 1174, 1218, 1275, 1303, 1311, 1450, 1546, 1689, 2023, 2047, 2060, 2269, 2320, 2382, 2470, 2999, 3023, 3051, 3055, 3926, 4277, 4329, 4397, 4624, 4775]
RKP_05000_01000_1_05.txt|39260.0|0.7007222000000013|[1, 2, 4, 14, 46, 58, 65, 91, 93, 94, 97, 119, 130, 132, 168, 254, 259, 279, 339, 352, 385, 430, 467, 580, 615, 667, 685, 913, 985, 1012, 1023, 1093, 1114, 1142, 1155, 1162, 1227, 1316, 1319, 1320, 1411, 1418, 1576, 1588, 1606, 1607, 1649, 2004, 2069, 2271, 2406, 2547, 2740, 2834, 3067, 3468, 3521, 3770, 4053, 4118, 4385]
RKP_05000_01000_1_06.txt|40249.0|0.6538186999999951|[2, 3, 4, 6, 8, 9, 25, 37, 43, 48, 51, 52, 80, 107, 159, 188, 192, 269, 288, 297, 336, 498, 503, 594, 616, 644, 684, 687, 691, 697, 736, 830, 894, 943, 998, 1097, 1242, 1368, 1423, 1511, 1689, 1812, 1879, 1910, 1916, 2050, 2168, 2195, 2286, 2442, 2483, 2517, 2633, 2857, 2865, 2925, 2967, 3076, 3109, 3846, 4603]
RKP_05000_01000_1_07.txt|37873.0|0.6480929000000017|[1, 2, 7, 8, 15, 21, 23, 27, 38, 44, 65, 77, 84, 91, 94, 110, 130, 161, 188, 204, 213, 226, 241, 363, 386, 421, 506, 522, 523, 568, 577, 628, 633, 753, 784, 951, 957, 1175, 1178, 1359, 1449, 1489, 1666, 1697, 1741, 1865, 1904, 2001, 2087, 2235, 2507, 2593, 2669, 2902, 2984, 3438, 4009]
RKP_05000_01000_1_08.txt|39133.0|0.7572979999999987|[1, 3, 9, 10, 12, 15, 20, 24, 36, 39, 40, 66, 78, 81, 89, 109, 140, 151, 190, 207, 235, 279, 427, 430, 488, 527, 529, 534, 651, 670, 785, 849, 952, 1029, 1065, 1088, 1275, 1344, 1391, 1487, 2099, 2110, 2356, 2382, 2528, 2585, 2723, 2841, 3112, 3323, 3788, 3925, 4242, 4497, 4618]
RKP_05000_01000_1_09.txt|41648.0|0.7570387999999966|[1, 2, 4, 5, 6, 7, 11, 17, 18, 25, 32, 39, 47, 51, 94, 104, 128, 153, 157, 163, 184, 190, 191, 293, 302, 359, 364, 390, 427, 451, 499, 563, 684, 883, 906, 996, 1242, 1362, 1366, 1434, 1481, 1495, 1679, 1714, 1761, 1788, 2246, 2328, 2364, 2381, 2549, 2651, 2844, 3179, 3245, 3744, 3900, 3964, 4115]
RKP_05000_01000_1_10.txt|46479.0|0.6425544000000016|[1, 2, 9, 11, 17, 28, 43, 47, 49, 100, 103, 104, 129, 180, 212, 220, 245, 255, 261, 286, 359, 384, 417, 461, 472, 486, 500, 528, 740, 785, 807, 839, 844, 888, 904, 1044, 1076, 1095, 1175, 1253, 1284, 1313, 1361, 1423, 1430, 1479, 1554, 1636, 1640, 1680, 1686, 1765, 1914, 2153, 2184, 2216, 2309, 2541, 2544, 2671, 2753, 2763, 2768, 2867, 3309, 3836, 4036, 4815]
RKP_05000_01000_2_01.txt|3425.0|0.7671647000000021|[2, 7, 11, 28, 34, 38, 103, 131, 153, 165, 176, 253, 273, 280, 339, 483, 761, 947, 951, 997, 1046, 1100, 1173, 1473, 1730, 1844, 1896, 1898, 2000, 2014, 2057, 2168, 2281, 2569, 2671, 3060, 3395, 3919, 4166, 4493]
RKP_05000_01000_2_02.txt|3435.0|0.7192167999999981|[1, 2, 3, 44, 49, 78, 79, 88, 121, 279, 305, 311, 317, 345, 365, 462, 491, 545, 653, 667, 862, 964, 1045, 1049, 1068, 1189, 1294, 1318, 1577, 1693, 1750, 1856, 2308, 2537, 2581, 2682, 3024, 3498, 4977]
RKP_05000_01000_2_03.txt|3556.0|0.8074049000000016|[15, 42, 51, 69, 71, 86, 106, 171, 213, 217, 235, 286, 305, 308, 465, 477, 589, 655, 726, 858, 862, 1002, 1132, 1676, 1958, 2182, 2194, 2421, 2468, 2548, 2617, 2930, 3180, 3351, 3416, 3540, 3938, 4964]
RKP_05000_01000_2_04.txt|3986.0|0.8063869999999937|[3, 7, 17, 19, 54, 59, 63, 82, 153, 183, 222, 348, 371, 400, 473, 509, 545, 557, 585, 667, 703, 758, 768, 857, 920, 1062, 1065, 1086, 1210, 1398, 1412, 1672, 1712, 1740, 1906, 1926, 1989, 2237, 2245, 2408, 2508, 2518, 2928, 2989, 3498, 3530, 4424, 4454, 4833]
RKP_05000_01000_2_05.txt|3591.0|0.7638845999999972|[3, 5, 8, 9, 10, 12, 30, 33, 34, 43, 116, 187, 201, 204, 273, 360, 375, 420, 427, 449, 478, 526, 723, 734, 876, 1064, 1132, 1158, 1269, 1424, 1478, 1680, 1789, 1920, 2513, 2637, 2686, 3321, 4215, 4333, 4485]
RKP_05000_01000_2_06.txt|3811.0|0.7720288999999951|[1, 2, 27, 28, 30, 61, 63, 105, 138, 159, 188, 242, 252, 282, 344, 403, 464, 470, 473, 481, 586, 670, 672, 683, 714, 790, 900, 955, 1369, 1477, 1569, 1619, 1852, 1896, 1933, 1948, 1991, 2287, 2435, 2476, 2638, 3111, 3459, 4131, 4838, 4951]
RKP_05000_01000_2_07.txt|3760.0|0.7486874000000014|[1, 11, 12, 35, 105, 157, 169, 207, 257, 265, 368, 387, 505, 516, 751, 759, 771, 772, 865, 909, 1123, 1134, 1139, 1265, 1362, 1437, 1552, 1625, 1643, 1811, 1902, 2206, 2233, 2282, 2608, 2843, 3129, 3196, 3275, 3882, 4279, 4453, 4495, 4530]
RKP_05000_01000_2_08.txt|3674.0|0.7264336|[4, 6, 17, 30, 44, 59, 78, 108, 131, 137, 146, 200, 213, 236, 242, 264, 268, 269, 298, 312, 371, 385, 580, 634, 658, 677, 720, 833, 846, 972, 987, 1067, 1184, 1499, 1645, 1766, 1783, 2399, 2683, 3148, 3191, 3385]
RKP_05000_01000_2_09.txt|3390.0|0.7662261000000044|[2, 3, 4, 9, 10, 13, 15, 22, 25, 63, 128, 130, 151, 175, 252, 270, 377, 379, 408, 536, 677, 821, 897, 938, 1132, 1226, 1556, 1583, 1587, 1627, 1786, 1967, 1992, 2094, 2140, 2219, 2501, 2637, 2789, 2978, 3478, 4691]
RKP_05000_01000_2_10.txt|3471.0|0.7227171000000041|[9, 18, 36, 64, 74, 99, 137, 149, 150, 191, 206, 217, 227, 294, 420, 850, 939, 941, 1176, 1314, 1416, 1491, 1494, 1502, 1619, 1631, 1686, 1858, 1863, 1926, 2034, 2297, 2318, 2559, 2998, 3163, 3712, 3888, 4015, 4050, 4084, 4267]
RKP_05000_01000_3_01.txt|7062.0|0.6660169999999965|[1, 4, 5, 13, 16, 21, 34, 40, 43, 45, 46, 47, 50, 72, 77, 97, 108, 112, 114, 150, 176, 188, 204, 207, 237, 276, 284, 323, 372, 381, 455, 527, 550, 553, 562, 567, 728, 757, 890, 917, 996, 1021, 1081, 1190, 1198, 1365, 1615, 1698, 1779, 1923, 1958, 2125, 2183, 2241, 2416, 2461, 2748, 2783, 2851, 3246, 3421, 4101, 4452]
RKP_05000_01000_3_02.txt|8121.0|0.6140134999999987|[1, 2, 4, 13, 25, 28, 33, 39, 40, 41, 77, 90, 107, 111, 116, 129, 133, 140, 169, 206, 209, 214, 230, 303, 304, 305, 378, 379, 425, 436, 445, 446, 512, 542, 562, 646, 652, 790, 801, 849, 878, 883, 892, 953, 1041, 1046, 1087, 1161, 1174, 1240, 1243, 1413, 1436, 1486, 1499, 1885, 1908, 2067, 2113, 2215, 2330, 2425, 2565, 2704, 2853, 2978, 2998, 3041, 3171, 3308, 3546, 3750, 4134, 4419]
RKP_05000_01000_3_03.txt|8216.0|0.6112129999999993|[2, 3, 4, 5, 8, 10, 11, 14, 22, 26, 36, 96, 97, 129, 146, 153, 158, 190, 199, 200, 214, 215, 221, 239, 246, 279, 286, 306, 360, 399, 411, 439, 568, 579, 609, 621, 637, 652, 709, 710, 730, 839, 856, 881, 896, 975, 989, 1157, 1164, 1188, 1245, 1316, 1429, 1439, 1498, 1597, 1663, 2319, 2613, 3166, 3273, 3508, 3545, 3697, 3848, 3910, 4041, 4149, 4215, 4529, 4671, 4695, 4813, 4976]
RKP_05000_01000_3_04.txt|8307.0|0.5857677999999993|[1, 4, 5, 6, 7, 9, 10, 13, 18, 27, 29, 45, 51, 58, 63, 70, 89, 111, 132, 142, 152, 175, 198, 205, 206, 234, 261, 277, 306, 321, 337, 360, 362, 400, 448, 495, 548, 574, 610, 619, 640, 657, 680, 709, 747, 769, 827, 835, 864, 989, 1049, 1064, 1080, 1276, 1297, 1396, 1786, 1872, 1912, 2150, 2260, 2372, 2516, 2541, 2568, 2575, 2747, 2865, 2868, 3197, 3330, 3448, 3523, 4042, 4638, 4880]
RKP_05000_01000_3_05.txt|7460.0|0.6404773000000006|[1, 2, 7, 11, 16, 19, 21, 25, 26, 29, 34, 37, 48, 54, 101, 110, 117, 143, 162, 169, 219, 296, 335, 344, 486, 491, 501, 620, 638, 985, 1044, 1060, 1068, 1069, 1206, 1259, 1261, 1263, 1292, 1305, 1372, 1400, 1500, 1516, 1552, 1588, 1619, 1759, 1859, 1909, 2123, 2212, 2460, 2634, 2744, 2920, 3068, 3106, 3370, 3439, 3440, 3558, 3584, 3635, 4315, 4338, 4357]
RKP_05000_01000_3_06.txt|7567.0|0.6075873999999999|[1, 3, 4, 6, 7, 12, 25, 41, 45, 46, 55, 76, 82, 85, 93, 94, 124, 128, 206, 213, 227, 238, 276, 286, 287, 288, 345, 368, 488, 540, 573, 603, 623, 734, 760, 801, 813, 889, 931, 946, 1030, 1119, 1221, 1359, 1522, 1551, 1610, 1640, 1697, 1917, 1978, 1991, 2026, 2187, 2251, 2424, 2705, 2741, 2756, 3214, 3239, 3264, 3324, 3433, 3533, 4258, 4315, 4322, 4808]
RKP_05000_01000_3_07.txt|7946.0|0.6044781999999955|[1, 2, 5, 13, 36, 60, 73, 76, 79, 84, 94, 100, 125, 145, 146, 205, 214, 216, 291, 293, 295, 360, 393, 398, 413, 417, 427, 470, 500, 539, 590, 593, 608, 655, 714, 725, 762, 827, 849, 883, 884, 891, 896, 975, 991, 1003, 1055, 1066, 1123, 1173, 1368, 1470, 1527, 1544, 1783, 1789, 1792, 1998, 2104, 2357, 2448, 2716, 2900, 2966, 3085, 3135, 3146, 3323, 3628, 3731, 4131, 4456]
RKP_05000_01000_3_08.txt|7805.0|0.6134107000000029|[3, 4, 14, 26, 28, 34, 35, 36, 73, 77, 80, 124, 134, 152, 154, 177, 183, 214, 217, 230, 235, 250, 260, 270, 301, 331, 356, 370, 394, 489, 525, 571, 675, 883, 901, 953, 1009, 1014, 1036, 1050, 1135, 1364, 1372, 1588, 1636, 1729, 1733, 1924, 1967, 1970, 1976, 2019, 2088, 2364, 2402, 2484, 2493, 2808, 2812, 2858, 2977, 3087, 3140, 3214, 3237, 3284, 3571, 3808, 3939, 4022]
RKP_05000_01000_3_09.txt|7190.0|0.5711075999999977|[4, 7, 8, 9, 26, 40, 51, 57, 73, 83, 87, 99, 100, 106, 136, 152, 193, 242, 281, 290, 310, 376, 384, 417, 426, 492, 556, 655, 661, 664, 671, 673, 751, 760, 852, 995, 1003, 1148, 1153, 1189, 1313, 1322, 1471, 1684, 1819, 1954, 2024, 2051, 2071, 2085, 2399, 2401, 2486, 2497, 2511, 2621, 3256, 3392, 3443, 3538, 3572, 3868, 4136, 4168, 4292]
RKP_05000_01000_3_10.txt|7986.0|0.6342056000000014|[1, 2, 3, 7, 14, 16, 25, 33, 50, 62, 66, 69, 108, 119, 145, 149, 159, 196, 219, 270, 342, 343, 369, 383, 393, 400, 413, 416, 434, 502, 627, 642, 692, 781, 811, 876, 899, 900, 944, 1019, 1093, 1125, 1184, 1329, 1349, 1498, 1530, 1785, 1847, 1943, 2189, 2322, 2631, 2764, 2813, 2877, 2894, 2915, 2940, 3026, 3127, 3150, 3234, 3240, 3251, 3435, 3589, 3716, 4052, 4466, 4631, 4788]
RKP_05000_01000_4_01.txt|999.0|0.5089615999999992|[4723]
RKP_05000_01000_4_02.txt|1000.0|0.5014430000000019|[4655]
RKP_05000_01000_4_03.txt|1000.0|0.5366161999999974|[4639]
RKP_05000_01000_4_04.txt|999.0|0.5035301000000061|[4920]
RKP_05000_01000_4_05.txt|999.0|0.4937850000000026|[4594]
RKP_05000_01000_4_06.txt|1000.0|0.5457191999999935|[4578]
RKP_05000_01000_4_07.txt|1000.0|0.5404298999999924|[4589]
RKP_05000_01000_4_08.txt|1000.0|0.5371762999999987|[4677]
RKP_05000_01000_4_09.txt|1000.0|0.5457914999999929|[4561]
RKP_05000_01000_4_10.txt|1000.0|0.49326990000000137|[4639]
RKP_05000_01000_5_01.txt|1000.0|0.5929098999999951|[97, 945, 1102, 1229, 1236, 1239, 1261, 1426, 1561, 2287, 2731]
RKP_05000_01000_5_02.txt|1000.0|0.5404027999999954|[7, 16, 111, 163, 992, 1002, 1901, 2772]
RKP_05000_01000_5_03.txt|1000.0|0.5197483999999974|[31, 193, 570, 1005, 1078, 1230, 1728, 1935, 2011, 3403]
RKP_05000_01000_5_04.txt|1000.0|0.5730819000000054|[4981]
RKP_05000_01000_5_05.txt|1000.0|0.5568317999999977|[10, 98, 1409, 2546, 3074]
RKP_05000_01000_5_06.txt|1000.0|0.5697104999999993|[4956]
RKP_05000_01000_5_07.txt|1000.0|0.5857322999999894|[4993]
RKP_05000_01000_5_08.txt|1000.0|0.5472682999999989|[175, 482, 1670, 2317]
RKP_05000_01000_5_09.txt|1000.0|0.5803638000000007|[97, 100, 239, 973, 976, 2585, 4208]
RKP_05000_01000_5_10.txt|1000.0|0.6063170000000042|[65, 100, 123, 235, 433, 545, 986, 1004]
RKP_05000_05000_1_01.txt|199451.0|0.7122509999999949|[2, 3, 17, 21, 36, 50, 74, 75, 78, 86, 96, 100, 112, 134, 149, 168, 174, 226, 239, 248, 254, 255, 263, 279, 363, 477, 496, 498, 688, 826, 1016, 1173, 1200, 1201, 1235, 1247, 1260, 1293, 1416, 1437, 1543, 1595, 1643, 1939, 1956, 2002, 2195, 2321, 2343, 2685, 2896, 2945, 2997, 3113, 3721, 4777, 4810]
RKP_05000_05000_1_02.txt|239379.0|0.6625315999999941|[1, 2, 3, 4, 8, 10, 14, 21, 24, 38, 45, 55, 99, 104, 113, 117, 126, 141, 235, 238, 240, 269, 297, 310, 334, 361, 378, 396, 444, 474, 537, 574, 668, 669, 678, 712, 771, 785, 787, 805, 903, 1005, 1041, 1044, 1107, 1115, 1152, 1374, 1379, 1459, 1753, 1786, 1855, 1870, 1979, 2174, 2177, 2322, 2501, 2667, 2706, 3059, 3754, 3842, 3921, 3940, 4074, 4197, 4402, 4712]
RKP_05000_05000_1_03.txt|217134.0|0.7045592999999997|[1, 8, 18, 25, 39, 46, 51, 78, 80, 110, 115, 164, 206, 231, 233, 249, 318, 353, 393, 399, 426, 435, 451, 481, 482, 557, 582, 586, 811, 847, 872, 894, 908, 1042, 1083, 1098, 1099, 1108, 1115, 1261, 1265, 1329, 1414, 1441, 1446, 1477, 1594, 1775, 2124, 2264, 2630, 2760, 2850, 2859, 3247, 3414, 3443, 3449, 3493, 4284, 4374, 4414]
RKP_05000_05000_1_04.txt|247737.0|0.694746099999989|[1, 3, 5, 9, 24, 25, 34, 38, 68, 75, 81, 85, 90, 96, 145, 148, 169, 173, 189, 197, 222, 232, 239, 291, 318, 332, 368, 376, 390, 408, 422, 468, 484, 502, 557, 559, 675, 710, 787, 865, 1072, 1389, 1417, 1418, 1677, 1758, 1859, 1875, 1938, 2003, 2013, 2061, 2328, 2364, 2372, 2553, 2581, 2584, 2813, 2991, 3059, 3305, 3547, 3651, 3652, 3802, 3813, 3850, 4260, 4286, 4384, 4668]
RKP_05000_05000_1_05.txt|234416.0|0.7101696000000004|[1, 2, 7, 8, 20, 22, 26, 32, 38, 43, 46, 55, 62, 127, 130, 143, 153, 163, 210, 214, 227, 301, 348, 378, 403, 463, 559, 582, 694, 923, 950, 992, 1088, 1098, 1221, 1358, 1372, 1432, 1460, 1483, 1492, 1521, 1662, 1668, 1690, 1692, 1929, 1993, 2025, 2045, 2309, 2352, 2411, 2427, 2467, 2579, 2657, 2703, 2732, 2804, 3024, 3175, 3186, 3722, 3873, 4108, 4208, 4354, 4374, 4846]
RKP_05000_05000_1_06.txt|218006.0|0.629597099999998|[2, 3, 7, 8, 18, 23, 40, 71, 79, 82, 87, 106, 113, 120, 243, 245, 299, 338, 339, 363, 378, 395, 407, 581, 613, 621, 649, 651, 689, 693, 707, 715, 813, 825, 850, 925, 956, 1054, 1065, 1154, 1227, 1280, 1371, 1610, 1730, 1855, 1927, 1981, 2003, 2048, 2132, 2204, 2210, 2309, 2509, 2701, 2729, 3361, 3363, 3549, 3938, 3978, 4540, 4561, 4692]
RKP_05000_05000_1_07.txt|211685.0|0.7050254000000109|[1, 2, 3, 4, 6, 7, 8, 10, 15, 23, 29, 30, 31, 44, 83, 182, 190, 230, 248, 249, 294, 303, 380, 381, 432, 457, 463, 478, 529, 536, 575, 640, 667, 730, 739, 745, 785, 829, 864, 916, 1019, 1228, 1246, 1263, 1267, 1315, 1375, 1406, 1525, 1616, 1713, 1804, 1820, 1849, 2017, 2273, 2529, 2688, 2725, 2854, 3045, 3094, 4149, 4260, 4664]
RKP_05000_05000_1_08.txt|201633.0|0.6840342999999933|[3, 15, 16, 23, 30, 38, 41, 51, 91, 95, 97, 122, 124, 156, 164, 171, 232, 253, 262, 280, 303, 342, 363, 371, 392, 451, 453, 523, 560, 596, 674, 706, 764, 836, 850, 878, 908, 1167, 1179, 1421, 1546, 1549, 1562, 1678, 1941, 2047, 2100, 2236, 2428, 2523, 2525, 2536, 2600, 2959, 3166, 3545, 3599, 3666, 3744, 3998, 4080, 4195, 4596]
RKP_05000_05000_1_09.txt|222044.0|0.7306202000000042|[1, 3, 5, 6, 24, 37, 42, 50, 66, 77, 104, 113, 126, 137, 139, 156, 170, 176, 196, 234, 299, 323, 325, 339, 355, 382, 438, 448, 460, 475, 537, 542, 563, 565, 578, 632, 682, 701, 820, 871, 921, 1006, 1078, 1227, 1245, 1254, 1269, 1314, 1350, 1396, 1416, 1458, 1592, 1635, 1788, 1808, 1917, 1979, 2143, 2400, 2450, 2593, 2636, 2834, 2837, 3197, 3551, 4248, 4486, 4489, 4615]
RKP_05000_05000_1_10.txt|182731.0|0.7200117000000006|[1, 7, 38, 70, 108, 144, 153, 185, 286, 302, 339, 414, 454, 467, 472, 543, 659, 756, 803, 852, 909, 959, 981, 1056, 1304, 1504, 1538, 1609, 1652, 1747, 1750, 1766, 1771, 2050, 2082, 2151, 2281, 2498, 2504, 2580, 2608, 2629, 2641, 2786, 2810, 2870, 3028, 3067, 3078, 3101, 3261, 3728, 4006, 4380]
RKP_05000_05000_2_01.txt|15583.0|0.8304893999999905|[18, 35, 93, 235, 250, 283, 293, 313, 319, 343, 411, 475, 515, 698, 702, 748, 866, 884, 937, 953, 1045, 1239, 1665, 1974, 2113, 2236, 2870, 2905, 3403, 3667, 4623, 4833, 4844]
RKP_05000_05000_2_02.txt|16086.0|0.7460777999999948|[14, 15, 56, 104, 125, 203, 220, 294, 462, 470, 530, 563, 582, 598, 677, 710, 762, 937, 997, 1069, 1154, 1172, 1287, 1649, 1729, 2244, 2429, 2839, 3100, 3502, 3515, 3641, 3796, 4007]
RKP_05000_05000_2_03.txt|16907.0|0.736840799999996|[1, 8, 13, 21, 34, 38, 44, 45, 49, 50, 72, 128, 177, 306, 411, 441, 477, 502, 743, 812, 966, 983, 1122, 1205, 1212, 1233, 1269, 1422, 1429, 1481, 1536, 1770, 2224, 2688, 3090, 3630, 3839, 4565]
RKP_05000_05000_2_04.txt|20547.0|0.813010300000002|[1, 2, 3, 4, 16, 21, 23, 34, 37, 38, 47, 71, 78, 122, 126, 147, 154, 187, 206, 238, 307, 322, 346, 455, 523, 554, 583, 637, 655, 832, 862, 893, 1068, 1124, 1223, 1329, 1335, 1412, 1478, 1508, 1586, 1606, 1671, 1748, 1770, 1965, 2308, 2319, 2382, 2632, 2705, 2773, 3257]
RKP_05000_05000_2_05.txt|16961.0|0.8322919000000013|[8, 19, 70, 103, 113, 114, 119, 120, 128, 145, 147, 163, 282, 317, 481, 501, 513, 595, 662, 734, 856, 858, 932, 1011, 1022, 1103, 1153, 1181, 1232, 1260, 1588, 1813, 2166, 2345, 2445, 2493, 2694, 2736, 3215, 3604, 3676, 3798, 4330, 4902]
RKP_05000_05000_2_06.txt|14829.0|0.8158115999999893|[24, 30, 43, 51, 106, 136, 303, 437, 449, 490, 629, 731, 748, 785, 786, 832, 872, 1070, 1073, 1097, 1415, 1461, 1805, 2000, 2497, 2900, 3023, 3105, 3580, 3746, 3764, 4298]
RKP_05000_05000_2_07.txt|17877.0|0.8363337000000115|[7, 24, 30, 36, 129, 169, 199, 264, 411, 624, 725, 872, 903, 926, 931, 932, 989, 1115, 1137, 1153, 1197, 1326, 1380, 1438, 1460, 1581, 1614, 1730, 1734, 1819, 1988, 2118, 2385, 2624, 3180, 3921, 3995, 4066, 4239, 4716, 4720, 4820]
RKP_05000_05000_2_08.txt|18463.0|0.7159125000000017|[2, 8, 10, 17, 20, 30, 116, 125, 155, 259, 274, 286, 291, 449, 551, 603, 659, 746, 760, 899, 919, 953, 1262, 1520, 1692, 1714, 1834, 2024, 2219, 2598, 2692, 2814, 2906, 2907, 3119, 3356, 3420, 3617, 3856, 4071, 4709]
RKP_05000_05000_2_09.txt|19306.0|0.8814081000000016|[1, 2, 3, 7, 13, 33, 36, 74, 82, 83, 105, 112, 128, 129, 152, 157, 164, 181, 327, 385, 394, 413, 423, 519, 634, 893, 899, 920, 973, 1179, 1213, 1231, 1308, 1378, 1462, 1478, 1802, 2129, 2555, 2604, 2889, 3741, 4230, 4702, 4916, 4959]
RKP_05000_05000_2_10.txt|18354.0|0.7708597999999967|[1, 2, 21, 23, 24, 35, 42, 70, 82, 97, 134, 205, 233, 261, 311, 330, 351, 468, 546, 608, 666, 723, 725, 899, 1136, 1230, 1384, 1601, 1620, 1908, 1945, 1960, 2264, 2312, 2418, 2524, 2605, 2884, 3271, 3467, 3568, 3618, 4041, 4367, 4608, 4670]
RKP_05000_05000_3_01.txt|39867.0|0.7369504999999918|[6, 7, 16, 17, 21, 39, 45, 54, 55, 58, 60, 79, 81, 88, 94, 106, 122, 132, 171, 209, 241, 336, 449, 465, 480, 499, 528, 563, 628, 638, 646, 736, 787, 800, 801, 814, 854, 870, 889, 926, 927, 1004, 1019, 1075, 1080, 1132, 1328, 1409, 1410, 1430, 1446, 1539, 1664, 1846, 1887, 2024, 2100, 2145, 2454, 2544, 2738, 2831, 2987, 3020, 3160, 3210, 3361, 3506, 3763, 4143, 4348, 4523]
RKP_05000_05000_3_02.txt|36659.0|0.8308150999999953|[10, 15, 17, 25, 30, 31, 32, 33, 38, 50, 51, 58, 99, 106, 115, 133, 151, 208, 217, 221, 277, 303, 351, 364, 365, 384, 407, 507, 509, 597, 601, 607, 769, 773, 869, 885, 969, 1093, 1151, 1200, 1220, 1457, 1509, 1675, 1853, 1914, 1979, 2038, 2063, 2223, 2259, 2345, 2392, 2501, 2529, 2826, 3230, 3779, 3922, 4134, 4175, 4221, 4402, 4488, 4553, 4589]
RKP_05000_05000_3_03.txt|38981.0|0.7910612999999955|[1, 2, 3, 4, 9, 12, 13, 25, 46, 67, 87, 88, 90, 116, 127, 140, 183, 185, 194, 219, 223, 281, 323, 366, 471, 489, 523, 592, 636, 682, 763, 764, 856, 937, 950, 963, 970, 1011, 1029, 1099, 1129, 1165, 1187, 1255, 1434, 1495, 1505, 1613, 1677, 1696, 1729, 1777, 1875, 1955, 1960, 2147, 2297, 2430, 2585, 2657, 2713, 2768, 3112, 3252, 3385, 3452, 3819, 3909, 4001, 4025, 4837]
RKP_05000_05000_3_04.txt|40104.0|0.8808046999999988|[4, 27, 31, 32, 51, 61, 71, 102, 109, 115, 128, 156, 173, 177, 183, 205, 236, 241, 249, 256, 274, 282, 304, 343, 375, 404, 412, 454, 476, 479, 505, 585, 642, 720, 724, 773, 779, 843, 868, 888, 922, 936, 1033, 1112, 1119, 1135, 1276, 1288, 1302, 1320, 1433, 1589, 1746, 1834, 1999, 2312, 2428, 2551, 2561, 2704, 2727, 2854, 3089, 3143, 3391, 3454, 3543, 3625, 3841, 3856, 3872, 4104]
RKP_05000_05000_3_05.txt|37642.0|0.7650925000000086|[2, 4, 8, 12, 13, 18, 28, 44, 50, 58, 72, 81, 95, 97, 111, 139, 150, 176, 203, 207, 259, 268, 331, 368, 372, 375, 406, 441, 537, 555, 606, 616, 620, 628, 652, 779, 839, 969, 984, 1044, 1182, 1378, 1424, 1506, 1519, 1623, 1640, 1664, 1680, 1696, 1758, 1771, 1843, 1960, 1982, 2386, 2428, 2606, 2910, 2994, 3138, 3181, 3442, 3566, 3569, 3664, 4138, 4707]
RKP_05000_05000_3_06.txt|37009.0|0.7822416000000061|[1, 6, 8, 18, 22, 23, 28, 30, 40, 43, 55, 78, 115, 130, 190, 203, 234, 237, 285, 313, 348, 377, 382, 386, 403, 411, 430, 480, 495, 607, 618, 645, 671, 692, 737, 817, 839, 845, 924, 985, 1005, 1115, 1123, 1138, 1191, 1678, 1745, 1989, 2100, 2115, 2300, 2334, 2338, 2537, 2697, 2702, 2724, 2831, 3065, 3251, 3359, 3441, 3448, 3700, 4129, 4300, 4610]
RKP_05000_05000_3_07.txt|36673.0|0.775812700000003|[2, 4, 5, 46, 57, 61, 82, 83, 88, 143, 176, 217, 220, 231, 232, 283, 290, 304, 344, 348, 487, 490, 525, 544, 598, 599, 609, 684, 717, 718, 739, 766, 796, 813, 817, 835, 841, 866, 900, 924, 1049, 1102, 1338, 1375, 1420, 1588, 1664, 1721, 1728, 1818, 1953, 2093, 2201, 2287, 2345, 2399, 2643, 2747, 2824, 3295, 3347, 3815, 3890, 3987, 4288, 4656]
RKP_05000_05000_3_08.txt|38157.0|0.7833539000000087|[1, 2, 3, 6, 9, 14, 16, 18, 22, 39, 54, 89, 105, 120, 122, 124, 147, 150, 152, 192, 241, 251, 280, 294, 351, 391, 430, 433, 486, 498, 524, 563, 633, 640, 752, 762, 784, 828, 857, 876, 886, 938, 1042, 1104, 1105, 1145, 1224, 1266, 1311, 1371, 1450, 1833, 1969, 2221, 2250, 2393, 2413, 2446, 2528, 2636, 2697, 2750, 2988, 3072, 3102, 4022, 4469, 4731, 4805]
RKP_05000_05000_3_09.txt|38778.0|0.7917158000000057|[8, 13, 17, 19, 32, 42, 43, 52, 54, 96, 133, 140, 184, 233, 238, 252, 259, 288, 313, 317, 345, 387, 406, 431, 532, 609, 629, 642, 643, 660, 679, 718, 767, 789, 851, 877, 913, 929, 932, 1146, 1150, 1162, 1282, 1328, 1343, 1549, 1562, 1563, 1667, 1813, 1933, 1945, 2166, 2427, 2435, 2484, 2838, 2885, 2926, 2994, 3338, 3493, 3677, 3684, 4052, 4132, 4240, 4246, 4313, 4338, 4825]
RKP_05000_05000_3_10.txt|39391.0|0.8916934999999881|[1, 3, 4, 10, 13, 26, 28, 41, 44, 47, 48, 59, 60, 101, 102, 110, 119, 120, 137, 181, 202, 227, 248, 278, 313, 394, 402, 405, 477, 481, 490, 494, 508, 535, 576, 577, 675, 1007, 1062, 1075, 1135, 1202, 1224, 1258, 1284, 1307, 1358, 1405, 1567, 1639, 1786, 1860, 1887, 1969, 1987, 2521, 2536, 2573, 2643, 2698, 2748, 2904, 2923, 3004, 3222, 3454, 3459, 3468, 3759, 3924, 4808]
RKP_05000_05000_4_01.txt|5000.0|0.653528399999999|[4658]
RKP_05000_05000_4_02.txt|4999.0|0.614074500000001|[4975]
RKP_05000_05000_4_03.txt|4994.0|0.657823300000004|[4792]
RKP_05000_05000_4_04.txt|5000.0|0.6225297999999952|[4597]
RKP_05000_05000_4_05.txt|4996.0|0.6326135999999991|[4934]
RKP_05000_05000_4_06.txt|4998.0|0.6163497999999947|[4744]
RKP_05000_05000_4_07.txt|4999.0|0.606872899999999|[4517]
RKP_05000_05000_4_08.txt|5000.0|0.6555271000000005|[4648]
RKP_05000_05000_4_09.txt|4999.0|0.6178629000000058|[4572]
RKP_05000_05000_4_10.txt|4998.0|0.611866500000005|[4870]
RKP_05000_05000_5_01.txt|5000.0|0.8385498000000098|[5, 8, 41, 794, 875, 1066, 1068, 2520, 2928, 3282]
RKP_05000_05000_5_02.txt|5000.0|0.8793916999999993|[10, 28, 235, 1003, 2219, 2320]
RKP_05000_05000_5_03.txt|5000.0|0.7164585999999957|[1, 18, 34, 163, 222, 1307, 1856, 1955, 2028, 2214, 2215, 2240, 3133]
RKP_05000_05000_5_04.txt|5000.0|0.8658477999999974|[47, 210, 342, 379, 994, 1002, 1058, 1249, 2411, 3682]
RKP_05000_05000_5_05.txt|5000.0|0.7234298000000052|[219, 507, 552, 990, 1318, 3399]
RKP_05000_05000_5_06.txt|5000.0|0.7696399000000014|[1, 61, 106, 1146, 2121]
RKP_05000_05000_5_07.txt|5000.0|0.7242022000000077|[85, 144, 223, 252, 372, 613, 853, 998, 1357]
RKP_05000_05000_5_08.txt|5000.0|0.7409745000000072|[16, 46, 118, 468, 724, 1216, 1311, 1497, 1818, 1873, 1923, 2373, 2580]
RKP_05000_05000_5_09.txt|5000.0|0.7325671999999912|[1, 419, 646, 956, 1013, 1207, 1385, 1467, 1557, 1624, 4917]
RKP_05000_05000_5_10.txt|5000.0|0.8007570000000044|[21, 961, 1374, 2538, 3843]
