RKP_00100_00100_1_01.txt|716.0|0.12057499999999999|[1, 3, 4, 10, 17, 22, 24, 28, 29, 31]
RKP_00100_00100_1_02.txt|825.0|0.08537490000000003|[1, 9, 15, 16, 23, 37, 44, 47, 48, 50, 56, 91]
RKP_00100_00100_1_03.txt|775.0|0.07525739999999992|[1, 2, 4, 5, 6, 10, 12, 14, 15, 34, 63, 70]
RKP_00100_00100_1_04.txt|696.0|0.10819749999999995|[1, 3, 5, 7, 9, 10, 15, 16, 43, 74]
RKP_00100_00100_1_05.txt|730.0|0.0721541|[3, 11, 14, 16, 20, 22, 30, 44, 66, 79]
RKP_00100_00100_1_06.txt|1002.0|0.09760790000000008|[5, 12, 16, 17, 20, 31, 34, 47, 48, 50, 55, 57, 97]
RKP_00100_00100_1_07.txt|456.0|0.08186540000000009|[5, 9, 13, 33, 39, 46, 51, 60]
RKP_00100_00100_1_08.txt|874.0|0.06897109999999995|[1, 2, 6, 7, 9, 11, 13, 24, 30, 76, 87, 88, 92]
RKP_00100_00100_1_09.txt|607.0|0.08524800000000021|[2, 5, 8, 16, 18, 23, 24, 29, 52, 77]
RKP_00100_00100_1_10.txt|725.0|0.08562350000000007|[1, 2, 4, 11, 12, 13, 18, 20, 24, 27, 33]
RKP_00100_00100_2_01.txt|169.0|0.08517580000000002|[1, 2, 3, 6, 13, 20, 22, 43, 57, 59]
RKP_00100_00100_2_02.txt|170.0|0.08232660000000003|[4, 5, 8, 11, 26, 28, 30, 36, 47, 80]
RKP_00100_00100_2_03.txt|160.0|0.09430400000000017|[1, 5, 16, 31, 47, 48, 51, 64, 75]
RKP_00100_00100_2_04.txt|163.0|0.06860090000000008|[2, 8, 9, 11, 18, 26, 28, 50, 52]
RKP_00100_00100_2_05.txt|146.0|0.08135160000000008|[3, 13, 29, 30, 32, 34, 64, 96]
RKP_00100_00100_2_06.txt|136.0|0.08125700000000013|[2, 8, 23, 47, 67, 79]
RKP_00100_00100_2_07.txt|154.0|0.0832058|[3, 4, 7, 13, 15, 21, 22, 28]
RKP_00100_00100_2_08.txt|151.0|0.09043380000000023|[1, 2, 4, 6, 14, 16, 28, 29]
RKP_00100_00100_2_09.txt|142.0|0.10967729999999998|[4, 7, 9, 20, 27, 42, 51, 75]
RKP_00100_00100_2_10.txt|152.0|0.0832508999999999|[1, 2, 4, 14, 28, 64, 65, 85]
RKP_00100_00100_3_01.txt|210.0|0.07674239999999966|[1, 2, 3, 5, 6, 10, 21, 22, 24, 29, 44]
RKP_00100_00100_3_02.txt|220.0|0.0763326000000002|[1, 2, 3, 8, 17, 25, 41, 48, 52, 56, 59, 68]
RKP_00100_00100_3_03.txt|250.0|0.06660019999999989|[1, 2, 3, 4, 6, 12, 14, 15, 23, 45, 46, 64, 66, 75, 81]
RKP_00100_00100_3_04.txt|220.0|0.07433029999999974|[1, 2, 4, 6, 9, 21, 26, 31, 34, 42, 48, 50]
RKP_00100_00100_3_05.txt|220.0|0.08080670000000012|[1, 2, 3, 7, 12, 15, 22, 25, 26, 52, 70, 72]
RKP_00100_00100_3_06.txt|230.0|0.08129480000000022|[3, 6, 8, 11, 16, 19, 27, 28, 31, 40, 66, 74, 95]
RKP_00100_00100_3_07.txt|210.0|0.07876890000000003|[2, 4, 6, 12, 14, 27, 50, 67, 72, 83, 88]
RKP_00100_00100_3_08.txt|220.0|0.0858604999999999|[1, 2, 3, 7, 9, 11, 12, 15, 18, 33, 58, 62]
RKP_00100_00100_3_09.txt|196.0|0.08026020000000011|[1, 3, 5, 8, 32, 35, 44, 48, 57, 89]
RKP_00100_00100_3_10.txt|248.0|0.06822790000000012|[1, 5, 20, 34, 45, 46, 47, 54, 60, 61, 62, 66, 67, 69, 93]
RKP_00100_00100_4_01.txt|100.0|0.05601009999999995|[97]
RKP_00100_00100_4_02.txt|100.0|0.05687299999999995|[88]
RKP_00100_00100_4_03.txt|100.0|0.056931399999999854|[84]
RKP_00100_00100_4_04.txt|100.0|0.053877799999999976|[95]
RKP_00100_00100_4_05.txt|100.0|0.05579679999999998|[87]
RKP_00100_00100_4_06.txt|98.0|0.055137599999999676|[93]
RKP_00100_00100_4_07.txt|98.0|0.054734700000000025|[98]
RKP_00100_00100_4_08.txt|100.0|0.05369630000000036|[97]
RKP_00100_00100_4_09.txt|99.0|0.05720839999999994|[89]
RKP_00100_00100_4_10.txt|98.0|0.05759409999999976|[88]
RKP_00100_00100_5_01.txt|100.0|0.05793120000000007|[1, 94]
RKP_00100_00100_5_02.txt|100.0|0.06495190000000006|[1, 42, 91]
RKP_00100_00100_5_03.txt|100.0|0.05668629999999997|[1, 87]
RKP_00100_00100_5_04.txt|100.0|0.055655300000000185|[94]
RKP_00100_00100_5_05.txt|100.0|0.05752190000000024|[1, 96]
RKP_00100_00100_5_06.txt|100.0|0.05559840000000005|[96]
RKP_00100_00100_5_07.txt|100.0|0.057647799999999805|[1, 95]
RKP_00100_00100_5_08.txt|100.0|0.056853000000000264|[10, 89]
RKP_00100_00100_5_09.txt|100.0|0.05747640000000054|[18, 24, 25, 26, 38]
RKP_00100_00100_5_10.txt|100.0|0.05646800000000063|[1, 6, 84]
RKP_00500_00100_1_01.txt|1601.0|0.13611960000000067|[3, 4, 6, 17, 25, 27, 38, 40, 63, 75, 120, 131, 140, 148, 158, 211, 222, 269, 274, 280, 284, 304, 500]
RKP_00500_00100_1_02.txt|1503.0|0.12260709999999975|[4, 13, 14, 30, 77, 87, 88, 89, 102, 109, 132, 170, 175, 205, 288, 289, 325, 351, 375, 388, 394, 433]
RKP_00500_00100_1_03.txt|1335.0|0.12509290000000028|[1, 5, 11, 15, 16, 20, 30, 32, 40, 111, 113, 123, 139, 140, 147, 158, 164, 227, 228, 326, 477, 496]
RKP_00500_00100_1_04.txt|1590.0|0.12711570000000005|[5, 11, 41, 48, 59, 61, 62, 64, 65, 93, 121, 151, 156, 197, 245, 254, 258, 315, 359, 467]
RKP_00500_00100_1_05.txt|1686.0|0.11380229999999969|[2, 5, 6, 10, 11, 13, 17, 18, 23, 24, 26, 60, 72, 76, 104, 116, 136, 192, 203, 215, 292, 320, 363, 402]
RKP_00500_00100_1_06.txt|1963.0|0.12123729999999977|[2, 3, 4, 5, 13, 22, 30, 34, 35, 50, 52, 53, 55, 83, 89, 131, 165, 182, 189, 190, 211, 225, 230, 240, 244, 353, 411, 490]
RKP_00500_00100_1_07.txt|1928.0|0.12099880000000063|[2, 4, 5, 16, 21, 22, 31, 40, 47, 49, 80, 89, 94, 97, 100, 126, 133, 147, 165, 192, 206, 257, 322, 410, 461, 469, 492]
RKP_00500_00100_1_08.txt|1680.0|0.12083400000000033|[1, 2, 3, 4, 10, 11, 16, 23, 29, 35, 63, 106, 122, 146, 149, 150, 156, 165, 185, 225, 258, 332, 378, 450]
RKP_00500_00100_1_09.txt|1491.0|0.08268699999999995|[1, 2, 11, 19, 27, 39, 48, 54, 56, 68, 77, 108, 148, 150, 151, 163, 210, 221, 257, 307, 324, 344, 496]
RKP_00500_00100_1_10.txt|1530.0|0.08611900000000006|[1, 4, 5, 6, 8, 14, 15, 30, 31, 33, 49, 59, 62, 75, 78, 84, 110, 162, 214, 234, 277, 342, 413]
RKP_00500_00100_2_01.txt|250.0|0.11875909999999923|[3, 11, 16, 32, 39, 40, 50, 60, 88, 100, 101, 102, 137, 148, 150, 168, 226, 259, 351, 441]
RKP_00500_00100_2_02.txt|243.0|0.09229920000000025|[4, 6, 10, 13, 21, 59, 65, 72, 97, 100, 112, 131, 141, 142, 156, 195, 299, 314, 336, 441]
RKP_00500_00100_2_03.txt|247.0|0.11905900000000003|[2, 3, 12, 13, 18, 21, 24, 31, 60, 64, 71, 100, 104, 107, 135, 142, 151, 154, 155, 164, 166, 318, 382, 436]
RKP_00500_00100_2_04.txt|239.0|0.11722110000000008|[7, 11, 14, 16, 19, 20, 22, 26, 38, 55, 58, 80, 105, 112, 125, 163, 204, 216, 306, 429]
RKP_00500_00100_2_05.txt|227.0|0.10805259999999972|[2, 4, 5, 10, 16, 25, 38, 48, 52, 77, 109, 125, 218, 260, 275, 294, 322, 417]
RKP_00500_00100_2_06.txt|235.0|0.09999329999999951|[1, 3, 5, 9, 15, 18, 24, 27, 35, 50, 53, 57, 70, 117, 150, 155, 203, 302]
RKP_00500_00100_2_07.txt|222.0|0.11276410000000059|[1, 3, 4, 5, 6, 9, 17, 67, 75, 83, 114, 129, 162, 226, 260, 292, 308, 452]
RKP_00500_00100_2_08.txt|208.0|0.11820140000000023|[1, 3, 6, 7, 15, 23, 42, 45, 87, 96, 123, 136, 184, 350, 384, 495]
RKP_00500_00100_2_09.txt|190.0|0.11194550000000003|[2, 3, 39, 52, 70, 72, 87, 108, 115, 176, 277, 304, 312, 335, 433]
RKP_00500_00100_2_10.txt|222.0|0.1126257000000006|[2, 9, 14, 19, 20, 21, 40, 46, 83, 116, 118, 154, 166, 216, 274, 372, 498]
RKP_00500_00100_3_01.txt|336.0|0.1002515000000006|[1, 2, 3, 5, 8, 11, 24, 31, 33, 38, 43, 64, 77, 96, 143, 158, 223, 225, 240, 248, 260, 344, 401, 462]
RKP_00500_00100_3_02.txt|400.0|0.10686519999999966|[3, 4, 5, 7, 20, 26, 32, 38, 39, 56, 64, 73, 103, 110, 111, 152, 160, 162, 167, 172, 179, 189, 195, 202, 203, 221, 235, 331, 336, 351]
RKP_00500_00100_3_03.txt|380.0|0.09961880000000001|[1, 5, 9, 11, 14, 22, 40, 43, 45, 52, 71, 74, 75, 93, 113, 123, 126, 139, 148, 191, 198, 258, 264, 266, 292, 351, 444, 454]
RKP_00500_00100_3_04.txt|390.0|0.10444380000000031|[1, 2, 8, 20, 24, 27, 31, 66, 72, 103, 104, 119, 125, 142, 146, 159, 163, 168, 209, 217, 278, 280, 282, 301, 312, 328, 345, 350, 453]
RKP_00500_00100_3_05.txt|410.0|0.09865670000000026|[1, 7, 8, 12, 30, 32, 33, 74, 84, 87, 102, 106, 108, 143, 189, 196, 199, 211, 225, 248, 252, 263, 294, 319, 340, 377, 381, 382, 392, 397, 417]
RKP_00500_00100_3_06.txt|343.0|0.11647780000000019|[1, 2, 4, 5, 11, 12, 16, 19, 24, 45, 52, 56, 68, 73, 90, 91, 137, 186, 189, 199, 204, 242, 283, 311, 433]
RKP_00500_00100_3_07.txt|330.0|0.10195099999999968|[1, 3, 4, 5, 17, 24, 33, 37, 69, 77, 99, 102, 111, 141, 157, 196, 216, 244, 287, 302, 326, 429, 430]
RKP_00500_00100_3_08.txt|430.0|0.10209759999999957|[1, 4, 5, 8, 14, 19, 25, 26, 31, 35, 49, 57, 58, 62, 63, 84, 90, 93, 114, 133, 144, 150, 159, 194, 214, 275, 280, 301, 302, 323, 451, 470, 484]
RKP_00500_00100_3_09.txt|388.0|0.07900479999999988|[1, 2, 3, 4, 12, 14, 24, 54, 58, 63, 70, 83, 104, 108, 115, 122, 136, 148, 154, 169, 171, 173, 208, 221, 231, 269, 294, 315, 347]
RKP_00500_00100_3_10.txt|380.0|0.11809329999999996|[1, 3, 7, 10, 13, 14, 18, 25, 28, 32, 33, 38, 40, 47, 57, 99, 153, 159, 165, 183, 189, 193, 282, 305, 322, 325, 388, 392]
RKP_00500_00100_4_01.txt|100.0|0.07300859999999965|[448]
RKP_00500_00100_4_02.txt|100.0|0.07358049999999938|[467]
RKP_00500_00100_4_03.txt|100.0|0.07377409999999962|[434]
RKP_00500_00100_4_04.txt|100.0|0.07332340000000048|[419]
RKP_00500_00100_4_05.txt|100.0|0.07342449999999978|[469]
RKP_00500_00100_4_06.txt|100.0|0.07373419999999964|[464]
RKP_00500_00100_4_07.txt|100.0|0.07332359999999927|[467]
RKP_00500_00100_4_08.txt|100.0|0.07290700000000072|[480]
RKP_00500_00100_4_09.txt|100.0|0.07474429999999899|[461]
RKP_00500_00100_4_10.txt|100.0|0.07321270000000091|[473]
RKP_00500_00100_5_01.txt|100.0|0.07694710000000171|[1, 90, 136, 219]
RKP_00500_00100_5_02.txt|100.0|0.0796475000000001|[53, 77, 104, 135, 136]
RKP_00500_00100_5_03.txt|100.0|0.07729179999999936|[1, 59, 155, 408]
RKP_00500_00100_5_04.txt|100.0|0.07534780000000119|[1, 476]
RKP_00500_00100_5_05.txt|100.0|0.07609129999999986|[1, 484]
RKP_00500_00100_5_06.txt|100.0|0.07712559999999868|[21, 25, 41, 88, 196, 231, 305]
RKP_00500_00100_5_07.txt|100.0|0.08616469999999943|[163, 192]
RKP_00500_00100_5_08.txt|100.0|0.07503510000000091|[129, 185, 188, 346]
RKP_00500_00100_5_09.txt|100.0|0.07671859999999953|[1, 486]
RKP_00500_00100_5_10.txt|100.0|0.07395110000000038|[1, 484]
RKP_01000_00100_1_01.txt|2141.0|0.16898579999999974|[2, 8, 10, 11, 13, 27, 36, 39, 40, 42, 47, 50, 51, 64, 67, 91, 97, 116, 123, 151, 222, 260, 261, 314, 376, 465, 531, 604, 606, 646]
RKP_01000_00100_1_02.txt|2054.0|0.15634560000000164|[1, 2, 8, 9, 16, 18, 30, 32, 38, 49, 50, 72, 81, 89, 171, 182, 195, 292, 294, 359, 486, 515, 519, 527, 557, 584, 599, 624, 694, 696, 754, 872]
RKP_01000_00100_1_03.txt|2051.0|0.15386159999999904|[1, 2, 3, 4, 16, 19, 32, 48, 50, 56, 65, 116, 128, 145, 172, 174, 182, 199, 326, 330, 366, 380, 483, 498, 535, 725, 754, 800, 813, 869]
RKP_01000_00100_1_04.txt|2362.0|0.16169490000000053|[1, 2, 3, 5, 6, 12, 14, 20, 44, 53, 63, 69, 75, 91, 151, 163, 165, 172, 184, 204, 247, 255, 266, 277, 283, 376, 429, 566, 592, 726, 732, 733, 857]
RKP_01000_00100_1_05.txt|2141.0|0.16905910000000013|[1, 16, 26, 29, 37, 39, 41, 49, 69, 74, 75, 82, 89, 121, 123, 151, 159, 188, 198, 207, 222, 299, 307, 553, 582, 635, 673, 696, 776, 865, 915]
RKP_01000_00100_1_06.txt|2356.0|0.18855109999999975|[1, 6, 8, 10, 33, 37, 38, 44, 52, 55, 58, 78, 99, 108, 117, 120, 168, 176, 177, 236, 242, 244, 255, 265, 283, 349, 383, 442, 546, 632, 645, 790, 993]
RKP_01000_00100_1_07.txt|2477.0|0.17324559999999956|[2, 7, 8, 12, 19, 37, 42, 49, 80, 86, 88, 90, 127, 128, 129, 130, 146, 170, 190, 204, 226, 342, 372, 382, 436, 440, 476, 484, 556, 627, 641, 778, 874]
RKP_01000_00100_1_08.txt|2197.0|0.21517560000000024|[1, 2, 4, 5, 6, 7, 10, 15, 22, 26, 48, 68, 80, 101, 111, 118, 145, 149, 183, 223, 242, 274, 278, 294, 303, 356, 366, 390, 421, 422, 716, 780, 922]
RKP_01000_00100_1_09.txt|2118.0|0.18308829999999965|[1, 14, 15, 17, 27, 31, 32, 36, 39, 48, 103, 108, 168, 170, 196, 213, 262, 290, 405, 409, 427, 489, 513, 579, 672, 691, 782, 898, 925, 942]
RKP_01000_00100_1_10.txt|2404.0|0.16223210000000066|[1, 4, 8, 11, 19, 30, 37, 43, 50, 55, 76, 104, 111, 159, 188, 198, 221, 253, 295, 331, 399, 439, 466, 480, 491, 534, 618, 663, 669, 748, 754, 785, 805, 813, 968]
RKP_01000_00100_2_01.txt|266.0|0.1500969000000012|[3, 7, 12, 13, 21, 24, 33, 41, 47, 73, 76, 111, 185, 209, 252, 253, 264, 366, 374, 380, 470, 614, 690]
RKP_01000_00100_2_02.txt|252.0|0.112406|[3, 8, 63, 73, 84, 129, 166, 179, 183, 202, 213, 357, 375, 376, 385, 397, 410, 580, 583, 625, 782, 954]
RKP_01000_00100_2_03.txt|299.0|0.15108259999999873|[5, 13, 33, 55, 58, 64, 81, 84, 87, 97, 123, 124, 141, 171, 186, 187, 256, 282, 335, 340, 347, 404, 416, 417, 746, 854]
RKP_01000_00100_2_04.txt|262.0|0.11765049999999988|[8, 21, 35, 37, 60, 74, 94, 123, 130, 147, 150, 158, 184, 207, 244, 332, 428, 443, 698, 782]
RKP_01000_00100_2_05.txt|250.0|0.14755189999999985|[2, 5, 7, 11, 12, 26, 73, 84, 98, 152, 222, 236, 255, 293, 299, 351, 380, 409, 420, 462, 501, 512, 742, 823, 846]
RKP_01000_00100_2_06.txt|297.0|0.14724640000000022|[1, 6, 8, 9, 16, 48, 52, 115, 122, 138, 152, 154, 185, 187, 233, 259, 289, 290, 322, 383, 399, 602, 634, 647, 805, 827, 858, 876, 894]
RKP_01000_00100_2_07.txt|273.0|0.12423249999999975|[1, 2, 3, 7, 20, 61, 81, 173, 208, 284, 305, 337, 396, 433, 444, 457, 480, 520, 531, 682, 731, 783, 796, 821, 950]
RKP_01000_00100_2_08.txt|302.0|0.12729700000000044|[1, 3, 9, 10, 11, 16, 21, 26, 39, 41, 44, 49, 121, 129, 131, 175, 223, 228, 250, 278, 294, 406, 549, 573, 609, 661, 862]
RKP_01000_00100_2_09.txt|276.0|0.11338369999999998|[6, 9, 13, 18, 25, 30, 31, 118, 127, 176, 191, 205, 225, 235, 348, 382, 417, 436, 470, 573, 651, 656, 904, 982]
RKP_01000_00100_2_10.txt|287.0|0.12696180000000012|[1, 4, 5, 15, 30, 56, 58, 89, 122, 163, 164, 184, 191, 252, 273, 282, 309, 314, 402, 412, 443, 521, 548, 564, 579, 700, 710, 755]
RKP_01000_00100_3_01.txt|496.0|0.12758230000000026|[1, 2, 11, 21, 22, 32, 49, 51, 55, 65, 69, 77, 83, 94, 119, 133, 157, 208, 240, 249, 294, 322, 326, 337, 340, 441, 456, 464, 537, 565, 567, 605, 659, 704, 740, 763, 795, 857, 959, 962]
RKP_01000_00100_3_02.txt|480.0|0.13296859999999988|[1, 2, 3, 7, 9, 16, 18, 19, 24, 25, 37, 56, 69, 70, 79, 94, 120, 126, 137, 138, 176, 178, 216, 286, 295, 300, 318, 377, 381, 386, 533, 567, 576, 586, 600, 644, 654, 891]
RKP_01000_00100_3_03.txt|498.0|0.12420369999999892|[3, 13, 17, 22, 31, 44, 46, 54, 62, 84, 89, 93, 99, 142, 143, 170, 175, 180, 181, 204, 222, 256, 270, 321, 325, 378, 382, 392, 431, 443, 448, 530, 580, 625, 652, 692, 797, 822, 836, 994]
RKP_01000_00100_3_04.txt|500.0|0.12444660000000063|[1, 2, 3, 4, 5, 9, 10, 12, 15, 16, 29, 31, 41, 42, 44, 62, 65, 83, 119, 142, 149, 161, 232, 235, 274, 277, 293, 305, 389, 433, 449, 480, 550, 558, 579, 639, 645, 657, 740, 786]
RKP_01000_00100_3_05.txt|428.0|0.12569039999999987|[1, 2, 5, 21, 23, 24, 29, 31, 37, 46, 50, 57, 76, 86, 100, 108, 128, 141, 144, 151, 163, 183, 192, 246, 308, 315, 460, 480, 630, 661, 674, 876, 910]
RKP_01000_00100_3_06.txt|460.0|0.1499725999999999|[1, 4, 5, 6, 7, 13, 14, 15, 16, 18, 22, 25, 28, 36, 37, 63, 66, 71, 112, 129, 153, 204, 207, 217, 224, 239, 242, 249, 250, 278, 330, 347, 471, 543, 886, 970]
RKP_01000_00100_3_07.txt|510.0|0.13969699999999996|[1, 2, 5, 8, 12, 16, 20, 23, 27, 31, 34, 38, 53, 62, 112, 124, 129, 131, 161, 169, 190, 204, 231, 282, 337, 342, 354, 402, 407, 410, 433, 483, 591, 605, 695, 750, 822, 828, 867, 888, 942]
RKP_01000_00100_3_08.txt|450.0|0.09917689999999979|[1, 2, 7, 9, 11, 33, 35, 53, 71, 74, 89, 97, 118, 129, 130, 131, 145, 152, 154, 179, 198, 233, 252, 257, 266, 292, 303, 340, 342, 472, 591, 636, 655, 703, 883]
RKP_01000_00100_3_09.txt|440.0|0.1086317999999995|[1, 2, 3, 4, 6, 9, 16, 17, 23, 26, 36, 47, 48, 77, 126, 127, 141, 185, 202, 211, 216, 257, 318, 403, 446, 471, 480, 578, 647, 758, 824, 825, 871, 885]
RKP_01000_00100_3_10.txt|480.0|0.12487169999999992|[1, 3, 5, 10, 12, 16, 18, 22, 26, 35, 37, 56, 61, 72, 90, 103, 104, 106, 122, 156, 169, 187, 227, 245, 247, 264, 319, 431, 439, 467, 524, 566, 632, 677, 687, 764, 799, 964]
RKP_01000_00100_4_01.txt|100.0|0.0941787000000005|[866]
RKP_01000_00100_4_02.txt|100.0|0.10066979999999859|[858]
RKP_01000_00100_4_03.txt|100.0|0.10382660000000143|[856]
RKP_01000_00100_4_04.txt|100.0|0.09784020000000027|[838]
RKP_01000_00100_4_05.txt|100.0|0.09534249999999922|[851]
RKP_01000_00100_4_06.txt|100.0|0.09522429999999993|[878]
RKP_01000_00100_4_07.txt|100.0|0.09532030000000091|[887]
RKP_01000_00100_4_08.txt|100.0|0.09539849999999994|[847]
RKP_01000_00100_4_09.txt|100.0|0.09517709999999902|[877]
RKP_01000_00100_4_10.txt|100.0|0.09607220000000005|[843]
RKP_01000_00100_5_01.txt|100.0|0.0984183999999999|[159, 169, 220, 824]
RKP_01000_00100_5_02.txt|100.0|0.09872579999999864|[2, 14, 107, 190, 804]
RKP_01000_00100_5_03.txt|100.0|0.09921070000000043|[2, 68, 118, 120, 299, 416, 802]
RKP_01000_00100_5_04.txt|100.0|0.1299343000000004|[11, 14, 46, 83, 103, 113, 196, 304, 368, 417]
RKP_01000_00100_5_05.txt|100.0|0.0976303999999999|[109, 175, 795]
RKP_01000_00100_5_06.txt|100.0|0.09978420000000021|[46, 93, 138, 246, 344, 345]
RKP_01000_00100_5_07.txt|100.0|0.09822569999999864|[36, 105, 108, 215, 391, 749]
RKP_01000_00100_5_08.txt|100.0|0.1005059000000017|[3, 7, 29, 108, 113, 115, 280, 285, 432, 462, 491, 675, 765]
RKP_01000_00100_5_09.txt|100.0|0.09748210000000057|[11, 27, 42, 106, 135, 307, 863, 867]
RKP_01000_00100_5_10.txt|100.0|0.10267509999999902|[87, 105, 113, 343, 363, 696]
RKP_05000_00100_1_01.txt|4717.0|0.4959637000000008|[1, 3, 4, 5, 7, 8, 9, 13, 16, 20, 21, 22, 24, 31, 49, 51, 59, 89, 99, 115, 150, 155, 213, 302, 343, 363, 465, 540, 553, 589, 642, 801, 904, 1021, 1181, 1207, 1268, 1275, 1277, 1366, 1373, 1406, 1482, 1485, 1568, 1700, 1723, 1731, 1839, 2003, 2091, 2106, 2398, 2478, 2505, 2548, 2556, 2692, 3411, 3645, 3733, 4536, 4545]
RKP_05000_00100_1_02.txt|4588.0|0.48641319999999943|[1, 2, 18, 28, 31, 42, 51, 57, 60, 75, 130, 135, 151, 171, 174, 235, 262, 275, 277, 301, 304, 338, 347, 350, 357, 374, 420, 437, 448, 463, 501, 601, 716, 794, 892, 1201, 1210, 1432, 1557, 1585, 1720, 1821, 1908, 1929, 2056, 2337, 2669, 2809, 2939, 3013, 3107, 3158, 3415, 3648, 4066, 4071, 4311, 4339, 4439, 4651]
RKP_05000_00100_1_03.txt|4548.0|0.6031997000000011|[1, 2, 5, 6, 7, 10, 22, 26, 27, 52, 81, 114, 136, 156, 193, 203, 207, 219, 304, 326, 350, 591, 612, 656, 793, 929, 961, 1020, 1035, 1044, 1066, 1069, 1154, 1171, 1237, 1283, 1355, 1363, 1417, 1550, 1588, 1634, 1880, 2382, 2442, 2646, 2797, 2992, 3005, 3036, 3261, 3382, 3471, 3686, 3801, 4053, 4396, 4436, 4798]
RKP_05000_00100_1_04.txt|4360.0|0.45161249999999953|[2, 7, 9, 16, 20, 38, 41, 69, 78, 104, 131, 135, 147, 205, 233, 378, 416, 444, 455, 557, 579, 651, 713, 792, 795, 868, 898, 936, 1048, 1173, 1367, 1521, 1527, 1633, 1675, 1814, 1931, 2030, 2255, 2304, 2528, 2565, 2594, 2831, 2859, 2934, 3006, 3053, 3064, 3085, 3198, 3225, 3336, 3338, 3474, 3484, 3503, 3605, 3644, 3703, 4248, 4280, 4320, 4470, 4914]
RKP_05000_00100_1_05.txt|4152.0|0.5389784999999989|[2, 4, 5, 8, 14, 16, 20, 23, 33, 38, 44, 53, 60, 64, 81, 92, 96, 101, 106, 119, 230, 270, 288, 306, 317, 356, 386, 427, 507, 527, 541, 542, 608, 644, 660, 667, 907, 977, 1024, 1169, 1249, 1309, 1432, 1510, 1759, 2447, 2537, 2549, 2850, 2922, 2995, 3160, 3454, 4002, 4179, 4251, 4588, 4969]
RKP_05000_00100_1_06.txt|4340.0|0.5078519000000021|[2, 3, 7, 8, 11, 14, 18, 21, 25, 41, 44, 45, 55, 62, 71, 73, 108, 111, 115, 122, 131, 133, 139, 147, 152, 208, 219, 329, 377, 435, 457, 569, 645, 652, 701, 745, 747, 807, 860, 866, 896, 912, 920, 1031, 1259, 1279, 1512, 1542, 1606, 1799, 2510, 2608, 2842, 3167, 3239, 3571, 3825, 4655]
RKP_05000_00100_1_07.txt|4816.0|0.5163189999999993|[1, 3, 4, 5, 11, 13, 30, 32, 35, 54, 55, 79, 90, 97, 118, 124, 155, 180, 188, 192, 204, 219, 244, 362, 451, 453, 457, 494, 582, 811, 876, 880, 930, 931, 991, 1149, 1187, 1199, 1222, 1299, 1401, 1437, 1674, 1758, 1762, 1827, 2018, 2037, 2041, 2085, 2207, 2367, 2438, 2591, 2883, 3111, 3162, 3167, 3320, 3370, 3419, 3473, 3484, 3566, 4252, 4639]
RKP_05000_00100_1_08.txt|4420.0|0.5503348999999993|[1, 6, 29, 48, 52, 54, 72, 82, 120, 137, 148, 154, 183, 186, 234, 260, 264, 266, 275, 276, 300, 341, 345, 441, 502, 538, 687, 739, 779, 816, 820, 865, 906, 985, 1029, 1079, 1186, 1267, 1318, 1337, 1358, 1717, 1781, 1984, 2054, 2248, 2250, 2399, 2535, 2780, 2845, 2994, 3137, 3259, 3876, 3927, 4344, 4473, 4638, 4811, 4998]
RKP_05000_00100_1_09.txt|4178.0|0.5048782999999979|[2, 3, 6, 10, 30, 42, 43, 70, 74, 83, 90, 121, 190, 230, 270, 325, 329, 383, 423, 445, 447, 463, 533, 588, 619, 635, 747, 786, 796, 816, 853, 987, 1184, 1260, 1309, 1363, 1387, 1427, 1441, 1736, 1769, 1856, 2349, 2596, 2807, 2965, 3051, 3556, 3572, 3697, 3759, 4062, 4135, 4220, 4341, 4378, 4424]
RKP_05000_00100_1_10.txt|4582.0|0.46805439999999976|[2, 8, 13, 15, 20, 25, 26, 43, 48, 60, 83, 90, 111, 134, 143, 153, 176, 180, 189, 230, 304, 321, 352, 363, 385, 437, 445, 482, 484, 564, 629, 654, 662, 714, 780, 795, 805, 930, 952, 956, 1091, 1221, 1342, 1350, 1395, 1517, 1804, 2028, 2061, 2120, 2462, 2616, 2958, 3065, 3086, 3176, 3373, 3734, 4185, 4369, 4572, 4883]
RKP_05000_00100_2_01.txt|435.0|0.410362199999998|[5, 25, 40, 44, 68, 110, 142, 144, 148, 220, 246, 315, 540, 551, 626, 648, 848, 868, 1057, 1078, 1187, 1238, 1292, 1647, 1715, 1741, 1835, 2019, 2120, 2210, 2218, 2295, 2367, 2729, 2735, 2913, 2948, 3020, 3573, 4039, 4620, 4675]
RKP_05000_00100_2_02.txt|480.0|0.36482600000000076|[3, 4, 8, 10, 14, 15, 22, 29, 35, 73, 101, 103, 152, 242, 292, 298, 407, 455, 532, 536, 556, 578, 656, 677, 763, 778, 871, 1014, 1194, 1493, 1714, 1770, 1793, 1800, 1838, 2263, 2320, 2360, 2412, 2437, 2439, 2501, 2707, 2992, 3004, 3178, 3238, 3612, 3654, 3848, 4063, 4347, 4384]
RKP_05000_00100_2_03.txt|478.0|0.3747062999999997|[1, 4, 5, 6, 9, 17, 22, 39, 82, 113, 185, 202, 242, 260, 314, 388, 442, 543, 592, 710, 711, 769, 798, 826, 839, 842, 895, 1122, 1184, 1234, 1332, 1463, 1469, 1749, 1867, 1925, 2550, 2844, 2973, 3166, 3332, 3625, 3890, 3969, 4028, 4206, 4547, 4655, 4806, 4989]
RKP_05000_00100_2_04.txt|457.0|0.39356859999999827|[1, 5, 12, 35, 45, 54, 67, 72, 87, 99, 109, 156, 168, 225, 283, 291, 325, 355, 387, 483, 491, 506, 637, 674, 687, 752, 840, 917, 950, 1107, 1139, 1565, 1566, 1633, 1671, 1864, 2042, 2052, 2100, 2126, 2299, 3028, 3108, 3153, 3585, 3838, 4139]
RKP_05000_00100_2_05.txt|481.0|0.4065574000000005|[5, 22, 29, 52, 69, 99, 167, 355, 366, 370, 413, 426, 434, 452, 522, 612, 693, 752, 797, 829, 879, 942, 984, 991, 1029, 1076, 1224, 1654, 1741, 1823, 2083, 2206, 2208, 2261, 2332, 2365, 2545, 2614, 2785, 2815, 3226, 3238, 3241, 3383, 3406, 3555, 3573, 3758]
RKP_05000_00100_2_06.txt|457.0|0.46529259999999795|[3, 6, 8, 23, 62, 129, 135, 182, 210, 222, 324, 326, 356, 369, 374, 437, 466, 502, 602, 639, 758, 816, 853, 926, 1025, 1109, 1208, 1288, 1383, 1433, 1581, 1688, 2039, 2040, 2044, 2075, 2118, 2148, 2322, 2408, 2453, 2974, 3081, 3347, 3682, 4405, 4478]
RKP_05000_00100_2_07.txt|469.0|0.40309230000000085|[1, 2, 3, 7, 15, 43, 49, 55, 58, 71, 79, 103, 105, 141, 169, 177, 194, 235, 244, 260, 261, 333, 373, 396, 429, 516, 595, 649, 689, 744, 938, 1063, 1103, 1601, 1949, 2108, 2164, 2246, 2323, 2332, 2419, 2528, 2641, 2751, 3229, 3866, 4183, 4327, 4507]
RKP_05000_00100_2_08.txt|444.0|0.41135399999999933|[1, 2, 7, 9, 11, 14, 15, 23, 24, 25, 41, 48, 79, 94, 98, 99, 152, 199, 342, 367, 464, 524, 560, 621, 636, 671, 672, 735, 792, 953, 967, 1204, 1273, 1330, 1387, 1415, 1492, 1617, 1638, 1700, 2399, 2584, 2915, 3246, 3365, 3421, 3696, 4332, 4543, 4658]
RKP_05000_00100_2_09.txt|488.0|0.4140178999999975|[5, 6, 15, 18, 20, 61, 75, 88, 112, 142, 151, 218, 238, 293, 294, 315, 355, 362, 392, 678, 747, 755, 796, 846, 955, 1008, 1149, 1203, 1331, 1335, 1338, 1397, 1617, 1679, 1818, 1873, 2179, 2196, 2213, 2318, 2352, 2365, 2520, 2692, 2953, 3113, 3441, 3890, 4070, 4171, 4778]
RKP_05000_00100_2_10.txt|444.0|0.3892518999999979|[19, 48, 66, 72, 74, 78, 113, 120, 123, 136, 163, 210, 253, 275, 291, 302, 305, 315, 373, 387, 477, 502, 660, 918, 935, 1253, 1313, 1459, 1547, 1773, 1932, 2022, 2133, 2283, 2318, 2345, 2435, 2456, 2755, 2802, 3005, 3123, 3300, 3321, 4424]
RKP_05000_00100_3_01.txt|800.0|0.33107479999999967|[1, 3, 4, 5, 8, 10, 11, 18, 26, 28, 44, 48, 58, 67, 69, 97, 104, 118, 135, 145, 224, 231, 279, 288, 312, 322, 334, 345, 349, 361, 383, 413, 465, 471, 530, 534, 558, 610, 661, 692, 900, 948, 995, 1006, 1037, 1096, 1187, 1192, 1232, 1272, 1636, 1702, 1725, 1733, 1751, 1768, 2039, 2090, 2321, 2608, 3252, 3272, 3292, 3674, 3675, 3683, 4057, 4195, 4471, 4835]
RKP_05000_00100_3_02.txt|880.0|0.3522356999999978|[1, 3, 11, 19, 22, 31, 36, 38, 55, 93, 94, 97, 98, 132, 135, 145, 148, 167, 175, 203, 219, 242, 254, 272, 280, 301, 304, 312, 313, 330, 351, 356, 373, 392, 415, 434, 472, 542, 776, 796, 856, 879, 973, 989, 993, 1047, 1092, 1093, 1119, 1147, 1271, 1322, 1335, 1353, 1664, 1834, 2337, 2362, 2367, 2409, 2674, 2689, 2722, 2762, 2772, 2848, 2861, 3287, 3318, 3344, 3615, 3645, 4055, 4114, 4233, 4432, 4494, 4912]
RKP_05000_00100_3_03.txt|860.0|0.3233768000000019|[1, 3, 6, 18, 20, 21, 24, 27, 42, 52, 73, 76, 86, 96, 129, 140, 155, 156, 159, 165, 191, 205, 258, 283, 341, 387, 397, 403, 520, 656, 690, 698, 714, 894, 909, 914, 945, 963, 977, 996, 1051, 1058, 1109, 1175, 1226, 1256, 1305, 1347, 1409, 1459, 1558, 1571, 1672, 1712, 1732, 1847, 1890, 1941, 2079, 2659, 2676, 2793, 2858, 2962, 2984, 2989, 3115, 3663, 4111, 4254, 4440, 4520, 4528, 4547, 4563, 4874]
RKP_05000_00100_3_04.txt|860.0|0.320347899999998|[1, 2, 5, 9, 11, 15, 16, 47, 48, 56, 59, 72, 99, 100, 118, 130, 232, 282, 298, 309, 318, 320, 325, 335, 364, 365, 375, 377, 446, 473, 578, 607, 648, 688, 708, 759, 769, 770, 808, 819, 898, 984, 995, 1024, 1182, 1193, 1227, 1264, 1283, 1338, 1348, 1380, 1570, 1739, 1757, 1758, 1905, 2156, 2231, 2274, 2340, 2386, 2433, 2600, 2634, 2764, 2810, 2992, 3111, 3384, 3399, 3639, 3851, 4136, 4679, 4996]
RKP_05000_00100_3_05.txt|740.0|0.37926880000000196|[7, 24, 32, 47, 52, 76, 79, 81, 109, 113, 122, 147, 206, 220, 230, 238, 292, 295, 304, 345, 435, 448, 480, 485, 542, 563, 573, 583, 588, 590, 614, 638, 669, 891, 905, 909, 936, 950, 973, 1088, 1259, 1529, 1760, 1764, 1810, 1858, 2040, 2337, 2456, 2596, 2837, 2859, 2877, 2928, 3114, 3135, 4063, 4073, 4110, 4118, 4182, 4207, 4398, 4423]
RKP_05000_00100_3_06.txt|830.0|0.3472691999999995|[1, 2, 4, 5, 10, 12, 15, 24, 25, 26, 27, 29, 32, 35, 45, 58, 68, 79, 80, 82, 86, 103, 108, 121, 157, 179, 181, 203, 221, 270, 352, 413, 440, 452, 492, 551, 564, 588, 638, 683, 700, 755, 775, 796, 838, 899, 956, 1046, 1130, 1148, 1347, 1366, 1376, 1474, 1477, 1657, 1735, 1854, 1860, 1884, 2159, 2205, 2299, 2457, 2528, 2535, 2889, 2978, 3082, 3112, 3434, 3943, 4211]
RKP_05000_00100_3_07.txt|850.0|0.34773030000000205|[1, 2, 10, 14, 16, 18, 20, 29, 30, 32, 77, 85, 93, 98, 114, 119, 130, 166, 167, 169, 178, 206, 222, 304, 356, 362, 372, 416, 485, 495, 500, 507, 523, 526, 549, 550, 566, 570, 607, 699, 719, 729, 750, 817, 876, 883, 890, 894, 980, 1030, 1095, 1109, 1116, 1411, 1453, 1577, 1833, 1892, 1960, 2113, 2232, 2510, 2528, 2632, 2667, 2869, 3232, 3416, 3509, 3596, 3653, 4038, 4083, 4185, 4835]
RKP_05000_00100_3_08.txt|880.0|0.3454778999999988|[5, 6, 13, 17, 28, 36, 47, 89, 92, 97, 99, 101, 108, 115, 124, 129, 161, 169, 215, 227, 296, 309, 328, 343, 346, 382, 428, 491, 557, 563, 572, 611, 645, 888, 925, 969, 1017, 1028, 1047, 1076, 1208, 1228, 1238, 1240, 1244, 1355, 1414, 1458, 1502, 1517, 1589, 1666, 1747, 1802, 1973, 2084, 2091, 2154, 2276, 2363, 2430, 2465, 2572, 2702, 3001, 3330, 3335, 3410, 3642, 3689, 3716, 3821, 4062, 4178, 4225, 4353, 4604, 4735]
RKP_05000_00100_3_09.txt|870.0|0.3159122000000032|[2, 4, 8, 10, 24, 40, 55, 57, 63, 78, 94, 101, 111, 137, 154, 205, 217, 229, 262, 271, 355, 409, 447, 466, 579, 585, 600, 610, 636, 662, 696, 789, 827, 839, 981, 986, 1067, 1074, 1161, 1163, 1210, 1328, 1532, 1558, 1683, 1715, 1913, 2032, 2033, 2048, 2227, 2372, 2453, 2579, 2595, 2609, 2618, 2846, 2862, 2897, 2925, 3120, 3127, 3500, 3562, 3603, 3727, 3830, 3987, 4097, 4348, 4609, 4677, 4681, 4813, 4902, 4948]
RKP_05000_00100_3_10.txt|830.0|0.3595745000000008|[5, 8, 21, 27, 30, 39, 52, 57, 63, 79, 109, 110, 113, 119, 138, 166, 173, 216, 227, 236, 252, 283, 336, 383, 438, 627, 659, 685, 775, 780, 787, 798, 860, 881, 933, 1040, 1046, 1132, 1166, 1259, 1426, 1430, 1457, 1463, 1547, 1639, 1688, 1928, 1938, 1946, 2107, 2181, 2195, 2235, 2244, 2280, 2312, 2477, 2567, 2583, 2720, 2929, 2988, 2990, 3361, 3415, 3506, 3869, 3877, 3997, 4448, 4628, 4783]
RKP_05000_00100_4_01.txt|100.0|0.3222909999999999|[4203]
RKP_05000_00100_4_02.txt|100.0|0.32333230000000057|[4283]
RKP_05000_00100_4_03.txt|100.0|0.35279239999999845|[4228]
RKP_05000_00100_4_04.txt|100.0|0.31346200000000124|[4218]
RKP_05000_00100_4_05.txt|100.0|0.3140338000000007|[4218]
RKP_05000_00100_4_06.txt|100.0|0.3498935000000003|[4203]
RKP_05000_00100_4_07.txt|100.0|0.31350619999999907|[4210]
RKP_05000_00100_4_08.txt|100.0|0.32312999999999903|[4203]
RKP_05000_00100_4_09.txt|100.0|0.3913776999999996|[4209]
RKP_05000_00100_4_10.txt|100.0|0.3467117000000002|[4995]
RKP_05000_00100_5_01.txt|100.0|0.3535712999999987|[42, 441, 451, 580, 944, 1006, 3295]
RKP_05000_00100_5_02.txt|100.0|0.3169518000000018|[297, 653, 1007, 1492]
RKP_05000_00100_5_03.txt|100.0|0.3263356000000037|[953, 1002, 2799, 2876]
RKP_05000_00100_5_04.txt|100.0|0.36276699999999806|[12, 781, 2967, 3019]
RKP_05000_00100_5_05.txt|100.0|0.3116059999999976|[74, 155, 178, 334, 422, 723, 1002, 1105, 4461]
RKP_05000_00100_5_06.txt|100.0|0.3191749999999942|[523, 1113, 1269, 1493]
RKP_05000_00100_5_07.txt|100.0|0.3595254999999966|[662, 1002, 4362]
RKP_05000_00100_5_08.txt|100.0|0.3273375999999999|[1002, 1239]
RKP_05000_00100_5_09.txt|100.0|0.3587587999999968|[963, 1002]
RKP_05000_00100_5_10.txt|100.0|0.34731370000000084|[92, 102, 574, 791, 933, 1027, 1038, 1395, 2785]
RKP_05000_01000_1_01.txt|56484.0|0.7048200999999992|[1, 2, 5, 8, 10, 13, 15, 16, 17, 18, 23, 30, 33, 35, 53, 59, 78, 82, 86, 96, 118, 151, 153, 164, 212, 226, 252, 328, 334, 368, 379, 399, 424, 491, 511, 551, 661, 684, 700, 732, 751, 778, 800, 866, 921, 969, 991, 1034, 1145, 1214, 1232, 1233, 1387, 1431, 1591, 1724, 1742, 1756, 1775, 1810, 1841, 1858, 1919, 1979, 2077, 2254, 2266, 2481, 2567, 2629, 2777, 2814, 2874, 3144, 3256, 3282, 3485, 3534, 3791, 3799, 4129, 4223, 4479, 4971]
RKP_05000_01000_1_02.txt|59430.0|0.7464287000000027|[1, 3, 7, 10, 22, 36, 39, 41, 65, 78, 84, 89, 96, 109, 155, 165, 207, 222, 235, 236, 282, 304, 337, 368, 406, 425, 464, 471, 506, 539, 588, 622, 646, 675, 694, 728, 772, 790, 837, 918, 928, 965, 988, 1055, 1205, 1261, 1277, 1329, 1337, 1343, 1403, 1414, 1455, 1590, 1604, 1677, 1860, 2011, 2041, 2093, 2120, 2198, 2229, 2379, 2594, 2727, 2745, 2769, 2800, 2825, 2973, 3095, 3349, 3565, 3585, 3628, 3668, 3795, 3875, 4489, 4961]
RKP_05000_01000_1_03.txt|55793.0|0.9079936999999987|[1, 3, 8, 13, 22, 24, 33, 60, 62, 67, 72, 76, 94, 114, 129, 135, 165, 174, 176, 192, 248, 272, 339, 441, 446, 479, 515, 533, 649, 810, 852, 875, 882, 933, 940, 988, 1006, 1027, 1039, 1146, 1150, 1219, 1339, 1364, 1384, 1415, 1475, 1478, 1483, 1534, 1605, 1614, 1719, 1815, 1822, 1854, 2016, 2080, 2110, 2125, 2161, 2201, 2314, 2468, 2471, 2682, 2688, 2848, 3194, 3232, 3276, 3392, 3682, 3835, 3920, 4104, 4191, 4193, 4216, 4283, 4640]
RKP_05000_01000_1_04.txt|56898.0|0.6925640999999985|[1, 2, 5, 6, 7, 8, 9, 10, 16, 17, 24, 25, 33, 35, 49, 50, 52, 61, 64, 71, 103, 105, 114, 132, 133, 135, 181, 189, 191, 223, 238, 270, 318, 395, 421, 465, 482, 498, 522, 533, 546, 594, 670, 687, 716, 724, 792, 794, 882, 886, 952, 1074, 1107, 1142, 1174, 1218, 1275, 1311, 1395, 1416, 1450, 1597, 1689, 1901, 2023, 2060, 2177, 2320, 2470, 2550, 2580, 2649, 2922, 2999, 3023, 3055, 3271, 3926, 4232, 4277, 4397, 4624, 4775]
RKP_05000_01000_1_05.txt|56620.0|0.7520981999999989|[2, 4, 5, 8, 9, 14, 16, 19, 27, 46, 48, 65, 67, 69, 73, 85, 91, 93, 94, 97, 119, 120, 130, 132, 168, 208, 231, 254, 259, 267, 279, 330, 339, 349, 352, 385, 430, 467, 580, 584, 592, 593, 651, 667, 711, 816, 838, 903, 943, 985, 1012, 1023, 1049, 1093, 1142, 1150, 1155, 1162, 1227, 1316, 1320, 1321, 1411, 1418, 1474, 1588, 1606, 1607, 1649, 2004, 2069, 2256, 2263, 2271, 2350, 2360, 2397, 2547, 2786, 2819, 2834, 3067, 3468, 4053, 4118, 4204, 4385]
RKP_05000_01000_1_06.txt|56109.0|0.7254695000000027|[2, 4, 6, 8, 9, 10, 13, 37, 42, 48, 51, 52, 80, 90, 107, 150, 157, 159, 163, 188, 192, 217, 224, 269, 288, 297, 336, 337, 343, 399, 429, 498, 503, 594, 601, 612, 616, 637, 646, 656, 684, 687, 691, 697, 721, 736, 894, 943, 998, 1002, 1062, 1097, 1145, 1192, 1242, 1305, 1368, 1494, 1511, 1530, 1662, 1689, 1720, 1879, 1916, 2012, 2050, 2168, 2195, 2442, 2483, 2517, 2633, 2857, 2861, 2865, 2925, 2967, 3076, 3109, 3846, 4183, 4196, 4603, 4793]
RKP_05000_01000_1_07.txt|51799.0|0.6652759999999986|[1, 2, 8, 15, 21, 23, 27, 38, 44, 46, 65, 77, 84, 91, 119, 130, 161, 188, 198, 204, 213, 226, 363, 386, 393, 421, 424, 453, 488, 522, 523, 568, 569, 577, 608, 616, 628, 637, 640, 651, 666, 731, 753, 848, 957, 993, 1047, 1052, 1175, 1178, 1359, 1378, 1449, 1489, 1605, 1645, 1659, 1666, 1697, 1741, 1764, 1865, 1904, 2001, 2087, 2145, 2245, 2537, 2593, 2669, 2984, 3438, 3455, 4009, 4078, 4242, 4471]
RKP_05000_01000_1_08.txt|52955.0|0.8258973000000012|[1, 7, 10, 15, 20, 24, 26, 29, 32, 39, 40, 43, 53, 66, 75, 79, 81, 89, 109, 115, 117, 118, 140, 151, 190, 207, 217, 235, 244, 257, 279, 389, 411, 419, 427, 430, 488, 527, 529, 531, 534, 548, 575, 651, 670, 738, 785, 849, 890, 892, 952, 1088, 1138, 1275, 1391, 1485, 1487, 1574, 2070, 2099, 2110, 2356, 2382, 2528, 2585, 2841, 3083, 3288, 3318, 3323, 3437, 3788, 3908, 3937, 4070, 4497]
RKP_05000_01000_1_09.txt|56659.0|0.7169421999999983|[1, 2, 3, 4, 6, 7, 8, 17, 18, 25, 27, 32, 39, 47, 49, 51, 73, 101, 104, 106, 128, 136, 153, 157, 163, 190, 191, 302, 342, 359, 364, 377, 390, 427, 451, 473, 562, 563, 684, 714, 844, 883, 996, 998, 1113, 1242, 1337, 1362, 1366, 1401, 1414, 1434, 1481, 1495, 1509, 1579, 1679, 1699, 1714, 1788, 1854, 2012, 2034, 2121, 2239, 2246, 2328, 2364, 2381, 2399, 2651, 2844, 2845, 3179, 3245, 3448, 3556, 3644, 3744, 3900, 3964, 4115]
RKP_05000_01000_1_10.txt|60450.0|0.7793514999999971|[1, 2, 4, 9, 11, 17, 28, 33, 38, 41, 43, 47, 49, 100, 103, 104, 124, 129, 180, 187, 193, 198, 212, 245, 255, 261, 286, 359, 384, 428, 461, 464, 472, 486, 495, 500, 528, 604, 634, 740, 785, 807, 813, 839, 844, 888, 1044, 1076, 1095, 1175, 1253, 1313, 1350, 1361, 1423, 1430, 1436, 1476, 1479, 1554, 1636, 1640, 1641, 1644, 1680, 1686, 1731, 1817, 1914, 2153, 2184, 2216, 2309, 2541, 2544, 2608, 2671, 2698, 2753, 2768, 2867, 3137, 3309, 3687, 3836, 4036, 4698]
RKP_05000_01000_2_01.txt|4460.0|1.011362499999997|[2, 7, 12, 22, 23, 28, 32, 38, 81, 88, 103, 115, 147, 153, 165, 176, 265, 309, 339, 352, 395, 413, 483, 541, 604, 687, 716, 761, 947, 951, 997, 1011, 1100, 1154, 1473, 1487, 1641, 1730, 1844, 2000, 2057, 2168, 2281, 2351, 2400, 2671, 3060, 3764, 3919, 4166, 4493, 4598]
RKP_05000_01000_2_02.txt|4611.0|0.948538499999998|[1, 2, 3, 20, 51, 62, 76, 78, 79, 88, 121, 126, 139, 166, 214, 279, 299, 311, 317, 338, 365, 379, 462, 471, 491, 545, 653, 667, 820, 862, 946, 964, 1045, 1049, 1068, 1159, 1189, 1284, 1294, 1503, 1577, 1693, 1739, 1812, 1856, 1964, 2213, 2308, 2419, 2515, 2581, 2682, 2933, 3342, 4977]
RKP_05000_01000_2_03.txt|4819.0|0.9767569999999992|[51, 63, 69, 86, 104, 106, 118, 131, 155, 171, 177, 217, 235, 286, 305, 308, 350, 375, 414, 465, 477, 518, 589, 655, 726, 858, 862, 1002, 1132, 1354, 1483, 1550, 1676, 1684, 1732, 1958, 2164, 2182, 2340, 2548, 2601, 2610, 2617, 2930, 3087, 3343, 3351, 3416, 3540, 3822, 3938, 4457, 4964]
RKP_05000_01000_2_04.txt|5128.0|1.0060281999999958|[3, 7, 17, 19, 22, 23, 51, 54, 57, 59, 63, 82, 84, 153, 183, 302, 348, 371, 473, 509, 545, 547, 557, 585, 662, 703, 758, 768, 916, 1065, 1086, 1100, 1136, 1209, 1210, 1319, 1398, 1412, 1539, 1672, 1740, 1799, 1906, 1989, 2237, 2242, 2245, 2249, 2408, 2508, 2518, 2928, 2989, 3498, 3530, 3872, 4236, 4424, 4454]
RKP_05000_01000_2_05.txt|4665.0|0.9663955999999985|[3, 4, 6, 8, 9, 12, 16, 23, 30, 33, 34, 43, 70, 80, 156, 187, 201, 204, 260, 273, 306, 324, 344, 360, 390, 420, 427, 453, 526, 734, 737, 775, 807, 876, 957, 1052, 1064, 1132, 1158, 1223, 1269, 1335, 1424, 1576, 1622, 1672, 1680, 1762, 1789, 1925, 2008, 2513, 2548, 3321, 4215, 4333, 4485]
RKP_05000_01000_2_06.txt|4945.0|1.0556767999999934|[1, 2, 10, 27, 30, 36, 59, 61, 63, 94, 105, 109, 138, 152, 154, 159, 184, 242, 252, 282, 328, 336, 344, 386, 464, 473, 481, 670, 672, 683, 707, 714, 739, 862, 900, 925, 1064, 1134, 1317, 1369, 1477, 1569, 1746, 1852, 1896, 1898, 1933, 1948, 1991, 2201, 2282, 2287, 2446, 2476, 2484, 2638, 2690, 4131, 4545, 4951]
RKP_05000_01000_2_07.txt|5061.0|0.9681983999999986|[1, 5, 10, 11, 12, 44, 105, 157, 207, 212, 228, 238, 257, 294, 368, 387, 516, 751, 759, 771, 772, 909, 997, 1139, 1231, 1265, 1425, 1437, 1461, 1593, 1625, 1643, 1702, 1811, 1886, 1902, 1935, 1945, 1976, 2206, 2233, 2241, 2282, 2341, 2446, 2461, 2608, 2843, 2864, 3085, 3129, 3147, 3196, 3275, 3507, 3882, 3974, 4279, 4453, 4495]
RKP_05000_01000_2_08.txt|4804.999999999923|1.038960000000003|[4, 6, 14, 17, 38, 44, 59, 78, 108, 114, 137, 174, 200, 201, 213, 236, 264, 278, 298, 312, 371, 385, 397, 473, 580, 634, 660, 677, 720, 747, 823, 846, 901, 955, 972, 1016, 1067, 1114, 1156, 1184, 1256, 1499, 1783, 1802, 1865, 1924, 2133, 2399, 2683, 2809, 2941, 3148, 3191, 3385, 3623, 3857, 4129]
RKP_05000_01000_2_09.txt|4796.0|1.0343362999999997|[2, 3, 4, 10, 13, 15, 22, 25, 36, 44, 63, 73, 77, 116, 118, 128, 130, 175, 247, 377, 379, 408, 536, 561, 579, 677, 784, 821, 897, 935, 997, 1132, 1226, 1259, 1428, 1556, 1583, 1587, 1627, 1786, 1967, 1992, 2005, 2094, 2140, 2317, 2637, 2789, 2887, 3113, 3297, 3478, 3583, 3974, 4669]
RKP_05000_01000_2_10.txt|4473.0|1.0049708000000024|[9, 15, 18, 19, 25, 29, 74, 82, 95, 99, 137, 149, 191, 206, 227, 294, 305, 337, 351, 420, 555, 587, 749, 880, 922, 941, 1011, 1049, 1176, 1303, 1416, 1491, 1494, 1502, 1523, 1619, 1686, 1745, 1858, 2034, 2318, 2452, 2998, 3163, 3584, 3674, 3712, 3887, 4015, 4057, 4084, 4267, 4809]
RKP_05000_01000_3_01.txt|9896.0|0.4676627999999994|[1, 2, 9, 12, 15, 16, 21, 23, 34, 37, 40, 45, 46, 47, 53, 60, 72, 77, 87, 97, 108, 109, 112, 119, 132, 150, 176, 193, 207, 237, 241, 276, 284, 305, 372, 384, 387, 398, 400, 455, 539, 550, 553, 560, 562, 567, 604, 623, 632, 688, 728, 749, 757, 917, 951, 996, 1038, 1047, 1081, 1087, 1139, 1190, 1198, 1365, 1369, 1382, 1600, 1615, 1698, 1779, 1894, 1923, 1958, 2056, 2178, 2241, 2250, 2416, 2461, 2748, 2783, 2851, 2874, 3246, 3421, 3591, 3683, 4101, 4452]
RKP_05000_01000_3_02.txt|10275.0|0.5145032|[1, 4, 13, 25, 28, 38, 39, 40, 55, 60, 66, 68, 71, 90, 107, 111, 116, 129, 130, 140, 169, 209, 214, 230, 235, 295, 303, 304, 305, 345, 379, 425, 436, 445, 446, 448, 542, 562, 595, 609, 624, 718, 730, 801, 849, 878, 883, 892, 931, 953, 1020, 1022, 1041, 1046, 1083, 1087, 1117, 1161, 1174, 1193, 1240, 1243, 1486, 1488, 1499, 1885, 1908, 2067, 2080, 2113, 2136, 2215, 2330, 2425, 2565, 2704, 2772, 2808, 2853, 2933, 2953, 2978, 2989, 2998, 3041, 3308, 3393, 3750, 3832, 4134, 4419, 4507, 4719]
RKP_05000_01000_3_03.txt|10993.0|0.4624606|[1, 2, 3, 4, 5, 6, 11, 26, 36, 38, 97, 115, 127, 129, 153, 156, 158, 163, 190, 199, 200, 214, 215, 221, 239, 246, 286, 308, 330, 339, 360, 377, 399, 452, 465, 480, 544, 568, 609, 621, 652, 669, 709, 710, 763, 765, 770, 794, 839, 879, 881, 896, 907, 952, 975, 989, 1041, 1082, 1157, 1164, 1169, 1222, 1465, 1498, 1523, 1533, 1559, 1597, 1605, 1663, 1733, 1926, 2034, 2087, 2202, 2298, 2319, 2386, 2439, 2529, 2901, 2957, 3166, 3239, 3273, 3477, 3545, 3697, 3910, 3928, 4041, 4084, 4149, 4215, 4329, 4338, 4529, 4671, 4695, 4813]
RKP_05000_01000_3_04.txt|10887.0|0.4575130999999999|[1, 4, 6, 7, 9, 13, 15, 17, 25, 27, 29, 45, 58, 63, 70, 82, 94, 111, 132, 142, 175, 198, 205, 206, 225, 258, 261, 263, 277, 306, 321, 337, 360, 362, 400, 448, 472, 495, 548, 568, 610, 619, 648, 650, 657, 680, 709, 730, 747, 769, 784, 827, 835, 864, 962, 977, 989, 1049, 1064, 1080, 1165, 1226, 1276, 1309, 1322, 1396, 1398, 1493, 1557, 1589, 1768, 1786, 1801, 1852, 1872, 1907, 1996, 2115, 2150, 2372, 2516, 2541, 2568, 2575, 2593, 2601, 2747, 2857, 2865, 2868, 2871, 3197, 3274, 3330, 3523, 3612, 4042, 4440, 4880]
RKP_05000_01000_3_05.txt|10289.0|0.49746440000000547|[1, 2, 3, 4, 7, 8, 10, 11, 16, 19, 25, 26, 29, 32, 34, 37, 48, 49, 56, 70, 112, 122, 143, 162, 169, 183, 184, 219, 283, 285, 296, 335, 344, 348, 358, 486, 491, 501, 513, 555, 620, 638, 658, 692, 708, 768, 777, 814, 830, 912, 985, 998, 1033, 1060, 1068, 1069, 1090, 1259, 1292, 1305, 1500, 1516, 1552, 1588, 1619, 1759, 1770, 1859, 1909, 2077, 2123, 2298, 2447, 2460, 2610, 2615, 2634, 2744, 2920, 2970, 3055, 3106, 3167, 3258, 3370, 3439, 3440, 3469, 3558, 3584, 3635, 4338, 4405]
RKP_05000_01000_3_06.txt|10482.0|0.43988689999999764|[1, 2, 4, 6, 7, 12, 16, 25, 37, 39, 41, 45, 46, 55, 71, 76, 85, 86, 94, 106, 124, 126, 135, 141, 193, 213, 214, 219, 227, 249, 265, 276, 286, 287, 288, 345, 368, 404, 418, 431, 469, 488, 490, 573, 603, 623, 665, 686, 702, 734, 760, 767, 801, 813, 839, 859, 889, 931, 946, 1030, 1035, 1119, 1212, 1296, 1359, 1466, 1522, 1551, 1610, 1640, 1697, 1917, 1978, 1991, 2026, 2138, 2251, 2623, 2741, 2756, 3095, 3214, 3264, 3324, 3390, 3433, 3533, 3851, 4000, 4258, 4315, 4322, 4424, 4808, 4911]
RKP_05000_01000_3_07.txt|10389.0|0.45459189999999694|[1, 2, 3, 5, 6, 8, 11, 13, 20, 29, 31, 33, 36, 60, 73, 75, 76, 79, 84, 94, 100, 113, 125, 136, 194, 216, 218, 221, 291, 293, 295, 319, 360, 370, 393, 398, 413, 417, 422, 427, 477, 527, 539, 593, 608, 658, 714, 762, 827, 849, 883, 884, 891, 896, 919, 1003, 1044, 1055, 1066, 1123, 1173, 1179, 1262, 1407, 1470, 1544, 1564, 1709, 1783, 1789, 1792, 1998, 2043, 2095, 2104, 2357, 2360, 2448, 2587, 2716, 2966, 3085, 3135, 3146, 3402, 3438, 3609, 3628, 3716, 3854, 4131, 4233, 4456, 4659]
RKP_05000_01000_3_08.txt|10596.0|0.49758459999999616|[1, 4, 6, 7, 14, 22, 28, 30, 34, 36, 73, 77, 80, 82, 116, 122, 134, 152, 154, 162, 213, 217, 226, 250, 260, 264, 270, 279, 295, 301, 331, 394, 466, 474, 489, 498, 525, 556, 654, 656, 675, 686, 707, 883, 901, 911, 953, 1009, 1014, 1036, 1050, 1117, 1134, 1135, 1159, 1273, 1364, 1502, 1513, 1588, 1636, 1733, 1810, 1967, 1970, 1976, 2019, 2025, 2088, 2236, 2364, 2391, 2402, 2484, 2808, 2858, 2977, 3017, 3087, 3214, 3237, 3284, 3346, 3396, 3445, 3557, 3571, 3808, 4022, 4192, 4463, 4467, 4487, 4700, 4767, 4779]
RKP_05000_01000_3_09.txt|9798.0|0.4564942000000016|[1, 7, 8, 9, 13, 14, 26, 40, 42, 51, 61, 73, 77, 81, 83, 86, 87, 99, 106, 111, 136, 152, 159, 193, 207, 222, 237, 242, 252, 281, 290, 310, 354, 376, 384, 412, 426, 453, 494, 516, 556, 564, 655, 661, 664, 673, 751, 760, 786, 797, 830, 852, 886, 931, 995, 1003, 1040, 1148, 1189, 1313, 1322, 1420, 1471, 1488, 1684, 1872, 2024, 2051, 2055, 2287, 2401, 2486, 2497, 2511, 2577, 2621, 2657, 2941, 3020, 3256, 3392, 3443, 3538, 3572, 3618, 4136, 4292, 4818]
RKP_05000_01000_3_10.txt|10275.0|0.502058500000004|[1, 2, 3, 5, 6, 10, 16, 25, 33, 50, 62, 66, 69, 73, 112, 119, 145, 191, 194, 196, 218, 219, 223, 270, 272, 275, 287, 305, 308, 312, 343, 344, 353, 360, 369, 393, 413, 417, 434, 446, 479, 627, 692, 781, 789, 808, 811, 876, 907, 944, 1093, 1097, 1125, 1184, 1279, 1329, 1343, 1498, 1530, 1621, 1635, 1785, 1803, 1847, 1854, 2030, 2139, 2189, 2224, 2322, 2458, 2611, 2749, 2764, 2813, 2877, 2894, 2940, 3064, 3127, 3150, 3234, 3240, 3251, 3435, 3589, 3788, 3879, 4227, 4466, 4631, 4747, 4788]
RKP_05000_01000_4_01.txt|1000.0|0.3912485999999973|[4615]
RKP_05000_01000_4_02.txt|1000.0|0.4019521000000026|[4655]
RKP_05000_01000_4_03.txt|1000.0|0.4400917999999976|[4567]
RKP_05000_01000_4_04.txt|1000.0|0.367585499999997|[4995]
RKP_05000_01000_4_05.txt|1000.0|0.3945289999999986|[4575]
RKP_05000_01000_4_06.txt|1000.0|0.4199151999999984|[4578]
RKP_05000_01000_4_07.txt|1000.0|0.38103890000000007|[4493]
RKP_05000_01000_4_08.txt|1000.0|0.38789580000000257|[4472]
RKP_05000_01000_4_09.txt|1000.0|0.4344631000000021|[4992]
RKP_05000_01000_4_10.txt|1000.0|0.38269590000000164|[4469]
RKP_05000_01000_5_01.txt|1000.0|0.44496699999999834|[1, 141, 153, 154, 914, 1137, 1619, 1665]
RKP_05000_01000_5_02.txt|1000.0|0.43785539999999656|[350, 999, 1096, 1811, 3244]
RKP_05000_01000_5_03.txt|1000.0|0.4054734999999994|[1, 77, 99, 109, 331, 645, 832]
RKP_05000_01000_5_04.txt|1000.0|0.45842860000000485|[9, 549, 1327, 1413, 1479, 1988, 2308]
RKP_05000_01000_5_05.txt|1000.0|0.4273219000000026|[2, 104, 247, 265, 767, 921, 1303, 1969, 2968, 4921]
RKP_05000_01000_5_06.txt|1000.0|0.4010320000000007|[1000, 1008, 1251, 1758, 2137, 3803]
RKP_05000_01000_5_07.txt|1000.0|0.47356390000000914|[975, 1000, 1445]
RKP_05000_01000_5_08.txt|1000.0|0.402094500000004|[5, 98, 164, 927, 995, 1011, 1125]
RKP_05000_01000_5_09.txt|1000.0|0.4036431000000107|[91, 964, 1002, 1082, 1266, 2826, 3322, 4092]
RKP_05000_01000_5_10.txt|1000.0|0.45656999999999925|[1, 95, 203, 1049, 1081, 1239, 1258, 1547, 1826, 3239]
RKP_05000_05000_1_01.txt|267733.0|0.7515518999999955|[2, 3, 4, 8, 21, 25, 30, 33, 36, 40, 41, 47, 50, 74, 75, 78, 94, 96, 100, 127, 134, 149, 168, 174, 206, 226, 239, 254, 255, 263, 274, 279, 290, 358, 449, 477, 496, 498, 521, 522, 601, 604, 688, 747, 798, 809, 826, 901, 940, 1034, 1083, 1200, 1201, 1231, 1246, 1247, 1260, 1270, 1293, 1305, 1416, 1437, 1595, 1674, 1939, 2195, 2321, 2489, 2685, 2687, 2896, 2945, 2997, 3113, 3266, 3721, 3813, 4077, 4308, 4777]
RKP_05000_05000_1_02.txt|320055.0|0.698059200000003|[1, 2, 4, 5, 8, 9, 10, 14, 20, 21, 24, 38, 45, 55, 57, 89, 104, 113, 117, 126, 141, 213, 238, 240, 258, 269, 297, 310, 334, 341, 349, 361, 365, 396, 444, 474, 537, 668, 669, 712, 785, 787, 805, 814, 876, 903, 1005, 1041, 1044, 1069, 1075, 1089, 1107, 1115, 1152, 1203, 1266, 1309, 1374, 1379, 1434, 1459, 1556, 1786, 1855, 1870, 1979, 2039, 2174, 2177, 2306, 2322, 2403, 2501, 2667, 2706, 3059, 3538, 3588, 3754, 3842, 3886, 3921, 3940, 4013, 4074, 4197, 4402, 4712, 4832]
RKP_05000_05000_1_03.txt|291269.0|0.7338420999999897|[1, 2, 5, 7, 8, 18, 22, 25, 39, 46, 62, 78, 80, 86, 110, 115, 133, 206, 231, 233, 246, 249, 318, 339, 353, 393, 399, 426, 429, 435, 481, 482, 504, 557, 582, 586, 645, 651, 692, 779, 811, 872, 908, 960, 1083, 1098, 1099, 1108, 1115, 1212, 1227, 1235, 1236, 1261, 1265, 1290, 1309, 1374, 1414, 1441, 1477, 1594, 1775, 2264, 2426, 2615, 2630, 2760, 2859, 3154, 3247, 3414, 3417, 3443, 3490, 3493, 3512, 4284, 4374, 4414]
RKP_05000_05000_1_04.txt|300466.0|0.6388540000000091|[1, 3, 5, 9, 12, 18, 24, 25, 34, 38, 48, 68, 75, 76, 81, 85, 90, 96, 135, 145, 148, 169, 189, 197, 222, 226, 240, 291, 299, 318, 332, 333, 368, 376, 390, 408, 422, 484, 557, 559, 675, 710, 778, 787, 809, 814, 831, 935, 1072, 1389, 1417, 1418, 1675, 1677, 1753, 1758, 1859, 1875, 1938, 2003, 2013, 2017, 2051, 2061, 2312, 2323, 2328, 2372, 2553, 2581, 2584, 2813, 2991, 3059, 3305, 3410, 3431, 3547, 3568, 3651, 3652, 3802, 3813, 3850, 4172, 4260, 4286, 4384, 4668, 4715]
RKP_05000_05000_1_05.txt|305982.0|0.7443556000000058|[1, 2, 3, 7, 8, 20, 22, 23, 26, 32, 33, 38, 46, 55, 62, 127, 130, 131, 139, 143, 146, 148, 153, 210, 214, 227, 245, 261, 301, 348, 378, 403, 459, 463, 518, 559, 582, 663, 694, 838, 923, 950, 992, 1003, 1016, 1088, 1098, 1221, 1281, 1372, 1432, 1460, 1483, 1492, 1521, 1642, 1662, 1668, 1690, 1692, 1887, 1929, 1993, 2045, 2118, 2138, 2223, 2309, 2352, 2411, 2427, 2467, 2579, 2657, 2703, 2732, 2804, 2910, 3024, 3175, 3186, 3722, 3813, 3873, 4108, 4208, 4354, 4374, 4789, 4846]
RKP_05000_05000_1_06.txt|283009.0|0.8416234000000031|[2, 7, 8, 9, 18, 20, 23, 40, 43, 64, 66, 71, 76, 82, 85, 87, 113, 120, 122, 236, 243, 274, 299, 333, 338, 347, 363, 378, 407, 445, 514, 523, 538, 568, 581, 608, 621, 649, 651, 693, 707, 715, 754, 813, 825, 830, 850, 925, 956, 1041, 1054, 1065, 1154, 1227, 1280, 1305, 1308, 1374, 1428, 1578, 1671, 1730, 1855, 1927, 1981, 2048, 2132, 2204, 2210, 2228, 2240, 2309, 2386, 2509, 2592, 2646, 2701, 2729, 2949, 3104, 3233, 3361, 3613, 3938, 3978, 4076, 4540, 4561, 4692]
RKP_05000_05000_1_07.txt|256272.0|0.7331918000000002|[1, 2, 3, 4, 7, 8, 15, 16, 29, 30, 31, 44, 79, 83, 109, 119, 121, 153, 175, 182, 190, 230, 233, 248, 249, 266, 287, 294, 303, 332, 380, 381, 413, 457, 463, 478, 507, 529, 536, 575, 667, 730, 739, 745, 768, 785, 829, 864, 916, 1019, 1228, 1246, 1263, 1267, 1315, 1375, 1406, 1520, 1525, 1616, 1820, 1849, 1894, 1897, 2017, 2273, 2529, 2688, 2725, 2854, 3045, 3875, 3888, 3965, 4149, 4225, 4260, 4664, 4751]
RKP_05000_05000_1_08.txt|264270.0|0.6804948000000053|[1, 2, 3, 5, 7, 16, 30, 38, 51, 91, 95, 97, 115, 122, 124, 137, 138, 140, 156, 171, 192, 232, 253, 262, 275, 280, 303, 314, 342, 367, 371, 402, 451, 453, 471, 478, 523, 528, 560, 596, 669, 674, 706, 764, 836, 850, 878, 949, 984, 1167, 1179, 1247, 1421, 1439, 1546, 1549, 1562, 1678, 1941, 2042, 2047, 2285, 2312, 2428, 2525, 2536, 2600, 2643, 2681, 2805, 2813, 3599, 3666, 3744, 3792, 3833, 3998, 4080, 4186, 4393, 4527, 4934]
RKP_05000_05000_1_09.txt|284299.00000000006|0.7079767000000032|[1, 2, 3, 5, 6, 12, 14, 17, 42, 55, 66, 76, 77, 99, 113, 114, 126, 139, 151, 156, 160, 170, 179, 196, 221, 234, 243, 282, 299, 312, 325, 339, 355, 376, 380, 382, 385, 404, 438, 448, 460, 492, 537, 542, 544, 563, 565, 682, 701, 726, 820, 871, 1006, 1064, 1078, 1126, 1227, 1245, 1254, 1314, 1350, 1355, 1416, 1458, 1466, 1480, 1504, 1510, 1592, 1594, 1596, 1635, 1788, 1917, 2016, 2143, 2450, 2497, 2554, 2557, 2593, 2636, 2834, 3197, 3551, 4248, 4486, 4489, 4615]
RKP_05000_05000_1_10.txt|255579.0|0.808335299999996|[2, 7, 10, 14, 18, 24, 38, 89, 92, 144, 153, 185, 278, 286, 302, 322, 380, 414, 428, 454, 467, 472, 659, 746, 756, 803, 813, 862, 863, 867, 909, 959, 981, 1015, 1209, 1304, 1340, 1402, 1479, 1504, 1609, 1652, 1725, 1930, 1986, 2050, 2082, 2151, 2281, 2306, 2498, 2504, 2580, 2607, 2608, 2629, 2641, 2786, 2810, 2870, 2942, 3067, 3078, 3101, 3198, 3229, 3261, 3450, 3471, 3696, 4380, 4532]
RKP_05000_05000_2_01.txt|23327.0|1.1448639999999983|[1, 5, 8, 18, 19, 21, 32, 49, 52, 65, 70, 93, 98, 106, 235, 250, 279, 293, 319, 335, 383, 411, 475, 515, 579, 690, 748, 750, 866, 937, 953, 986, 1045, 1059, 1239, 1308, 1367, 1435, 1482, 1497, 1665, 1784, 1937, 2236, 2251, 2458, 2937, 3403, 3667, 3722, 3808, 3883, 4544]
RKP_05000_05000_2_02.txt|21562.0|0.9792015000000021|[5, 14, 15, 28, 56, 79, 96, 105, 106, 131, 161, 191, 203, 208, 220, 294, 530, 563, 582, 696, 707, 710, 722, 762, 836, 973, 1058, 1069, 1172, 1287, 1649, 2069, 2142, 2162, 2244, 2272, 2429, 2814, 2839, 3100, 3355, 3515, 3641, 3796, 3813, 3984, 4007, 4564]
RKP_05000_05000_2_03.txt|21836.0|1.209829499999998|[1, 4, 5, 13, 38, 41, 44, 45, 49, 50, 64, 72, 94, 177, 216, 306, 338, 375, 394, 411, 441, 465, 477, 502, 544, 582, 583, 659, 729, 783, 812, 983, 1207, 1212, 1269, 1289, 1422, 1429, 1432, 1481, 1536, 1998, 2224, 2272, 2512, 2790, 3090, 3368, 3428, 3630, 3839, 3957, 4235, 4565, 4939]
RKP_05000_05000_2_04.txt|26333.0|1.0866510000000034|[2, 3, 4, 20, 21, 23, 37, 43, 47, 49, 60, 71, 78, 82, 115, 122, 126, 131, 147, 154, 165, 187, 238, 262, 264, 307, 314, 346, 372, 406, 422, 455, 491, 547, 554, 583, 625, 637, 655, 769, 832, 862, 1068, 1124, 1187, 1223, 1329, 1335, 1412, 1478, 1508, 1519, 1586, 1606, 1748, 2093, 2293, 2308, 2318, 2343, 2382, 2632, 2705, 2773, 3212, 3257, 3593, 3704]
RKP_05000_05000_2_05.txt|24249.0|0.975608500000007|[4, 5, 8, 34, 66, 70, 96, 113, 128, 145, 163, 220, 317, 350, 370, 481, 501, 513, 551, 595, 606, 626, 662, 734, 856, 858, 874, 932, 962, 976, 1011, 1022, 1034, 1103, 1153, 1175, 1232, 1260, 1394, 1489, 1503, 1588, 1768, 1813, 2057, 2493, 2569, 2678, 2694, 2906, 3623, 3798, 4092, 4182, 4330, 4410, 4902]
RKP_05000_05000_2_06.txt|21698.0|1.0460547999999932|[8, 16, 17, 30, 43, 74, 106, 136, 281, 303, 326, 356, 370, 373, 411, 437, 449, 523, 526, 574, 629, 637, 689, 726, 731, 748, 832, 866, 872, 912, 985, 1070, 1073, 1342, 1461, 1542, 1756, 1805, 1807, 1814, 2039, 2245, 2357, 3064, 3105, 3248, 3580, 3749, 3764]
RKP_05000_05000_2_07.txt|24350.0|0.9581281999999902|[7, 12, 16, 30, 36, 72, 129, 152, 169, 199, 212, 232, 273, 301, 383, 409, 411, 421, 428, 452, 461, 528, 624, 631, 667, 713, 725, 872, 903, 926, 932, 957, 989, 1115, 1137, 1153, 1326, 1435, 1460, 1581, 1614, 1730, 1734, 1819, 1988, 2045, 2118, 2664, 2838, 3005, 3180, 3189, 3704, 3935, 3995, 4066, 4239, 4779]
RKP_05000_05000_2_08.txt|24688.0|1.007526900000002|[2, 17, 20, 27, 30, 34, 83, 93, 112, 116, 155, 160, 179, 259, 274, 286, 291, 315, 332, 409, 449, 461, 551, 603, 659, 724, 746, 760, 782, 811, 899, 919, 944, 953, 1064, 1239, 1262, 1464, 1473, 1520, 1597, 1683, 1692, 1714, 1822, 1834, 1835, 2024, 2078, 2219, 2390, 2814, 2856, 2906, 2907, 3039, 3119, 3274, 3335, 3356, 3617, 3691]
RKP_05000_05000_2_09.txt|25596.0|1.0609599000000003|[1, 2, 3, 4, 7, 12, 19, 36, 60, 61, 74, 82, 83, 84, 105, 129, 137, 152, 157, 173, 178, 181, 184, 221, 279, 327, 360, 385, 394, 413, 423, 519, 632, 634, 829, 893, 899, 920, 973, 1012, 1086, 1090, 1177, 1179, 1184, 1213, 1231, 1308, 1378, 1462, 1478, 1482, 1555, 1687, 1771, 1812, 2129, 2368, 2382, 2555, 2584, 2889, 3741, 4230, 4959]
RKP_05000_05000_2_10.txt|24882.0|0.9644803000000053|[1, 2, 14, 23, 24, 35, 42, 70, 82, 97, 102, 117, 153, 175, 185, 205, 233, 261, 268, 311, 330, 351, 424, 452, 465, 481, 608, 657, 666, 723, 725, 728, 856, 899, 1015, 1060, 1078, 1136, 1230, 1620, 1757, 1908, 1960, 2102, 2264, 2312, 2524, 2594, 2605, 2732, 2854, 2884, 3018, 3185, 3271, 3272, 3467, 3568, 3618, 4367, 4670]
RKP_05000_05000_3_01.txt|51879.0|0.6002028999999993|[1, 3, 4, 9, 10, 13, 16, 17, 21, 26, 39, 45, 54, 55, 56, 58, 66, 79, 88, 94, 96, 102, 106, 122, 132, 169, 171, 198, 284, 289, 336, 449, 452, 480, 499, 510, 521, 528, 530, 563, 595, 625, 628, 634, 638, 646, 731, 736, 787, 800, 814, 833, 870, 926, 927, 1004, 1075, 1080, 1132, 1158, 1180, 1290, 1328, 1409, 1410, 1430, 1539, 1758, 1846, 1850, 1887, 2024, 2025, 2100, 2122, 2145, 2266, 2296, 2312, 2454, 2544, 2738, 2781, 2831, 2987, 3210, 3361, 3715, 3941, 4085, 4117, 4143, 4483, 4523]
RKP_05000_05000_3_02.txt|50353.0|0.5897577000000069|[1, 5, 8, 9, 10, 23, 25, 30, 33, 38, 42, 47, 50, 51, 58, 59, 85, 92, 99, 106, 115, 117, 133, 151, 155, 205, 212, 217, 221, 227, 303, 384, 389, 405, 407, 409, 493, 507, 509, 568, 597, 601, 607, 747, 769, 773, 869, 885, 967, 969, 970, 985, 1132, 1151, 1198, 1199, 1200, 1220, 1229, 1232, 1509, 1675, 1763, 1793, 1914, 1970, 2038, 2259, 2345, 2392, 2501, 2529, 2556, 2589, 2826, 3092, 3096, 3230, 3282, 3478, 3717, 3743, 3779, 3922, 4134, 4175, 4221, 4338, 4488, 4553, 4589]
RKP_05000_05000_3_03.txt|52993.0|0.5313254000000001|[1, 2, 3, 4, 6, 9, 10, 12, 13, 15, 25, 46, 58, 67, 79, 88, 90, 116, 127, 128, 136, 140, 183, 185, 186, 194, 223, 281, 323, 366, 373, 433, 471, 489, 523, 542, 554, 618, 636, 682, 703, 742, 763, 777, 856, 937, 950, 963, 970, 1010, 1011, 1029, 1061, 1099, 1128, 1129, 1187, 1255, 1278, 1284, 1495, 1505, 1516, 1547, 1677, 1691, 1696, 1703, 1715, 1729, 1777, 1800, 1855, 1875, 1911, 1960, 2143, 2147, 2274, 2297, 2420, 2430, 2439, 2585, 2657, 2713, 2750, 2768, 3112, 3213, 3385, 3389, 3452, 3819, 3909, 4032]
RKP_05000_05000_3_04.txt|52917.0|0.5220065999999974|[1, 4, 6, 9, 11, 12, 14, 19, 27, 31, 32, 34, 61, 93, 101, 109, 155, 156, 169, 173, 183, 205, 208, 215, 241, 249, 256, 274, 282, 304, 343, 375, 404, 412, 454, 455, 476, 479, 505, 547, 585, 599, 640, 642, 648, 718, 720, 779, 843, 868, 888, 934, 936, 965, 1033, 1119, 1130, 1208, 1276, 1433, 1564, 1589, 1746, 1793, 1800, 1804, 2018, 2081, 2146, 2343, 2428, 2441, 2551, 2688, 2704, 2727, 2854, 3065, 3143, 3330, 3391, 3454, 3497, 3523, 3543, 3625, 3841, 3856, 3870, 3872, 4104, 4107, 4170, 4343, 4678, 4713]
RKP_05000_05000_3_05.txt|51346.0|0.5712962000000061|[2, 4, 5, 8, 12, 13, 15, 17, 20, 24, 25, 28, 32, 34, 42, 44, 50, 58, 62, 70, 72, 81, 95, 97, 115, 138, 139, 141, 150, 166, 202, 207, 242, 259, 268, 309, 317, 331, 351, 368, 372, 375, 406, 442, 503, 533, 537, 555, 617, 620, 628, 743, 779, 814, 945, 969, 984, 1004, 1044, 1073, 1182, 1313, 1378, 1506, 1519, 1640, 1655, 1664, 1680, 1686, 1696, 1745, 1758, 1771, 1843, 1852, 1951, 1960, 1982, 2386, 2428, 2606, 2910, 2994, 3138, 3442, 3509, 3566, 3569, 4138, 4267, 4618, 4707]
RKP_05000_05000_3_06.txt|52437.0|0.5242902999999899|[1, 2, 3, 7, 10, 18, 22, 23, 26, 28, 30, 43, 44, 48, 55, 78, 97, 101, 115, 125, 130, 132, 141, 165, 190, 203, 219, 233, 234, 239, 242, 262, 285, 313, 318, 377, 382, 386, 403, 480, 495, 542, 607, 616, 617, 623, 645, 671, 692, 737, 817, 839, 909, 924, 934, 955, 977, 985, 1005, 1115, 1123, 1191, 1323, 1379, 1678, 1745, 1939, 1967, 1989, 2100, 2115, 2300, 2334, 2338, 2412, 2537, 2626, 2697, 2724, 2868, 3065, 3214, 3251, 3325, 3327, 3359, 3441, 3448, 3690, 3857, 3946, 4129, 4180, 4300, 4383]
RKP_05000_05000_3_07.txt|49951.0|0.5700681000000003|[1, 2, 3, 4, 10, 12, 13, 46, 82, 88, 119, 130, 143, 192, 217, 220, 231, 232, 283, 304, 348, 395, 459, 462, 476, 487, 490, 525, 544, 599, 609, 619, 652, 656, 684, 717, 718, 723, 739, 766, 796, 813, 817, 835, 866, 897, 924, 1049, 1060, 1090, 1102, 1213, 1264, 1279, 1323, 1338, 1375, 1405, 1420, 1497, 1579, 1664, 1721, 1728, 1818, 1939, 1964, 2093, 2201, 2255, 2287, 2345, 2379, 2399, 2511, 2551, 2643, 2655, 2747, 2824, 3036, 3295, 3347, 3503, 3890, 3987, 4288, 4656, 4750, 4796]
RKP_05000_05000_3_08.txt|48994.0|0.560058600000005|[1, 2, 3, 4, 6, 14, 16, 18, 22, 28, 38, 43, 53, 54, 60, 66, 73, 78, 89, 91, 105, 110, 122, 128, 147, 150, 152, 205, 237, 241, 254, 280, 289, 294, 351, 391, 430, 433, 484, 524, 547, 563, 640, 692, 731, 742, 752, 762, 784, 828, 857, 938, 1104, 1105, 1145, 1185, 1224, 1311, 1371, 1405, 1450, 1520, 1613, 1833, 1856, 1969, 2150, 2221, 2250, 2393, 2413, 2446, 2528, 2636, 2697, 2750, 2859, 2945, 2988, 3072, 3102, 3512, 3967, 4022, 4469, 4731, 4789, 4805]
RKP_05000_05000_3_09.txt|54435.0|0.5168899999999894|[1, 2, 3, 4, 7, 8, 10, 17, 19, 25, 35, 42, 43, 54, 75, 96, 111, 112, 123, 133, 140, 150, 165, 184, 233, 259, 281, 313, 317, 338, 344, 345, 354, 356, 387, 406, 431, 512, 532, 533, 534, 593, 609, 629, 643, 679, 693, 767, 789, 793, 814, 851, 877, 913, 929, 932, 1146, 1282, 1343, 1469, 1479, 1489, 1555, 1562, 1563, 1667, 1727, 1746, 1813, 1933, 1945, 2111, 2166, 2247, 2427, 2435, 2484, 2525, 2746, 2773, 2838, 2885, 2926, 2994, 3009, 3338, 3453, 3677, 3684, 3864, 4052, 4077, 4192, 4240, 4246, 4313, 4338, 4825, 4839]
RKP_05000_05000_3_10.txt|52455.0|0.5748751999999939|[1, 2, 3, 4, 5, 9, 10, 13, 14, 23, 25, 26, 28, 41, 51, 57, 59, 60, 67, 77, 98, 101, 102, 120, 137, 172, 181, 190, 202, 227, 243, 261, 276, 278, 309, 313, 319, 355, 371, 402, 481, 490, 535, 577, 605, 607, 616, 664, 665, 668, 675, 716, 722, 848, 893, 988, 1062, 1075, 1099, 1135, 1159, 1202, 1258, 1284, 1307, 1358, 1405, 1444, 1639, 1653, 1714, 1786, 1891, 1969, 2521, 2536, 2562, 2573, 2643, 2698, 2748, 2923, 2978, 3046, 3218, 3222, 3454, 3459, 3468, 3531, 3640, 3759, 3937, 4381, 4808]
RKP_05000_05000_4_01.txt|5000.0|0.5033045999999928|[4658]
RKP_05000_05000_4_02.txt|5000.0|0.4703710000000001|[4978]
RKP_05000_05000_4_03.txt|5000.0|0.516243199999991|[4714]
RKP_05000_05000_4_04.txt|4999.0|0.4712806999999941|[4837]
RKP_05000_05000_4_05.txt|5000.0|0.4872698000000071|[4783]
RKP_05000_05000_4_06.txt|5000.0|0.5134548999999993|[4625]
RKP_05000_05000_4_07.txt|5000.0|0.4694318000000095|[4778]
RKP_05000_05000_4_08.txt|5000.0|0.5128371999999928|[4648]
RKP_05000_05000_4_09.txt|5000.0|0.46384039999999516|[4770]
RKP_05000_05000_4_10.txt|4999.0|0.47192929999999933|[4786]
RKP_05000_05000_5_01.txt|5000.0|0.5237458999999944|[10, 67, 100, 111, 186, 997, 1088, 3105, 3504]
RKP_05000_05000_5_02.txt|5000.0|0.4946134999999998|[10, 79, 101, 359, 954, 1232, 4017]
RKP_05000_05000_5_03.txt|5000.0|0.47322119999999757|[1, 10, 100, 101, 574, 973, 1264, 1955, 3133, 3460]
RKP_05000_05000_5_04.txt|5000.0|0.5067900000000094|[1, 95, 100, 980, 1154, 1280]
RKP_05000_05000_5_05.txt|5000.0|0.49664570000000197|[1, 101, 102, 878, 885, 952, 1001, 1215]
RKP_05000_05000_5_06.txt|5000.0|0.47323679999999513|[10, 100, 538, 865, 952, 972, 1381, 4239, 4543]
RKP_05000_05000_5_07.txt|5000.0|0.5009748000000087|[10, 11, 144, 294, 970, 982, 1126, 2762]
RKP_05000_05000_5_08.txt|5000.0|0.47295390000000737|[1, 10, 16, 34, 80, 910, 1027, 1121, 1484, 1488, 1923]
RKP_05000_05000_5_09.txt|5000.0|0.4912404999999893|[1, 109, 759, 994, 996, 1104, 1315, 1854]
RKP_05000_05000_5_10.txt|5000.0|0.48748669999999095|[120, 717, 920, 977, 1756]
