RKP_00100_00100_1_01.txt|739.0|0.07494879999999993|[1, 3, 10, 14, 16, 17, 22, 24, 28, 29]
RKP_00100_00100_1_02.txt|849.0|0.07451799999999997|[1, 2, 9, 16, 23, 37, 44, 47, 48, 50, 56, 91]
RKP_00100_00100_1_03.txt|710.0|0.11663469999999998|[1, 2, 4, 5, 6, 10, 12, 15, 16, 34, 70]
RKP_00100_00100_1_04.txt|700.0|0.11341690000000004|[4, 5, 7, 9, 10, 15, 16, 43, 74]
RKP_00100_00100_1_05.txt|696.0|0.09330050000000012|[1, 3, 11, 14, 16, 20, 22, 30, 66, 79]
RKP_00100_00100_1_06.txt|986.0|0.09125929999999993|[5, 10, 16, 17, 20, 31, 34, 47, 48, 50, 55, 57, 83, 97]
RKP_00100_00100_1_07.txt|488.0|0.08903969999999983|[1, 5, 13, 39, 46, 51, 58, 60]
RKP_00100_00100_1_08.txt|885.0|0.08302019999999999|[1, 2, 6, 7, 9, 11, 12, 13, 24, 30, 76, 87, 88, 92]
RKP_00100_00100_1_09.txt|626.0|0.09231429999999996|[2, 5, 16, 18, 23, 24, 29, 42, 52, 77]
RKP_00100_00100_1_10.txt|740.0|0.06887660000000007|[1, 2, 3, 4, 5, 11, 13, 15, 18, 20, 24, 27, 33]
RKP_00100_00100_2_01.txt|170.0|0.09315459999999987|[1, 2, 6, 13, 20, 22, 27, 41, 43, 59]
RKP_00100_00100_2_02.txt|170.0|0.09224390000000016|[1, 4, 5, 8, 11, 28, 30, 40, 47, 80]
RKP_00100_00100_2_03.txt|166.0|0.11391020000000007|[1, 5, 7, 31, 47, 48, 51, 59, 64, 75]
RKP_00100_00100_2_04.txt|163.0|0.0907753|[2, 8, 9, 11, 18, 26, 28, 50, 52]
RKP_00100_00100_2_05.txt|142.0|0.0659270999999999|[8, 13, 30, 34, 36, 64, 82]
RKP_00100_00100_2_06.txt|136.0|0.08223230000000004|[2, 3, 8, 47, 50, 67]
RKP_00100_00100_2_07.txt|148.0|0.08289940000000029|[3, 4, 7, 15, 22, 36, 49]
RKP_00100_00100_2_08.txt|150.0|0.1082033|[1, 2, 4, 6, 14, 15, 16, 28]
RKP_00100_00100_2_09.txt|146.0|0.07786990000000005|[4, 7, 9, 20, 27, 37, 75]
RKP_00100_00100_2_10.txt|157.0|0.05981600000000009|[1, 2, 14, 28, 40, 64, 65, 85]
RKP_00100_00100_3_01.txt|210.0|0.08242860000000007|[1, 2, 3, 5, 6, 10, 16, 21, 24, 29, 44]
RKP_00100_00100_3_02.txt|216.0|0.08041279999999995|[1, 2, 3, 8, 12, 17, 24, 25, 48, 52, 59, 68]
RKP_00100_00100_3_03.txt|249.0|0.06782589999999988|[1, 2, 3, 4, 6, 12, 14, 15, 19, 45, 46, 49, 64, 75, 81]
RKP_00100_00100_3_04.txt|230.0|0.055868999999999946|[4, 6, 8, 9, 14, 21, 26, 31, 34, 42, 48, 50, 72]
RKP_00100_00100_3_05.txt|220.0|0.058338199999999674|[1, 2, 3, 7, 12, 15, 22, 25, 31, 33, 52, 72]
RKP_00100_00100_3_06.txt|250.0|0.09003929999999993|[1, 2, 4, 6, 8, 10, 11, 12, 16, 19, 27, 31, 40, 66, 72]
RKP_00100_00100_3_07.txt|210.0|0.08211099999999982|[2, 4, 5, 6, 7, 12, 14, 50, 72, 88, 89]
RKP_00100_00100_3_08.txt|220.0|0.08841619999999972|[1, 2, 3, 7, 9, 11, 12, 15, 18, 33, 58, 62]
RKP_00100_00100_3_09.txt|200.0|0.0803159|[1, 4, 8, 16, 32, 42, 48, 57, 82, 89]
RKP_00100_00100_3_10.txt|250.0|0.06584869999999965|[1, 5, 6, 20, 34, 45, 46, 54, 60, 61, 62, 66, 67, 69, 93]
RKP_00100_00100_4_01.txt|100.0|0.05517210000000006|[97]
RKP_00100_00100_4_02.txt|100.0|0.054673199999999866|[88]
RKP_00100_00100_4_03.txt|100.0|0.058104500000000225|[84]
RKP_00100_00100_4_04.txt|99.0|0.05374879999999971|[88]
RKP_00100_00100_4_05.txt|100.0|0.053368400000000094|[87]
RKP_00100_00100_4_06.txt|98.0|0.053926300000000094|[93]
RKP_00100_00100_4_07.txt|98.0|0.05533620000000017|[98]
RKP_00100_00100_4_08.txt|100.0|0.05385630000000008|[97]
RKP_00100_00100_4_09.txt|99.0|0.05818449999999986|[90]
RKP_00100_00100_4_10.txt|98.0|0.05449980000000032|[88]
RKP_00100_00100_5_01.txt|100.0|0.05842370000000008|[1, 90]
RKP_00100_00100_5_02.txt|100.0|0.058588299999999816|[1, 42, 91]
RKP_00100_00100_5_03.txt|100.0|0.056079400000000224|[14, 26, 65]
RKP_00100_00100_5_04.txt|100.0|0.05650010000000005|[12, 14, 43]
RKP_00100_00100_5_05.txt|100.0|0.057549000000000294|[1, 96]
RKP_00100_00100_5_06.txt|100.0|0.05680309999999977|[1, 36, 86]
RKP_00100_00100_5_07.txt|100.0|0.056227100000000085|[1, 95]
RKP_00100_00100_5_08.txt|100.0|0.058227300000000426|[1, 20, 84]
RKP_00100_00100_5_09.txt|100.0|0.05747529999999923|[1, 26, 38, 71]
RKP_00100_00100_5_10.txt|100.0|0.05901649999999936|[1, 6, 86]
RKP_00500_00100_1_01.txt|1608.0|0.12732849999999996|[2, 3, 4, 5, 15, 25, 27, 38, 40, 63, 75, 120, 129, 140, 148, 173, 211, 222, 269, 274, 280, 284, 304, 500]
RKP_00500_00100_1_02.txt|1459.0|0.08885970000000043|[3, 4, 13, 30, 77, 87, 88, 89, 102, 109, 132, 170, 175, 205, 288, 289, 325, 376, 388, 394, 433]
RKP_00500_00100_1_03.txt|1304.0|0.12111729999999987|[1, 5, 11, 15, 16, 30, 32, 40, 44, 73, 111, 113, 123, 139, 147, 164, 227, 228, 326, 327, 496]
RKP_00500_00100_1_04.txt|1643.0|0.12118280000000059|[5, 11, 41, 48, 59, 62, 64, 65, 93, 94, 121, 151, 156, 197, 245, 252, 254, 258, 315, 359, 467]
RKP_00500_00100_1_05.txt|1720.0|0.1309465000000003|[1, 2, 3, 5, 10, 11, 13, 17, 18, 23, 24, 25, 26, 60, 72, 76, 104, 116, 136, 192, 203, 215, 320, 363, 402]
RKP_00500_00100_1_06.txt|1978.0|0.1052029000000001|[3, 5, 13, 22, 30, 34, 35, 50, 52, 53, 55, 83, 89, 107, 131, 165, 182, 189, 190, 211, 225, 230, 240, 244, 281, 353, 411, 490]
RKP_00500_00100_1_07.txt|1938.0|0.13492679999999968|[2, 5, 7, 16, 21, 22, 31, 40, 47, 49, 80, 89, 94, 97, 126, 133, 147, 165, 192, 197, 206, 257, 322, 359, 410, 461, 469, 492]
RKP_00500_00100_1_08.txt|1664.0|0.12819700000000012|[1, 2, 3, 4, 10, 16, 29, 35, 63, 106, 122, 146, 149, 150, 156, 167, 185, 225, 254, 258, 326, 332, 378]
RKP_00500_00100_1_09.txt|1607.0|0.0870867000000004|[1, 2, 11, 16, 19, 39, 48, 54, 56, 68, 77, 108, 148, 150, 153, 163, 173, 180, 210, 214, 221, 229, 307, 324, 344, 496]
RKP_00500_00100_1_10.txt|1469.0|0.12770170000000025|[1, 3, 5, 6, 14, 15, 30, 31, 33, 49, 59, 62, 75, 109, 110, 155, 162, 214, 234, 277, 342, 413]
RKP_00500_00100_2_01.txt|254.0|0.08126429999999996|[3, 11, 16, 32, 39, 40, 50, 60, 88, 100, 101, 102, 137, 148, 168, 218, 226, 259, 351, 447]
RKP_00500_00100_2_02.txt|248.0|0.1303403000000003|[4, 6, 7, 13, 21, 65, 72, 97, 112, 131, 141, 142, 156, 167, 186, 195, 299, 314, 336, 441]
RKP_00500_00100_2_03.txt|242.0|0.13123750000000012|[2, 3, 13, 18, 21, 24, 31, 64, 71, 100, 104, 107, 113, 135, 142, 151, 154, 155, 164, 166, 318, 382, 436]
RKP_00500_00100_2_04.txt|235.0|0.10134410000000038|[1, 7, 8, 9, 11, 14, 16, 22, 26, 38, 55, 58, 80, 85, 105, 112, 125, 163, 204, 216, 306, 429]
RKP_00500_00100_2_05.txt|220.0|0.09361019999999964|[2, 4, 5, 10, 16, 34, 48, 52, 58, 77, 87, 109, 143, 240, 260, 275, 322, 417, 426]
RKP_00500_00100_2_06.txt|228.0|0.10800469999999951|[1, 3, 5, 9, 15, 18, 24, 27, 47, 50, 53, 57, 70, 117, 150, 155, 204, 239, 302, 452]
RKP_00500_00100_2_07.txt|217.0|0.09827239999999993|[1, 2, 3, 4, 5, 6, 9, 17, 18, 53, 75, 83, 114, 162, 226, 260, 278, 292, 308]
RKP_00500_00100_2_08.txt|210.0|0.08384239999999998|[1, 3, 6, 7, 15, 23, 42, 45, 46, 50, 87, 96, 123, 184, 350, 495]
RKP_00500_00100_2_09.txt|184.0|0.10926840000000038|[2, 16, 17, 52, 70, 87, 108, 115, 119, 176, 277, 335, 433]
RKP_00500_00100_2_10.txt|209.0|0.09343959999999996|[2, 9, 14, 20, 21, 40, 46, 62, 83, 116, 118, 154, 166, 216, 276, 498]
RKP_00500_00100_3_01.txt|327.0|0.08352449999999934|[1, 3, 5, 8, 11, 24, 31, 33, 38, 43, 55, 64, 77, 78, 96, 143, 148, 225, 227, 248, 260, 344, 401]
RKP_00500_00100_3_02.txt|400.0|0.1010137000000002|[1, 3, 5, 7, 20, 26, 32, 38, 39, 56, 64, 73, 103, 110, 111, 152, 160, 167, 172, 179, 181, 189, 195, 202, 203, 221, 331, 336, 351, 413]
RKP_00500_00100_3_03.txt|378.0|0.10254929999999973|[1, 5, 9, 11, 14, 22, 45, 52, 71, 93, 113, 118, 123, 126, 130, 139, 142, 148, 191, 193, 198, 258, 264, 266, 292, 351, 444, 454]
RKP_00500_00100_3_04.txt|390.0|0.10543369999999985|[1, 2, 11, 20, 27, 31, 50, 57, 66, 68, 72, 103, 104, 119, 125, 142, 156, 159, 163, 168, 209, 217, 278, 280, 282, 312, 328, 345, 453]
RKP_00500_00100_3_05.txt|404.0|0.10237850000000037|[1, 7, 8, 9, 12, 30, 32, 33, 74, 84, 87, 88, 92, 102, 106, 108, 143, 189, 196, 199, 211, 225, 263, 294, 319, 377, 381, 382, 392, 397, 417]
RKP_00500_00100_3_06.txt|360.0|0.09935950000000027|[2, 5, 11, 12, 16, 19, 24, 25, 45, 52, 56, 68, 73, 90, 91, 137, 186, 189, 199, 204, 242, 281, 283, 311, 330, 433]
RKP_00500_00100_3_07.txt|338.0|0.10055999999999976|[1, 2, 3, 4, 5, 17, 24, 30, 33, 37, 77, 99, 102, 111, 141, 157, 196, 200, 216, 287, 302, 335, 422, 430]
RKP_00500_00100_3_08.txt|408.0|0.1262622999999996|[1, 4, 5, 8, 14, 16, 19, 25, 31, 32, 49, 57, 58, 62, 63, 84, 90, 93, 114, 133, 144, 172, 195, 214, 275, 301, 323, 389, 451, 470, 484]
RKP_00500_00100_3_09.txt|387.0|0.10181799999999974|[1, 2, 3, 4, 12, 14, 24, 54, 58, 63, 70, 83, 104, 108, 115, 122, 136, 148, 154, 169, 171, 173, 221, 231, 263, 294, 315, 347, 434]
RKP_00500_00100_3_10.txt|380.0|0.11845410000000012|[1, 3, 7, 10, 13, 14, 18, 25, 28, 32, 38, 40, 57, 60, 99, 123, 128, 153, 159, 165, 183, 189, 193, 305, 322, 325, 388, 392]
RKP_00500_00100_4_01.txt|100.0|0.08350470000000065|[483]
RKP_00500_00100_4_02.txt|100.0|0.07429319999999962|[488]
RKP_00500_00100_4_03.txt|100.0|0.07560330000000004|[492]
RKP_00500_00100_4_04.txt|100.0|0.07492319999999975|[456]
RKP_00500_00100_4_05.txt|100.0|0.07274270000000005|[498]
RKP_00500_00100_4_06.txt|100.0|0.07500969999999985|[464]
RKP_00500_00100_4_07.txt|100.0|0.07289119999999993|[467]
RKP_00500_00100_4_08.txt|100.0|0.07337870000000013|[480]
RKP_00500_00100_4_09.txt|100.0|0.07540119999999995|[443]
RKP_00500_00100_4_10.txt|100.0|0.0771449999999998|[489]
RKP_00500_00100_5_01.txt|100.0|0.07471510000000059|[2, 68, 210, 247]
RKP_00500_00100_5_02.txt|100.0|0.09882249999999893|[101, 111, 145, 195]
RKP_00500_00100_5_03.txt|100.0|0.07711760000000112|[1, 497]
RKP_00500_00100_5_04.txt|100.0|0.07523750000000007|[24, 32, 194, 202, 208, 487]
RKP_00500_00100_5_05.txt|100.0|0.0762571999999988|[1, 22, 27, 68, 262, 331, 363]
RKP_00500_00100_5_06.txt|100.0|0.08065730000000038|[1, 12, 76, 90, 121, 207]
RKP_00500_00100_5_07.txt|100.0|0.0764136999999998|[1, 483]
RKP_00500_00100_5_08.txt|100.0|0.07646139999999946|[100, 187]
RKP_00500_00100_5_09.txt|100.0|0.07792609999999911|[1, 93, 229, 446]
RKP_00500_00100_5_10.txt|100.0|0.07461990000000007|[1, 55, 175, 210]
RKP_01000_00100_1_01.txt|2155.0|0.1821248999999998|[2, 10, 13, 27, 36, 39, 40, 42, 47, 48, 50, 51, 64, 67, 91, 97, 116, 123, 151, 260, 261, 314, 376, 432, 465, 531, 560, 604, 646]
RKP_01000_00100_1_02.txt|2081.0|0.19002300000000005|[1, 2, 8, 9, 16, 18, 30, 38, 49, 50, 64, 72, 81, 89, 108, 171, 182, 193, 195, 292, 294, 359, 486, 515, 519, 527, 557, 584, 599, 696, 754, 872]
RKP_01000_00100_1_03.txt|2043.0|0.19958970000000065|[1, 2, 3, 4, 19, 32, 48, 50, 56, 65, 114, 116, 128, 172, 174, 182, 199, 206, 252, 326, 366, 380, 498, 535, 725, 754, 800, 813, 869]
RKP_01000_00100_1_04.txt|2289.0|0.20833670000000026|[1, 2, 3, 5, 6, 12, 14, 20, 44, 53, 63, 69, 75, 91, 151, 163, 165, 172, 204, 247, 255, 266, 277, 283, 402, 429, 566, 592, 726, 732, 733, 790, 857]
RKP_01000_00100_1_05.txt|2202.0|0.19247899999999873|[1, 12, 16, 26, 29, 37, 39, 41, 49, 69, 74, 75, 82, 89, 121, 123, 151, 188, 198, 207, 222, 299, 307, 553, 582, 635, 673, 696, 776, 865, 915, 1000]
RKP_01000_00100_1_06.txt|2453.0|0.16703310000000116|[1, 4, 6, 8, 10, 33, 37, 38, 44, 52, 55, 57, 58, 78, 99, 117, 120, 168, 176, 177, 233, 236, 242, 244, 250, 255, 265, 283, 349, 383, 442, 632, 645, 790, 993]
RKP_01000_00100_1_07.txt|2466.0|0.20821929999999966|[1, 2, 3, 7, 8, 18, 19, 37, 49, 80, 86, 88, 96, 127, 128, 130, 146, 151, 170, 190, 204, 226, 342, 372, 382, 436, 440, 450, 476, 484, 556, 641, 778, 874]
RKP_01000_00100_1_08.txt|2172.0|0.15583420000000103|[1, 2, 4, 5, 6, 7, 16, 22, 26, 29, 68, 80, 101, 111, 118, 145, 149, 183, 202, 212, 223, 242, 278, 294, 303, 356, 366, 390, 421, 422, 716, 780, 922]
RKP_01000_00100_1_09.txt|2145.0|0.23796660000000003|[1, 2, 14, 15, 17, 27, 31, 32, 36, 39, 48, 103, 108, 133, 168, 170, 191, 196, 213, 262, 290, 427, 489, 513, 672, 691, 782, 898, 925, 942]
RKP_01000_00100_1_10.txt|2412.0|0.2158313000000014|[1, 8, 11, 19, 37, 43, 50, 55, 76, 104, 111, 158, 159, 188, 198, 221, 253, 286, 295, 331, 399, 439, 466, 480, 491, 534, 618, 663, 669, 748, 754, 785, 805, 825, 931, 968]
RKP_01000_00100_2_01.txt|272.0|0.14022040000000047|[3, 7, 12, 13, 16, 21, 24, 41, 47, 73, 76, 88, 111, 183, 185, 186, 209, 252, 253, 264, 361, 366, 374, 375, 380, 690]
RKP_01000_00100_2_02.txt|256.0|0.13879700000000028|[8, 63, 69, 77, 84, 103, 166, 179, 183, 202, 213, 311, 357, 375, 376, 385, 397, 410, 547, 583, 625, 782, 901, 954]
RKP_01000_00100_2_03.txt|310.0|0.14484429999999904|[5, 13, 33, 55, 58, 64, 84, 87, 97, 123, 124, 141, 171, 186, 256, 282, 330, 335, 347, 371, 404, 416, 417, 420, 746, 854, 897, 928]
RKP_01000_00100_2_04.txt|270.0|0.14087609999999984|[1, 8, 21, 24, 35, 37, 49, 58, 60, 74, 94, 123, 130, 147, 184, 207, 244, 428, 443, 504, 698, 782]
RKP_01000_00100_2_05.txt|269.0|0.13985360000000036|[1, 2, 5, 7, 11, 12, 26, 30, 42, 73, 84, 152, 162, 172, 214, 222, 236, 255, 293, 299, 380, 409, 420, 428, 462, 501, 512, 742, 823]
RKP_01000_00100_2_06.txt|300.0|0.14409859999999952|[1, 6, 8, 24, 33, 46, 48, 52, 57, 115, 122, 138, 154, 185, 187, 233, 255, 290, 322, 383, 590, 602, 647, 805, 827, 858, 876, 894]
RKP_01000_00100_2_07.txt|269.0|0.12248920000000041|[1, 2, 3, 7, 20, 61, 81, 173, 208, 271, 284, 305, 337, 378, 396, 433, 444, 457, 480, 531, 682, 783, 796, 821]
RKP_01000_00100_2_08.txt|303.0|0.13029599999999952|[1, 3, 7, 9, 10, 11, 21, 39, 41, 44, 49, 73, 121, 129, 131, 175, 223, 228, 250, 278, 294, 406, 549, 573, 609, 661, 862]
RKP_01000_00100_2_09.txt|276.0|0.11672240000000045|[6, 9, 13, 18, 25, 30, 31, 118, 127, 176, 191, 205, 225, 235, 348, 382, 417, 436, 470, 573, 651, 656, 904, 982]
RKP_01000_00100_2_10.txt|290.0|0.14077550000000016|[1, 4, 5, 15, 30, 56, 58, 71, 78, 89, 122, 163, 164, 191, 196, 252, 273, 282, 309, 314, 341, 443, 521, 522, 548, 564, 579, 700, 710, 755]
RKP_01000_00100_3_01.txt|518.0|0.12205180000000126|[1, 2, 11, 15, 21, 22, 32, 49, 51, 55, 65, 69, 77, 119, 133, 134, 157, 186, 208, 240, 249, 294, 322, 326, 337, 340, 348, 351, 441, 456, 464, 537, 565, 567, 605, 659, 704, 740, 763, 795, 857, 962]
RKP_01000_00100_3_02.txt|480.0|0.12460570000000004|[1, 2, 7, 9, 16, 18, 19, 24, 25, 31, 37, 38, 47, 53, 56, 69, 79, 94, 110, 120, 121, 126, 137, 138, 176, 216, 286, 295, 318, 377, 381, 386, 533, 567, 586, 600, 644, 654]
RKP_01000_00100_3_03.txt|500.0|0.1250826000000007|[1, 2, 3, 13, 22, 31, 44, 46, 54, 62, 74, 84, 89, 93, 143, 175, 180, 181, 204, 222, 256, 270, 321, 325, 378, 382, 392, 431, 443, 448, 530, 580, 625, 652, 692, 720, 738, 822, 836, 994]
RKP_01000_00100_3_04.txt|478.0|0.11107909999999954|[1, 2, 3, 5, 9, 15, 16, 29, 31, 42, 44, 53, 58, 62, 65, 83, 119, 142, 149, 161, 232, 235, 274, 277, 293, 305, 339, 389, 449, 492, 527, 535, 550, 639, 645, 657, 740, 786]
RKP_01000_00100_3_05.txt|440.0|0.12480880000000028|[1, 2, 5, 10, 23, 24, 29, 31, 37, 46, 50, 57, 85, 86, 100, 107, 108, 128, 141, 144, 163, 172, 183, 192, 204, 308, 315, 320, 355, 460, 480, 630, 661, 851]
RKP_01000_00100_3_06.txt|458.0|0.1459279999999996|[1, 5, 6, 7, 13, 14, 15, 16, 18, 22, 25, 28, 36, 37, 63, 64, 66, 71, 112, 129, 153, 158, 204, 207, 217, 224, 242, 249, 278, 330, 347, 471, 543, 886, 901, 970]
RKP_01000_00100_3_07.txt|508.0|0.12002690000000094|[1, 2, 3, 4, 5, 8, 12, 16, 20, 23, 27, 31, 34, 38, 53, 56, 96, 112, 124, 129, 131, 144, 161, 169, 190, 204, 231, 282, 337, 402, 407, 433, 591, 605, 695, 750, 779, 822, 867, 888, 942]
RKP_01000_00100_3_08.txt|440.0|0.12623289999999976|[1, 2, 7, 9, 11, 33, 35, 53, 71, 89, 97, 118, 129, 130, 131, 145, 154, 171, 179, 198, 233, 252, 257, 266, 292, 303, 340, 342, 472, 524, 591, 600, 636, 883]
RKP_01000_00100_3_09.txt|440.0|0.09814650000000036|[1, 2, 3, 4, 6, 9, 16, 23, 26, 36, 39, 47, 48, 77, 83, 141, 199, 202, 211, 216, 257, 385, 403, 446, 471, 480, 563, 578, 647, 758, 825, 871, 885, 930]
RKP_01000_00100_3_10.txt|470.0|0.12391600000000125|[1, 10, 12, 16, 18, 22, 26, 35, 37, 46, 61, 72, 87, 103, 106, 122, 156, 169, 187, 227, 245, 247, 251, 264, 314, 319, 334, 426, 436, 439, 524, 632, 677, 687, 764, 799, 964]
RKP_01000_00100_4_01.txt|100.0|0.09836869999999998|[866]
RKP_01000_00100_4_02.txt|100.0|0.0959614000000002|[858]
RKP_01000_00100_4_03.txt|100.0|0.0951878999999991|[856]
RKP_01000_00100_4_04.txt|100.0|0.09612270000000045|[828]
RKP_01000_00100_4_05.txt|100.0|0.09693560000000012|[853]
RKP_01000_00100_4_06.txt|100.0|0.09536480000000047|[926]
RKP_01000_00100_4_07.txt|100.0|0.09611650000000083|[887]
RKP_01000_00100_4_08.txt|100.0|0.09823109999999957|[847]
RKP_01000_00100_4_09.txt|100.0|0.09739810000000126|[877]
RKP_01000_00100_4_10.txt|100.0|0.09888839999999988|[843]
RKP_01000_00100_5_01.txt|100.0|0.09979099999999974|[110, 111, 187, 322, 349, 566, 821, 824]
RKP_01000_00100_5_02.txt|100.0|0.13147529999999996|[100, 143, 233, 706]
RKP_01000_00100_5_03.txt|100.0|0.10359539999999967|[78, 334, 335, 491]
RKP_01000_00100_5_04.txt|100.0|0.1274374999999992|[11, 14, 46, 83, 103, 113, 196, 363, 368, 417]
RKP_01000_00100_5_05.txt|100.0|0.09796400000000105|[101, 908]
RKP_01000_00100_5_06.txt|100.0|0.09958750000000016|[9, 46, 82, 158, 992]
RKP_01000_00100_5_07.txt|100.0|0.10080810000000007|[104, 746]
RKP_01000_00100_5_08.txt|100.0|0.09691530000000093|[3, 8, 88, 100, 110, 113, 115, 285, 675, 765, 839]
RKP_01000_00100_5_09.txt|100.0|0.1011337999999995|[3, 4, 9, 11, 20, 33, 42, 43, 68, 72, 85, 93, 94, 99, 113, 135, 144, 182, 217, 229, 263, 307, 338, 351, 376, 400, 469, 507, 532, 629, 646, 998]
RKP_01000_00100_5_10.txt|100.0|0.10175540000000005|[6, 60, 106, 326, 488, 497, 873]
RKP_05000_00100_1_01.txt|4764.0|0.5311581000000007|[1, 3, 4, 5, 7, 8, 9, 16, 20, 21, 22, 24, 31, 49, 51, 59, 68, 89, 99, 115, 116, 150, 155, 213, 302, 363, 465, 540, 553, 589, 642, 801, 847, 852, 904, 1181, 1207, 1213, 1268, 1275, 1277, 1366, 1373, 1406, 1482, 1485, 1568, 1700, 1723, 1839, 2003, 2091, 2106, 2398, 2478, 2505, 2548, 2556, 2692, 3645, 3733, 4536, 4545]
RKP_05000_00100_1_02.txt|4558.0|0.5927556000000003|[1, 2, 16, 18, 28, 31, 42, 44, 51, 57, 60, 73, 75, 104, 130, 135, 171, 174, 235, 275, 277, 301, 304, 338, 347, 350, 357, 374, 420, 437, 448, 463, 501, 601, 716, 794, 892, 1210, 1432, 1557, 1585, 1720, 1821, 1929, 2337, 2669, 2809, 2939, 3013, 3107, 3415, 3648, 3739, 4066, 4311, 4339, 4439, 4651]
RKP_05000_00100_1_03.txt|4455.0|0.5694552999999978|[1, 2, 5, 6, 7, 10, 22, 27, 52, 81, 136, 156, 193, 207, 219, 304, 326, 350, 401, 436, 591, 612, 656, 793, 929, 961, 1020, 1035, 1044, 1066, 1069, 1154, 1171, 1237, 1283, 1355, 1363, 1550, 1588, 1634, 1880, 2382, 2442, 2646, 2939, 2992, 3005, 3036, 3127, 3261, 3382, 3471, 3686, 3801, 4053, 4396, 4436, 4693, 4798]
RKP_05000_00100_1_04.txt|4249.0|0.5442445000000014|[2, 5, 7, 9, 16, 20, 23, 38, 41, 69, 78, 104, 131, 135, 147, 233, 337, 378, 416, 444, 455, 557, 579, 651, 713, 795, 936, 1048, 1173, 1210, 1521, 1527, 1675, 1764, 1814, 1931, 2030, 2255, 2304, 2528, 2565, 2594, 2831, 2859, 2934, 2940, 3006, 3064, 3085, 3198, 3225, 3336, 3338, 3474, 3484, 3503, 3605, 3644, 3703, 4248, 4280, 4320, 4470, 4914]
RKP_05000_00100_1_05.txt|4337.0|0.5613451000000005|[2, 4, 8, 14, 16, 20, 23, 30, 33, 38, 44, 53, 60, 64, 92, 96, 101, 119, 158, 174, 230, 288, 306, 356, 427, 428, 507, 541, 542, 608, 644, 660, 667, 907, 977, 1088, 1169, 1249, 1309, 1432, 1433, 1759, 2097, 2347, 2447, 2537, 2549, 2850, 2922, 2995, 3160, 3454, 4002, 4179, 4251, 4588, 4630, 4969]
RKP_05000_00100_1_06.txt|4383.0|0.5635894000000015|[2, 3, 6, 7, 8, 9, 11, 14, 17, 18, 21, 25, 41, 44, 45, 55, 62, 71, 73, 108, 111, 115, 122, 131, 133, 152, 171, 208, 219, 238, 435, 455, 457, 569, 645, 701, 745, 747, 807, 860, 866, 896, 912, 920, 1186, 1259, 1279, 1512, 1542, 1606, 1799, 2000, 2510, 2608, 3167, 3239, 3571, 3825, 4655]
RKP_05000_00100_1_07.txt|4701.0|0.5789529999999985|[1, 3, 4, 5, 8, 11, 13, 30, 32, 35, 55, 60, 79, 90, 97, 118, 124, 155, 180, 188, 192, 204, 219, 244, 362, 451, 453, 457, 494, 582, 811, 876, 880, 930, 931, 991, 1149, 1187, 1199, 1222, 1299, 1401, 1437, 1477, 1674, 1758, 1762, 1827, 1913, 2037, 2041, 2085, 2258, 2591, 2883, 3162, 3167, 3320, 3370, 3419, 3473, 3484, 3566, 4252, 4639]
RKP_05000_00100_1_08.txt|4326.0|0.5657041000000014|[1, 6, 25, 29, 48, 54, 72, 82, 137, 148, 154, 179, 183, 186, 215, 234, 264, 266, 276, 288, 300, 341, 345, 441, 502, 538, 687, 739, 745, 779, 816, 820, 865, 906, 1029, 1079, 1186, 1267, 1318, 1358, 1632, 1717, 1781, 2054, 2248, 2399, 2535, 2845, 2994, 3137, 3226, 3259, 3876, 3911, 3927, 4344, 4473, 4638, 4811, 4998]
RKP_05000_00100_1_09.txt|4091.0|0.5130370000000006|[2, 3, 6, 10, 30, 42, 43, 70, 74, 83, 90, 121, 178, 190, 230, 270, 307, 325, 329, 383, 423, 447, 463, 533, 619, 635, 747, 786, 796, 816, 853, 987, 1184, 1260, 1309, 1363, 1387, 1427, 1441, 1736, 1856, 1869, 1945, 2349, 2596, 2807, 2965, 3051, 3556, 3572, 3697, 4135, 4156, 4220, 4341, 4424]
RKP_05000_00100_1_10.txt|4540.0|0.5414262000000001|[1, 2, 8, 13, 15, 20, 25, 26, 43, 48, 60, 83, 90, 111, 134, 143, 153, 176, 180, 189, 230, 321, 352, 363, 385, 429, 437, 445, 482, 484, 564, 629, 654, 662, 714, 780, 795, 805, 952, 956, 1091, 1221, 1342, 1350, 1395, 1422, 1517, 1804, 2061, 2120, 2616, 2958, 3065, 3086, 3176, 3373, 3734, 4185, 4369, 4572, 4883]
RKP_05000_00100_2_01.txt|452.0|0.38728539999999967|[5, 25, 40, 44, 68, 77, 110, 142, 144, 148, 220, 246, 315, 540, 551, 626, 648, 736, 848, 868, 1057, 1078, 1238, 1292, 1647, 1715, 1741, 1835, 2000, 2019, 2120, 2210, 2218, 2295, 2729, 2735, 2913, 3020, 3393, 3518, 3573, 4039, 4620, 4675]
RKP_05000_00100_2_02.txt|483.0|0.4337869999999988|[3, 4, 8, 14, 15, 22, 29, 33, 73, 103, 152, 155, 275, 292, 298, 407, 455, 532, 536, 556, 578, 656, 677, 763, 778, 871, 1014, 1178, 1194, 1493, 1570, 1770, 1793, 1800, 1838, 2263, 2320, 2360, 2412, 2437, 2439, 2501, 2707, 2984, 2992, 3004, 3178, 3238, 3654, 3848, 4063, 4347, 4978]
RKP_05000_00100_2_03.txt|459.0|0.38869800000000154|[5, 6, 9, 11, 12, 17, 22, 39, 54, 82, 113, 185, 195, 202, 242, 314, 388, 442, 500, 524, 543, 592, 710, 769, 826, 840, 842, 1122, 1234, 1332, 1463, 1469, 1749, 1867, 1925, 2550, 2606, 2844, 2973, 3003, 3625, 3890, 3969, 4206, 4547, 4655, 4806, 4989]
RKP_05000_00100_2_04.txt|466.0|0.39083730000000116|[1, 5, 12, 13, 31, 35, 45, 54, 67, 72, 87, 99, 109, 156, 168, 283, 325, 355, 363, 387, 483, 491, 506, 637, 674, 687, 752, 917, 950, 1107, 1138, 1415, 1565, 1566, 1633, 1671, 1864, 2042, 2052, 2100, 2126, 2299, 3028, 3108, 3153, 3838, 4139]
RKP_05000_00100_2_05.txt|467.0|0.4089698999999989|[5, 22, 29, 52, 69, 99, 167, 274, 355, 370, 426, 434, 452, 522, 612, 752, 829, 879, 942, 984, 991, 1029, 1076, 1224, 1654, 1741, 1823, 2083, 2146, 2206, 2208, 2261, 2332, 2365, 2545, 2614, 2703, 2785, 2815, 3238, 3241, 3374, 3383, 3549, 3555, 3573, 3758, 3817]
RKP_05000_00100_2_06.txt|457.0|0.42879310000000004|[1, 3, 6, 8, 23, 33, 62, 129, 135, 136, 182, 210, 222, 324, 326, 356, 466, 639, 758, 816, 853, 926, 1025, 1109, 1193, 1208, 1288, 1383, 1433, 1581, 1917, 2039, 2040, 2044, 2075, 2118, 2148, 2322, 2408, 2422, 2453, 2974, 3081, 3347, 3682, 4405, 4478]
RKP_05000_00100_2_07.txt|478.0|0.42021259999999927|[1, 2, 3, 7, 15, 43, 49, 55, 58, 71, 74, 79, 103, 141, 177, 180, 183, 194, 216, 235, 244, 260, 261, 333, 341, 373, 396, 429, 498, 516, 649, 689, 938, 1063, 1389, 2108, 2164, 2246, 2323, 2332, 2419, 2528, 2641, 2751, 3229, 3555, 3866, 4183, 4327, 4507]
RKP_05000_00100_2_08.txt|455.0|0.3976848000000004|[1, 2, 7, 9, 11, 14, 15, 23, 24, 25, 41, 48, 79, 94, 98, 99, 152, 199, 342, 367, 524, 560, 621, 636, 671, 672, 735, 792, 869, 953, 967, 1204, 1273, 1387, 1415, 1492, 1638, 1700, 2068, 2149, 2312, 2584, 2915, 3246, 3365, 3421, 3696, 4332, 4543, 4658]
RKP_05000_00100_2_09.txt|491.0|0.46150360000000035|[5, 6, 15, 18, 20, 61, 66, 75, 86, 88, 110, 112, 142, 151, 218, 238, 244, 293, 294, 355, 362, 392, 433, 574, 678, 755, 796, 955, 1008, 1149, 1203, 1331, 1335, 1338, 1397, 1679, 1818, 1873, 2179, 2196, 2213, 2318, 2352, 2365, 2520, 2692, 2953, 3113, 4070, 4171, 4480, 4778]
RKP_05000_00100_2_10.txt|459.0|0.3853457999999996|[19, 66, 72, 74, 78, 120, 136, 163, 184, 210, 253, 275, 291, 302, 315, 326, 373, 387, 463, 477, 502, 918, 935, 978, 1253, 1313, 1459, 1547, 1773, 1932, 2022, 2133, 2283, 2318, 2345, 2435, 2456, 2755, 2768, 2802, 3077, 3123, 3300, 3321, 4012, 4424, 4994]
RKP_05000_00100_3_01.txt|790.0|0.31841280000000083|[1, 2, 3, 4, 8, 10, 11, 22, 26, 44, 48, 69, 77, 83, 97, 109, 118, 135, 224, 231, 242, 276, 279, 288, 312, 334, 361, 383, 410, 471, 533, 534, 558, 588, 610, 661, 676, 692, 995, 1006, 1037, 1096, 1192, 1272, 1286, 1363, 1636, 1725, 1733, 1751, 1768, 2035, 2039, 2090, 2321, 2608, 2691, 2768, 3046, 3252, 3272, 3292, 3674, 3675, 3683, 4057, 4195, 4471, 4562]
RKP_05000_00100_3_02.txt|880.0|0.35989430000000056|[1, 3, 9, 22, 31, 36, 38, 93, 94, 97, 98, 132, 135, 145, 148, 166, 167, 175, 203, 242, 254, 272, 301, 312, 313, 351, 356, 373, 392, 415, 427, 434, 452, 472, 496, 512, 542, 776, 796, 856, 879, 973, 989, 993, 1092, 1136, 1147, 1267, 1271, 1326, 1335, 1353, 1664, 1727, 1824, 1834, 1876, 2005, 2135, 2362, 2367, 2409, 2674, 2689, 2722, 2762, 2772, 2861, 3228, 3287, 3344, 3615, 3645, 4055, 4114, 4233, 4494, 4912]
RKP_05000_00100_3_03.txt|860.0|0.35528030000000044|[1, 3, 5, 6, 14, 20, 21, 27, 52, 73, 76, 86, 96, 129, 140, 155, 159, 191, 192, 205, 258, 283, 341, 387, 397, 403, 446, 459, 520, 647, 690, 714, 721, 894, 909, 945, 963, 977, 996, 1086, 1109, 1226, 1256, 1304, 1305, 1347, 1409, 1459, 1487, 1525, 1558, 1571, 1712, 1847, 1888, 1890, 1941, 2659, 2662, 2676, 2793, 2858, 2962, 2984, 2989, 3115, 3260, 4111, 4254, 4440, 4520, 4528, 4547, 4563, 4874, 4968]
RKP_05000_00100_3_04.txt|830.0|0.31835530000000034|[2, 4, 5, 9, 15, 16, 24, 28, 48, 51, 56, 59, 68, 100, 103, 133, 136, 232, 266, 282, 298, 315, 318, 320, 325, 335, 365, 375, 403, 446, 473, 648, 688, 769, 770, 808, 819, 898, 984, 995, 1162, 1182, 1193, 1227, 1264, 1283, 1338, 1347, 1348, 1380, 1433, 1455, 1739, 1757, 1758, 1788, 1817, 1905, 2156, 2231, 2274, 2340, 2386, 2433, 2600, 2634, 3111, 3384, 3639, 3783, 3851, 4679, 4996]
RKP_05000_00100_3_05.txt|740.0|0.35703499999999977|[1, 7, 24, 25, 32, 47, 60, 76, 81, 109, 113, 122, 147, 220, 230, 238, 292, 295, 362, 435, 480, 485, 486, 513, 542, 573, 583, 588, 638, 669, 769, 891, 905, 909, 936, 950, 994, 1088, 1259, 1491, 1526, 1529, 1668, 1760, 1764, 2040, 2337, 2456, 2471, 2596, 2671, 2714, 2837, 2859, 2877, 3114, 3135, 3492, 3753, 4073, 4110, 4118, 4398, 4423]
RKP_05000_00100_3_06.txt|850.0|0.3494327999999989|[2, 3, 4, 10, 12, 15, 25, 26, 27, 29, 32, 35, 58, 68, 79, 104, 113, 119, 121, 179, 181, 207, 244, 248, 270, 278, 290, 352, 440, 452, 492, 551, 638, 683, 755, 765, 787, 796, 838, 899, 956, 1046, 1130, 1148, 1227, 1366, 1376, 1393, 1451, 1477, 1657, 1698, 1727, 1735, 1775, 1854, 1860, 1884, 2159, 2205, 2457, 2528, 2710, 2738, 2878, 2978, 3082, 3091, 3095, 3112, 3151, 3434, 3943, 4151, 4282]
RKP_05000_00100_3_07.txt|860.0|0.40897640000000024|[1, 2, 10, 14, 18, 20, 26, 32, 68, 85, 89, 93, 96, 98, 99, 114, 119, 167, 169, 189, 211, 213, 222, 281, 304, 355, 356, 362, 372, 485, 495, 500, 507, 523, 526, 549, 550, 566, 607, 699, 729, 750, 799, 812, 817, 859, 876, 883, 890, 894, 980, 1030, 1095, 1453, 1577, 1663, 1833, 1892, 1960, 2113, 2510, 2632, 2667, 2701, 2869, 3232, 3416, 3509, 3542, 3596, 3653, 3863, 4083, 4185, 4467, 4835]
RKP_05000_00100_3_08.txt|860.0|0.3247233999999999|[1, 4, 5, 13, 17, 24, 28, 35, 47, 89, 92, 97, 101, 129, 161, 169, 191, 215, 216, 227, 238, 273, 309, 343, 484, 491, 502, 525, 557, 563, 572, 645, 685, 700, 888, 969, 1028, 1047, 1076, 1208, 1228, 1238, 1244, 1344, 1355, 1414, 1458, 1478, 1502, 1589, 1747, 1802, 1973, 2084, 2091, 2154, 2276, 2313, 2363, 2430, 2572, 2702, 3001, 3330, 3335, 3410, 3476, 3716, 3821, 4035, 4062, 4178, 4225, 4353, 4604, 4735]
RKP_05000_00100_3_09.txt|830.0|0.3462208999999987|[1, 2, 3, 4, 8, 24, 40, 49, 55, 63, 94, 101, 111, 116, 205, 262, 271, 277, 350, 355, 373, 424, 466, 501, 579, 585, 600, 610, 636, 662, 754, 827, 839, 981, 986, 1004, 1074, 1163, 1328, 1430, 1532, 1558, 1683, 1913, 1972, 2033, 2048, 2227, 2372, 2453, 2579, 2595, 2609, 2618, 2805, 2846, 2862, 2897, 2925, 3127, 3283, 3500, 3562, 3603, 3727, 3830, 3987, 4348, 4459, 4677, 4681, 4813, 4902]
RKP_05000_00100_3_10.txt|850.0|0.37334020000000123|[2, 3, 4, 8, 19, 21, 22, 27, 30, 47, 50, 52, 63, 113, 119, 138, 173, 216, 236, 252, 283, 336, 383, 438, 526, 614, 627, 666, 685, 775, 780, 787, 793, 798, 860, 881, 933, 1040, 1075, 1132, 1166, 1259, 1323, 1419, 1426, 1430, 1457, 1463, 1547, 1928, 1938, 2051, 2107, 2181, 2195, 2235, 2244, 2280, 2312, 2477, 2567, 2720, 2816, 2929, 2988, 2990, 3361, 3415, 3506, 3869, 3877, 3997, 4448, 4628, 4783]
RKP_05000_00100_4_01.txt|100.0|0.32381379999999993|[4988]
RKP_05000_00100_4_02.txt|100.0|0.31724709999999945|[4283]
RKP_05000_00100_4_03.txt|100.0|0.3451334999999993|[4978]
RKP_05000_00100_4_04.txt|100.0|0.323204699999998|[4944]
RKP_05000_00100_4_05.txt|100.0|0.3093579999999996|[4948]
RKP_05000_00100_4_06.txt|100.0|0.34871689999999944|[4960]
RKP_05000_00100_4_07.txt|100.0|0.32084569999999957|[4993]
RKP_05000_00100_4_08.txt|100.0|0.3112113000000001|[4967]
RKP_05000_00100_4_09.txt|100.0|0.3494963999999996|[4961]
RKP_05000_00100_4_10.txt|100.0|0.30844649999999874|[4948]
RKP_05000_00100_5_01.txt|100.0|0.3524396999999979|[556, 675, 1015]
RKP_05000_00100_5_02.txt|100.0|0.3279264999999967|[288, 311, 828, 941, 1674, 3721, 3886, 4156, 4584]
RKP_05000_00100_5_03.txt|100.0|0.3301072000000005|[94, 436, 1489, 2728]
RKP_05000_00100_5_04.txt|100.0|0.3600368999999972|[1, 67, 128, 214, 242, 398, 922, 977, 989, 1081, 1221, 1225, 1462, 1709, 1737, 2053]
RKP_05000_00100_5_05.txt|100.0|0.33281089999999836|[4, 23, 32, 129, 192, 224, 331, 340, 359, 366, 385, 469, 616, 936, 1115, 1520, 1736, 1813, 2087, 3952]
RKP_05000_00100_5_06.txt|100.0|0.3278031000000041|[586, 762, 875, 1226, 1242, 1522, 2581]
RKP_05000_00100_5_07.txt|100.0|0.37338809999999967|[510, 583, 720, 822, 893, 993, 1029, 1992, 2093, 2324, 2897, 3358, 3682]
RKP_05000_00100_5_08.txt|100.0|0.31520059999999717|[67, 173, 204, 1002, 1036, 1041, 3957]
RKP_05000_00100_5_09.txt|100.0|0.3321298999999982|[1964, 1970]
RKP_05000_00100_5_10.txt|100.0|0.3545965999999936|[524, 960, 1975]
RKP_05000_01000_1_01.txt|57253.0|0.7896745000000038|[1, 2, 5, 8, 13, 15, 16, 17, 18, 22, 23, 30, 35, 53, 78, 82, 86, 96, 151, 153, 164, 212, 226, 271, 328, 334, 368, 379, 399, 424, 511, 551, 661, 684, 700, 726, 732, 751, 778, 800, 866, 969, 974, 991, 1034, 1145, 1196, 1214, 1232, 1233, 1387, 1431, 1591, 1724, 1742, 1756, 1775, 1810, 1841, 1858, 1919, 1928, 1979, 2077, 2187, 2254, 2266, 2481, 2567, 2629, 2777, 2814, 2874, 3144, 3187, 3256, 3282, 3485, 3534, 3791, 3799, 4129, 4223, 4479, 4971]
RKP_05000_01000_1_02.txt|60989.0|0.8123013000000014|[3, 7, 10, 22, 36, 39, 41, 65, 78, 84, 89, 96, 109, 130, 155, 207, 222, 235, 236, 282, 293, 304, 337, 406, 425, 464, 471, 506, 539, 588, 622, 646, 675, 694, 728, 772, 790, 837, 917, 918, 928, 965, 988, 1055, 1205, 1261, 1329, 1337, 1343, 1403, 1414, 1455, 1590, 1604, 1677, 1683, 1860, 1999, 2011, 2041, 2120, 2198, 2229, 2379, 2594, 2727, 2745, 2750, 2769, 2800, 2825, 2832, 2973, 3095, 3349, 3565, 3585, 3628, 3668, 3795, 3875, 4414, 4489, 4961]
RKP_05000_01000_1_03.txt|55337.0|0.861072699999994|[1, 3, 13, 22, 24, 33, 60, 62, 67, 72, 76, 94, 114, 129, 135, 165, 174, 176, 186, 192, 248, 272, 339, 344, 400, 446, 515, 533, 649, 749, 810, 852, 875, 882, 933, 940, 988, 1006, 1027, 1039, 1146, 1150, 1219, 1339, 1364, 1415, 1475, 1478, 1534, 1605, 1614, 1719, 1815, 1822, 1854, 1979, 2016, 2080, 2110, 2125, 2161, 2201, 2314, 2468, 2471, 2682, 2688, 2848, 3194, 3232, 3276, 3392, 3682, 3835, 3920, 4191, 4193, 4283, 4640]
RKP_05000_01000_1_04.txt|57074.0|0.9129521999999994|[1, 2, 5, 6, 7, 8, 9, 10, 16, 24, 25, 33, 35, 49, 50, 52, 61, 64, 71, 105, 114, 132, 133, 135, 181, 189, 191, 210, 223, 238, 248, 270, 304, 318, 351, 395, 421, 465, 482, 498, 522, 533, 546, 594, 670, 687, 716, 724, 792, 794, 886, 952, 1021, 1074, 1107, 1142, 1174, 1218, 1275, 1311, 1395, 1416, 1450, 1546, 1597, 1689, 1916, 2023, 2047, 2060, 2177, 2470, 2550, 2580, 2649, 3023, 3055, 3271, 3926, 4232, 4277, 4329, 4397, 4624, 4775]
RKP_05000_01000_1_05.txt|57103.0|0.8983058000000028|[2, 4, 5, 8, 14, 16, 19, 25, 27, 46, 65, 67, 72, 73, 85, 91, 93, 94, 97, 119, 120, 130, 132, 157, 168, 201, 208, 231, 254, 259, 267, 279, 330, 339, 349, 352, 385, 430, 467, 580, 584, 592, 593, 651, 667, 711, 816, 903, 943, 985, 1012, 1023, 1093, 1142, 1155, 1162, 1227, 1316, 1320, 1321, 1411, 1418, 1474, 1588, 1606, 1607, 1649, 1883, 1893, 2004, 2069, 2256, 2263, 2271, 2350, 2360, 2397, 2547, 2786, 2819, 2834, 3067, 3468, 4053, 4096, 4118, 4204, 4385]
RKP_05000_01000_1_06.txt|55916.0|0.7934192000000024|[2, 3, 4, 6, 8, 9, 10, 13, 37, 42, 48, 51, 52, 60, 80, 90, 107, 122, 150, 157, 159, 163, 188, 192, 217, 224, 269, 288, 292, 297, 336, 337, 343, 399, 429, 498, 503, 601, 612, 616, 646, 656, 684, 687, 688, 691, 697, 721, 736, 883, 894, 943, 998, 1002, 1040, 1062, 1097, 1145, 1192, 1242, 1368, 1494, 1511, 1530, 1662, 1689, 1720, 1879, 1910, 1916, 2012, 2025, 2048, 2050, 2195, 2442, 2483, 2517, 2633, 2857, 2865, 2967, 3076, 3109, 3846, 4183, 4196, 4603, 4793]
RKP_05000_01000_1_07.txt|51770.0|0.830931200000002|[1, 2, 8, 15, 21, 23, 27, 38, 44, 46, 65, 77, 84, 91, 94, 130, 161, 188, 204, 213, 226, 241, 363, 386, 393, 421, 424, 453, 522, 523, 568, 569, 577, 608, 616, 628, 637, 640, 651, 666, 731, 753, 957, 985, 993, 1047, 1052, 1175, 1178, 1346, 1359, 1378, 1449, 1489, 1605, 1607, 1645, 1659, 1666, 1697, 1741, 1764, 1865, 1904, 2001, 2087, 2145, 2245, 2593, 2669, 2984, 3438, 3455, 3964, 4009, 4078, 4242, 4471]
RKP_05000_01000_1_08.txt|53986.0|0.9578504999999993|[3, 7, 10, 12, 15, 20, 24, 26, 29, 32, 39, 40, 43, 52, 66, 75, 79, 81, 89, 109, 115, 117, 118, 140, 151, 190, 207, 217, 235, 244, 279, 389, 419, 427, 430, 488, 527, 529, 531, 548, 575, 651, 670, 738, 785, 849, 890, 892, 952, 1029, 1088, 1138, 1275, 1344, 1391, 1487, 1574, 2070, 2099, 2110, 2280, 2356, 2382, 2528, 2585, 2723, 2841, 3244, 3288, 3323, 3437, 3788, 3908, 3925, 3937, 4070, 4497, 4666]
RKP_05000_01000_1_09.txt|56795.0|0.8162690000000055|[1, 2, 4, 6, 7, 17, 18, 25, 27, 29, 32, 39, 47, 49, 51, 73, 94, 101, 104, 106, 128, 136, 153, 157, 163, 190, 191, 302, 320, 342, 359, 364, 377, 390, 427, 473, 499, 562, 563, 684, 714, 844, 883, 996, 998, 1113, 1242, 1337, 1362, 1366, 1401, 1414, 1434, 1481, 1495, 1509, 1579, 1679, 1699, 1714, 1761, 1788, 1854, 1911, 2012, 2034, 2121, 2239, 2246, 2364, 2381, 2399, 2844, 2845, 3156, 3179, 3245, 3448, 3556, 3644, 3744, 3900, 3964, 4115]
RKP_05000_01000_1_10.txt|60889.0|0.7851700999999949|[1, 2, 4, 9, 11, 33, 38, 43, 47, 49, 80, 100, 103, 104, 124, 129, 161, 180, 187, 193, 198, 212, 220, 245, 255, 261, 286, 359, 384, 445, 461, 464, 472, 486, 495, 500, 528, 634, 740, 785, 807, 813, 844, 888, 904, 1044, 1076, 1095, 1253, 1284, 1313, 1350, 1361, 1413, 1430, 1436, 1476, 1479, 1553, 1554, 1636, 1640, 1641, 1680, 1686, 1731, 1817, 1914, 1934, 2153, 2184, 2216, 2309, 2541, 2544, 2560, 2608, 2671, 2698, 2753, 2768, 2867, 3137, 3309, 3687, 3836, 4698, 4815]
RKP_05000_01000_2_01.txt|4445.0|0.9799507000000034|[2, 12, 22, 23, 28, 32, 38, 81, 88, 103, 115, 147, 153, 176, 265, 339, 352, 395, 413, 483, 541, 687, 724, 761, 947, 951, 997, 1011, 1046, 1100, 1173, 1473, 1487, 1641, 1730, 1844, 1898, 2000, 2057, 2168, 2281, 2351, 2400, 2569, 2671, 3060, 3395, 3764, 3919, 4166, 4493, 4598]
RKP_05000_01000_2_02.txt|4762.0|0.9998468000000003|[1, 2, 3, 44, 62, 76, 78, 79, 88, 94, 121, 214, 279, 311, 317, 338, 365, 379, 462, 471, 491, 545, 667, 820, 862, 946, 964, 1000, 1045, 1049, 1068, 1159, 1189, 1196, 1294, 1503, 1577, 1693, 1739, 1812, 1856, 2213, 2259, 2308, 2419, 2515, 2537, 2581, 2682, 2933, 2983, 3024, 3342, 3711, 4977]
RKP_05000_01000_2_03.txt|4962.0|0.9916899000000043|[51, 69, 86, 104, 106, 118, 131, 155, 171, 177, 185, 217, 235, 286, 305, 308, 341, 350, 375, 414, 465, 477, 507, 518, 589, 655, 726, 858, 862, 942, 1002, 1132, 1354, 1362, 1483, 1550, 1676, 1732, 1958, 2164, 2182, 2340, 2548, 2601, 2610, 2930, 3087, 3180, 3343, 3351, 3416, 3540, 3822, 3938, 4457, 4964]
RKP_05000_01000_2_04.txt|5056.0|1.119302900000001|[1, 3, 7, 17, 22, 51, 54, 57, 63, 82, 84, 153, 163, 183, 247, 302, 348, 371, 400, 509, 545, 547, 557, 567, 585, 662, 703, 758, 768, 1065, 1086, 1100, 1136, 1209, 1319, 1398, 1412, 1539, 1672, 1740, 1799, 1906, 1926, 1989, 2237, 2242, 2245, 2249, 2408, 2518, 2928, 2989, 3183, 3498, 3530, 3872, 4236, 4424, 4454]
RKP_05000_01000_2_05.txt|4775.0|0.9425481999999974|[3, 4, 5, 8, 9, 12, 16, 23, 30, 33, 34, 43, 70, 80, 187, 201, 204, 260, 273, 290, 306, 324, 344, 360, 390, 420, 427, 526, 734, 737, 775, 807, 876, 957, 1052, 1064, 1132, 1158, 1256, 1269, 1335, 1424, 1576, 1622, 1672, 1680, 1762, 1789, 1925, 2008, 2513, 2548, 2686, 2943, 3321, 4215, 4333, 4485]
RKP_05000_01000_2_06.txt|4964.0|1.0012709000000015|[1, 2, 5, 10, 27, 30, 36, 59, 61, 63, 94, 105, 109, 114, 138, 152, 154, 159, 242, 252, 282, 328, 344, 386, 464, 473, 481, 670, 672, 683, 707, 714, 739, 793, 862, 900, 925, 1064, 1134, 1317, 1369, 1477, 1569, 1619, 1746, 1852, 1898, 1933, 1948, 1991, 2282, 2287, 2446, 2476, 2484, 2638, 2690, 3111, 4131, 4545, 4951]
RKP_05000_01000_2_07.txt|4987.0|1.008902500000005|[1, 5, 11, 12, 33, 105, 157, 169, 199, 207, 212, 228, 238, 257, 294, 368, 516, 751, 759, 771, 772, 909, 997, 1123, 1139, 1265, 1309, 1425, 1437, 1461, 1552, 1593, 1625, 1643, 1811, 1886, 1902, 1935, 1945, 1976, 2206, 2233, 2241, 2282, 2461, 2608, 2864, 3031, 3085, 3129, 3147, 3196, 3259, 3275, 3507, 3974, 4279, 4429, 4453, 4495]
RKP_05000_01000_2_08.txt|5053.0|0.9638097999999999|[4, 6, 14, 17, 30, 44, 59, 78, 108, 114, 174, 200, 201, 213, 236, 242, 264, 278, 298, 312, 362, 371, 385, 397, 413, 473, 580, 634, 658, 660, 677, 747, 823, 846, 901, 972, 1016, 1067, 1156, 1184, 1256, 1314, 1499, 1664, 1783, 1802, 1924, 2133, 2399, 2632, 2808, 2941, 3148, 3191, 3385, 3857, 4129, 4386]
RKP_05000_01000_2_09.txt|4734.0|1.0864417000000017|[2, 3, 4, 10, 13, 15, 22, 25, 36, 44, 63, 116, 128, 151, 175, 247, 270, 310, 377, 379, 408, 419, 536, 579, 677, 784, 821, 897, 935, 1132, 1226, 1259, 1428, 1556, 1583, 1587, 1627, 1786, 1844, 1967, 1992, 2005, 2037, 2094, 2140, 2317, 2637, 2789, 2887, 3297, 3478, 3583, 3974, 4691]
RKP_05000_01000_2_10.txt|4644.0|0.9748287999999974|[9, 15, 18, 19, 25, 29, 36, 74, 82, 95, 99, 137, 149, 191, 206, 227, 294, 305, 337, 351, 420, 587, 749, 880, 922, 941, 1011, 1049, 1176, 1303, 1314, 1416, 1491, 1494, 1502, 1523, 1619, 1686, 1745, 1858, 1926, 2034, 2318, 2559, 2998, 3163, 3584, 3712, 3887, 4015, 4050, 4057, 4084, 4267, 4809]
RKP_05000_01000_3_01.txt|9592.0|0.4889550999999983|[1, 2, 9, 12, 13, 15, 16, 21, 34, 37, 40, 45, 46, 47, 53, 60, 72, 77, 97, 108, 112, 114, 119, 132, 176, 193, 207, 237, 241, 274, 276, 284, 305, 372, 381, 387, 400, 455, 539, 550, 560, 562, 604, 623, 632, 688, 728, 749, 917, 951, 996, 1021, 1038, 1047, 1081, 1087, 1139, 1140, 1190, 1198, 1365, 1369, 1382, 1600, 1615, 1698, 1779, 1923, 1958, 2056, 2178, 2241, 2250, 2416, 2461, 2640, 2748, 2783, 2851, 3246, 3421, 3426, 3545, 3591, 3683, 4101]
RKP_05000_01000_3_02.txt|10587.0|0.5068533999999971|[1, 2, 4, 13, 25, 28, 33, 38, 39, 41, 68, 71, 90, 107, 116, 129, 130, 140, 169, 209, 214, 230, 235, 263, 295, 303, 304, 305, 345, 379, 425, 436, 445, 446, 448, 542, 562, 595, 609, 624, 646, 718, 730, 759, 801, 849, 878, 931, 953, 1020, 1022, 1041, 1046, 1083, 1087, 1117, 1161, 1174, 1193, 1240, 1334, 1436, 1484, 1486, 1488, 1499, 1885, 1908, 2067, 2080, 2113, 2136, 2215, 2330, 2425, 2565, 2667, 2704, 2772, 2808, 2853, 2933, 2953, 2978, 2998, 3041, 3171, 3308, 3393, 3546, 3750, 3832, 4134, 4419, 4507, 4719]
RKP_05000_01000_3_03.txt|11098.0|0.45474310000000173|[1, 2, 3, 4, 5, 6, 11, 22, 26, 36, 38, 97, 127, 129, 153, 156, 158, 163, 190, 199, 200, 214, 215, 221, 246, 286, 308, 330, 339, 360, 377, 399, 439, 452, 465, 480, 544, 568, 609, 621, 652, 709, 710, 763, 765, 794, 839, 856, 879, 881, 896, 907, 952, 975, 989, 1022, 1041, 1082, 1157, 1164, 1222, 1231, 1465, 1498, 1523, 1533, 1559, 1597, 1605, 1663, 1733, 1767, 1926, 2087, 2202, 2280, 2298, 2319, 2386, 2439, 2529, 2613, 2901, 3166, 3239, 3273, 3477, 3545, 3722, 3910, 3928, 4041, 4084, 4149, 4215, 4329, 4338, 4529, 4671, 4695, 4813]
RKP_05000_01000_3_04.txt|10997.0|0.4761457999999976|[1, 3, 4, 5, 6, 9, 15, 17, 18, 25, 27, 29, 39, 45, 58, 63, 70, 82, 94, 111, 132, 142, 175, 198, 205, 206, 225, 258, 261, 263, 277, 306, 321, 337, 360, 362, 400, 413, 437, 448, 456, 472, 548, 568, 574, 610, 619, 648, 657, 680, 709, 730, 747, 769, 784, 827, 864, 962, 977, 989, 1049, 1064, 1080, 1226, 1276, 1309, 1322, 1396, 1398, 1493, 1557, 1589, 1768, 1786, 1801, 1872, 1907, 1912, 1996, 2115, 2150, 2372, 2516, 2541, 2568, 2575, 2593, 2601, 2747, 2865, 2868, 2871, 3274, 3330, 3448, 3523, 3612, 4042, 4440, 4880]
RKP_05000_01000_3_05.txt|10093.0|0.5166484999999952|[1, 2, 3, 4, 6, 7, 8, 10, 11, 16, 19, 26, 29, 32, 34, 48, 49, 54, 56, 70, 112, 122, 143, 162, 169, 183, 184, 212, 219, 283, 285, 296, 335, 344, 348, 358, 386, 486, 491, 501, 513, 620, 638, 658, 748, 768, 814, 830, 985, 1033, 1060, 1068, 1069, 1090, 1263, 1305, 1500, 1502, 1516, 1552, 1588, 1619, 1759, 1859, 1909, 2077, 2123, 2298, 2381, 2447, 2460, 2610, 2615, 2634, 2723, 2744, 2920, 2970, 3055, 3068, 3106, 3167, 3258, 3370, 3440, 3469, 3558, 3584, 3635, 4338, 4405]
RKP_05000_01000_3_06.txt|10580.0|0.4919124000000039|[1, 2, 3, 4, 6, 7, 12, 16, 37, 41, 45, 46, 55, 71, 76, 82, 84, 85, 86, 87, 94, 102, 124, 184, 193, 206, 213, 219, 227, 249, 265, 276, 286, 287, 288, 350, 368, 404, 431, 469, 488, 490, 573, 603, 623, 665, 686, 702, 734, 756, 760, 767, 801, 813, 839, 859, 889, 900, 931, 946, 1030, 1035, 1119, 1212, 1281, 1296, 1466, 1522, 1551, 1610, 1640, 1697, 1917, 1978, 1991, 2026, 2251, 2623, 2741, 2756, 2799, 3214, 3239, 3264, 3324, 3390, 3433, 3533, 3851, 4000, 4258, 4315, 4322, 4424, 4808, 4911]
RKP_05000_01000_3_07.txt|10678.0|0.4357080999999994|[1, 2, 3, 5, 6, 8, 11, 13, 18, 20, 31, 36, 60, 73, 75, 76, 79, 84, 94, 100, 113, 125, 194, 214, 216, 218, 220, 221, 251, 291, 293, 295, 319, 360, 370, 393, 398, 413, 417, 422, 427, 477, 487, 527, 539, 593, 608, 640, 658, 714, 762, 827, 849, 883, 884, 891, 896, 991, 1003, 1044, 1055, 1066, 1123, 1173, 1179, 1407, 1470, 1544, 1564, 1709, 1783, 1789, 1792, 1998, 2043, 2104, 2357, 2360, 2448, 2587, 2716, 2900, 2966, 3085, 3135, 3146, 3402, 3438, 3609, 3628, 3716, 3731, 3854, 4131, 4233, 4456, 4659]
RKP_05000_01000_3_08.txt|10694.0|0.5038886000000034|[1, 2, 3, 4, 6, 7, 14, 20, 22, 28, 30, 35, 36, 73, 77, 80, 82, 118, 122, 126, 134, 152, 154, 162, 213, 217, 226, 250, 260, 264, 270, 279, 295, 301, 331, 394, 474, 489, 525, 556, 654, 656, 660, 675, 707, 725, 771, 883, 911, 944, 953, 1009, 1036, 1050, 1077, 1117, 1134, 1135, 1159, 1273, 1364, 1395, 1513, 1588, 1636, 1733, 1770, 1810, 1967, 1970, 1976, 2019, 2025, 2088, 2364, 2391, 2402, 2484, 2858, 2977, 3017, 3087, 3214, 3237, 3284, 3346, 3396, 3557, 3571, 3808, 4022, 4192, 4463, 4487, 4700, 4767, 4779]
RKP_05000_01000_3_09.txt|9653.0|0.45285779999999676|[1, 2, 4, 7, 8, 9, 13, 14, 26, 40, 42, 51, 57, 61, 73, 77, 81, 83, 86, 87, 100, 106, 111, 136, 152, 159, 237, 242, 252, 281, 290, 310, 354, 376, 384, 412, 426, 492, 494, 556, 655, 661, 664, 671, 673, 751, 760, 786, 797, 852, 886, 921, 931, 1003, 1040, 1104, 1148, 1189, 1313, 1322, 1420, 1471, 1488, 1684, 1978, 2024, 2051, 2401, 2486, 2497, 2511, 2577, 2621, 2657, 2706, 2941, 3020, 3256, 3392, 3443, 3538, 3572, 3618, 3868, 4136, 4292, 4818]
RKP_05000_01000_3_10.txt|10592.0|0.5181369000000018|[1, 2, 3, 5, 6, 10, 16, 25, 33, 50, 52, 62, 66, 73, 112, 119, 145, 191, 194, 196, 218, 219, 223, 235, 270, 275, 287, 305, 308, 312, 343, 344, 353, 360, 369, 393, 400, 413, 434, 446, 458, 479, 502, 692, 781, 789, 808, 811, 876, 907, 944, 1019, 1093, 1097, 1125, 1184, 1279, 1317, 1329, 1343, 1498, 1530, 1621, 1635, 1785, 1803, 1847, 1854, 2139, 2189, 2224, 2322, 2458, 2611, 2749, 2764, 2813, 2877, 2894, 2915, 2940, 3064, 3119, 3127, 3150, 3234, 3240, 3251, 3435, 3589, 3879, 4227, 4466, 4631, 4747, 4788]
RKP_05000_01000_4_01.txt|1000.0|0.4063937999999965|[4615]
RKP_05000_01000_4_02.txt|1000.0|0.38820040000000233|[4971]
RKP_05000_01000_4_03.txt|1000.0|0.42613039999999813|[4966]
RKP_05000_01000_4_04.txt|1000.0|0.40929450000000145|[4995]
RKP_05000_01000_4_05.txt|1000.0|0.3882897000000014|[4575]
RKP_05000_01000_4_06.txt|1000.0|0.43152549999999934|[4950]
RKP_05000_01000_4_07.txt|1000.0|0.3876971999999981|[4493]
RKP_05000_01000_4_08.txt|1000.0|0.37646960000000007|[4472]
RKP_05000_01000_4_09.txt|1000.0|0.42742670000000516|[4975]
RKP_05000_01000_4_10.txt|1000.0|0.3978705999999974|[4469]
RKP_05000_01000_5_01.txt|1000.0|0.45644709999999833|[1, 104, 976, 1561, 1564, 2787, 3249]
RKP_05000_01000_5_02.txt|1000.0|0.42547150000000045|[110, 226, 924, 1000, 1849, 3537]
RKP_05000_01000_5_03.txt|1000.0|0.41944260000000355|[2, 18, 112, 174, 957, 2058, 4853]
RKP_05000_01000_5_04.txt|1000.0|0.45234609999999975|[1, 29, 58, 108, 595, 941, 2185]
RKP_05000_01000_5_05.txt|1000.0|0.40916929999998786|[1, 995, 1008, 3041]
RKP_05000_01000_5_06.txt|1000.0|0.4289846000000068|[2, 268, 376, 478, 989, 1081, 1769]
RKP_05000_01000_5_07.txt|1000.0|0.4533354000000003|[1, 5, 884, 1015, 2721, 4329]
RKP_05000_01000_5_08.txt|1000.0|0.41462030000000993|[5, 10, 98, 964, 971, 1034, 1109, 1550, 2396, 2648]
RKP_05000_01000_5_09.txt|1000.0|0.42434980000000166|[19, 970, 996, 1000, 3049, 3348]
RKP_05000_01000_5_10.txt|1000.0|0.45684139999998763|[1, 12, 101, 573, 963, 1221, 1241]
RKP_05000_05000_1_01.txt|270054.0|0.898078599999991|[2, 3, 4, 8, 21, 25, 30, 33, 36, 40, 41, 47, 74, 75, 78, 94, 96, 100, 127, 134, 149, 168, 174, 206, 226, 234, 239, 248, 254, 255, 263, 274, 279, 290, 358, 449, 477, 496, 498, 521, 522, 562, 601, 688, 798, 809, 826, 1034, 1200, 1201, 1231, 1246, 1247, 1260, 1270, 1286, 1305, 1416, 1437, 1543, 1595, 1674, 1685, 1939, 2195, 2321, 2685, 2687, 2896, 2945, 2997, 3113, 3266, 3721, 3813, 4077, 4308, 4777, 4810]
RKP_05000_05000_1_02.txt|319894.0|0.8964443999999929|[1, 2, 4, 8, 9, 10, 14, 18, 20, 21, 24, 38, 45, 55, 57, 59, 89, 104, 113, 117, 141, 213, 238, 240, 258, 269, 297, 310, 334, 341, 361, 378, 396, 444, 470, 474, 537, 669, 712, 785, 787, 805, 814, 903, 1005, 1041, 1044, 1069, 1075, 1089, 1107, 1115, 1152, 1203, 1266, 1309, 1374, 1434, 1459, 1556, 1786, 1855, 1870, 1979, 2039, 2089, 2174, 2177, 2322, 2403, 2501, 2667, 2706, 3059, 3588, 3696, 3754, 3842, 3886, 3921, 3940, 4013, 4074, 4197, 4382, 4402, 4712, 4832]
RKP_05000_05000_1_03.txt|290648.0|0.8988139000000075|[1, 2, 5, 7, 8, 18, 22, 25, 39, 46, 62, 78, 80, 86, 110, 115, 133, 206, 231, 233, 246, 249, 297, 318, 339, 353, 393, 399, 426, 429, 435, 451, 481, 482, 488, 557, 582, 586, 645, 651, 692, 779, 811, 908, 1083, 1098, 1099, 1108, 1115, 1212, 1227, 1235, 1236, 1244, 1261, 1265, 1290, 1374, 1414, 1441, 1477, 1594, 1775, 2124, 2264, 2426, 2615, 2630, 2760, 2859, 3154, 3247, 3414, 3443, 3493, 3512, 3593, 3843, 4284, 4374, 4414]
RKP_05000_05000_1_04.txt|302578.0|0.961836599999998|[1, 3, 5, 9, 12, 24, 25, 34, 38, 48, 68, 75, 76, 81, 85, 90, 96, 135, 145, 148, 169, 189, 197, 202, 222, 226, 240, 291, 299, 318, 326, 332, 368, 376, 387, 390, 408, 422, 468, 484, 557, 559, 675, 710, 787, 809, 814, 831, 935, 1072, 1389, 1417, 1418, 1675, 1677, 1753, 1758, 1859, 1875, 1938, 2003, 2013, 2017, 2051, 2061, 2283, 2312, 2328, 2372, 2553, 2581, 2584, 2991, 3059, 3260, 3305, 3410, 3431, 3547, 3568, 3651, 3652, 3802, 3813, 3850, 4172, 4260, 4286, 4384, 4668, 4715]
RKP_05000_05000_1_05.txt|309480.0|0.9247703999999999|[1, 2, 3, 7, 8, 12, 20, 22, 23, 26, 32, 33, 38, 46, 55, 62, 127, 130, 131, 139, 143, 146, 148, 153, 167, 210, 214, 227, 245, 261, 301, 348, 378, 403, 459, 463, 518, 559, 582, 663, 694, 923, 950, 992, 1003, 1016, 1088, 1098, 1221, 1281, 1372, 1432, 1460, 1483, 1492, 1521, 1642, 1662, 1668, 1690, 1692, 1887, 1929, 1993, 2025, 2045, 2118, 2138, 2223, 2309, 2352, 2411, 2427, 2467, 2579, 2657, 2703, 2804, 2910, 3024, 3175, 3186, 3722, 3813, 3873, 4108, 4208, 4354, 4374, 4789, 4846]
RKP_05000_05000_1_06.txt|284108.0|0.8231567999999925|[2, 7, 8, 18, 20, 23, 40, 43, 66, 71, 76, 79, 82, 87, 106, 113, 120, 122, 243, 274, 275, 299, 333, 338, 347, 363, 378, 407, 427, 445, 514, 523, 538, 568, 581, 608, 613, 621, 649, 651, 693, 707, 715, 813, 825, 830, 850, 925, 956, 1041, 1054, 1065, 1154, 1227, 1280, 1305, 1308, 1374, 1578, 1641, 1671, 1730, 1855, 1927, 1981, 2048, 2204, 2210, 2228, 2240, 2309, 2386, 2509, 2592, 2646, 2701, 2729, 2949, 3104, 3361, 3613, 3938, 3978, 4076, 4540, 4561, 4692]
RKP_05000_05000_1_07.txt|261826.0|0.8847236000000009|[1, 2, 3, 4, 6, 7, 8, 15, 16, 29, 30, 31, 44, 79, 83, 109, 119, 121, 137, 153, 175, 182, 190, 215, 230, 233, 248, 249, 266, 287, 294, 303, 346, 380, 381, 413, 457, 463, 478, 507, 529, 536, 575, 667, 690, 730, 739, 768, 785, 829, 864, 916, 1019, 1228, 1246, 1263, 1267, 1315, 1375, 1406, 1520, 1525, 1616, 1804, 1820, 1849, 1894, 1897, 2017, 2162, 2529, 2688, 2725, 2854, 3045, 3875, 3888, 3965, 4149, 4225, 4260, 4664, 4751]
RKP_05000_05000_1_08.txt|261919.0|0.8468627999999967|[1, 2, 3, 5, 7, 16, 30, 38, 41, 51, 91, 95, 97, 122, 124, 137, 138, 140, 156, 171, 192, 232, 253, 275, 280, 303, 314, 342, 363, 367, 371, 402, 451, 453, 471, 478, 523, 528, 560, 596, 674, 706, 764, 836, 850, 902, 984, 1167, 1179, 1247, 1421, 1439, 1546, 1549, 1562, 1678, 1737, 1919, 1941, 2042, 2047, 2285, 2312, 2428, 2525, 2536, 2600, 2643, 2676, 2805, 2813, 3599, 3666, 3744, 3792, 3998, 4080, 4186, 4195, 4393, 4527, 4596, 4934]
RKP_05000_05000_1_09.txt|289797.0|0.8862522999999953|[1, 2, 3, 5, 6, 12, 17, 42, 52, 55, 66, 76, 77, 99, 104, 113, 114, 126, 139, 151, 156, 160, 170, 176, 179, 196, 221, 234, 243, 282, 299, 312, 325, 339, 355, 376, 380, 382, 385, 404, 438, 448, 460, 492, 537, 542, 563, 565, 632, 682, 701, 820, 871, 921, 1006, 1064, 1114, 1126, 1227, 1245, 1254, 1314, 1350, 1416, 1458, 1466, 1480, 1592, 1594, 1596, 1635, 1788, 1808, 1979, 2016, 2143, 2450, 2497, 2554, 2557, 2593, 2636, 2834, 3197, 3551, 4248, 4486, 4489, 4615]
RKP_05000_05000_1_10.txt|250958.0|0.7762821999999971|[2, 7, 10, 14, 18, 24, 38, 60, 89, 92, 98, 131, 144, 153, 185, 278, 286, 302, 380, 414, 428, 454, 467, 470, 472, 659, 724, 746, 756, 803, 862, 863, 867, 909, 959, 981, 1209, 1304, 1340, 1402, 1479, 1504, 1609, 1652, 1930, 1998, 2050, 2082, 2151, 2281, 2306, 2397, 2498, 2504, 2580, 2607, 2608, 2629, 2641, 2786, 2810, 2870, 3067, 3078, 3101, 3198, 3229, 3261, 3450, 3696, 4380, 4532]
RKP_05000_05000_2_01.txt|23997.0|1.0957858000000016|[1, 8, 18, 19, 20, 21, 32, 33, 49, 65, 70, 93, 106, 235, 250, 279, 293, 319, 335, 411, 475, 515, 579, 690, 748, 750, 866, 937, 953, 986, 1045, 1059, 1239, 1292, 1367, 1435, 1482, 1497, 1505, 1639, 1665, 1784, 1885, 1937, 2113, 2236, 2251, 2458, 2687, 2937, 3667, 3722, 3808, 3938, 4544, 4844]
RKP_05000_05000_2_02.txt|21542.0|1.0868624000000011|[5, 14, 15, 28, 56, 79, 91, 96, 105, 106, 131, 203, 208, 220, 294, 530, 563, 582, 677, 696, 707, 710, 722, 762, 857, 1058, 1069, 1171, 1172, 1287, 1649, 1714, 2060, 2069, 2142, 2162, 2244, 2272, 2429, 2814, 2839, 3100, 3355, 3515, 3641, 3796, 3813, 3984, 4007, 4564]
RKP_05000_05000_2_03.txt|21414.0|1.1020201999999983|[1, 4, 5, 13, 21, 38, 41, 44, 45, 49, 50, 64, 72, 94, 128, 177, 216, 306, 375, 394, 411, 441, 465, 477, 502, 544, 583, 659, 729, 783, 812, 966, 983, 1207, 1212, 1269, 1289, 1307, 1422, 1429, 1432, 1998, 2224, 2272, 2790, 2868, 3090, 3368, 3428, 3630, 3839, 3860, 3957, 4235, 4565, 4939]
RKP_05000_05000_2_04.txt|28150.0|1.0469897999999915|[1, 2, 3, 4, 19, 20, 21, 23, 37, 47, 49, 60, 71, 77, 78, 82, 115, 122, 126, 131, 147, 154, 165, 187, 238, 262, 264, 307, 314, 322, 346, 372, 406, 422, 455, 491, 554, 583, 625, 637, 655, 769, 803, 832, 893, 1068, 1124, 1187, 1223, 1329, 1335, 1412, 1478, 1508, 1519, 1586, 1606, 1748, 2093, 2293, 2308, 2318, 2319, 2343, 2382, 2632, 2705, 2773, 3212, 3257, 3288, 3593, 3704]
RKP_05000_05000_2_05.txt|23609.0|1.025826099999989|[5, 8, 9, 13, 34, 66, 70, 103, 113, 128, 145, 163, 312, 317, 350, 370, 481, 501, 513, 551, 595, 606, 662, 734, 874, 932, 962, 1011, 1022, 1034, 1103, 1153, 1175, 1232, 1242, 1260, 1394, 1489, 1503, 1588, 1768, 1813, 2057, 2060, 2493, 2569, 2678, 2694, 2906, 3623, 3798, 4092, 4182, 4330, 4410, 4902]
RKP_05000_05000_2_06.txt|21636.0|1.0391840000000059|[8, 17, 30, 43, 74, 106, 136, 281, 303, 326, 356, 370, 373, 411, 437, 449, 523, 526, 574, 629, 637, 689, 726, 731, 748, 832, 866, 872, 912, 985, 1070, 1073, 1342, 1461, 1542, 1756, 1805, 1814, 2039, 2245, 2357, 3064, 3105, 3248, 3371, 3580, 3746]
RKP_05000_05000_2_07.txt|23513.0|0.9943497999999948|[7, 12, 26, 30, 36, 72, 129, 169, 199, 232, 253, 273, 301, 383, 409, 411, 452, 461, 624, 667, 713, 725, 903, 926, 932, 957, 989, 1115, 1137, 1153, 1326, 1435, 1438, 1460, 1581, 1730, 1734, 1819, 1988, 2037, 2045, 2118, 2664, 2838, 3180, 3189, 3690, 3704, 3747, 3935, 3995, 4066, 4720, 4779]
RKP_05000_05000_2_08.txt|24619.0|1.0613165000000038|[2, 9, 17, 20, 27, 30, 34, 83, 93, 112, 116, 155, 160, 179, 245, 259, 286, 291, 315, 332, 409, 449, 461, 551, 603, 659, 724, 746, 760, 782, 811, 899, 919, 944, 953, 1064, 1239, 1262, 1464, 1473, 1520, 1597, 1692, 1714, 1822, 1834, 1835, 2024, 2078, 2350, 2390, 2598, 2814, 2856, 2906, 3039, 3119, 3274, 3335, 3356, 3617]
RKP_05000_05000_2_09.txt|26768.0|1.1466469000000075|[1, 2, 3, 4, 7, 19, 26, 36, 60, 61, 82, 83, 84, 105, 128, 129, 137, 152, 157, 164, 173, 178, 180, 181, 184, 221, 251, 279, 327, 360, 385, 394, 413, 423, 519, 634, 829, 893, 899, 920, 973, 1012, 1086, 1177, 1179, 1184, 1213, 1231, 1308, 1378, 1462, 1478, 1482, 1555, 1687, 1771, 1802, 1812, 2129, 2354, 2555, 2584, 2889, 3741, 4230, 4959]
RKP_05000_05000_2_10.txt|24482.0|0.9703619000000003|[1, 2, 14, 23, 24, 35, 42, 70, 82, 97, 117, 153, 175, 185, 205, 261, 268, 311, 330, 351, 424, 452, 481, 657, 666, 723, 725, 728, 856, 899, 1015, 1078, 1136, 1230, 1530, 1601, 1620, 1742, 1757, 1908, 2102, 2264, 2312, 2524, 2594, 2605, 2854, 2884, 3018, 3185, 3271, 3272, 3467, 3568, 3618, 4367, 4670]
RKP_05000_05000_3_01.txt|52899.0|0.5508298000000025|[1, 6, 9, 10, 12, 13, 16, 17, 21, 26, 39, 45, 54, 55, 56, 58, 66, 79, 83, 88, 94, 96, 102, 106, 122, 132, 137, 164, 169, 171, 198, 284, 336, 449, 452, 465, 480, 499, 521, 528, 563, 595, 625, 628, 634, 638, 646, 731, 736, 787, 800, 814, 833, 870, 926, 1004, 1019, 1075, 1080, 1132, 1158, 1180, 1290, 1291, 1328, 1409, 1410, 1430, 1539, 1664, 1758, 1846, 1850, 1887, 2024, 2025, 2100, 2122, 2145, 2266, 2296, 2312, 2454, 2544, 2738, 2781, 2831, 2987, 3210, 3361, 3715, 3941, 4085, 4143, 4483, 4523]
RKP_05000_05000_3_02.txt|50909.0|0.653043700000012|[1, 5, 8, 9, 10, 16, 25, 30, 32, 33, 38, 47, 50, 51, 55, 58, 59, 85, 99, 106, 115, 117, 123, 133, 151, 155, 205, 212, 221, 227, 303, 384, 389, 405, 407, 409, 493, 507, 509, 558, 568, 597, 601, 607, 747, 769, 773, 869, 885, 967, 969, 970, 985, 1093, 1132, 1151, 1198, 1199, 1200, 1220, 1229, 1232, 1457, 1509, 1675, 1763, 1793, 1814, 1914, 1970, 2038, 2118, 2259, 2345, 2392, 2501, 2529, 2826, 3092, 3230, 3282, 3717, 3743, 3779, 3922, 4134, 4175, 4221, 4338, 4488, 4553, 4589]
RKP_05000_05000_3_03.txt|53480.0|0.5579431999999969|[1, 2, 3, 4, 5, 6, 8, 9, 12, 13, 21, 25, 38, 46, 58, 67, 79, 88, 90, 116, 127, 128, 136, 140, 183, 185, 186, 194, 219, 223, 281, 323, 366, 372, 373, 433, 489, 523, 542, 553, 554, 618, 636, 682, 703, 742, 763, 777, 826, 856, 950, 970, 1011, 1029, 1061, 1099, 1128, 1129, 1187, 1238, 1255, 1278, 1495, 1505, 1516, 1547, 1677, 1691, 1696, 1703, 1715, 1729, 1800, 1875, 1911, 1960, 2143, 2147, 2274, 2297, 2420, 2430, 2439, 2585, 2657, 2713, 2750, 2768, 3112, 3213, 3385, 3389, 3452, 3819, 3837, 3909, 4032]
RKP_05000_05000_3_04.txt|54500.0|0.5555657000000025|[1, 4, 6, 9, 11, 14, 19, 27, 31, 32, 47, 51, 61, 71, 93, 94, 101, 102, 109, 141, 155, 156, 169, 173, 177, 183, 198, 205, 208, 215, 229, 241, 249, 256, 274, 282, 284, 304, 343, 404, 412, 454, 455, 476, 479, 505, 547, 585, 599, 640, 642, 648, 718, 720, 779, 843, 868, 888, 907, 936, 965, 1033, 1109, 1119, 1208, 1276, 1304, 1433, 1564, 1589, 1746, 1793, 1800, 2018, 2081, 2146, 2343, 2428, 2441, 2688, 2704, 2727, 2854, 2915, 3065, 3391, 3454, 3497, 3523, 3543, 3625, 3841, 3856, 3870, 3872, 4170, 4343, 4678, 4713]
RKP_05000_05000_3_05.txt|51943.0|0.6182958000000127|[1, 2, 4, 5, 8, 12, 13, 15, 17, 20, 24, 25, 28, 32, 34, 42, 44, 50, 58, 62, 70, 72, 81, 95, 97, 115, 138, 139, 141, 150, 166, 202, 207, 242, 259, 268, 309, 317, 331, 368, 372, 375, 406, 537, 555, 616, 617, 620, 628, 743, 814, 839, 945, 958, 969, 984, 1004, 1044, 1073, 1182, 1313, 1378, 1506, 1519, 1640, 1655, 1664, 1680, 1686, 1696, 1745, 1758, 1771, 1843, 1852, 1951, 1960, 2386, 2428, 2606, 2910, 2994, 3119, 3138, 3442, 3509, 3566, 3569, 3733, 3993, 4138, 4267, 4618, 4707]
RKP_05000_05000_3_06.txt|52450.0|0.575095900000008|[1, 2, 3, 6, 7, 8, 9, 10, 22, 23, 28, 30, 43, 44, 48, 55, 78, 93, 97, 100, 101, 115, 125, 130, 132, 141, 165, 190, 203, 213, 233, 234, 239, 262, 285, 313, 318, 377, 386, 403, 430, 480, 607, 616, 617, 623, 645, 671, 692, 737, 817, 839, 845, 909, 924, 934, 955, 977, 985, 1005, 1115, 1123, 1190, 1191, 1323, 1379, 1678, 1745, 1939, 1989, 2035, 2115, 2169, 2300, 2334, 2338, 2412, 2537, 2540, 2626, 2697, 2724, 2793, 2868, 3065, 3214, 3251, 3327, 3359, 3441, 3857, 3946, 4180, 4300, 4383]
RKP_05000_05000_3_07.txt|49925.0|0.6133786000000043|[1, 2, 3, 4, 12, 13, 46, 61, 82, 88, 124, 130, 143, 192, 217, 220, 231, 232, 283, 304, 348, 412, 459, 462, 487, 490, 525, 544, 598, 599, 609, 619, 652, 656, 684, 717, 718, 723, 739, 766, 796, 813, 817, 835, 866, 897, 924, 1005, 1049, 1060, 1090, 1127, 1213, 1279, 1323, 1338, 1375, 1403, 1405, 1420, 1497, 1579, 1664, 1728, 1818, 1854, 1914, 1939, 1964, 2093, 2201, 2255, 2287, 2345, 2379, 2399, 2511, 2551, 2655, 2747, 2824, 3036, 3295, 3347, 3890, 3987, 4288, 4656, 4750, 4796]
RKP_05000_05000_3_08.txt|49931.0|0.5602547000000015|[1, 2, 3, 6, 9, 14, 16, 18, 22, 28, 38, 39, 43, 53, 54, 60, 73, 78, 89, 91, 105, 110, 122, 128, 147, 150, 152, 192, 205, 237, 241, 251, 254, 280, 289, 294, 338, 351, 391, 430, 433, 454, 484, 524, 547, 563, 640, 692, 731, 742, 752, 762, 784, 828, 857, 876, 938, 1042, 1104, 1105, 1145, 1185, 1224, 1311, 1371, 1450, 1520, 1613, 1833, 1856, 1969, 2150, 2221, 2250, 2393, 2413, 2446, 2528, 2636, 2697, 2750, 2859, 2945, 3512, 3967, 4022, 4469, 4510, 4731, 4805]
RKP_05000_05000_3_09.txt|54972.0|0.6102320999999904|[2, 3, 4, 7, 8, 10, 17, 19, 25, 26, 35, 42, 43, 54, 75, 96, 111, 112, 123, 133, 140, 150, 165, 184, 233, 252, 259, 281, 313, 317, 338, 344, 345, 354, 356, 387, 431, 512, 532, 534, 593, 609, 629, 643, 671, 679, 693, 767, 789, 793, 830, 851, 877, 913, 929, 932, 1146, 1162, 1282, 1328, 1343, 1469, 1479, 1489, 1555, 1562, 1563, 1667, 1727, 1746, 1813, 1933, 1945, 2111, 2166, 2247, 2427, 2435, 2484, 2746, 2773, 2838, 2885, 2926, 2994, 3338, 3453, 3677, 3684, 3864, 4052, 4077, 4192, 4240, 4246, 4313, 4338, 4789, 4825, 4839]
RKP_05000_05000_3_10.txt|53902.0|0.6247512999999998|[1, 2, 3, 4, 9, 10, 13, 14, 18, 23, 25, 26, 28, 44, 48, 51, 57, 59, 60, 67, 77, 98, 101, 102, 120, 137, 172, 181, 202, 227, 243, 261, 276, 278, 309, 313, 319, 394, 402, 405, 481, 490, 535, 576, 577, 605, 607, 616, 664, 665, 668, 675, 716, 722, 848, 893, 952, 988, 1062, 1075, 1099, 1135, 1159, 1202, 1224, 1258, 1284, 1307, 1358, 1405, 1444, 1567, 1639, 1653, 1786, 1891, 2521, 2536, 2573, 2643, 2698, 2748, 2923, 2978, 3046, 3218, 3222, 3301, 3454, 3459, 3468, 3531, 3640, 3759, 3937, 4381, 4391, 4808]
RKP_05000_05000_4_01.txt|5000.0|0.5112919999999974|[4658]
RKP_05000_05000_4_02.txt|4999.0|0.4703901999999971|[4975]
RKP_05000_05000_4_03.txt|5000.0|0.5158164000000056|[4714]
RKP_05000_05000_4_04.txt|5000.0|0.5008551999999895|[4597]
RKP_05000_05000_4_05.txt|5000.0|0.48890389999999684|[4783]
RKP_05000_05000_4_06.txt|5000.0|0.5479696999999959|[4625]
RKP_05000_05000_4_07.txt|5000.0|0.47936169999999834|[4778]
RKP_05000_05000_4_08.txt|5000.0|0.5132217000000026|[4648]
RKP_05000_05000_4_09.txt|5000.0|0.4921552999999932|[4988]
RKP_05000_05000_4_10.txt|4999.0|0.4420261999999866|[4786]
RKP_05000_05000_5_01.txt|5000.0|0.5186777999999919|[10, 94, 111, 982, 1000, 1018, 1088, 3485, 4615, 4965]
RKP_05000_05000_5_02.txt|5000.0|0.5454921999999982|[112, 614, 982, 1232, 2784]
RKP_05000_05000_5_03.txt|5000.0|0.5092793999999969|[1, 10, 101, 919, 962, 1015, 1264, 1955, 3022]
RKP_05000_05000_5_04.txt|5000.0|0.590876300000005|[4996]
RKP_05000_05000_5_05.txt|5000.0|0.5504588000000012|[15, 62, 99, 136, 390, 566, 947, 2653, 2655]
RKP_05000_05000_5_06.txt|5000.0|0.5277066000000019|[100, 104, 988, 1026, 1032, 1800]
RKP_05000_05000_5_07.txt|5000.0|0.5540443999999951|[10, 223, 252, 635, 1012, 1126, 3730]
RKP_05000_05000_5_08.txt|5000.0|0.530911599999996|[1, 118, 164, 994, 1002, 1068, 3971]
RKP_05000_05000_5_09.txt|5000.0|0.5656974999999989|[1, 72, 97, 109, 173, 672, 920, 956, 1603, 1701, 1722, 2044]
RKP_05000_05000_5_10.txt|5000.0|0.5541006999999922|[92, 216, 761, 817, 959, 2308, 2668]
