RKP_00100_00100_1_01.txt|698.0|0.1130158|[1, 3, 10, 15, 16, 17, 22, 24, 29, 31]
RKP_00100_00100_1_02.txt|862.0|0.08090110000000006|[1, 2, 9, 15, 23, 31, 37, 44, 48, 50, 56, 91]
RKP_00100_00100_1_03.txt|735.0|0.07567880000000005|[1, 2, 4, 5, 6, 12, 14, 15, 34, 63, 70]
RKP_00100_00100_1_04.txt|639.0|0.1213728999999999|[1, 3, 4, 6, 7, 9, 10, 15, 43, 74]
RKP_00100_00100_1_05.txt|729.0|0.10926049999999998|[6, 11, 14, 16, 20, 22, 30, 44, 66, 79]
RKP_00100_00100_1_06.txt|966.0|0.06586420000000004|[3, 5, 10, 12, 16, 17, 31, 47, 48, 50, 55, 57, 83, 97]
RKP_00100_00100_1_07.txt|529.0|0.07310660000000002|[5, 9, 13, 39, 46, 51, 60, 71]
RKP_00100_00100_1_08.txt|885.0|0.13425120000000001|[1, 2, 6, 7, 9, 11, 12, 13, 24, 30, 76, 87, 88, 92]
RKP_00100_00100_1_09.txt|586.0|0.07947740000000003|[2, 4, 8, 16, 18, 23, 24, 42, 52]
RKP_00100_00100_1_10.txt|696.0|0.07404299999999986|[1, 3, 4, 5, 11, 13, 15, 18, 20, 24, 27, 33]
RKP_00100_00100_2_01.txt|168.0|0.08474960000000009|[1, 2, 6, 13, 20, 22, 27, 43, 59]
RKP_00100_00100_2_02.txt|169.0|0.07015749999999987|[3, 4, 5, 8, 26, 28, 30, 40, 47, 80]
RKP_00100_00100_2_03.txt|172.0|0.07278270000000009|[1, 3, 5, 16, 31, 47, 48, 51, 59, 75]
RKP_00100_00100_2_04.txt|145.0|0.07805970000000007|[8, 9, 11, 14, 26, 28]
RKP_00100_00100_2_05.txt|143.0|0.07044849999999991|[30, 32, 34, 36, 82, 96]
RKP_00100_00100_2_06.txt|135.0|0.08776300000000004|[8, 23, 28, 47, 67, 79]
RKP_00100_00100_2_07.txt|152.0|0.08987860000000003|[7, 13, 15, 21, 22, 28, 49]
RKP_00100_00100_2_08.txt|145.0|0.07613780000000014|[1, 2, 4, 28, 29, 48]
RKP_00100_00100_2_09.txt|146.0|0.10221839999999993|[4, 7, 9, 20, 27, 37, 75]
RKP_00100_00100_2_10.txt|157.0|0.1728375999999998|[1, 2, 14, 28, 40, 64, 65, 85]
RKP_00100_00100_3_01.txt|210.0|0.08062540000000018|[1, 2, 3, 5, 6, 10, 16, 21, 24, 29, 44]
RKP_00100_00100_3_02.txt|220.0|0.08559910000000004|[1, 2, 3, 8, 17, 25, 41, 48, 52, 56, 59, 68]
RKP_00100_00100_3_03.txt|250.0|0.07996249999999971|[1, 2, 3, 4, 12, 14, 19, 23, 45, 46, 49, 64, 66, 75, 81]
RKP_00100_00100_3_04.txt|210.0|0.19700780000000018|[2, 4, 6, 9, 21, 31, 34, 37, 42, 50, 72]
RKP_00100_00100_3_05.txt|220.0|0.08786680000000002|[1, 2, 3, 7, 12, 15, 22, 25, 26, 52, 70, 72]
RKP_00100_00100_3_06.txt|244.0|0.08511820000000014|[2, 3, 4, 6, 8, 10, 11, 12, 16, 27, 31, 40, 66, 72, 95]
RKP_00100_00100_3_07.txt|210.0|0.09188980000000013|[1, 2, 5, 7, 14, 50, 55, 67, 72, 88, 89]
RKP_00100_00100_3_08.txt|210.0|0.08319829999999984|[1, 3, 4, 6, 9, 12, 15, 18, 33, 58, 70]
RKP_00100_00100_3_09.txt|198.0|0.08172619999999986|[1, 2, 3, 4, 8, 31, 32, 48, 57, 89]
RKP_00100_00100_3_10.txt|236.0|0.11535889999999993|[1, 5, 6, 20, 34, 45, 47, 54, 60, 61, 62, 66, 67, 93]
RKP_00100_00100_4_01.txt|100.0|0.05423229999999979|[97]
RKP_00100_00100_4_02.txt|100.0|0.05453240000000026|[88]
RKP_00100_00100_4_03.txt|100.0|0.05581000000000014|[84]
RKP_00100_00100_4_04.txt|100.0|0.05501960000000006|[95]
RKP_00100_00100_4_05.txt|100.0|0.05431330000000001|[95]
RKP_00100_00100_4_06.txt|98.0|0.05413480000000037|[93]
RKP_00100_00100_4_07.txt|98.0|0.05523830000000007|[98]
RKP_00100_00100_4_08.txt|100.0|0.057319600000000026|[97]
RKP_00100_00100_4_09.txt|99.0|0.057342400000000016|[89]
RKP_00100_00100_4_10.txt|98.0|0.056359999999999744|[88]
RKP_00100_00100_5_01.txt|100.0|0.05765710000000013|[1, 90]
RKP_00100_00100_5_02.txt|100.0|0.0591267000000002|[14, 63]
RKP_00100_00100_5_03.txt|100.0|0.05905160000000009|[1, 14, 16, 95]
RKP_00100_00100_5_04.txt|100.0|0.05824470000000037|[1, 8, 9, 43, 98]
RKP_00100_00100_5_05.txt|100.0|0.05699770000000015|[1, 96]
RKP_00100_00100_5_06.txt|100.0|0.059673800000000554|[1, 36, 82]
RKP_00100_00100_5_07.txt|100.0|0.0569759000000003|[1, 5, 90]
RKP_00100_00100_5_08.txt|100.0|0.057643000000000555|[10, 94]
RKP_00100_00100_5_09.txt|100.0|0.06439259999999969|[1, 85]
RKP_00100_00100_5_10.txt|100.0|0.05950239999999951|[6, 7, 84]
RKP_00500_00100_1_01.txt|1605.0|0.11992069999999977|[2, 3, 4, 6, 25, 27, 38, 40, 63, 75, 120, 131, 140, 158, 173, 211, 222, 269, 274, 280, 284, 304, 500]
RKP_00500_00100_1_02.txt|1445.0|0.11477100000000018|[3, 4, 13, 14, 30, 62, 77, 87, 88, 89, 102, 109, 132, 170, 175, 288, 289, 325, 351, 388, 433]
RKP_00500_00100_1_03.txt|1348.0|0.11877789999999955|[1, 5, 11, 15, 16, 30, 32, 40, 111, 113, 123, 139, 140, 147, 158, 164, 227, 228, 326, 360, 477, 496]
RKP_00500_00100_1_04.txt|1581.0|0.09294270000000004|[5, 10, 11, 23, 48, 59, 62, 64, 65, 93, 94, 121, 151, 156, 197, 245, 254, 315, 359, 467]
RKP_00500_00100_1_05.txt|1659.0|0.12064830000000004|[2, 3, 5, 10, 11, 13, 17, 18, 24, 26, 60, 72, 76, 104, 116, 136, 192, 203, 215, 292, 320, 363, 402]
RKP_00500_00100_1_06.txt|1894.0|0.12289329999999943|[2, 3, 4, 5, 13, 22, 30, 34, 35, 52, 55, 83, 89, 107, 131, 165, 182, 189, 190, 211, 225, 230, 244, 281, 353, 411, 490]
RKP_00500_00100_1_07.txt|1914.0|0.09242989999999995|[2, 5, 13, 16, 21, 22, 31, 40, 49, 80, 94, 97, 126, 133, 147, 165, 183, 192, 206, 257, 322, 359, 410, 461, 469, 492]
RKP_00500_00100_1_08.txt|1582.0|0.1414774999999997|[1, 2, 4, 10, 16, 29, 32, 35, 63, 122, 146, 149, 150, 156, 165, 185, 225, 254, 258, 326, 332, 378, 450]
RKP_00500_00100_1_09.txt|1491.0|0.12111919999999987|[2, 11, 19, 27, 39, 48, 54, 56, 68, 77, 105, 108, 148, 151, 163, 173, 210, 214, 221, 245, 257, 307, 324, 344, 496]
RKP_00500_00100_1_10.txt|1503.0|0.12811290000000053|[1, 3, 4, 5, 8, 14, 15, 17, 21, 30, 31, 33, 59, 62, 75, 78, 84, 155, 214, 234, 277, 342, 413]
RKP_00500_00100_2_01.txt|239.0|0.11495929999999976|[3, 11, 16, 20, 32, 36, 39, 50, 60, 88, 122, 137, 148, 168, 226, 259, 351, 441, 447]
RKP_00500_00100_2_02.txt|243.0|0.11765170000000058|[4, 6, 7, 10, 13, 21, 59, 72, 97, 100, 112, 131, 142, 156, 167, 186, 195, 314, 336, 441]
RKP_00500_00100_2_03.txt|243.0|0.10262469999999979|[3, 13, 18, 24, 31, 37, 60, 64, 71, 100, 104, 107, 113, 135, 142, 155, 164, 166, 318, 382, 436]
RKP_00500_00100_2_04.txt|239.0|0.10397389999999973|[9, 11, 14, 16, 19, 20, 22, 26, 38, 55, 58, 80, 85, 105, 112, 125, 163, 204, 216, 429]
RKP_00500_00100_2_05.txt|231.0|0.09020199999999967|[2, 4, 5, 10, 16, 34, 38, 48, 52, 58, 77, 87, 143, 182, 240, 260, 275, 294, 417, 426]
RKP_00500_00100_2_06.txt|229.0|0.10480010000000028|[1, 3, 5, 9, 18, 24, 27, 35, 47, 50, 53, 70, 117, 150, 155, 203, 302, 377, 452]
RKP_00500_00100_2_07.txt|219.0|0.10348939999999995|[1, 3, 4, 5, 6, 9, 17, 75, 83, 123, 129, 162, 226, 260, 278, 292, 308, 367, 452]
RKP_00500_00100_2_08.txt|209.0|0.113016|[1, 3, 7, 15, 23, 42, 45, 46, 50, 87, 96, 123, 136, 384, 495]
RKP_00500_00100_2_09.txt|192.0|0.09752139999999976|[2, 3, 38, 39, 52, 70, 87, 108, 115, 176, 277, 304, 312, 335, 426, 433]
RKP_00500_00100_2_10.txt|222.0|0.1250840999999996|[2, 9, 14, 19, 20, 21, 40, 76, 83, 116, 118, 154, 166, 216, 276, 372, 441, 498]
RKP_00500_00100_3_01.txt|340.0|0.10459490000000038|[1, 2, 3, 5, 8, 11, 24, 31, 38, 43, 55, 64, 96, 143, 148, 158, 223, 225, 240, 248, 260, 293, 344, 401]
RKP_00500_00100_3_02.txt|390.0|0.10404249999999937|[1, 3, 4, 5, 20, 26, 32, 38, 39, 56, 64, 103, 110, 111, 143, 152, 160, 162, 172, 173, 179, 189, 195, 202, 203, 221, 336, 351, 413]
RKP_00500_00100_3_03.txt|380.0|0.10581119999999977|[1, 2, 5, 9, 11, 14, 22, 40, 45, 52, 71, 93, 113, 118, 121, 123, 126, 142, 191, 193, 198, 258, 264, 266, 292, 351, 444, 454]
RKP_00500_00100_3_04.txt|390.0|0.10701760000000071|[1, 2, 4, 9, 20, 27, 31, 50, 66, 68, 72, 103, 104, 119, 142, 146, 156, 159, 168, 209, 221, 278, 280, 282, 285, 312, 328, 345, 350]
RKP_00500_00100_3_05.txt|410.0|0.07576110000000025|[1, 7, 8, 9, 12, 30, 32, 33, 35, 74, 84, 87, 88, 92, 102, 143, 189, 199, 211, 225, 252, 263, 294, 319, 340, 377, 381, 382, 392, 397, 417]
RKP_00500_00100_3_06.txt|350.0|0.25362689999999954|[1, 2, 5, 7, 11, 12, 16, 19, 24, 45, 56, 67, 90, 91, 186, 189, 199, 204, 242, 281, 283, 311, 316, 404, 433]
RKP_00500_00100_3_07.txt|350.0|0.1763962999999995|[1, 2, 3, 4, 5, 17, 24, 30, 33, 57, 77, 99, 102, 111, 141, 157, 191, 196, 200, 216, 244, 287, 308, 326, 430]
RKP_00500_00100_3_08.txt|428.0|0.21894669999999916|[1, 4, 8, 14, 19, 25, 26, 31, 32, 35, 46, 49, 57, 58, 62, 63, 84, 90, 93, 114, 133, 141, 144, 150, 159, 172, 275, 301, 302, 323, 389, 451, 484]
RKP_00500_00100_3_09.txt|380.0|0.08007690000000078|[1, 2, 3, 4, 12, 14, 24, 54, 58, 59, 63, 70, 83, 104, 108, 122, 136, 154, 169, 171, 173, 208, 221, 231, 269, 315, 347, 434]
RKP_00500_00100_3_10.txt|370.0|0.09962840000000028|[3, 10, 13, 14, 18, 25, 28, 32, 36, 38, 40, 47, 48, 57, 99, 123, 153, 159, 165, 183, 189, 193, 217, 282, 322, 325, 392]
RKP_00500_00100_4_01.txt|100.0|0.07514559999999904|[448]
RKP_00500_00100_4_02.txt|100.0|0.07500730000000111|[467]
RKP_00500_00100_4_03.txt|100.0|0.07922130000000038|[457]
RKP_00500_00100_4_04.txt|100.0|0.07615559999999988|[456]
RKP_00500_00100_4_05.txt|100.0|0.07378870000000148|[498]
RKP_00500_00100_4_06.txt|100.0|0.07722020000000107|[431]
RKP_00500_00100_4_07.txt|100.0|0.0743823999999993|[495]
RKP_00500_00100_4_08.txt|100.0|0.07526469999999996|[430]
RKP_00500_00100_4_09.txt|100.0|0.07539240000000014|[473]
RKP_00500_00100_4_10.txt|100.0|0.07662220000000097|[473]
RKP_00500_00100_5_01.txt|100.0|0.07949379999999984|[1, 337, 454]
RKP_00500_00100_5_02.txt|100.0|0.13928139999999978|[10, 135, 136, 456]
RKP_00500_00100_5_03.txt|100.0|0.07845700000000022|[1, 497]
RKP_00500_00100_5_04.txt|100.0|0.07671349999999855|[6, 102, 474]
RKP_00500_00100_5_05.txt|100.0|0.07876949999999994|[1, 471]
RKP_00500_00100_5_06.txt|100.0|0.08087860000000013|[25, 47, 53, 367, 461]
RKP_00500_00100_5_07.txt|100.0|0.07542849999999923|[1, 474]
RKP_00500_00100_5_08.txt|100.0|0.07901299999999978|[95, 108, 313]
RKP_00500_00100_5_09.txt|100.0|0.07672729999999994|[1, 486]
RKP_00500_00100_5_10.txt|100.0|0.07603699999999947|[1, 484]
RKP_01000_00100_1_01.txt|2120.0|0.17140220000000106|[8, 10, 11, 13, 27, 36, 40, 42, 47, 50, 51, 64, 67, 91, 97, 116, 123, 151, 222, 260, 261, 314, 376, 432, 465, 531, 560, 604, 646]
RKP_01000_00100_1_02.txt|2092.0|0.1742544000000006|[1, 2, 8, 9, 16, 18, 30, 38, 49, 50, 64, 72, 89, 108, 182, 193, 195, 292, 294, 359, 486, 515, 519, 527, 557, 584, 599, 694, 696, 754, 872]
RKP_01000_00100_1_03.txt|2030.0|0.12587609999999927|[1, 2, 3, 4, 16, 19, 32, 48, 50, 56, 65, 114, 116, 128, 172, 174, 182, 199, 252, 330, 366, 380, 498, 535, 725, 754, 800, 813, 869]
RKP_01000_00100_1_04.txt|2301.0|0.16390640000000012|[1, 2, 3, 5, 6, 12, 14, 42, 44, 53, 63, 69, 75, 91, 151, 163, 165, 172, 184, 204, 247, 255, 277, 283, 429, 566, 592, 726, 732, 733, 758, 790, 857]
RKP_01000_00100_1_05.txt|2129.0|0.17603369999999963|[1, 16, 26, 29, 37, 39, 41, 49, 74, 75, 82, 89, 121, 123, 151, 159, 188, 198, 207, 222, 299, 340, 553, 582, 635, 673, 696, 776, 915, 1000]
RKP_01000_00100_1_06.txt|2419.0|0.12416379999999982|[1, 4, 6, 8, 10, 33, 37, 38, 44, 52, 55, 57, 58, 78, 99, 117, 120, 168, 177, 210, 233, 236, 242, 244, 250, 265, 283, 349, 383, 442, 546, 632, 645, 790, 993]
RKP_01000_00100_1_07.txt|2451.0|0.1975213|[2, 3, 7, 8, 18, 19, 37, 42, 49, 80, 86, 88, 90, 127, 128, 129, 130, 146, 170, 204, 226, 342, 382, 436, 440, 476, 484, 556, 627, 641, 778, 874]
RKP_01000_00100_1_08.txt|2186.0|0.16808250000000058|[1, 4, 5, 6, 7, 10, 15, 16, 22, 26, 29, 68, 101, 111, 118, 145, 149, 183, 202, 212, 223, 242, 274, 278, 294, 356, 366, 390, 421, 422, 716, 780, 922]
RKP_01000_00100_1_09.txt|2113.0|0.1721174000000012|[1, 2, 14, 15, 17, 27, 31, 32, 36, 39, 48, 103, 108, 133, 168, 170, 196, 213, 248, 262, 290, 427, 513, 579, 672, 691, 782, 898, 925]
RKP_01000_00100_1_10.txt|2445.0|0.15691820000000156|[1, 4, 8, 11, 19, 37, 43, 50, 55, 76, 104, 111, 158, 159, 188, 198, 221, 253, 295, 331, 399, 439, 466, 480, 491, 534, 618, 663, 669, 748, 754, 785, 805, 813, 825, 931]
RKP_01000_00100_2_01.txt|266.0|0.14585330000000063|[3, 7, 13, 16, 21, 24, 33, 41, 47, 73, 76, 111, 183, 185, 186, 209, 253, 264, 361, 366, 374, 470, 614, 690]
RKP_01000_00100_2_02.txt|259.0|0.14937220000000018|[8, 13, 63, 69, 73, 84, 129, 166, 179, 183, 202, 213, 311, 357, 375, 385, 397, 547, 583, 782, 901, 954]
RKP_01000_00100_2_03.txt|312.0|0.1365558999999994|[5, 13, 33, 55, 58, 64, 81, 84, 87, 97, 123, 124, 141, 171, 256, 282, 330, 335, 340, 347, 394, 404, 416, 417, 420, 746, 854, 928]
RKP_01000_00100_2_04.txt|275.0|0.15004820000000052|[21, 24, 35, 37, 49, 58, 60, 74, 94, 123, 130, 147, 158, 184, 207, 244, 332, 333, 428, 443, 504, 698, 782]
RKP_01000_00100_2_05.txt|266.0|0.14334939999999996|[5, 7, 11, 12, 26, 30, 73, 84, 152, 162, 172, 214, 222, 236, 255, 299, 351, 380, 409, 420, 428, 447, 501, 512, 742, 823, 846]
RKP_01000_00100_2_06.txt|311.0|0.11981169999999963|[1, 6, 8, 16, 24, 33, 48, 52, 57, 115, 122, 138, 152, 185, 187, 233, 255, 259, 290, 322, 383, 399, 590, 602, 647, 805, 827, 858, 876, 894]
RKP_01000_00100_2_07.txt|275.0|0.15287020000000062|[2, 3, 7, 20, 38, 61, 81, 173, 208, 284, 305, 337, 378, 396, 433, 444, 457, 520, 531, 731, 783, 796, 821, 950]
RKP_01000_00100_2_08.txt|295.0|0.12158859999999905|[1, 7, 9, 10, 11, 16, 21, 26, 39, 44, 49, 54, 121, 129, 131, 175, 223, 228, 250, 278, 294, 406, 414, 549, 573, 609, 661, 862]
RKP_01000_00100_2_09.txt|267.0|0.11445720000000037|[1, 6, 9, 13, 18, 25, 30, 118, 127, 175, 176, 205, 235, 236, 348, 382, 417, 436, 470, 573, 651, 656, 904, 982]
RKP_01000_00100_2_10.txt|294.0|0.14403659999999974|[1, 4, 5, 15, 30, 56, 58, 71, 89, 122, 163, 164, 184, 191, 252, 273, 282, 309, 314, 341, 402, 409, 443, 521, 522, 548, 564, 579, 710, 755]
RKP_01000_00100_3_01.txt|520.0|0.13070830000000022|[1, 2, 11, 21, 22, 32, 49, 51, 55, 65, 69, 77, 83, 94, 119, 133, 134, 157, 179, 186, 208, 249, 294, 322, 326, 337, 340, 348, 441, 456, 464, 537, 565, 567, 634, 659, 704, 740, 763, 795, 857, 962]
RKP_01000_00100_3_02.txt|490.0|0.1270357999999998|[1, 2, 3, 7, 9, 16, 18, 19, 24, 25, 31, 37, 53, 56, 69, 70, 79, 94, 110, 112, 121, 126, 137, 138, 176, 216, 286, 295, 300, 318, 377, 386, 533, 567, 586, 600, 644, 654, 978]
RKP_01000_00100_3_03.txt|510.0|0.1295667999999992|[1, 3, 13, 17, 31, 46, 54, 62, 68, 74, 84, 89, 93, 99, 142, 143, 170, 175, 180, 204, 222, 270, 321, 325, 378, 382, 392, 431, 443, 448, 530, 580, 625, 652, 692, 720, 738, 797, 822, 836, 994]
RKP_01000_00100_3_04.txt|478.0|0.12797839999999994|[1, 2, 3, 4, 5, 9, 10, 15, 29, 31, 35, 41, 42, 44, 53, 62, 65, 83, 119, 142, 149, 154, 161, 235, 274, 277, 305, 309, 389, 449, 480, 492, 535, 550, 558, 639, 740, 786]
RKP_01000_00100_3_05.txt|430.0|0.12593989999999877|[1, 2, 5, 10, 23, 29, 31, 46, 50, 57, 72, 85, 86, 107, 108, 128, 141, 151, 163, 172, 183, 192, 204, 308, 355, 460, 480, 630, 661, 674, 739, 876, 910]
RKP_01000_00100_3_06.txt|450.0|0.1505308000000003|[4, 5, 6, 7, 13, 14, 15, 16, 22, 25, 28, 36, 37, 63, 64, 66, 71, 112, 129, 153, 158, 204, 207, 217, 224, 239, 242, 249, 278, 347, 471, 542, 543, 901, 970]
RKP_01000_00100_3_07.txt|506.0|0.13448449999999923|[1, 2, 3, 4, 5, 8, 12, 16, 20, 23, 27, 31, 34, 38, 53, 56, 62, 112, 124, 131, 161, 169, 190, 204, 231, 282, 337, 354, 402, 407, 433, 483, 591, 605, 640, 695, 750, 822, 867, 888, 942]
RKP_01000_00100_3_08.txt|440.00000000000057|0.1303219000000002|[1, 2, 7, 9, 11, 35, 53, 71, 89, 97, 118, 129, 130, 131, 145, 152, 178, 179, 198, 233, 250, 252, 257, 266, 282, 292, 303, 340, 342, 455, 472, 524, 591, 636, 655, 883]
RKP_01000_00100_3_09.txt|430.0|0.12669830000000104|[1, 2, 3, 6, 9, 16, 17, 23, 36, 40, 47, 48, 77, 83, 126, 127, 141, 185, 199, 202, 211, 257, 385, 403, 446, 471, 480, 563, 578, 647, 825, 871, 885]
RKP_01000_00100_3_10.txt|480.0|0.12554150000000064|[1, 2, 3, 4, 5, 10, 12, 16, 18, 22, 26, 35, 37, 46, 56, 61, 72, 103, 104, 106, 156, 169, 187, 245, 247, 264, 319, 334, 439, 467, 524, 566, 632, 677, 687, 764, 799, 964]
RKP_01000_00100_4_01.txt|100.0|0.09754809999999914|[866]
RKP_01000_00100_4_02.txt|100.0|0.09842189999999995|[858]
RKP_01000_00100_4_03.txt|100.0|0.09725139999999932|[856]
RKP_01000_00100_4_04.txt|100.0|0.09750129999999935|[828]
RKP_01000_00100_4_05.txt|100.0|0.09782459999999915|[851]
RKP_01000_00100_4_06.txt|100.0|0.10069959999999867|[878]
RKP_01000_00100_4_07.txt|100.0|0.09732900000000022|[887]
RKP_01000_00100_4_08.txt|100.0|0.10012240000000006|[847]
RKP_01000_00100_4_09.txt|100.0|0.09715089999999904|[877]
RKP_01000_00100_4_10.txt|100.0|0.10369019999999907|[843]
RKP_01000_00100_5_01.txt|100.0|0.10181679999999993|[63, 75, 125, 192, 193, 304, 342, 687, 783]
RKP_01000_00100_5_02.txt|100.0|0.10376650000000076|[13, 32, 71, 148, 154, 312, 601, 650, 691, 830, 849]
RKP_01000_00100_5_03.txt|100.0|0.10119610000000101|[23, 32, 112, 180, 271, 413]
RKP_01000_00100_5_04.txt|100.0|0.15710710000000105|[13, 63, 91, 121, 341, 929]
RKP_01000_00100_5_05.txt|100.0|0.10780730000000105|[104, 506, 663]
RKP_01000_00100_5_06.txt|100.0|0.10070250000000058|[6, 9, 129, 201, 624]
RKP_01000_00100_5_07.txt|100.0|0.10215189999999907|[8, 31, 34, 121, 233, 280, 318, 518, 544, 947]
RKP_01000_00100_5_08.txt|100.0|0.10811419999999927|[1, 721]
RKP_01000_00100_5_09.txt|100.0|0.09931879999999893|[8, 70, 89, 113, 168, 999]
RKP_01000_00100_5_10.txt|100.0|0.1015088999999989|[100, 326, 692]
RKP_05000_00100_1_01.txt|4629.0|0.45410630000000296|[1, 3, 4, 5, 7, 9, 13, 16, 21, 22, 24, 31, 49, 59, 68, 89, 99, 115, 116, 155, 213, 302, 363, 465, 518, 553, 589, 642, 801, 847, 852, 904, 1021, 1181, 1207, 1213, 1268, 1275, 1277, 1366, 1373, 1482, 1485, 1568, 1700, 1731, 1839, 2003, 2091, 2106, 2398, 2478, 2505, 2548, 2556, 2692, 3411, 3645, 3733, 4536, 4545, 4758]
RKP_05000_00100_1_02.txt|4429.0|0.43904410000000027|[1, 18, 28, 31, 42, 44, 60, 73, 75, 99, 104, 130, 135, 171, 174, 235, 262, 275, 277, 301, 304, 338, 347, 350, 357, 374, 420, 437, 448, 463, 501, 601, 716, 794, 892, 1210, 1432, 1557, 1585, 1720, 1821, 1929, 2337, 2669, 2809, 2939, 3013, 3107, 3158, 3415, 3648, 3739, 4066, 4071, 4311, 4339, 4439]
RKP_05000_00100_1_03.txt|4384.0|0.43982650000000234|[1, 2, 5, 6, 7, 10, 22, 52, 81, 114, 136, 156, 193, 203, 207, 219, 304, 350, 401, 436, 591, 612, 656, 793, 929, 961, 1035, 1044, 1066, 1069, 1171, 1179, 1237, 1283, 1355, 1363, 1417, 1550, 1588, 1634, 1880, 2382, 2442, 2646, 2797, 2939, 2992, 3005, 3036, 3127, 3261, 3471, 3686, 3801, 4053, 4396, 4436, 4693]
RKP_05000_00100_1_04.txt|4331.0|0.38955299999999937|[2, 5, 7, 16, 20, 23, 26, 38, 41, 69, 78, 131, 135, 147, 205, 378, 416, 444, 455, 557, 579, 651, 713, 792, 795, 868, 936, 979, 1048, 1173, 1210, 1367, 1521, 1633, 1675, 1764, 1931, 2030, 2255, 2304, 2528, 2565, 2594, 2831, 2859, 2940, 3006, 3053, 3064, 3085, 3198, 3225, 3336, 3338, 3474, 3484, 3503, 3605, 3644, 3703, 4248, 4280, 4320, 4470, 4914]
RKP_05000_00100_1_05.txt|4315.0|0.43282310000000024|[2, 4, 8, 14, 16, 20, 23, 30, 33, 38, 44, 53, 60, 64, 92, 96, 101, 106, 158, 174, 230, 270, 288, 306, 317, 356, 427, 428, 507, 527, 541, 542, 608, 644, 660, 907, 977, 1088, 1169, 1249, 1309, 1432, 1433, 1510, 1759, 2097, 2447, 2549, 2886, 2922, 2995, 3160, 3454, 3856, 4002, 4179, 4251, 4588, 4630, 4969]
RKP_05000_00100_1_06.txt|4490.0|0.3942161000000013|[2, 3, 7, 8, 9, 11, 14, 17, 21, 25, 41, 44, 45, 55, 71, 73, 108, 111, 115, 122, 131, 133, 139, 147, 152, 208, 219, 238, 329, 377, 435, 457, 569, 645, 652, 694, 701, 745, 747, 807, 860, 866, 896, 912, 920, 1031, 1186, 1259, 1279, 1319, 1512, 1542, 1606, 1799, 2510, 2608, 2842, 3167, 3239, 3571, 3825]
RKP_05000_00100_1_07.txt|4657.0|0.39863400000000127|[1, 3, 4, 5, 11, 13, 30, 32, 35, 54, 55, 60, 79, 90, 97, 118, 124, 180, 188, 192, 204, 219, 244, 362, 451, 453, 457, 494, 582, 646, 811, 876, 880, 930, 931, 991, 1149, 1187, 1199, 1222, 1299, 1401, 1437, 1477, 1674, 1758, 1762, 1827, 2018, 2037, 2041, 2085, 2207, 2367, 2438, 2591, 3111, 3162, 3320, 3419, 3473, 3484, 4252, 4639]
RKP_05000_00100_1_08.txt|4478.0|0.417046899999999|[1, 6, 25, 29, 48, 52, 54, 72, 82, 120, 137, 148, 154, 179, 183, 186, 215, 260, 264, 275, 276, 288, 300, 341, 345, 441, 502, 538, 687, 739, 745, 777, 779, 816, 820, 865, 906, 1029, 1079, 1267, 1318, 1358, 1632, 1717, 1781, 2054, 2248, 2399, 2535, 2780, 2845, 2899, 2994, 3137, 3226, 3259, 3876, 3911, 4344, 4473, 4638, 4811, 4998]
RKP_05000_00100_1_09.txt|4024.0|0.4115037000000008|[2, 3, 6, 30, 42, 43, 70, 74, 83, 90, 121, 190, 230, 270, 307, 325, 329, 383, 423, 445, 463, 533, 588, 635, 747, 786, 796, 816, 853, 987, 1184, 1309, 1363, 1387, 1441, 1736, 1769, 1856, 1869, 1945, 2349, 2596, 2807, 2965, 3051, 3556, 3572, 3697, 3759, 4062, 4135, 4156, 4220, 4341, 4424]
RKP_05000_00100_1_10.txt|4593.0|0.3972653000000008|[1, 2, 8, 13, 15, 20, 21, 25, 26, 43, 48, 60, 83, 90, 111, 134, 153, 176, 180, 189, 230, 304, 321, 352, 363, 385, 429, 437, 445, 482, 484, 564, 629, 654, 662, 714, 780, 795, 805, 930, 952, 956, 1091, 1221, 1342, 1350, 1395, 1422, 1517, 1804, 2061, 2120, 2462, 2616, 2958, 3176, 3373, 3734, 4185, 4369, 4572, 4883]
RKP_05000_00100_2_01.txt|438.0|0.4214283999999999|[5, 40, 44, 68, 77, 110, 142, 144, 148, 220, 246, 315, 540, 551, 626, 648, 736, 848, 868, 1057, 1078, 1187, 1238, 1292, 1647, 1715, 1741, 1835, 2000, 2019, 2120, 2210, 2218, 2295, 2367, 2729, 2735, 3020, 3518, 3573, 4039, 4620, 4675]
RKP_05000_00100_2_02.txt|487.0|0.41418549999999854|[4, 8, 10, 14, 15, 29, 35, 40, 61, 73, 101, 103, 152, 242, 275, 292, 298, 407, 455, 532, 536, 578, 656, 677, 763, 778, 871, 929, 1014, 1178, 1194, 1493, 1714, 1770, 1793, 1800, 1838, 2263, 2320, 2360, 2412, 2437, 2439, 2707, 2984, 2992, 3004, 3178, 3238, 3612, 3654, 3848, 4347, 4384, 4978]
RKP_05000_00100_2_03.txt|473.0|0.38841449999999966|[1, 4, 5, 6, 9, 11, 12, 17, 22, 39, 82, 113, 202, 242, 314, 388, 442, 500, 524, 543, 592, 608, 610, 710, 711, 769, 826, 840, 842, 895, 1122, 1234, 1463, 1469, 1749, 1867, 1925, 2550, 2606, 2844, 2973, 3003, 3166, 3332, 3625, 3969, 4028, 4206, 4547, 4655, 4989]
RKP_05000_00100_2_04.txt|461.0|0.42380560000000145|[1, 5, 12, 13, 31, 35, 45, 54, 67, 87, 99, 156, 168, 225, 283, 291, 325, 355, 363, 387, 483, 491, 506, 531, 637, 674, 687, 752, 917, 950, 1138, 1415, 1489, 1551, 1565, 1566, 1633, 2042, 2052, 2100, 2126, 2299, 3028, 3108, 3153, 3572, 3585, 3838, 4139]
RKP_05000_00100_2_05.txt|497.0|0.4161065999999991|[5, 22, 29, 52, 69, 99, 167, 274, 355, 366, 370, 413, 426, 434, 452, 522, 693, 752, 797, 829, 879, 942, 984, 991, 1029, 1076, 1224, 1654, 1735, 1741, 1823, 1903, 2083, 2206, 2208, 2261, 2332, 2365, 2545, 2614, 2703, 3226, 3238, 3241, 3374, 3406, 3549, 3555, 3573, 3758]
RKP_05000_00100_2_06.txt|461.0|0.4069029999999998|[1, 3, 6, 8, 23, 62, 135, 136, 182, 210, 324, 326, 356, 367, 369, 466, 502, 602, 639, 758, 816, 853, 926, 1109, 1193, 1208, 1288, 1383, 1433, 1688, 1917, 2040, 2044, 2075, 2118, 2322, 2408, 2422, 2453, 2974, 3081, 3184, 3347, 3385, 3682, 4405, 4478]
RKP_05000_00100_2_07.txt|476.0|0.3879216999999997|[1, 2, 3, 7, 11, 15, 43, 49, 55, 58, 74, 79, 103, 105, 169, 177, 180, 183, 194, 216, 235, 244, 260, 261, 333, 341, 373, 396, 498, 516, 595, 649, 689, 744, 938, 1063, 1389, 1949, 2108, 2164, 2246, 2332, 2419, 2528, 2641, 3229, 3866, 4183, 4327, 4507]
RKP_05000_00100_2_08.txt|463.0|0.3993664000000017|[1, 2, 7, 9, 11, 14, 15, 23, 24, 25, 41, 48, 79, 94, 98, 152, 199, 291, 342, 367, 464, 560, 621, 636, 671, 672, 735, 792, 869, 953, 967, 1204, 1273, 1330, 1387, 1415, 1617, 1638, 1700, 2068, 2149, 2312, 2399, 2584, 2915, 3246, 3421, 3696, 4332, 4658]
RKP_05000_00100_2_09.txt|503.0|0.4671960000000013|[5, 6, 13, 15, 18, 61, 75, 86, 88, 110, 112, 142, 151, 218, 238, 293, 294, 315, 355, 362, 392, 433, 558, 678, 755, 796, 846, 955, 1008, 1149, 1203, 1331, 1335, 1338, 1397, 1400, 1679, 1818, 1873, 1919, 2179, 2196, 2213, 2318, 2352, 2365, 2520, 2692, 2953, 3113, 4070, 4171, 4778]
RKP_05000_00100_2_10.txt|456.0|0.38315180000000026|[66, 74, 78, 113, 120, 136, 163, 184, 250, 253, 275, 291, 302, 315, 326, 373, 477, 502, 660, 918, 935, 978, 1253, 1313, 1459, 1547, 1608, 1773, 1932, 2022, 2133, 2283, 2318, 2345, 2755, 2768, 2802, 3005, 3077, 3123, 3300, 3321, 4012, 4424, 4994]
RKP_05000_00100_3_01.txt|790.0|0.35163790000000006|[1, 2, 3, 5, 7, 8, 10, 11, 18, 26, 48, 55, 58, 69, 80, 83, 97, 104, 118, 135, 224, 231, 279, 288, 312, 334, 345, 349, 361, 377, 410, 465, 471, 504, 506, 530, 533, 534, 588, 610, 661, 676, 692, 821, 948, 1006, 1096, 1187, 1192, 1286, 1335, 1725, 1751, 1768, 1994, 2039, 2090, 2321, 2608, 2691, 2908, 3252, 3272, 3292, 3675, 3683, 4057, 4195, 4835]
RKP_05000_00100_3_02.txt|880.0|0.3544033999999989|[9, 11, 17, 22, 31, 38, 40, 55, 93, 94, 98, 132, 135, 145, 148, 166, 167, 219, 254, 272, 301, 304, 312, 313, 351, 356, 373, 392, 415, 426, 434, 452, 453, 496, 512, 542, 554, 776, 796, 856, 879, 973, 989, 1047, 1092, 1119, 1136, 1267, 1322, 1335, 1664, 1727, 1834, 1876, 2005, 2135, 2337, 2362, 2409, 2674, 2689, 2722, 2762, 2772, 2848, 2988, 3318, 3344, 3615, 3623, 3645, 3676, 4055, 4114, 4233, 4432, 4494, 4912]
RKP_05000_00100_3_03.txt|860.0|0.3415100000000031|[1, 3, 5, 6, 14, 15, 18, 20, 21, 42, 52, 73, 76, 86, 96, 124, 129, 140, 156, 159, 191, 205, 258, 283, 351, 380, 387, 397, 403, 446, 520, 546, 647, 714, 721, 820, 894, 909, 945, 963, 977, 1051, 1058, 1086, 1109, 1226, 1256, 1304, 1305, 1409, 1459, 1487, 1525, 1558, 1571, 1672, 1732, 1847, 1888, 1941, 2079, 2676, 2793, 2858, 2962, 2984, 2989, 3115, 3566, 3663, 4111, 4254, 4440, 4520, 4528, 4547]
RKP_05000_00100_3_04.txt|840.0|0.3283239000000009|[1, 3, 5, 9, 11, 15, 16, 48, 56, 59, 66, 72, 100, 118, 133, 136, 205, 232, 298, 315, 318, 320, 325, 335, 364, 365, 375, 377, 411, 446, 473, 578, 607, 648, 688, 708, 759, 770, 808, 819, 898, 984, 991, 1182, 1193, 1227, 1264, 1283, 1293, 1338, 1380, 1433, 1570, 1739, 1757, 1788, 1817, 1905, 2156, 2231, 2274, 2340, 2386, 2433, 2600, 2634, 2764, 2810, 2992, 3639, 3783, 3851, 4136, 4996]
RKP_05000_00100_3_05.txt|740.0|0.3767700999999981|[7, 24, 25, 32, 47, 52, 60, 76, 79, 81, 109, 122, 147, 206, 235, 292, 295, 435, 448, 480, 485, 486, 513, 542, 563, 573, 588, 614, 656, 669, 769, 905, 909, 936, 950, 973, 994, 1088, 1259, 1491, 1526, 1529, 1668, 1764, 1858, 2040, 2337, 2456, 2471, 2596, 2671, 2714, 2877, 3114, 3135, 3492, 4063, 4073, 4074, 4110, 4118, 4182, 4398, 4423]
RKP_05000_00100_3_06.txt|840.0|0.34976629999999886|[2, 3, 5, 10, 12, 15, 24, 25, 26, 27, 29, 32, 35, 45, 68, 79, 103, 104, 113, 119, 121, 157, 179, 203, 207, 221, 244, 248, 278, 352, 492, 564, 588, 638, 683, 755, 775, 787, 796, 838, 899, 956, 1046, 1081, 1148, 1227, 1347, 1366, 1376, 1474, 1477, 1657, 1698, 1854, 1860, 1884, 2159, 2205, 2206, 2412, 2457, 2528, 2535, 2710, 2738, 2878, 2889, 2978, 3082, 3112, 3151, 3434, 4211, 4282]
RKP_05000_00100_3_07.txt|860.0|0.3409595000000003|[1, 2, 9, 10, 14, 16, 18, 20, 30, 32, 77, 85, 89, 93, 98, 99, 119, 169, 185, 189, 206, 211, 222, 281, 304, 356, 372, 416, 485, 495, 500, 507, 523, 526, 570, 607, 699, 719, 729, 750, 812, 817, 865, 876, 883, 890, 894, 980, 985, 1060, 1095, 1109, 1116, 1411, 1453, 1577, 1615, 1663, 1833, 1892, 1960, 2113, 2232, 2510, 2528, 2667, 2701, 2869, 3232, 3416, 3509, 3596, 3653, 4083, 4185, 4835]
RKP_05000_00100_3_08.txt|870.0|0.3481462999999998|[1, 2, 4, 5, 6, 13, 17, 28, 44, 47, 89, 92, 97, 100, 101, 108, 124, 129, 161, 215, 227, 238, 294, 296, 328, 343, 346, 382, 428, 491, 502, 525, 557, 563, 645, 700, 807, 888, 925, 969, 1028, 1076, 1208, 1238, 1240, 1244, 1344, 1355, 1478, 1502, 1517, 1666, 1802, 1973, 2068, 2091, 2154, 2276, 2313, 2465, 2572, 2702, 3001, 3335, 3410, 3476, 3642, 3689, 3716, 3821, 4035, 4062, 4178, 4225, 4318, 4604, 4735]
RKP_05000_00100_3_09.txt|830.0|0.31350459999999813|[1, 2, 3, 4, 8, 18, 24, 25, 40, 49, 55, 57, 63, 94, 101, 111, 119, 205, 217, 262, 271, 274, 288, 350, 355, 424, 447, 501, 579, 600, 610, 636, 662, 696, 789, 827, 839, 973, 981, 986, 1067, 1161, 1517, 1532, 1715, 1818, 1913, 2227, 2372, 2453, 2579, 2595, 2609, 2618, 2805, 2846, 2862, 2897, 2925, 3071, 3120, 3562, 3603, 3727, 3830, 4097, 4348, 4459, 4609, 4681, 4813, 4902, 4948]
RKP_05000_00100_3_10.txt|830.0|0.3877389000000022|[1, 2, 3, 8, 19, 21, 22, 27, 30, 39, 47, 50, 52, 57, 79, 109, 110, 142, 173, 227, 236, 252, 283, 333, 336, 383, 438, 526, 540, 559, 614, 627, 659, 666, 775, 780, 793, 860, 881, 1040, 1046, 1075, 1132, 1323, 1419, 1426, 1430, 1457, 1463, 1547, 1639, 1688, 1938, 1946, 2107, 2181, 2195, 2235, 2244, 2312, 2567, 2816, 2858, 2929, 2988, 2990, 3361, 3415, 3869, 3877, 3997, 4628, 4783]
RKP_05000_00100_4_01.txt|100.0|0.3175175999999986|[4203]
RKP_05000_00100_4_02.txt|100.0|0.3191046999999969|[4283]
RKP_05000_00100_4_03.txt|100.0|0.3450907000000001|[4228]
RKP_05000_00100_4_04.txt|100.0|0.33241290000000134|[4218]
RKP_05000_00100_4_05.txt|100.0|0.3185760000000002|[4238]
RKP_05000_00100_4_06.txt|100.0|0.3714316000000011|[4203]
RKP_05000_00100_4_07.txt|100.0|0.3220074000000004|[4210]
RKP_05000_00100_4_08.txt|100.0|0.36041970000000134|[4203]
RKP_05000_00100_4_09.txt|100.0|0.3434129999999982|[4994]
RKP_05000_00100_4_10.txt|100.0|0.32406190000000024|[4213]
RKP_05000_00100_5_01.txt|100.0|0.37173429999999996|[23, 324, 759, 780, 899, 932, 1017, 1299, 1456, 1658, 1806, 2096, 2630, 3591]
RKP_05000_00100_5_02.txt|100.0|0.3287071000000026|[501, 1241]
RKP_05000_00100_5_03.txt|100.0|0.32670459999999935|[100, 4988]
RKP_05000_00100_5_04.txt|100.0|0.36166860000000156|[31, 1002, 1246]
RKP_05000_00100_5_05.txt|100.0|0.3264587999999975|[97, 1002, 1972]
RKP_05000_00100_5_06.txt|100.0|0.3395141000000024|[222, 730, 852, 1028, 1063, 1593]
RKP_05000_00100_5_07.txt|100.0|0.3756831000000034|[512, 549, 689, 1352]
RKP_05000_00100_5_08.txt|100.0|0.3213588999999999|[686, 1060, 1217, 1501, 2253]
RKP_05000_00100_5_09.txt|100.0|0.33418660000000244|[633, 755, 1065, 1252, 1526]
RKP_05000_00100_5_10.txt|100.0|0.35839350000000536|[499, 652, 2824, 4349]
RKP_05000_01000_1_01.txt|57548.0|0.683821100000003|[1, 2, 8, 10, 13, 15, 16, 17, 18, 22, 23, 30, 33, 35, 53, 78, 82, 86, 96, 118, 151, 153, 164, 212, 226, 252, 271, 328, 334, 368, 379, 424, 491, 511, 551, 661, 700, 726, 732, 751, 778, 800, 866, 921, 969, 974, 991, 1034, 1145, 1196, 1214, 1232, 1233, 1387, 1431, 1591, 1724, 1742, 1756, 1810, 1841, 1858, 1919, 1928, 1979, 2077, 2187, 2254, 2266, 2481, 2567, 2629, 2777, 2814, 2874, 3144, 3187, 3256, 3282, 3485, 3534, 3791, 3799, 4129, 4223, 4479, 4971]
RKP_05000_01000_1_02.txt|58629.0|0.6290379000000001|[1, 3, 7, 10, 17, 36, 39, 41, 78, 84, 89, 96, 109, 130, 155, 165, 207, 222, 235, 236, 282, 293, 304, 337, 406, 425, 464, 471, 506, 539, 588, 622, 646, 675, 728, 772, 790, 837, 917, 918, 928, 965, 988, 1055, 1205, 1261, 1277, 1337, 1343, 1403, 1414, 1455, 1590, 1604, 1683, 1860, 1999, 2011, 2041, 2093, 2120, 2198, 2229, 2379, 2594, 2745, 2750, 2769, 2800, 2825, 2832, 2973, 3095, 3349, 3565, 3585, 3628, 3668, 3795, 3875, 4489, 4961]
RKP_05000_01000_1_03.txt|54997.0|0.6071200000000019|[1, 8, 13, 22, 24, 33, 60, 62, 67, 72, 76, 94, 114, 129, 135, 165, 174, 176, 192, 248, 272, 339, 400, 441, 479, 515, 533, 649, 749, 810, 852, 875, 882, 933, 940, 988, 1006, 1027, 1039, 1146, 1150, 1219, 1262, 1339, 1364, 1415, 1475, 1478, 1483, 1534, 1605, 1614, 1815, 1822, 1854, 1979, 2016, 2080, 2110, 2125, 2161, 2201, 2314, 2468, 2682, 2688, 2848, 3194, 3232, 3276, 3392, 3682, 3835, 3920, 4104, 4191, 4193, 4283, 4640]
RKP_05000_01000_1_04.txt|57025.0|0.638691399999999|[1, 2, 5, 6, 7, 8, 9, 10, 16, 24, 25, 33, 35, 49, 52, 61, 64, 71, 105, 114, 132, 133, 135, 181, 191, 210, 223, 238, 248, 270, 318, 351, 395, 413, 465, 482, 498, 522, 533, 546, 594, 670, 687, 716, 724, 792, 794, 886, 952, 1021, 1107, 1142, 1174, 1218, 1275, 1311, 1395, 1416, 1450, 1597, 1689, 1901, 2023, 2047, 2060, 2177, 2320, 2470, 2550, 2580, 2649, 2922, 2999, 3023, 3051, 3055, 3271, 3926, 4232, 4277, 4329, 4397, 4624, 4775]
RKP_05000_01000_1_05.txt|55856.0|0.6689548000000016|[2, 4, 5, 8, 9, 14, 16, 19, 25, 27, 48, 65, 67, 69, 72, 73, 91, 93, 94, 97, 119, 120, 130, 132, 157, 168, 201, 208, 231, 254, 259, 267, 279, 330, 339, 349, 352, 385, 430, 467, 584, 593, 651, 667, 711, 816, 838, 903, 943, 985, 1023, 1049, 1093, 1142, 1150, 1155, 1162, 1227, 1316, 1411, 1418, 1474, 1588, 1606, 1607, 1649, 1883, 1893, 2004, 2069, 2256, 2271, 2350, 2360, 2397, 2547, 2786, 2819, 2834, 3067, 3468, 4053, 4118, 4204, 4385]
RKP_05000_01000_1_06.txt|55553.0|0.6141841999999968|[1, 2, 6, 8, 9, 10, 13, 37, 48, 51, 52, 60, 80, 90, 107, 150, 157, 159, 163, 188, 192, 217, 224, 269, 288, 292, 297, 336, 343, 399, 429, 498, 503, 601, 612, 646, 656, 684, 687, 688, 691, 697, 721, 736, 883, 894, 943, 998, 1002, 1040, 1062, 1097, 1145, 1192, 1242, 1305, 1368, 1494, 1511, 1530, 1662, 1689, 1720, 1879, 1910, 1916, 2012, 2025, 2048, 2050, 2168, 2195, 2442, 2483, 2517, 2633, 2857, 2861, 2925, 2967, 3076, 3109, 3846, 4183, 4196, 4603, 4793]
RKP_05000_01000_1_07.txt|51961.0|0.5874590000000026|[1, 2, 8, 15, 21, 23, 27, 38, 44, 46, 65, 77, 84, 91, 119, 130, 161, 188, 198, 204, 213, 226, 241, 363, 386, 393, 421, 453, 522, 523, 568, 569, 577, 608, 616, 640, 651, 666, 753, 795, 848, 957, 985, 993, 1047, 1052, 1175, 1178, 1346, 1359, 1367, 1378, 1433, 1449, 1489, 1605, 1607, 1645, 1666, 1697, 1741, 1764, 1865, 1904, 2001, 2087, 2145, 2245, 2593, 2669, 2984, 3438, 3455, 4009, 4471]
RKP_05000_01000_1_08.txt|54659.0|0.7070298000000008|[3, 7, 10, 12, 15, 20, 24, 26, 29, 32, 39, 40, 52, 66, 75, 79, 81, 89, 109, 115, 117, 118, 140, 151, 190, 207, 217, 235, 244, 257, 279, 411, 419, 427, 430, 488, 527, 529, 531, 548, 575, 651, 670, 738, 785, 849, 890, 892, 952, 1029, 1088, 1138, 1275, 1344, 1391, 1485, 1487, 1574, 2070, 2099, 2110, 2356, 2382, 2528, 2585, 2723, 2841, 3244, 3288, 3318, 3323, 3437, 3908, 3925, 3937, 4070, 4497, 4666]
RKP_05000_01000_1_09.txt|56014.99999999884|0.7030255999999966|[1, 2, 4, 6, 7, 8, 17, 18, 25, 27, 29, 32, 39, 47, 49, 51, 73, 91, 94, 101, 104, 106, 128, 136, 153, 157, 163, 190, 191, 320, 342, 359, 364, 377, 390, 427, 473, 499, 562, 563, 684, 714, 844, 883, 996, 998, 1113, 1242, 1337, 1362, 1366, 1401, 1414, 1434, 1481, 1495, 1509, 1579, 1679, 1699, 1714, 1788, 1854, 1911, 2012, 2034, 2121, 2239, 2246, 2328, 2364, 2381, 2399, 2845, 3156, 3179, 3245, 3448, 3556, 3644, 3744, 3900, 3964, 4115]
RKP_05000_01000_1_10.txt|61281.0|0.646808699999994|[1, 2, 4, 9, 11, 28, 30, 33, 38, 43, 47, 49, 80, 100, 103, 104, 129, 161, 180, 187, 193, 198, 212, 220, 245, 255, 261, 286, 359, 384, 461, 464, 472, 486, 495, 500, 528, 582, 604, 634, 740, 785, 807, 813, 839, 844, 888, 1044, 1076, 1095, 1253, 1284, 1313, 1361, 1413, 1423, 1430, 1479, 1553, 1554, 1636, 1640, 1641, 1680, 1686, 1731, 1817, 1914, 1934, 2153, 2184, 2216, 2309, 2541, 2544, 2560, 2608, 2671, 2698, 2753, 2768, 2867, 3137, 3309, 3687, 3836, 4036, 4698, 4815]
RKP_05000_01000_2_01.txt|4401.0|0.8684139000000002|[2, 5, 7, 12, 23, 26, 28, 32, 34, 38, 81, 88, 103, 115, 147, 153, 176, 265, 309, 339, 352, 395, 413, 483, 541, 604, 761, 947, 951, 997, 1100, 1154, 1173, 1473, 1487, 1573, 1641, 1844, 1898, 2000, 2057, 2168, 2351, 2400, 2569, 2581, 2671, 3060, 3395, 3764, 3919, 4166, 4493, 4598]
RKP_05000_01000_2_02.txt|4691.0|0.8668516000000039|[1, 2, 3, 20, 44, 62, 76, 78, 79, 88, 94, 121, 126, 139, 279, 311, 317, 338, 365, 379, 462, 471, 491, 545, 653, 667, 820, 862, 946, 964, 1000, 1045, 1049, 1068, 1159, 1189, 1196, 1294, 1577, 1693, 1739, 1856, 1964, 2213, 2259, 2308, 2419, 2515, 2537, 2581, 2682, 2933, 2983, 3024, 3342, 3711]
RKP_05000_01000_2_03.txt|4859.0|0.9565458000000007|[6, 51, 63, 69, 86, 88, 104, 106, 118, 131, 177, 185, 217, 235, 286, 305, 308, 341, 350, 375, 414, 465, 477, 507, 518, 655, 726, 858, 862, 1002, 1132, 1256, 1354, 1362, 1483, 1550, 1676, 1732, 1958, 2164, 2182, 2340, 2548, 2601, 2610, 2617, 2930, 3087, 3180, 3343, 3351, 3416, 3540, 3938, 4457, 4964]
RKP_05000_01000_2_04.txt|5120.0|1.0788438000000014|[1, 3, 7, 17, 19, 22, 42, 51, 54, 57, 59, 63, 82, 84, 153, 163, 183, 247, 348, 371, 400, 509, 545, 547, 557, 567, 585, 662, 667, 703, 758, 768, 916, 1100, 1136, 1209, 1210, 1319, 1398, 1412, 1539, 1672, 1740, 1799, 1906, 1989, 2237, 2245, 2249, 2408, 2518, 2928, 2989, 3183, 3498, 3530, 3872, 4236, 4424, 4454]
RKP_05000_01000_2_05.txt|4662.0|0.8355081999999996|[3, 4, 5, 8, 9, 10, 12, 16, 23, 30, 33, 34, 43, 70, 80, 156, 187, 201, 204, 260, 273, 290, 306, 344, 420, 427, 453, 478, 526, 734, 737, 775, 807, 876, 957, 1052, 1064, 1132, 1158, 1223, 1269, 1335, 1424, 1576, 1622, 1672, 1680, 1762, 2008, 2548, 2686, 2943, 3321, 4215, 4333, 4485]
RKP_05000_01000_2_06.txt|4820.0|0.9133435000000034|[1, 5, 27, 30, 36, 59, 61, 63, 94, 105, 109, 114, 138, 152, 154, 159, 184, 242, 252, 328, 336, 344, 386, 403, 464, 473, 481, 670, 672, 683, 707, 714, 739, 793, 862, 900, 925, 1064, 1134, 1369, 1477, 1569, 1619, 1746, 1852, 1896, 1898, 1933, 1948, 1991, 2328, 2476, 2484, 2638, 3111, 4131, 4407, 4545, 4951]
RKP_05000_01000_2_07.txt|5049.0|0.8549357999999998|[1, 11, 12, 33, 44, 59, 105, 157, 193, 207, 212, 228, 238, 257, 294, 368, 516, 751, 759, 771, 772, 909, 997, 1123, 1139, 1231, 1265, 1425, 1437, 1461, 1552, 1593, 1625, 1643, 1702, 1811, 1886, 1902, 1935, 1945, 1976, 2206, 2233, 2241, 2282, 2341, 2446, 2461, 2608, 2843, 3031, 3085, 3129, 3147, 3196, 3275, 3882, 3974, 4279, 4453, 4495]
RKP_05000_01000_2_08.txt|4986.0|0.8669651000000016|[4, 6, 17, 30, 44, 59, 78, 108, 114, 137, 200, 201, 213, 236, 242, 264, 298, 312, 362, 371, 385, 397, 413, 473, 580, 634, 658, 677, 747, 823, 846, 901, 955, 972, 1016, 1067, 1114, 1156, 1184, 1256, 1314, 1499, 1664, 1783, 1802, 1924, 2133, 2399, 2632, 2683, 2808, 2941, 3148, 3191, 3857, 4129, 4386]
RKP_05000_01000_2_09.txt|4640.0|0.9292558|[2, 3, 4, 10, 13, 22, 25, 36, 63, 77, 116, 118, 128, 130, 175, 247, 270, 310, 377, 379, 408, 419, 536, 561, 579, 821, 897, 935, 997, 1132, 1226, 1259, 1428, 1556, 1583, 1587, 1627, 1786, 1844, 1967, 1992, 2005, 2140, 2317, 2637, 2887, 3113, 3297, 3478, 3583, 3974, 4669, 4691]
RKP_05000_01000_2_10.txt|4362.0|0.8343347999999935|[9, 15, 18, 19, 25, 29, 55, 74, 82, 95, 99, 137, 149, 191, 206, 227, 294, 337, 351, 420, 555, 587, 708, 880, 922, 939, 941, 1011, 1049, 1176, 1303, 1416, 1491, 1494, 1502, 1686, 1745, 1858, 1926, 2034, 2318, 2452, 2998, 3163, 3584, 3674, 3712, 3887, 4015, 4057, 4084, 4267, 4809]
RKP_05000_01000_3_01.txt|9686.0|0.4684866999999997|[1, 2, 9, 12, 13, 15, 16, 21, 23, 34, 37, 40, 45, 46, 47, 53, 60, 72, 77, 87, 97, 108, 109, 114, 119, 132, 150, 176, 193, 207, 237, 241, 284, 305, 372, 381, 384, 387, 398, 400, 455, 539, 553, 560, 562, 604, 623, 632, 688, 728, 757, 917, 951, 996, 1038, 1047, 1081, 1087, 1139, 1140, 1190, 1198, 1365, 1369, 1382, 1615, 1698, 1779, 1894, 1958, 2056, 2178, 2241, 2250, 2416, 2429, 2461, 2640, 2748, 2783, 2851, 2874, 3246, 3421, 3591, 3683, 4101]
RKP_05000_01000_3_02.txt|10782.0|0.49065490000000267|[1, 2, 4, 13, 25, 28, 33, 38, 39, 40, 41, 66, 68, 71, 90, 107, 116, 129, 130, 140, 169, 209, 214, 230, 235, 263, 295, 303, 304, 305, 345, 379, 425, 436, 445, 446, 448, 542, 562, 609, 646, 652, 718, 730, 759, 801, 849, 878, 883, 892, 931, 953, 1020, 1022, 1041, 1046, 1083, 1087, 1117, 1161, 1174, 1193, 1240, 1334, 1436, 1486, 1488, 1499, 1885, 1908, 2067, 2080, 2113, 2136, 2215, 2330, 2425, 2565, 2667, 2704, 2772, 2808, 2853, 2933, 2978, 2989, 2998, 3041, 3171, 3308, 3393, 3546, 3750, 3832, 4134, 4419, 4507, 4719]
RKP_05000_01000_3_03.txt|10888.0|0.46399910000000233|[1, 2, 3, 4, 5, 6, 22, 26, 36, 38, 97, 115, 129, 153, 158, 163, 190, 199, 200, 214, 215, 221, 239, 246, 286, 308, 330, 339, 360, 377, 399, 465, 480, 544, 568, 592, 609, 621, 652, 669, 709, 710, 765, 770, 839, 856, 879, 881, 896, 907, 952, 975, 989, 1022, 1041, 1157, 1164, 1169, 1222, 1360, 1429, 1465, 1498, 1523, 1559, 1597, 1605, 1663, 1688, 1733, 1767, 1926, 2034, 2087, 2202, 2298, 2319, 2386, 2439, 2529, 2957, 3166, 3239, 3273, 3477, 3545, 3722, 3910, 3928, 4041, 4084, 4149, 4215, 4329, 4338, 4529, 4671, 4695, 4813]
RKP_05000_01000_3_04.txt|10864.0|0.5028526999999983|[1, 3, 4, 5, 6, 7, 9, 15, 17, 18, 27, 45, 58, 63, 70, 82, 89, 94, 111, 132, 142, 175, 198, 205, 206, 225, 258, 261, 263, 277, 306, 321, 337, 360, 362, 413, 437, 448, 495, 548, 568, 574, 610, 619, 648, 657, 680, 709, 730, 747, 769, 784, 827, 864, 962, 977, 989, 1049, 1064, 1080, 1165, 1226, 1276, 1322, 1396, 1398, 1493, 1557, 1589, 1768, 1801, 1852, 1872, 1907, 1912, 1996, 2115, 2150, 2372, 2394, 2516, 2541, 2568, 2575, 2593, 2747, 2857, 2865, 2868, 2871, 3197, 3274, 3330, 3448, 3523, 3612, 4042, 4440, 4880]
RKP_05000_01000_3_05.txt|10056.0|0.494524399999996|[1, 2, 3, 4, 6, 7, 8, 10, 11, 16, 19, 25, 26, 29, 32, 34, 37, 48, 49, 56, 70, 112, 122, 143, 162, 169, 184, 212, 219, 256, 296, 335, 344, 348, 358, 386, 486, 491, 501, 513, 555, 620, 638, 658, 708, 748, 768, 777, 814, 985, 998, 1033, 1060, 1069, 1090, 1259, 1263, 1292, 1305, 1500, 1516, 1552, 1588, 1619, 1759, 1770, 1859, 1909, 2077, 2123, 2298, 2460, 2610, 2615, 2634, 2723, 2744, 2920, 2970, 3055, 3068, 3106, 3167, 3258, 3370, 3439, 3440, 3558, 3584, 3635, 4338]
RKP_05000_01000_3_06.txt|10590.0|0.48382560000000296|[1, 2, 3, 4, 6, 7, 12, 16, 37, 41, 45, 46, 55, 71, 76, 82, 84, 85, 86, 94, 102, 124, 135, 141, 184, 206, 213, 214, 219, 227, 265, 276, 286, 287, 288, 350, 368, 404, 418, 431, 488, 490, 540, 573, 603, 607, 623, 665, 686, 702, 760, 767, 801, 813, 839, 859, 889, 900, 931, 946, 1030, 1119, 1212, 1281, 1296, 1359, 1466, 1522, 1551, 1610, 1640, 1697, 1917, 1978, 1991, 2026, 2138, 2251, 2623, 2741, 2799, 3214, 3239, 3264, 3324, 3433, 3533, 3851, 4000, 4258, 4315, 4322, 4424, 4582, 4808, 4911]
RKP_05000_01000_3_07.txt|10700.0|0.4618281000000053|[1, 2, 5, 6, 8, 11, 13, 18, 20, 31, 33, 36, 60, 73, 75, 76, 79, 84, 94, 100, 113, 125, 136, 194, 214, 216, 218, 221, 251, 291, 293, 295, 360, 370, 393, 398, 413, 422, 427, 462, 477, 487, 527, 539, 593, 608, 640, 658, 714, 762, 827, 849, 883, 884, 891, 896, 1003, 1044, 1055, 1090, 1123, 1173, 1179, 1262, 1407, 1470, 1544, 1564, 1709, 1783, 1789, 1792, 1998, 2043, 2104, 2111, 2357, 2360, 2448, 2587, 2716, 2900, 2966, 3085, 3135, 3146, 3402, 3438, 3609, 3628, 3716, 3731, 3854, 4131, 4233, 4456, 4659]
RKP_05000_01000_3_08.txt|10692.0|0.4538758999999999|[1, 2, 4, 6, 7, 14, 22, 28, 30, 35, 36, 73, 77, 80, 82, 118, 122, 126, 134, 152, 154, 162, 213, 217, 226, 250, 260, 264, 270, 279, 295, 301, 331, 394, 489, 525, 556, 654, 656, 660, 675, 686, 707, 725, 883, 895, 901, 911, 944, 953, 1009, 1014, 1036, 1077, 1117, 1134, 1135, 1159, 1273, 1364, 1502, 1588, 1636, 1733, 1770, 1810, 1967, 1970, 1976, 2019, 2025, 2088, 2364, 2391, 2402, 2484, 2808, 2858, 2977, 3017, 3087, 3214, 3237, 3284, 3346, 3396, 3445, 3557, 3571, 3808, 4022, 4192, 4463, 4487, 4700, 4767, 4779]
RKP_05000_01000_3_09.txt|9994.0|0.46012599999999537|[1, 2, 4, 7, 8, 9, 13, 14, 26, 40, 42, 51, 57, 61, 73, 77, 81, 83, 86, 87, 99, 106, 136, 152, 159, 193, 207, 222, 237, 242, 252, 281, 290, 310, 354, 376, 384, 412, 426, 453, 462, 492, 494, 556, 655, 661, 664, 671, 673, 751, 760, 786, 797, 830, 852, 886, 921, 931, 995, 1040, 1104, 1148, 1189, 1313, 1322, 1420, 1471, 1684, 1872, 1978, 2024, 2051, 2055, 2287, 2401, 2497, 2511, 2577, 2621, 2657, 2706, 2941, 3256, 3392, 3443, 3538, 3572, 3618, 3868, 4292]
RKP_05000_01000_3_10.txt|10374.0|0.5083365999999998|[1, 2, 3, 5, 6, 10, 14, 16, 25, 33, 50, 52, 62, 69, 73, 112, 119, 191, 196, 218, 219, 223, 235, 270, 275, 287, 305, 308, 312, 344, 353, 369, 393, 400, 413, 417, 446, 458, 479, 502, 627, 692, 781, 789, 808, 811, 876, 907, 944, 1093, 1097, 1125, 1184, 1279, 1317, 1329, 1343, 1498, 1530, 1621, 1635, 1785, 1803, 1847, 1854, 2139, 2189, 2224, 2322, 2458, 2611, 2749, 2764, 2813, 2877, 2894, 2915, 2940, 3064, 3119, 3150, 3234, 3240, 3251, 3435, 3589, 3788, 3879, 4052, 4227, 4466, 4631, 4747, 4788]
RKP_05000_01000_4_01.txt|1000.0|0.4023208999999994|[4615]
RKP_05000_01000_4_02.txt|1000.0|0.3967694999999978|[4655]
RKP_05000_01000_4_03.txt|1000.0|0.4256819000000007|[4567]
RKP_05000_01000_4_04.txt|1000.0|0.3866054999999946|[4559]
RKP_05000_01000_4_05.txt|1000.0|0.38342469999999906|[4575]
RKP_05000_01000_4_06.txt|1000.0|0.4257125999999971|[4578]
RKP_05000_01000_4_07.txt|1000.0|0.38869940000000014|[4493]
RKP_05000_01000_4_08.txt|1000.0|0.379874700000002|[4472]
RKP_05000_01000_4_09.txt|1000.0|0.4162543999999997|[4528]
RKP_05000_01000_4_10.txt|1000.0|0.3909435000000059|[4469]
RKP_05000_01000_5_01.txt|1000.0|0.45387909999999465|[999, 1197, 1561, 2011]
RKP_05000_01000_5_02.txt|1000.0|0.43948699999999974|[10, 150, 164, 980, 1162, 1248]
RKP_05000_01000_5_03.txt|1000.0|0.42968610000000496|[15, 74, 100, 101, 104, 137, 198, 933, 1326, 3308]
RKP_05000_01000_5_04.txt|1000.0|0.473171899999997|[1, 2, 976, 1299, 1792, 2714]
RKP_05000_01000_5_05.txt|1000.0|0.43311209999999534|[100, 170, 981, 1469, 4183]
RKP_05000_01000_5_06.txt|1000.0|0.4199793000000014|[10, 522, 626, 906, 1007, 1008]
RKP_05000_01000_5_07.txt|1000.0|0.4455504000000019|[29, 138, 307, 997, 1128, 1302, 1445, 3389]
RKP_05000_01000_5_08.txt|1000.0|0.41178779999999904|[1, 956, 1106, 1216, 1883, 2415]
RKP_05000_01000_5_09.txt|1000.0|0.4310538000000008|[76, 100, 349, 573, 841, 943, 973, 2310, 2826, 3588]
RKP_05000_01000_5_10.txt|1000.0|0.4667589000000021|[906, 1000, 1826]
RKP_05000_05000_1_01.txt|272345.0|0.6352221000000071|[2, 3, 4, 8, 21, 25, 30, 33, 36, 40, 41, 47, 50, 74, 75, 78, 94, 96, 100, 127, 134, 149, 168, 174, 226, 234, 239, 254, 255, 263, 274, 279, 290, 358, 449, 477, 496, 498, 522, 562, 601, 604, 688, 747, 798, 809, 826, 940, 1083, 1200, 1201, 1231, 1246, 1247, 1260, 1270, 1286, 1293, 1305, 1416, 1437, 1543, 1595, 1674, 1685, 1939, 1999, 2195, 2321, 2685, 2687, 2896, 2945, 2997, 3113, 3266, 3721, 3813, 4777, 4810]
RKP_05000_05000_1_02.txt|324602.0|0.6903374000000042|[1, 2, 4, 8, 9, 10, 18, 20, 21, 24, 38, 45, 55, 57, 59, 89, 104, 113, 117, 126, 141, 213, 231, 238, 240, 258, 269, 297, 310, 334, 341, 349, 361, 378, 396, 444, 470, 474, 537, 669, 712, 787, 805, 814, 876, 903, 1005, 1041, 1044, 1069, 1089, 1107, 1115, 1152, 1203, 1374, 1434, 1459, 1556, 1722, 1786, 1855, 1870, 1979, 2039, 2174, 2177, 2306, 2322, 2501, 2667, 2706, 3059, 3538, 3588, 3696, 3754, 3842, 3886, 3921, 3940, 4013, 4074, 4197, 4382, 4402, 4712, 4832]
RKP_05000_05000_1_03.txt|288217.0|0.600477099999992|[1, 5, 7, 8, 18, 22, 25, 31, 39, 46, 62, 73, 78, 86, 110, 115, 133, 206, 231, 233, 246, 249, 297, 318, 339, 353, 393, 399, 426, 429, 435, 451, 481, 482, 488, 557, 582, 586, 645, 651, 779, 811, 872, 908, 960, 1083, 1098, 1099, 1108, 1115, 1212, 1235, 1244, 1261, 1265, 1309, 1374, 1414, 1441, 1477, 1594, 2124, 2264, 2426, 2615, 2630, 2760, 2859, 2957, 3154, 3247, 3414, 3417, 3443, 3490, 3493, 3512, 3593, 4284, 4374, 4414]
RKP_05000_05000_1_04.txt|306053.0|0.5905022000000031|[1, 3, 5, 9, 12, 18, 24, 25, 34, 38, 48, 68, 75, 76, 81, 85, 90, 96, 105, 135, 145, 148, 173, 189, 197, 202, 222, 226, 240, 291, 299, 318, 326, 332, 333, 368, 376, 387, 390, 408, 422, 484, 557, 559, 675, 778, 787, 809, 814, 831, 935, 1072, 1389, 1417, 1418, 1675, 1677, 1753, 1758, 1859, 1875, 1938, 2003, 2013, 2017, 2051, 2061, 2312, 2328, 2372, 2553, 2581, 2584, 2813, 2991, 3059, 3260, 3305, 3410, 3431, 3547, 3651, 3802, 3813, 3850, 4172, 4260, 4286, 4668, 4715]
RKP_05000_05000_1_05.txt|305813.0|0.5993997000000064|[1, 2, 3, 8, 12, 20, 22, 23, 26, 31, 32, 33, 38, 46, 55, 62, 127, 130, 131, 139, 143, 146, 148, 153, 167, 210, 214, 227, 245, 261, 301, 348, 378, 403, 459, 463, 518, 559, 582, 663, 694, 838, 923, 950, 992, 1003, 1016, 1088, 1098, 1221, 1281, 1432, 1460, 1483, 1492, 1521, 1642, 1662, 1668, 1690, 1692, 1887, 1929, 1993, 2025, 2045, 2118, 2138, 2223, 2309, 2352, 2411, 2427, 2467, 2579, 2657, 2703, 2804, 2910, 3024, 3175, 3186, 3722, 3813, 3873, 4108, 4208, 4301, 4374, 4789]
RKP_05000_05000_1_06.txt|278716.0|0.6994480999999979|[2, 7, 8, 18, 20, 23, 40, 43, 64, 66, 71, 76, 82, 85, 87, 106, 113, 120, 122, 243, 274, 275, 333, 347, 363, 378, 407, 427, 445, 514, 538, 568, 581, 608, 613, 621, 651, 693, 707, 715, 754, 813, 825, 830, 850, 925, 956, 1041, 1054, 1065, 1125, 1154, 1227, 1280, 1308, 1374, 1578, 1671, 1730, 1855, 1927, 1981, 2011, 2048, 2132, 2204, 2210, 2228, 2240, 2309, 2386, 2509, 2592, 2646, 2701, 2729, 3104, 3233, 3361, 3938, 3978, 4076, 4540, 4561, 4692]
RKP_05000_05000_1_07.txt|254968.0|0.6576886000000002|[1, 2, 3, 4, 6, 7, 8, 15, 16, 29, 30, 31, 44, 79, 83, 109, 121, 137, 175, 182, 187, 215, 230, 233, 237, 248, 249, 287, 294, 303, 332, 346, 380, 381, 413, 457, 507, 529, 536, 575, 667, 690, 730, 739, 745, 768, 785, 829, 864, 916, 1019, 1228, 1246, 1263, 1267, 1315, 1375, 1406, 1520, 1525, 1616, 1804, 1820, 1849, 1894, 1897, 2017, 2273, 2529, 2688, 2725, 2854, 3045, 3875, 3888, 3965, 4149, 4225, 4260, 4664, 4751]
RKP_05000_05000_1_08.txt|262685.0|0.6227575999999999|[2, 3, 5, 7, 16, 30, 38, 41, 51, 91, 95, 97, 115, 122, 124, 137, 138, 140, 156, 171, 192, 232, 253, 262, 275, 280, 303, 314, 342, 363, 367, 371, 402, 451, 453, 471, 478, 512, 523, 528, 560, 596, 669, 674, 706, 764, 836, 850, 878, 902, 949, 1167, 1179, 1247, 1421, 1546, 1549, 1562, 1678, 1737, 1941, 2042, 2047, 2312, 2428, 2525, 2536, 2600, 2643, 2676, 2681, 2805, 3599, 3666, 3744, 3792, 3998, 4080, 4186, 4195, 4393, 4527, 4934]
RKP_05000_05000_1_09.txt|289223.0|0.597448099999994|[1, 2, 3, 5, 6, 14, 17, 42, 52, 55, 66, 76, 77, 99, 113, 114, 126, 139, 151, 156, 160, 170, 176, 179, 196, 221, 234, 243, 282, 299, 312, 325, 339, 355, 376, 380, 382, 385, 404, 438, 448, 460, 492, 537, 542, 544, 563, 565, 682, 701, 726, 820, 871, 921, 1006, 1064, 1114, 1126, 1227, 1245, 1314, 1350, 1355, 1416, 1458, 1466, 1480, 1504, 1592, 1594, 1596, 1635, 1788, 1808, 1917, 1979, 2016, 2450, 2497, 2557, 2593, 2636, 2834, 3197, 4248, 4486, 4489, 4615]
RKP_05000_05000_1_10.txt|251723.0|0.6360088999999931|[2, 7, 10, 14, 18, 24, 38, 60, 89, 92, 98, 144, 153, 185, 278, 286, 302, 322, 380, 414, 454, 467, 470, 472, 659, 724, 746, 756, 803, 813, 862, 863, 867, 909, 959, 981, 1015, 1209, 1304, 1479, 1504, 1609, 1652, 1725, 1766, 1930, 1986, 2050, 2151, 2281, 2580, 2607, 2608, 2629, 2641, 2786, 2810, 2870, 2942, 3067, 3078, 3101, 3198, 3229, 3261, 3450, 3471, 3696, 4380, 4532]
RKP_05000_05000_2_01.txt|24249.0|0.9661054000000036|[19, 20, 21, 32, 49, 52, 65, 70, 93, 98, 235, 250, 279, 293, 319, 335, 383, 411, 475, 515, 579, 690, 748, 750, 866, 937, 953, 986, 1045, 1059, 1292, 1308, 1367, 1435, 1482, 1497, 1505, 1635, 1665, 1784, 1937, 2113, 2236, 2251, 2458, 2687, 2937, 3403, 3667, 3722, 3808, 3883, 4544, 4844]
RKP_05000_05000_2_02.txt|21753.0|0.8654049000000015|[14, 15, 28, 56, 79, 91, 96, 105, 106, 131, 161, 203, 208, 220, 294, 530, 563, 582, 677, 696, 707, 710, 722, 762, 836, 1058, 1069, 1171, 1172, 1287, 1649, 1714, 2060, 2069, 2142, 2162, 2244, 2272, 2429, 2814, 2839, 3100, 3355, 3515, 3641, 3813, 3984, 4007, 4564]
RKP_05000_05000_2_03.txt|21129.0|0.8350946999999991|[1, 21, 38, 41, 44, 49, 50, 64, 72, 94, 128, 177, 216, 306, 338, 375, 387, 394, 411, 441, 465, 477, 502, 582, 583, 659, 729, 783, 812, 966, 983, 1207, 1269, 1289, 1307, 1422, 1429, 1432, 1481, 1536, 1998, 2272, 2512, 2790, 2868, 3090, 3368, 3428, 3630, 3839, 3957, 4235, 4565, 4939]
RKP_05000_05000_2_04.txt|27369.0|0.9187030999999877|[1, 2, 3, 4, 20, 21, 23, 34, 37, 43, 47, 49, 60, 71, 77, 78, 82, 122, 126, 131, 147, 154, 165, 187, 238, 262, 264, 307, 314, 322, 346, 372, 422, 455, 491, 554, 625, 637, 655, 769, 832, 862, 1068, 1124, 1187, 1223, 1329, 1335, 1412, 1508, 1519, 1586, 1606, 1748, 1770, 1965, 2093, 2308, 2318, 2319, 2382, 2632, 2705, 2773, 3212, 3257, 3288, 3593, 3704]
RKP_05000_05000_2_05.txt|24167.99999999888|0.8881803000000019|[4, 5, 8, 9, 13, 34, 66, 70, 103, 113, 128, 145, 163, 167, 220, 317, 350, 481, 501, 513, 551, 595, 606, 626, 662, 734, 842, 856, 858, 874, 932, 962, 976, 1011, 1022, 1034, 1103, 1153, 1175, 1232, 1242, 1260, 1394, 1489, 1503, 1588, 1768, 1784, 1813, 2057, 2493, 2678, 2906, 3798, 4092, 4182, 4410, 4902]
RKP_05000_05000_2_06.txt|21466.0|0.8541708999999997|[8, 16, 17, 30, 43, 74, 106, 136, 281, 303, 326, 356, 370, 373, 411, 437, 449, 526, 629, 637, 689, 726, 731, 748, 832, 866, 872, 912, 985, 1070, 1073, 1342, 1542, 1638, 1756, 1805, 1807, 1814, 2039, 2245, 2357, 2653, 3064, 3105, 3371, 3580, 3746, 3764]
RKP_05000_05000_2_07.txt|23983.0|0.974780999999993|[7, 12, 16, 30, 36, 72, 129, 169, 199, 212, 232, 253, 273, 301, 383, 409, 411, 421, 428, 452, 461, 624, 631, 667, 713, 725, 872, 903, 926, 932, 957, 989, 1115, 1137, 1153, 1326, 1435, 1460, 1581, 1734, 1819, 1988, 2037, 2045, 2118, 2664, 2838, 3060, 3180, 3189, 3396, 3704, 3935, 3995, 4066, 4239, 4779]
RKP_05000_05000_2_08.txt|24676.0|0.9005111999999968|[2, 9, 17, 20, 27, 30, 34, 83, 93, 112, 116, 125, 155, 160, 179, 192, 242, 245, 259, 274, 286, 291, 332, 409, 449, 551, 603, 659, 668, 724, 746, 760, 811, 899, 919, 944, 953, 1064, 1239, 1262, 1464, 1520, 1597, 1692, 1714, 1834, 1835, 2024, 2078, 2219, 2350, 2598, 2814, 2856, 2907, 3039, 3119, 3335, 3356, 3617, 3691]
RKP_05000_05000_2_09.txt|26162.0|0.8429804999999959|[1, 3, 4, 7, 19, 26, 33, 36, 60, 61, 82, 83, 84, 95, 105, 128, 129, 137, 152, 164, 173, 178, 180, 181, 221, 251, 279, 327, 360, 385, 394, 413, 519, 632, 634, 829, 893, 899, 920, 973, 1086, 1177, 1179, 1184, 1213, 1231, 1308, 1378, 1462, 1478, 1482, 1687, 1771, 1802, 1812, 2129, 2354, 2368, 2382, 2551, 2555, 2889, 3741, 4230, 4959]
RKP_05000_05000_2_10.txt|24330.0|0.8484890000000007|[1, 2, 23, 24, 42, 70, 82, 97, 117, 153, 175, 233, 268, 311, 317, 330, 351, 424, 452, 465, 586, 608, 657, 666, 723, 725, 728, 856, 899, 1015, 1060, 1078, 1136, 1230, 1530, 1601, 1620, 1742, 1757, 1908, 2102, 2264, 2312, 2524, 2605, 2732, 2854, 2884, 3018, 3185, 3271, 3272, 3467, 3568, 3618, 4367, 4670]
RKP_05000_05000_3_01.txt|53448.0|0.4727806000000072|[1, 4, 6, 12, 13, 16, 17, 21, 39, 45, 54, 55, 56, 58, 66, 79, 83, 88, 94, 96, 102, 106, 122, 132, 137, 157, 164, 169, 171, 198, 284, 289, 336, 449, 452, 465, 480, 499, 510, 521, 528, 530, 563, 595, 625, 628, 634, 638, 646, 731, 736, 787, 800, 814, 833, 870, 926, 1004, 1019, 1075, 1132, 1158, 1180, 1290, 1291, 1328, 1409, 1410, 1430, 1539, 1664, 1758, 1846, 1850, 1887, 2024, 2025, 2100, 2122, 2145, 2266, 2312, 2454, 2544, 2738, 2831, 2987, 3210, 3361, 3715, 3941, 4085, 4117, 4143, 4348, 4483, 4523]
RKP_05000_05000_3_02.txt|50996.0|0.5019967000000065|[1, 2, 5, 8, 9, 10, 16, 23, 25, 30, 32, 33, 38, 47, 50, 51, 55, 58, 59, 92, 99, 115, 123, 133, 151, 155, 205, 217, 221, 227, 303, 384, 389, 409, 493, 507, 509, 558, 568, 597, 601, 607, 747, 773, 869, 885, 969, 970, 985, 1093, 1132, 1151, 1198, 1199, 1200, 1220, 1232, 1238, 1457, 1509, 1675, 1763, 1793, 1814, 1914, 1970, 2025, 2038, 2118, 2259, 2320, 2345, 2392, 2501, 2529, 2556, 2589, 2826, 3092, 3096, 3230, 3282, 3717, 3743, 3779, 3922, 4134, 4175, 4221, 4488, 4553, 4589]
RKP_05000_05000_3_03.txt|53000.0|0.4809543000000076|[1, 2, 4, 5, 6, 8, 9, 12, 13, 15, 21, 25, 46, 58, 67, 79, 88, 116, 127, 128, 136, 140, 183, 185, 186, 194, 219, 223, 281, 323, 366, 372, 373, 433, 471, 489, 523, 553, 554, 636, 682, 703, 742, 763, 764, 777, 826, 856, 937, 950, 963, 970, 1011, 1029, 1061, 1099, 1128, 1129, 1187, 1238, 1255, 1278, 1284, 1495, 1505, 1516, 1547, 1677, 1691, 1696, 1703, 1715, 1729, 1777, 1800, 1855, 1875, 1911, 1960, 2143, 2147, 2274, 2297, 2420, 2430, 2585, 2713, 2750, 3112, 3213, 3385, 3389, 3452, 3819, 3837, 3909, 4032]
RKP_05000_05000_3_04.txt|53490.0|0.4304072999999988|[1, 4, 9, 12, 14, 19, 27, 32, 34, 47, 51, 61, 93, 94, 101, 102, 109, 141, 155, 156, 169, 173, 177, 183, 198, 205, 208, 215, 236, 249, 256, 274, 284, 304, 343, 404, 412, 454, 455, 476, 479, 505, 547, 585, 599, 640, 642, 648, 718, 720, 779, 843, 868, 907, 934, 936, 965, 1109, 1119, 1130, 1208, 1276, 1304, 1433, 1564, 1589, 1746, 1793, 1800, 1804, 2018, 2081, 2146, 2343, 2428, 2441, 2551, 2688, 2704, 2727, 2854, 2915, 3065, 3143, 3330, 3391, 3454, 3625, 3856, 3870, 3872, 4104, 4107, 4170, 4343, 4678, 4713]
RKP_05000_05000_3_05.txt|50484.0|0.528135600000013|[1, 2, 4, 5, 8, 12, 13, 15, 17, 24, 25, 32, 34, 42, 44, 50, 58, 62, 70, 72, 75, 81, 95, 97, 115, 139, 141, 150, 166, 202, 207, 242, 247, 259, 268, 309, 331, 351, 368, 372, 375, 406, 442, 503, 533, 537, 555, 616, 617, 620, 628, 652, 779, 814, 839, 945, 958, 969, 1044, 1073, 1182, 1313, 1378, 1506, 1640, 1655, 1680, 1686, 1696, 1745, 1758, 1771, 1843, 1852, 1960, 1982, 2222, 2386, 2428, 2606, 2910, 2994, 3119, 3138, 3442, 3566, 3569, 3993, 4267, 4618, 4707]
RKP_05000_05000_3_06.txt|52891.0|0.45913729999999475|[1, 3, 6, 7, 8, 9, 10, 18, 22, 23, 28, 30, 44, 48, 55, 78, 93, 97, 101, 115, 125, 130, 132, 141, 165, 190, 203, 219, 233, 234, 239, 242, 262, 285, 313, 377, 382, 386, 403, 430, 480, 607, 616, 617, 645, 671, 692, 737, 817, 839, 845, 909, 924, 934, 955, 977, 985, 1005, 1115, 1123, 1191, 1379, 1678, 1745, 1939, 1967, 1989, 2035, 2100, 2115, 2169, 2300, 2334, 2338, 2412, 2537, 2540, 2626, 2697, 2724, 2793, 2868, 3065, 3214, 3251, 3325, 3327, 3359, 3441, 3448, 3690, 3857, 3946, 4129, 4300, 4383]
RKP_05000_05000_3_07.txt|49404.0|0.5310599000000025|[2, 3, 4, 12, 13, 46, 82, 88, 143, 192, 217, 220, 231, 232, 283, 304, 348, 395, 412, 459, 462, 476, 487, 525, 544, 598, 599, 609, 619, 652, 656, 684, 717, 718, 723, 739, 766, 796, 813, 817, 835, 866, 897, 924, 1005, 1049, 1060, 1090, 1127, 1213, 1264, 1279, 1323, 1338, 1375, 1403, 1405, 1420, 1497, 1579, 1664, 1721, 1728, 1818, 1854, 1914, 1939, 1964, 2093, 2201, 2255, 2287, 2345, 2379, 2399, 2511, 2551, 2643, 2747, 2824, 3295, 3320, 3347, 3503, 3890, 3987, 4288, 4656, 4750]
RKP_05000_05000_3_08.txt|48460.0|0.4969990000000024|[1, 2, 3, 4, 9, 14, 16, 18, 22, 28, 39, 43, 53, 54, 60, 73, 78, 89, 91, 105, 110, 122, 147, 150, 152, 192, 237, 241, 248, 251, 254, 280, 289, 294, 351, 391, 430, 433, 454, 484, 524, 547, 563, 640, 692, 731, 752, 762, 784, 828, 857, 876, 938, 1042, 1104, 1105, 1145, 1185, 1224, 1262, 1311, 1371, 1405, 1450, 1520, 1613, 1778, 1833, 1856, 1969, 2221, 2250, 2446, 2528, 2636, 2750, 2859, 2945, 2988, 3072, 3102, 3512, 3967, 4022, 4469, 4731, 4805]
RKP_05000_05000_3_09.txt|53416.0|0.48788070000000516|[1, 3, 4, 7, 8, 13, 17, 19, 25, 26, 42, 43, 54, 75, 96, 111, 112, 123, 150, 165, 233, 252, 259, 281, 299, 313, 317, 338, 345, 354, 356, 387, 406, 413, 431, 512, 520, 532, 533, 534, 593, 609, 629, 643, 660, 679, 693, 793, 814, 830, 851, 877, 913, 929, 932, 1146, 1162, 1282, 1328, 1343, 1422, 1469, 1479, 1549, 1555, 1562, 1563, 1667, 1727, 1746, 1813, 1933, 1945, 2111, 2166, 2427, 2435, 2484, 2525, 2746, 2838, 2885, 2926, 2994, 3009, 3338, 3453, 3677, 4052, 4077, 4192, 4240, 4246, 4313, 4338, 4825, 4839]
RKP_05000_05000_3_10.txt|53446.0|0.48617120000000114|[1, 3, 4, 5, 9, 13, 14, 18, 23, 25, 26, 28, 41, 44, 48, 51, 57, 59, 60, 67, 77, 98, 101, 102, 120, 137, 172, 190, 202, 227, 243, 276, 309, 313, 319, 355, 371, 394, 402, 405, 481, 490, 535, 576, 577, 605, 607, 616, 633, 664, 665, 668, 675, 716, 848, 893, 988, 1062, 1075, 1099, 1135, 1159, 1202, 1224, 1258, 1284, 1307, 1358, 1405, 1444, 1567, 1639, 1653, 1714, 1786, 1891, 1969, 2521, 2573, 2643, 2698, 2748, 2923, 2978, 3046, 3218, 3222, 3301, 3454, 3468, 3531, 3640, 3759, 3937, 4381, 4391, 4808]
RKP_05000_05000_4_01.txt|5000.0|0.39836060000000373|[4658]
RKP_05000_05000_4_02.txt|5000.0|0.4208554999999876|[4978]
RKP_05000_05000_4_03.txt|5000.0|0.44661000000000683|[4714]
RKP_05000_05000_4_04.txt|5000.0|0.4131970000000109|[4597]
RKP_05000_05000_4_05.txt|5000.0|0.4151841999999988|[4783]
RKP_05000_05000_4_06.txt|5000.0|0.4574690999999973|[4625]
RKP_05000_05000_4_07.txt|5000.0|0.4191603000000015|[4778]
RKP_05000_05000_4_08.txt|5000.0|0.44890720000000783|[4648]
RKP_05000_05000_4_09.txt|5000.0|0.4247322000000082|[4770]
RKP_05000_05000_4_10.txt|4998.0|0.4195792999999952|[4822]
RKP_05000_05000_5_01.txt|5000.0|0.44383449999999414|[111, 2400, 3011, 3153, 3485]
RKP_05000_05000_5_02.txt|5000.0|0.4086905999999999|[12, 112, 910, 999, 1201, 1232, 1335]
RKP_05000_05000_5_03.txt|5000.0|0.3883442000000059|[1, 101, 992, 2306]
RKP_05000_05000_5_04.txt|5000.0|0.4171956999999935|[4993]
RKP_05000_05000_5_05.txt|5000.0|0.3924639999999897|[4993]
RKP_05000_05000_5_06.txt|5000.0|0.38018810000001224|[1, 102, 127, 297, 456, 990, 1026, 1032, 1260, 2498, 3079]
RKP_05000_05000_5_07.txt|5000.0|0.42907180000000267|[4987]
RKP_05000_05000_5_08.txt|5000.0|0.3865080000000063|[4987]
RKP_05000_05000_5_09.txt|5000.0|0.4218573999999933|[1, 97, 109, 994, 996, 1104, 1207]
RKP_05000_05000_5_10.txt|5000.0|0.38403749999999093|[4991]
