RKP_00100_00100_1_01.txt|615.0|0.08393170000000005|[1, 3, 14, 17, 24, 29, 31, 66]
RKP_00100_00100_1_02.txt|652.0|0.059968300000000085|[1, 15, 16, 31, 37, 48, 50, 56, 91]
RKP_00100_00100_1_03.txt|512.0|0.05139920000000009|[1, 4, 12, 14, 15, 34, 58, 67]
RKP_00100_00100_1_04.txt|482.0|0.07221430000000006|[3, 6, 7, 9, 13, 15, 74, 85]
RKP_00100_00100_1_05.txt|570.0|0.07778300000000005|[3, 11, 14, 20, 30, 32, 66, 79]
RKP_00100_00100_1_06.txt|806.0|0.07217220000000002|[3, 12, 17, 20, 31, 47, 48, 55, 57, 97]
RKP_00100_00100_1_07.txt|476.0|0.05775959999999991|[5, 9, 33, 39, 46, 51, 58, 60]
RKP_00100_00100_1_08.txt|737.0|0.057846399999999853|[1, 2, 6, 7, 11, 29, 30, 76, 87, 88, 92]
RKP_00100_00100_1_09.txt|608.0|0.07161079999999997|[4, 5, 16, 18, 23, 24, 42, 52, 77]
RKP_00100_00100_1_10.txt|543.0|0.058435500000000085|[1, 4, 6, 11, 13, 15, 27, 29]
RKP_00100_00100_2_01.txt|146.0|0.058821900000000094|[6, 7, 20, 41, 43, 59, 68]
RKP_00100_00100_2_02.txt|147.0|0.060408100000000076|[4, 8, 17, 26, 30, 36, 80]
RKP_00100_00100_2_03.txt|144.0|0.13892229999999994|[3, 26, 31, 48, 58, 59, 75]
RKP_00100_00100_2_04.txt|154.0|0.07219130000000007|[2, 9, 11, 14, 18, 50, 52, 64]
RKP_00100_00100_2_05.txt|141.0|0.05887330000000013|[8, 29, 30, 34, 36, 82, 96]
RKP_00100_00100_2_06.txt|127.0|0.052879999999999816|[10, 23, 53, 67]
RKP_00100_00100_2_07.txt|139.0|0.06599759999999999|[3, 4, 5, 7, 15, 28, 36]
RKP_00100_00100_2_08.txt|131.0|0.06831929999999997|[2, 16, 28, 48, 76]
RKP_00100_00100_2_09.txt|133.0|0.07394769999999995|[4, 8, 9, 17, 18, 20]
RKP_00100_00100_2_10.txt|133.0|0.05948880000000001|[1, 3, 5, 64, 65, 81, 87]
RKP_00100_00100_3_01.txt|180.0|0.06971119999999997|[1, 2, 3, 6, 21, 22, 66, 89]
RKP_00100_00100_3_02.txt|186.0|0.06984780000000002|[1, 2, 7, 8, 10, 17, 25, 41, 49]
RKP_00100_00100_3_03.txt|222.0|0.07167840000000014|[1, 3, 4, 12, 14, 15, 19, 23, 45, 49, 66, 75, 81]
RKP_00100_00100_3_04.txt|203.0|0.05707769999999979|[1, 2, 3, 6, 8, 9, 21, 26, 34, 48, 72]
RKP_00100_00100_3_05.txt|190.0|0.057550099999999826|[1, 2, 10, 12, 14, 27, 34, 52, 72]
RKP_00100_00100_3_06.txt|207.0|0.07215149999999992|[1, 2, 3, 8, 11, 13, 14, 19, 27, 35, 40]
RKP_00100_00100_3_07.txt|200.0|0.07274049999999965|[2, 5, 8, 13, 14, 36, 55, 67, 72, 89]
RKP_00100_00100_3_08.txt|190.0|0.08023580000000008|[3, 7, 8, 12, 33, 58, 62, 67, 70]
RKP_00100_00100_3_09.txt|186.0|0.07812509999999984|[1, 2, 5, 31, 32, 35, 44, 48, 89]
RKP_00100_00100_3_10.txt|216.0|0.07235379999999969|[5, 9, 13, 20, 34, 45, 55, 60, 62, 66, 69, 93]
RKP_00100_00100_4_01.txt|98.0|0.04741640000000036|[87]
RKP_00100_00100_4_02.txt|100.0|0.04677540000000002|[88]
RKP_00100_00100_4_03.txt|100.0|0.04896110000000009|[84]
RKP_00100_00100_4_04.txt|100.0|0.04681999999999986|[95]
RKP_00100_00100_4_05.txt|96.0|0.04794020000000021|[98]
RKP_00100_00100_4_06.txt|98.0|0.04566550000000014|[93]
RKP_00100_00100_4_07.txt|97.0|0.046484599999999876|[85]
RKP_00100_00100_4_08.txt|100.0|0.04677069999999972|[97]
RKP_00100_00100_4_09.txt|99.0|0.048426400000000314|[90]
RKP_00100_00100_4_10.txt|98.0|0.04643050000000004|[88]
RKP_00100_00100_5_01.txt|100.0|0.05075560000000001|[19, 44, 70]
RKP_00100_00100_5_02.txt|100.0|0.05161220000000011|[18, 19, 20, 42, 56]
RKP_00100_00100_5_03.txt|100.0|0.048856599999999695|[1, 87]
RKP_00100_00100_5_04.txt|100.0|0.048181700000000216|[92]
RKP_00100_00100_5_05.txt|100.0|0.048087300000000166|[1, 84]
RKP_00100_00100_5_06.txt|100.0|0.04758169999999984|[14, 15, 75]
RKP_00100_00100_5_07.txt|100.0|0.048893899999999935|[1, 95]
RKP_00100_00100_5_08.txt|100.0|0.048212799999999945|[1, 20, 92]
RKP_00100_00100_5_09.txt|100.0|0.049119399999999924|[1, 24, 26, 38, 81]
RKP_00100_00100_5_10.txt|100.0|0.04756569999999982|[1, 6, 86]
RKP_00500_00100_1_01.txt|1418.0|0.13916439999999985|[3, 4, 6, 25, 27, 40, 41, 75, 89, 120, 129, 131, 140, 148, 211, 213, 222, 284, 304, 500]
RKP_00500_00100_1_02.txt|1239.0|0.1090065|[3, 4, 13, 14, 28, 62, 77, 87, 89, 102, 116, 175, 205, 288, 351, 377, 388, 430]
RKP_00500_00100_1_03.txt|1084.0|0.09103949999999994|[1, 5, 11, 15, 16, 20, 30, 81, 111, 113, 120, 147, 158, 228, 326, 327, 360, 496]
RKP_00500_00100_1_04.txt|1395.0|0.10772139999999997|[5, 11, 41, 48, 62, 64, 65, 93, 121, 151, 156, 197, 245, 252, 254, 258, 315, 359]
RKP_00500_00100_1_05.txt|1443.0|0.10653179999999995|[2, 3, 5, 10, 11, 13, 16, 17, 23, 24, 26, 60, 72, 104, 192, 203, 215, 320, 363, 382, 402]
RKP_00500_00100_1_06.txt|1579.0|0.12569889999999972|[2, 3, 4, 13, 22, 27, 30, 34, 35, 50, 52, 55, 89, 92, 107, 131, 165, 190, 230, 240, 244, 281, 411]
RKP_00500_00100_1_07.txt|1574.0|0.1089089999999997|[2, 4, 13, 22, 31, 40, 47, 80, 94, 97, 117, 126, 147, 183, 192, 203, 206, 257, 359, 461, 469, 492]
RKP_00500_00100_1_08.txt|1472.0|0.11145209999999928|[1, 2, 4, 10, 29, 32, 63, 106, 122, 146, 149, 150, 156, 167, 185, 225, 254, 258, 332, 378, 450]
RKP_00500_00100_1_09.txt|1285.0|0.09309410000000007|[11, 12, 19, 27, 39, 48, 68, 77, 108, 148, 150, 163, 214, 215, 221, 229, 257, 307, 324, 496]
RKP_00500_00100_1_10.txt|1304.0|0.10931960000000007|[1, 5, 6, 13, 14, 15, 17, 30, 31, 33, 49, 59, 62, 75, 155, 214, 234, 277, 342, 413]
RKP_00500_00100_2_01.txt|216.0|0.10400980000000004|[3, 11, 16, 20, 32, 39, 50, 60, 97, 100, 102, 122, 168, 226, 259]
RKP_00500_00100_2_02.txt|210.0|0.08810750000000045|[4, 6, 10, 21, 36, 59, 65, 72, 83, 112, 131, 142, 156, 159, 167, 220, 336]
RKP_00500_00100_2_03.txt|209.0|0.08456889999999984|[9, 12, 18, 24, 31, 50, 64, 71, 97, 100, 107, 113, 135, 142, 155, 166, 370, 479]
RKP_00500_00100_2_04.txt|204.0|0.10320900000000055|[14, 19, 22, 26, 34, 38, 55, 58, 85, 105, 125, 131, 150, 163, 236, 429]
RKP_00500_00100_2_05.txt|200.0|0.10184090000000001|[4, 5, 16, 32, 34, 38, 43, 48, 51, 52, 105, 109, 182, 260]
RKP_00500_00100_2_06.txt|207.0|0.16828040000000044|[3, 4, 5, 9, 15, 18, 24, 27, 35, 53, 70, 89, 150, 203, 204, 302, 358]
RKP_00500_00100_2_07.txt|199.0|0.0785007000000002|[1, 3, 4, 17, 18, 67, 75, 114, 123, 162, 260, 278, 292, 308, 372, 459]
RKP_00500_00100_2_08.txt|202.0|0.08702070000000006|[1, 7, 15, 45, 46, 87, 96, 123, 136, 175, 184, 265, 350, 384, 495]
RKP_00500_00100_2_09.txt|176.0|0.11175380000000068|[2, 3, 16, 52, 70, 87, 108, 110, 119, 176, 277, 335, 426]
RKP_00500_00100_2_10.txt|185.0|0.13469539999999913|[1, 19, 20, 40, 46, 76, 83, 116, 118, 154, 157, 166, 216, 276]
RKP_00500_00100_3_01.txt|298.0|0.10321180000000041|[1, 2, 3, 5, 11, 17, 33, 43, 64, 78, 96, 129, 143, 158, 223, 227, 248, 293, 401, 462]
RKP_00500_00100_3_02.txt|349.0|0.08799430000000008|[1, 4, 5, 18, 20, 26, 32, 38, 39, 56, 64, 68, 73, 103, 110, 152, 160, 164, 167, 172, 189, 195, 331, 351, 386, 405]
RKP_00500_00100_3_03.txt|333.0|0.07135770000000008|[2, 9, 14, 22, 45, 49, 52, 71, 93, 111, 113, 118, 123, 126, 139, 142, 148, 191, 198, 228, 266, 292, 444, 454]
RKP_00500_00100_3_04.txt|349.0|0.11504000000000048|[2, 3, 11, 17, 20, 24, 31, 57, 66, 68, 72, 104, 119, 125, 142, 146, 163, 168, 209, 278, 280, 282, 312, 328, 345, 350]
RKP_00500_00100_3_05.txt|337.0|0.13859279999999963|[1, 3, 12, 14, 17, 30, 32, 33, 87, 88, 92, 102, 106, 108, 143, 199, 225, 252, 263, 294, 319, 377, 381, 397, 417]
RKP_00500_00100_3_06.txt|297.0|0.10330539999999999|[1, 4, 7, 12, 16, 19, 24, 45, 52, 56, 90, 91, 137, 183, 189, 199, 204, 242, 283, 311, 330]
RKP_00500_00100_3_07.txt|306.0|0.10086610000000018|[1, 3, 5, 24, 30, 33, 37, 65, 76, 77, 91, 191, 196, 200, 216, 244, 302, 326, 393, 429, 430]
RKP_00500_00100_3_08.txt|346.0|0.10627229999999965|[1, 12, 14, 15, 19, 26, 31, 46, 49, 57, 63, 64, 84, 90, 114, 141, 144, 214, 275, 280, 284, 301, 389, 470, 484]
RKP_00500_00100_3_09.txt|324.0|0.10563399999999934|[2, 4, 12, 18, 35, 58, 63, 70, 83, 104, 115, 122, 148, 154, 169, 171, 208, 221, 231, 263, 294, 315, 347, 434]
RKP_00500_00100_3_10.txt|316.0|0.1206839000000004|[3, 6, 11, 13, 18, 25, 36, 38, 47, 48, 52, 60, 107, 153, 159, 174, 183, 193, 217, 305, 322, 392]
RKP_00500_00100_4_01.txt|100.0|0.07039539999999977|[461]
RKP_00500_00100_4_02.txt|100.0|0.07435310000000062|[431]
RKP_00500_00100_4_03.txt|100.0|0.07108429999999988|[436]
RKP_00500_00100_4_04.txt|100.0|0.10385880000000025|[419]
RKP_00500_00100_4_05.txt|100.0|0.06877509999999987|[452]
RKP_00500_00100_4_06.txt|99.0|0.07241479999999978|[432]
RKP_00500_00100_4_07.txt|100.0|0.06973569999999985|[467]
RKP_00500_00100_4_08.txt|100.0|0.06941289999999967|[449]
RKP_00500_00100_4_09.txt|100.0|0.07096780000000003|[496]
RKP_00500_00100_4_10.txt|100.0|0.07040640000000042|[489]
RKP_00500_00100_5_01.txt|100.0|0.07162670000000038|[10, 13, 90, 102, 219, 414]
RKP_00500_00100_5_02.txt|100.0|0.07273629999999986|[10, 499]
RKP_00500_00100_5_03.txt|100.0|0.0746456000000002|[1, 480]
RKP_00500_00100_5_04.txt|100.0|0.07292969999999954|[35, 60, 102, 251]
RKP_00500_00100_5_05.txt|100.0|0.0894813000000001|[402, 457]
RKP_00500_00100_5_06.txt|100.0|0.07390240000000059|[12, 23, 41, 50, 102]
RKP_00500_00100_5_07.txt|100.0|0.0728118000000002|[146, 211, 343, 499]
RKP_00500_00100_5_08.txt|100.0|0.07163440000000065|[46, 57, 100]
RKP_00500_00100_5_09.txt|100.0|0.07370760000000054|[1, 490]
RKP_00500_00100_5_10.txt|100.0|0.07351699999999894|[1, 8, 12, 13, 60, 69, 104, 178, 224, 256]
RKP_01000_00100_1_01.txt|1712.0|0.16344789999999954|[2, 4, 13, 27, 39, 42, 47, 50, 51, 64, 67, 91, 97, 123, 147, 151, 222, 244, 260, 261, 314, 336, 560, 604, 745]
RKP_01000_00100_1_02.txt|1854.0|0.16443619999999903|[2, 8, 9, 16, 18, 30, 32, 38, 50, 58, 89, 108, 171, 182, 193, 195, 292, 294, 331, 337, 359, 486, 527, 557, 584, 624, 696, 754]
RKP_01000_00100_1_03.txt|1689.0|0.16502009999999956|[1, 19, 32, 65, 114, 116, 121, 128, 134, 145, 172, 174, 199, 206, 330, 366, 380, 498, 535, 555, 704, 725, 800, 869]
RKP_01000_00100_1_04.txt|2091.0|0.16248410000000035|[1, 3, 5, 8, 12, 14, 20, 44, 45, 62, 75, 91, 151, 163, 165, 184, 204, 247, 255, 266, 277, 283, 429, 566, 592, 726, 732, 733, 758, 790]
RKP_01000_00100_1_05.txt|1948.0|0.17114830000000048|[1, 12, 16, 26, 29, 37, 39, 41, 49, 74, 75, 82, 89, 121, 123, 188, 198, 207, 307, 582, 635, 673, 696, 776, 865, 915, 1000]
RKP_01000_00100_1_06.txt|2007.0|0.13996610000000054|[1, 4, 8, 10, 33, 38, 56, 58, 63, 78, 99, 120, 168, 176, 177, 236, 242, 244, 250, 265, 283, 349, 383, 632, 645, 773, 790, 993]
RKP_01000_00100_1_07.txt|2007.0|0.18443960000000104|[1, 2, 3, 7, 19, 37, 49, 86, 96, 107, 127, 128, 129, 146, 204, 226, 245, 342, 372, 382, 436, 440, 476, 484, 556, 641, 874]
RKP_01000_00100_1_08.txt|1823.0|0.18201909999999977|[1, 2, 4, 6, 7, 22, 29, 51, 68, 80, 101, 111, 118, 145, 149, 162, 212, 223, 274, 303, 356, 366, 421, 422, 448, 454, 716, 922]
RKP_01000_00100_1_09.txt|1737.0|0.18916050000000162|[1, 14, 27, 31, 32, 36, 52, 103, 108, 168, 196, 213, 248, 290, 405, 427, 509, 513, 579, 672, 728, 763, 782, 898, 925]
RKP_01000_00100_1_10.txt|2127.0|0.16421060000000054|[1, 4, 8, 11, 19, 37, 43, 55, 58, 76, 104, 111, 188, 221, 253, 331, 368, 399, 439, 466, 491, 534, 618, 669, 748, 754, 785, 805, 825, 916, 968]
RKP_01000_00100_2_01.txt|240.0|0.14250649999999965|[3, 7, 12, 13, 16, 24, 33, 37, 41, 47, 73, 185, 186, 209, 252, 253, 264, 361, 374, 375, 690]
RKP_01000_00100_2_02.txt|242.0|0.12075109999999967|[3, 6, 8, 23, 73, 84, 109, 129, 183, 202, 311, 357, 376, 385, 397, 410, 547, 625, 718, 782, 901, 954]
RKP_01000_00100_2_03.txt|272.0|0.12882590000000071|[5, 33, 55, 64, 84, 87, 97, 98, 123, 124, 149, 171, 187, 207, 214, 256, 264, 282, 330, 340, 347, 404, 416, 417, 746, 928]
RKP_01000_00100_2_04.txt|235.0|0.1373696000000013|[1, 5, 8, 24, 35, 37, 77, 94, 123, 130, 147, 150, 158, 207, 428, 443, 504, 698, 782]
RKP_01000_00100_2_05.txt|235.0|0.14059510000000053|[5, 7, 12, 13, 84, 98, 111, 152, 222, 293, 299, 311, 351, 380, 420, 428, 713, 742, 846]
RKP_01000_00100_2_06.txt|260.0|0.14886580000000116|[6, 8, 24, 46, 48, 52, 57, 115, 122, 138, 154, 255, 258, 276, 322, 383, 541, 590, 602, 647, 805, 827, 858, 876]
RKP_01000_00100_2_07.txt|214.0|0.14503359999999965|[1, 3, 7, 18, 46, 69, 81, 173, 208, 245, 284, 305, 337, 433, 457, 485, 531, 682, 719, 796]
RKP_01000_00100_2_08.txt|229.0|0.1451406999999989|[1, 3, 7, 9, 10, 39, 44, 62, 76, 121, 129, 133, 141, 160, 223, 236, 278, 519, 573, 609, 661, 862]
RKP_01000_00100_2_09.txt|235.0|0.1291368999999989|[1, 9, 11, 13, 30, 118, 127, 148, 175, 176, 205, 225, 235, 382, 414, 417, 436, 651, 656, 982]
RKP_01000_00100_2_10.txt|221.0|0.17865879999999912|[1, 8, 15, 57, 75, 78, 93, 163, 191, 252, 273, 282, 341, 356, 409, 412, 521, 548, 564, 700]
RKP_01000_00100_3_01.txt|469.0|0.13352759999999897|[1, 11, 15, 21, 28, 32, 49, 51, 55, 65, 77, 83, 119, 133, 134, 157, 179, 186, 208, 249, 294, 326, 337, 340, 348, 420, 441, 456, 464, 537, 565, 605, 659, 704, 763, 795, 857, 962]
RKP_01000_00100_3_02.txt|423.0|0.12361990000000134|[2, 3, 7, 9, 18, 19, 24, 25, 35, 37, 47, 56, 69, 70, 79, 110, 120, 121, 126, 137, 138, 207, 216, 249, 295, 318, 377, 381, 386, 567, 600, 654, 801]
RKP_01000_00100_3_03.txt|441.0|0.11164459999999998|[1, 2, 3, 13, 17, 28, 31, 44, 54, 84, 89, 93, 142, 143, 170, 175, 180, 181, 184, 204, 256, 305, 325, 378, 382, 392, 431, 443, 530, 692, 738, 809, 822, 836, 994]
RKP_01000_00100_3_04.txt|387.0|0.14232980000000062|[1, 3, 7, 9, 24, 29, 31, 41, 42, 53, 65, 119, 142, 148, 149, 235, 271, 274, 277, 305, 389, 401, 404, 449, 492, 527, 604, 645, 740, 786]
RKP_01000_00100_3_05.txt|380.0|0.12668930000000067|[1, 2, 5, 37, 46, 50, 76, 85, 91, 100, 107, 117, 119, 141, 151, 163, 183, 192, 204, 308, 460, 480, 630, 661, 739, 778, 851, 910]
RKP_01000_00100_3_06.txt|404.0|0.1495186000000004|[1, 3, 4, 5, 6, 7, 14, 18, 22, 28, 35, 36, 37, 63, 64, 66, 112, 116, 204, 207, 217, 224, 242, 249, 278, 345, 347, 405, 543, 886, 970]
RKP_01000_00100_3_07.txt|441.0|0.13164729999999913|[1, 5, 12, 16, 17, 20, 31, 34, 38, 53, 56, 62, 96, 112, 124, 129, 130, 131, 144, 161, 169, 190, 191, 198, 231, 282, 354, 402, 407, 583, 591, 695, 822, 888, 942]
RKP_01000_00100_3_08.txt|366.0|0.13018409999999925|[1, 11, 23, 35, 71, 81, 88, 89, 109, 131, 152, 154, 172, 179, 198, 252, 265, 266, 292, 301, 303, 340, 342, 472, 524, 636, 655]
RKP_01000_00100_3_09.txt|373.0|0.1282014999999994|[3, 4, 5, 6, 9, 23, 26, 39, 47, 83, 100, 126, 127, 141, 185, 202, 228, 318, 385, 432, 446, 471, 480, 502, 630, 647, 758, 885]
RKP_01000_00100_3_10.txt|401.0|0.1306258999999983|[1, 3, 4, 10, 11, 12, 18, 22, 26, 35, 37, 61, 87, 90, 103, 113, 122, 156, 169, 247, 264, 314, 319, 334, 524, 632, 677, 687, 764, 799, 927]
RKP_01000_00100_4_01.txt|100.0|0.10176820000000042|[866]
RKP_01000_00100_4_02.txt|100.0|0.09799179999999907|[858]
RKP_01000_00100_4_03.txt|100.0|0.09676040000000086|[863]
RKP_01000_00100_4_04.txt|100.0|0.09904760000000046|[828]
RKP_01000_00100_4_05.txt|100.0|0.0963832|[851]
RKP_01000_00100_4_06.txt|100.0|0.09727430000000048|[940]
RKP_01000_00100_4_07.txt|100.0|0.09552919999999965|[887]
RKP_01000_00100_4_08.txt|100.0|0.09772760000000069|[851]
RKP_01000_00100_4_09.txt|100.0|0.09738029999999931|[946]
RKP_01000_00100_4_10.txt|100.0|0.09835789999999989|[843]
RKP_01000_00100_5_01.txt|100.0|0.10023340000000047|[11, 424, 880]
RKP_01000_00100_5_02.txt|100.0|0.09933189999999925|[26, 109, 127, 141, 348]
RKP_01000_00100_5_03.txt|100.0|0.1063837000000003|[7, 90, 852]
RKP_01000_00100_5_04.txt|100.0|0.12900259999999975|[133, 154, 655, 840]
RKP_01000_00100_5_05.txt|100.0|0.1080463000000016|[101, 916]
RKP_01000_00100_5_06.txt|100.0|0.10107920000000092|[113, 138, 894]
RKP_01000_00100_5_07.txt|100.0|0.09924409999999995|[106, 215, 510, 970]
RKP_01000_00100_5_08.txt|100.0|0.09841059999999935|[11, 31, 36, 51, 76, 229, 248, 332, 543, 818]
RKP_01000_00100_5_09.txt|100.0|0.10699609999999993|[16, 23, 32, 98, 143, 307, 334, 458, 872]
RKP_01000_00100_5_10.txt|100.0|0.09891930000000038|[58, 94, 447, 546]
RKP_05000_00100_1_01.txt|3699.0|0.589130299999999|[1, 3, 4, 5, 8, 9, 20, 31, 77, 89, 99, 116, 130, 183, 198, 302, 465, 518, 540, 553, 642, 852, 904, 1021, 1181, 1207, 1268, 1275, 1277, 1366, 1373, 1406, 1465, 1482, 1507, 1568, 1839, 2091, 2106, 2478, 2548, 2556, 3411, 3645, 3781, 4536, 4545, 4758]
RKP_05000_00100_1_02.txt|3951.0|0.7231546999999985|[2, 18, 31, 60, 65, 73, 75, 104, 135, 151, 171, 174, 235, 238, 262, 275, 277, 301, 338, 350, 354, 357, 374, 420, 463, 716, 794, 892, 1201, 1210, 1236, 1432, 1557, 1720, 1821, 1908, 2196, 2337, 2669, 2785, 2939, 3013, 3107, 3415, 3648, 3739, 4066, 4311, 4324, 4339, 4439, 4651]
RKP_05000_00100_1_03.txt|3698.0|0.6917855999999993|[1, 2, 6, 10, 22, 27, 47, 52, 81, 114, 136, 203, 207, 208, 326, 336, 338, 350, 401, 436, 484, 591, 612, 793, 929, 961, 1020, 1066, 1069, 1171, 1179, 1237, 1355, 1394, 1417, 1550, 1588, 1784, 2442, 2646, 3005, 3382, 3471, 4053, 4396, 4436, 4693, 4798]
RKP_05000_00100_1_04.txt|3618.0|0.6184797999999994|[2, 7, 10, 16, 19, 20, 23, 26, 38, 41, 69, 104, 131, 147, 203, 205, 233, 261, 378, 557, 651, 713, 795, 979, 1048, 1173, 1309, 1521, 1527, 1659, 1675, 1764, 1931, 2030, 2255, 2528, 2565, 2594, 2831, 2934, 3006, 3064, 3338, 3474, 3503, 3605, 3644, 3703, 4248, 4320, 4914]
RKP_05000_00100_1_05.txt|3697.0|0.7756680999999972|[2, 5, 8, 13, 16, 20, 33, 38, 44, 53, 60, 64, 81, 92, 101, 106, 174, 230, 270, 306, 317, 386, 427, 530, 541, 542, 608, 644, 660, 667, 977, 1088, 1169, 1249, 1283, 1433, 1759, 1818, 1866, 2097, 2347, 2447, 2850, 2886, 2995, 3454, 3856, 3939, 4002, 4331, 4588, 4630, 4969]
RKP_05000_00100_1_06.txt|3745.0|0.6643556000000004|[2, 3, 6, 8, 9, 11, 14, 18, 25, 41, 44, 45, 55, 62, 71, 73, 133, 139, 208, 219, 238, 281, 377, 435, 457, 569, 594, 645, 694, 701, 745, 747, 807, 866, 888, 896, 920, 1186, 1226, 1259, 1295, 1512, 1799, 2000, 2055, 2326, 2510, 2608, 2842, 3020, 3167, 3825]
RKP_05000_00100_1_07.txt|3823.0|0.6775275000000001|[1, 4, 8, 11, 13, 30, 32, 46, 55, 79, 97, 104, 118, 127, 180, 188, 204, 219, 244, 451, 457, 568, 582, 876, 880, 914, 931, 1149, 1187, 1199, 1222, 1299, 1437, 1477, 1674, 1913, 2018, 2037, 2041, 2207, 2258, 2591, 3072, 3111, 3162, 3167, 3320, 3370, 3419, 3473, 4252, 4639]
RKP_05000_00100_1_08.txt|3497.0|0.6538533999999991|[1, 6, 66, 72, 82, 120, 148, 183, 186, 215, 257, 264, 266, 276, 300, 341, 345, 441, 502, 564, 777, 779, 816, 820, 865, 906, 1029, 1079, 1186, 1267, 1318, 1337, 1358, 1984, 2054, 2248, 2250, 2399, 2535, 2780, 2845, 2899, 2994, 3137, 3226, 3876, 4344, 4473, 4638, 4998]
RKP_05000_00100_1_09.txt|3496.0|0.6660068000000017|[2, 3, 10, 30, 70, 74, 83, 90, 93, 121, 178, 179, 270, 275, 307, 325, 350, 423, 445, 463, 473, 533, 593, 635, 668, 729, 786, 796, 802, 816, 853, 987, 1184, 1309, 1329, 1427, 1441, 1736, 1856, 1929, 1945, 2596, 2965, 3051, 3556, 3697, 4135, 4220]
RKP_05000_00100_1_10.txt|3940.0|0.6881745000000024|[1, 2, 13, 20, 25, 26, 43, 48, 67, 83, 111, 131, 134, 143, 153, 176, 189, 230, 272, 304, 321, 352, 363, 385, 429, 437, 445, 482, 484, 564, 629, 654, 714, 930, 952, 1091, 1221, 1342, 1395, 1422, 1517, 1804, 2028, 2061, 2120, 2462, 2958, 3086, 3176, 3373, 4185, 4369, 4883]
RKP_05000_00100_2_01.txt|367.0|0.510200900000001|[25, 35, 40, 44, 110, 123, 144, 303, 315, 460, 540, 551, 587, 648, 665, 736, 842, 848, 868, 1057, 1095, 1187, 1292, 1647, 1715, 1735, 1741, 1887, 2019, 2085, 2218, 2729, 3518, 3573, 4039, 4335, 4675]
RKP_05000_00100_2_02.txt|415.0|0.4736905|[3, 10, 22, 29, 35, 40, 71, 103, 144, 152, 275, 292, 407, 455, 532, 536, 556, 578, 656, 677, 871, 1014, 1570, 1714, 1770, 1793, 1800, 1838, 2263, 2360, 2479, 2501, 2707, 2984, 2992, 3004, 3178, 3238, 3612, 3654, 3848, 4063, 4347, 4958, 4978]
RKP_05000_00100_2_03.txt|363.0|0.5273636999999987|[5, 12, 17, 22, 39, 54, 113, 159, 202, 242, 260, 373, 385, 500, 543, 610, 710, 711, 769, 895, 1122, 1234, 1332, 1463, 1469, 1867, 2287, 2352, 2550, 2844, 2973, 3003, 3332, 3625, 3890, 4206, 4547, 4655, 4989]
RKP_05000_00100_2_04.txt|373.0|0.5239968999999967|[1, 12, 13, 20, 54, 67, 87, 99, 111, 168, 225, 229, 283, 363, 387, 483, 491, 506, 637, 674, 917, 950, 1107, 1139, 1295, 1415, 1551, 1566, 1671, 1864, 2052, 2126, 2319, 2568, 2789, 3153, 3585, 3838, 4139]
RKP_05000_00100_2_05.txt|401.0|0.4937603999999993|[22, 51, 69, 99, 274, 355, 370, 413, 426, 434, 452, 522, 612, 684, 752, 797, 942, 969, 991, 1029, 1224, 1503, 1654, 1741, 1762, 1823, 1903, 2146, 2206, 2261, 2332, 2365, 2614, 2703, 3238, 3383, 3481, 3555, 3758, 3817]
RKP_05000_00100_2_06.txt|418.0|0.5343456999999994|[1, 3, 6, 23, 33, 129, 324, 326, 342, 356, 369, 374, 437, 466, 502, 602, 758, 853, 1025, 1109, 1208, 1288, 1383, 1433, 1581, 2039, 2044, 2075, 2118, 2148, 2322, 2408, 2422, 2453, 2974, 3081, 3264, 3331, 3347, 3682, 4405, 4478]
RKP_05000_00100_2_07.txt|399.0|0.5149034000000015|[1, 2, 3, 7, 15, 49, 58, 79, 109, 169, 177, 216, 244, 333, 341, 345, 396, 516, 649, 689, 729, 927, 938, 1387, 1485, 1601, 1949, 2164, 2246, 2323, 2332, 2419, 2528, 2641, 2751, 3488, 3689, 3866, 4183, 4327]
RKP_05000_00100_2_08.txt|389.0|0.4791369000000003|[9, 15, 19, 24, 25, 34, 48, 57, 98, 199, 211, 342, 394, 491, 524, 560, 636, 671, 723, 735, 792, 869, 967, 1000, 1011, 1204, 1301, 1700, 2068, 2133, 2149, 2399, 2522, 2831, 3246, 3365, 3421, 4332, 4658]
RKP_05000_00100_2_09.txt|402.0|0.4844834999999996|[5, 6, 13, 15, 18, 61, 86, 88, 112, 142, 151, 218, 238, 244, 293, 355, 362, 433, 537, 558, 673, 678, 747, 755, 1008, 1149, 1331, 1338, 1397, 1529, 1679, 1873, 2027, 2179, 2196, 2352, 2520, 2692, 2953, 3441, 4778]
RKP_05000_00100_2_10.txt|394.0|0.46804300000000154|[9, 22, 58, 72, 74, 78, 120, 123, 136, 163, 210, 250, 253, 275, 315, 326, 463, 477, 502, 956, 1196, 1253, 1459, 1547, 1576, 1773, 2022, 2249, 2345, 2435, 2456, 2497, 2768, 3300, 3321, 3484, 4012, 4424, 4994]
RKP_05000_00100_3_01.txt|700.0|0.43333089999999785|[1, 2, 5, 28, 44, 58, 67, 69, 77, 83, 109, 130, 145, 188, 224, 231, 242, 288, 312, 334, 361, 410, 465, 471, 504, 519, 534, 558, 588, 661, 806, 900, 948, 1037, 1119, 1187, 1232, 1363, 1556, 1636, 1702, 1751, 1994, 2090, 2321, 2608, 2691, 3020, 3046, 3252, 3272, 3292, 3323, 3674, 3675, 3683, 3743, 4057, 4195, 4562]
RKP_05000_00100_3_02.txt|790.0|0.48708999999999847|[1, 9, 17, 19, 22, 38, 40, 55, 74, 89, 94, 98, 135, 145, 166, 167, 203, 219, 242, 254, 280, 304, 312, 313, 351, 355, 356, 373, 427, 434, 472, 496, 554, 879, 989, 993, 1092, 1136, 1267, 1326, 1335, 1510, 1524, 1637, 1664, 1689, 1824, 1834, 1876, 2059, 2078, 2337, 2362, 2409, 2674, 2689, 2722, 2861, 3234, 3287, 3504, 3615, 3623, 3645, 3676, 4055, 4114, 4233, 4912]
RKP_05000_00100_3_03.txt|693.0000000000002|0.4501039999999996|[1, 8, 20, 24, 27, 52, 90, 96, 129, 156, 191, 192, 205, 258, 283, 341, 345, 380, 387, 400, 442, 523, 546, 647, 656, 690, 698, 721, 894, 914, 979, 1058, 1109, 1175, 1256, 1304, 1305, 1321, 1347, 1409, 1487, 1525, 1571, 1672, 1712, 1732, 1888, 1941, 2079, 2351, 2662, 2676, 2858, 2962, 2984, 3115, 3566, 4520, 4528, 4563, 4898]
RKP_05000_00100_3_04.txt|690.0|0.3993505000000006|[1, 2, 15, 16, 28, 48, 66, 99, 122, 133, 136, 205, 220, 232, 302, 307, 309, 315, 318, 320, 364, 365, 377, 403, 446, 473, 578, 607, 759, 769, 770, 808, 819, 984, 1024, 1193, 1264, 1293, 1338, 1380, 1433, 1490, 1757, 1788, 1800, 1817, 1905, 2156, 2274, 2764, 2810, 2850, 2879, 3105, 3111, 3399, 3783, 4761, 4996]
RKP_05000_00100_3_05.txt|613.0000000000001|0.4792942000000018|[9, 11, 25, 47, 52, 76, 79, 113, 120, 122, 206, 220, 230, 238, 292, 295, 304, 345, 448, 485, 513, 573, 583, 656, 669, 769, 777, 973, 994, 1376, 1491, 1526, 1529, 1810, 1858, 2040, 2337, 2471, 2596, 2633, 2671, 2837, 2859, 2877, 2972, 3135, 3753, 4063, 4073, 4207, 4398, 4423, 4825]
RKP_05000_00100_3_06.txt|730.0|0.45142569999999793|[1, 5, 8, 12, 25, 27, 31, 32, 45, 68, 79, 80, 82, 103, 108, 113, 121, 203, 221, 244, 248, 278, 290, 434, 452, 492, 501, 551, 683, 755, 765, 787, 899, 956, 1046, 1130, 1148, 1227, 1347, 1366, 1451, 1657, 1702, 1735, 1775, 1854, 2159, 2205, 2239, 2299, 2412, 2457, 2461, 2520, 2535, 2738, 2878, 2978, 3091, 3095, 3943, 4211, 4282]
RKP_05000_00100_3_07.txt|703.0000000000003|0.47601029999999867|[1, 2, 9, 10, 14, 22, 26, 30, 32, 68, 89, 93, 98, 99, 119, 130, 165, 178, 206, 211, 213, 281, 304, 356, 362, 416, 500, 507, 526, 550, 566, 585, 699, 729, 750, 817, 859, 876, 894, 1030, 1060, 1095, 1116, 1411, 1453, 1561, 1615, 1833, 1892, 1960, 2232, 2245, 2510, 2528, 2998, 3232, 3509, 3542, 3653, 4083, 4185, 4210]
RKP_05000_00100_3_08.txt|740.0|0.4553741000000002|[1, 5, 13, 36, 92, 100, 101, 108, 129, 158, 161, 169, 238, 294, 296, 309, 335, 346, 382, 426, 428, 474, 484, 491, 525, 563, 645, 684, 785, 807, 888, 938, 940, 969, 1017, 1027, 1106, 1208, 1228, 1238, 1344, 1414, 1458, 1502, 1517, 1589, 1666, 1802, 1914, 1973, 2276, 2316, 2572, 3001, 3128, 3330, 3689, 4049, 4062, 4178, 4225, 4353, 4604, 4708]
RKP_05000_00100_3_09.txt|710.0|0.40297809999999856|[3, 4, 8, 24, 29, 55, 57, 78, 101, 110, 111, 119, 149, 154, 271, 298, 307, 324, 355, 424, 444, 466, 501, 564, 610, 636, 662, 696, 839, 882, 973, 986, 1161, 1430, 1499, 1517, 1558, 1683, 1715, 2032, 2048, 2227, 2275, 2372, 2453, 2595, 2805, 2885, 2897, 3120, 3477, 3500, 3562, 3830, 3987, 4348, 4425, 4677, 4681, 4868, 4948]
RKP_05000_00100_3_10.txt|710.0|0.4537949999999995|[1, 2, 3, 5, 21, 22, 27, 39, 57, 112, 113, 119, 138, 141, 142, 166, 173, 216, 227, 236, 252, 283, 383, 438, 540, 559, 614, 623, 659, 775, 787, 793, 860, 881, 933, 999, 1040, 1046, 1075, 1111, 1187, 1323, 1396, 1419, 1430, 1480, 1904, 1946, 2181, 2244, 2280, 2477, 2487, 2583, 3415, 3506, 3877, 3997, 4016, 4218, 4783]
RKP_05000_00100_4_01.txt|100.0|0.4058333999999988|[4203]
RKP_05000_00100_4_02.txt|100.0|0.3957809999999995|[4283]
RKP_05000_00100_4_03.txt|100.0|0.4592347000000032|[4259]
RKP_05000_00100_4_04.txt|100.0|0.40347630000000123|[4224]
RKP_05000_00100_4_05.txt|100.0|0.4398624999999967|[4218]
RKP_05000_00100_4_06.txt|100.0|0.44999969999999934|[4219]
RKP_05000_00100_4_07.txt|100.0|0.4149066000000019|[4210]
RKP_05000_00100_4_08.txt|100.0|0.43549939999999765|[4203]
RKP_05000_00100_4_09.txt|100.0|0.41473480000000507|[4237]
RKP_05000_00100_4_10.txt|100.0|0.4088253999999978|[4226]
RKP_05000_00100_5_01.txt|100.0|0.45056369999999646|[614, 637, 753, 1002, 1007, 3689, 4364]
RKP_05000_00100_5_02.txt|100.0|0.41389260000000405|[71, 208, 699, 799, 801, 926, 2271, 2899, 2942, 3958]
RKP_05000_00100_5_03.txt|100.0|0.40809169999999995|[1151, 3947]
RKP_05000_00100_5_04.txt|100.0|0.4365882999999968|[25, 29, 41, 101, 236, 369, 512, 862, 1025, 1042, 1092, 2871, 3138, 4552]
RKP_05000_00100_5_05.txt|100.0|0.4069395|[123, 551, 584, 1032, 1482, 1645, 1975]
RKP_05000_00100_5_06.txt|100.0|0.40799409999999625|[38, 42, 62, 193, 220, 942, 1068]
RKP_05000_00100_5_07.txt|100.0|0.4477892999999966|[303, 672, 936, 1037, 1103, 1177]
RKP_05000_00100_5_08.txt|100.0|0.4183053000000001|[230, 586, 3596, 3768]
RKP_05000_00100_5_09.txt|100.0|0.43197589999999764|[671, 1307, 1558, 3946]
RKP_05000_00100_5_10.txt|100.0|0.4156409999999937|[810, 1175, 1538, 1659]
RKP_05000_01000_1_01.txt|46915.0|0.6872032000000061|[1, 2, 5, 8, 13, 15, 16, 17, 18, 23, 30, 53, 59, 78, 96, 118, 151, 164, 202, 226, 252, 308, 328, 334, 368, 379, 399, 424, 635, 700, 732, 751, 778, 800, 866, 921, 969, 991, 1034, 1196, 1214, 1232, 1233, 1431, 1591, 1686, 1724, 1742, 1756, 1841, 1858, 1919, 1928, 1979, 2077, 2254, 2284, 2481, 2567, 2629, 2777, 3187, 3485, 3534, 3791, 4223, 4479, 4971]
RKP_05000_01000_1_02.txt|52161.0|0.7732525999999993|[3, 7, 10, 17, 22, 36, 41, 65, 78, 89, 109, 153, 165, 203, 207, 222, 282, 293, 304, 337, 406, 506, 539, 588, 622, 646, 675, 728, 837, 917, 918, 928, 965, 988, 1055, 1205, 1261, 1277, 1329, 1337, 1343, 1414, 1455, 1590, 1604, 1677, 1860, 1999, 2021, 2120, 2229, 2379, 2594, 2727, 2745, 2750, 2769, 2800, 2825, 2832, 2973, 3349, 3565, 3585, 3628, 3795, 3875, 4414, 4489, 4961]
RKP_05000_01000_1_03.txt|47461.0|0.7037052999999958|[1, 8, 9, 20, 22, 24, 28, 60, 62, 67, 76, 114, 129, 135, 174, 176, 192, 248, 254, 272, 339, 344, 366, 405, 479, 533, 649, 749, 810, 852, 882, 933, 940, 1027, 1039, 1128, 1146, 1150, 1219, 1339, 1364, 1415, 1475, 1483, 1534, 1605, 1614, 1673, 1719, 1815, 1822, 1854, 2016, 2161, 2201, 2468, 2471, 2682, 2688, 3194, 3276, 3392, 3682, 3835, 4104]
RKP_05000_01000_1_04.txt|48366.0|0.6692533000000012|[1, 2, 6, 9, 10, 16, 30, 35, 49, 52, 61, 64, 71, 84, 114, 135, 181, 189, 191, 210, 223, 238, 270, 304, 318, 395, 413, 458, 465, 473, 482, 498, 533, 546, 594, 625, 687, 716, 724, 792, 794, 882, 952, 1074, 1107, 1142, 1218, 1275, 1311, 1395, 1416, 1450, 1533, 1689, 1901, 2023, 2060, 2151, 2320, 2403, 2470, 2580, 2649, 2999, 3023, 3051, 3055, 3926, 4277, 4397, 4624, 4775]
RKP_05000_01000_1_05.txt|46674.0|0.7148037999999985|[2, 5, 14, 19, 25, 46, 48, 58, 65, 67, 72, 91, 93, 94, 97, 119, 130, 132, 157, 168, 254, 259, 267, 279, 330, 339, 349, 352, 385, 430, 467, 584, 667, 943, 985, 1012, 1093, 1142, 1150, 1155, 1162, 1227, 1316, 1320, 1321, 1411, 1474, 1588, 1606, 1607, 1649, 1708, 1853, 1883, 1893, 2069, 2256, 2263, 2271, 2350, 2397, 2547, 2786, 2834, 3468, 4053, 4096, 4118]
RKP_05000_01000_1_06.txt|43318.0|0.7606602999999978|[1, 3, 8, 10, 42, 48, 51, 52, 54, 60, 66, 73, 80, 88, 90, 107, 122, 150, 159, 188, 217, 269, 288, 297, 336, 337, 399, 429, 498, 577, 612, 637, 644, 691, 697, 721, 736, 830, 894, 943, 998, 1004, 1062, 1097, 1145, 1242, 1305, 1368, 1511, 1689, 1812, 1879, 1910, 1916, 2048, 2050, 2195, 2286, 2483, 2517, 2857, 2861, 2865, 2967, 3076, 3109, 3468, 4603, 4793]
RKP_05000_01000_1_07.txt|44228.0|0.9282132000000018|[1, 2, 8, 11, 15, 23, 27, 44, 65, 77, 84, 91, 115, 130, 153, 161, 188, 198, 204, 205, 213, 226, 393, 421, 423, 488, 522, 523, 568, 577, 608, 633, 637, 640, 666, 731, 753, 784, 957, 993, 1047, 1175, 1178, 1198, 1346, 1359, 1378, 1449, 1605, 1607, 1659, 1666, 1697, 1741, 1865, 1904, 2001, 2235, 2537, 2593, 2669, 2984, 3402, 3438, 3455, 3964, 4009, 4078, 4242, 4471]
RKP_05000_01000_1_08.txt|43397.0|0.7311435000000017|[1, 3, 7, 10, 12, 15, 20, 24, 26, 29, 32, 43, 52, 53, 75, 81, 89, 109, 115, 118, 140, 185, 190, 235, 244, 257, 279, 389, 427, 430, 488, 527, 529, 531, 534, 548, 651, 670, 738, 785, 952, 1088, 1275, 1334, 1344, 1391, 1487, 1736, 2070, 2110, 2356, 2382, 2528, 2585, 2723, 2841, 3083, 3323, 3437, 3925, 4070, 4497]
RKP_05000_01000_1_09.txt|47385.0|0.7390018999999981|[1, 2, 4, 6, 12, 17, 18, 32, 39, 47, 49, 51, 93, 104, 106, 107, 128, 153, 157, 163, 184, 191, 355, 364, 377, 390, 427, 451, 473, 499, 684, 844, 883, 897, 996, 998, 1242, 1362, 1366, 1401, 1414, 1434, 1481, 1495, 1554, 1679, 1699, 1714, 1761, 1788, 1854, 1911, 2121, 2239, 2364, 2381, 2399, 2452, 2943, 3156, 3179, 3245, 3332, 3418, 3448, 3707, 3744, 3900, 3964, 4115]
RKP_05000_01000_1_10.txt|52153.0|0.6855058000000014|[1, 2, 4, 9, 11, 17, 28, 30, 33, 41, 47, 49, 100, 103, 104, 113, 129, 161, 180, 193, 212, 245, 261, 286, 359, 384, 461, 486, 495, 500, 528, 582, 604, 634, 740, 785, 807, 839, 844, 888, 1044, 1076, 1095, 1175, 1253, 1284, 1313, 1333, 1361, 1430, 1476, 1479, 1554, 1636, 1640, 1680, 1731, 1817, 1914, 1934, 2153, 2184, 2216, 2309, 2608, 2671, 2698, 2737, 2753, 2768, 2867, 3137, 3309, 3836, 4698]
RKP_05000_01000_2_01.txt|3785.0|0.8707210999999973|[2, 5, 12, 22, 28, 34, 81, 88, 103, 115, 147, 153, 176, 265, 273, 309, 339, 413, 483, 487, 541, 602, 761, 947, 951, 997, 1100, 1154, 1173, 1473, 1487, 1573, 1844, 2000, 2281, 2351, 2569, 2581, 2671, 3060, 3764, 3824, 3919, 4166, 4493, 4598]
RKP_05000_01000_2_02.txt|4268.0|0.8579274999999953|[2, 3, 44, 62, 76, 78, 79, 88, 94, 166, 279, 317, 338, 365, 462, 471, 491, 667, 820, 862, 946, 964, 1000, 1045, 1049, 1068, 1112, 1159, 1189, 1284, 1294, 1577, 1693, 1812, 1856, 2259, 2308, 2515, 2581, 2682, 2983, 3024, 3342, 3498, 3942, 3944, 4017]
RKP_05000_01000_2_03.txt|4212.0|0.8809078000000028|[15, 18, 51, 69, 86, 106, 118, 131, 155, 177, 185, 217, 235, 305, 308, 350, 375, 465, 477, 507, 541, 589, 655, 690, 726, 858, 1002, 1550, 1676, 2064, 2182, 2340, 2548, 2601, 2617, 2754, 2930, 3087, 3343, 3351, 3416, 3540, 3822, 3938, 4457, 4964]
RKP_05000_01000_2_04.txt|4322.0|0.8711732999999953|[1, 3, 17, 19, 23, 51, 54, 57, 63, 82, 124, 153, 183, 247, 302, 348, 371, 400, 545, 557, 585, 667, 703, 758, 768, 857, 916, 1086, 1178, 1209, 1637, 1672, 1740, 1799, 1906, 1926, 1989, 1996, 2242, 2245, 2408, 2518, 2928, 2989, 3498, 3530, 3767, 4236, 4424, 4454, 4833]
RKP_05000_01000_2_05.txt|4146.0|0.7942217000000014|[3, 5, 6, 8, 9, 10, 12, 16, 17, 30, 33, 34, 80, 125, 187, 201, 204, 208, 273, 290, 324, 344, 360, 390, 420, 427, 526, 734, 775, 784, 807, 876, 957, 1064, 1132, 1158, 1223, 1269, 1424, 1576, 1680, 1762, 1920, 2033, 2179, 2513, 2943, 3321, 4215, 4333, 4485]
RKP_05000_01000_2_06.txt|4187.0|0.8596525000000028|[1, 2, 10, 27, 30, 36, 61, 105, 109, 114, 138, 152, 159, 240, 242, 282, 344, 386, 403, 464, 473, 672, 683, 707, 714, 790, 793, 862, 900, 1064, 1477, 1569, 1746, 1852, 1898, 1933, 2201, 2204, 2282, 2328, 2404, 2435, 2446, 2476, 2484, 2638, 3111, 4039, 4407, 4545, 4951]
RKP_05000_01000_2_07.txt|4327.0|0.7767693999999992|[1, 11, 12, 33, 44, 59, 105, 157, 169, 172, 207, 212, 238, 239, 257, 294, 368, 387, 751, 759, 771, 909, 997, 1123, 1265, 1425, 1437, 1461, 1552, 1625, 1643, 1811, 1886, 1902, 1945, 2206, 2233, 2282, 2341, 2446, 2608, 3031, 3129, 3259, 3275, 3278, 3294, 3658, 4279, 4429, 4453, 4495, 4530]
RKP_05000_01000_2_08.txt|4062.0|0.7889795999999976|[5, 6, 14, 17, 30, 44, 59, 78, 108, 213, 236, 264, 298, 312, 313, 362, 371, 385, 386, 580, 608, 658, 823, 833, 846, 881, 901, 955, 972, 1016, 1114, 1184, 1314, 1499, 1924, 2133, 2399, 2442, 2632, 2683, 2808, 3148, 3191, 3385, 4386]
RKP_05000_01000_2_09.txt|3884.0|0.859247400000001|[3, 4, 9, 10, 15, 17, 25, 28, 128, 137, 151, 247, 270, 310, 377, 379, 408, 536, 677, 821, 897, 997, 1132, 1226, 1428, 1556, 1583, 1587, 1627, 1786, 1844, 1967, 2005, 2094, 2140, 2281, 2317, 2789, 2887, 3297, 3399, 3478, 4804]
RKP_05000_01000_2_10.txt|3609.0|0.8012240999999989|[9, 15, 18, 30, 36, 64, 99, 137, 149, 191, 227, 305, 351, 420, 536, 555, 850, 922, 941, 1011, 1049, 1176, 1416, 1494, 1502, 1619, 1686, 1926, 2034, 2227, 2297, 2318, 2474, 2559, 2998, 3712, 4015, 4057, 4267, 4809]
RKP_05000_01000_3_01.txt|8284.0|0.5664768999999978|[1, 15, 16, 21, 34, 40, 45, 46, 47, 50, 72, 77, 87, 97, 108, 109, 112, 114, 119, 132, 140, 176, 207, 237, 241, 284, 305, 372, 381, 387, 400, 415, 455, 527, 539, 550, 562, 604, 623, 632, 670, 688, 699, 728, 917, 996, 1038, 1047, 1081, 1139, 1190, 1198, 1369, 1382, 1600, 1615, 1698, 1923, 1958, 2183, 2206, 2241, 2416, 2461, 2640, 2748, 2783, 2851, 3246, 3421, 3591, 4101, 4452, 4476]
RKP_05000_01000_3_02.txt|9230.0|0.6700902999999983|[2, 4, 13, 25, 28, 33, 39, 41, 55, 60, 65, 68, 71, 90, 107, 111, 116, 129, 130, 140, 169, 209, 214, 230, 235, 263, 269, 295, 303, 304, 309, 314, 345, 379, 425, 436, 446, 512, 542, 562, 595, 646, 652, 718, 730, 790, 801, 849, 878, 1020, 1022, 1041, 1046, 1083, 1087, 1117, 1161, 1174, 1312, 1365, 1486, 1499, 1631, 1885, 1908, 2067, 2113, 2136, 2215, 2330, 2425, 2565, 2667, 2704, 2808, 2853, 2933, 2978, 3041, 3308, 3393, 3750, 4719]
RKP_05000_01000_3_03.txt|9498.0|0.6014794999999964|[1, 2, 3, 4, 5, 6, 10, 11, 14, 22, 26, 36, 38, 97, 129, 153, 158, 199, 200, 215, 239, 246, 286, 323, 339, 360, 399, 439, 452, 455, 465, 480, 568, 592, 609, 621, 652, 669, 709, 710, 839, 856, 881, 896, 975, 983, 989, 1022, 1157, 1164, 1188, 1231, 1360, 1429, 1465, 1498, 1597, 1663, 1688, 1767, 1874, 1926, 2319, 2529, 2887, 2957, 2965, 3042, 3166, 3175, 3273, 3477, 3545, 3722, 3910, 3928, 4041, 4084, 4215, 4329, 4338, 4447, 4529, 4671, 4695, 4813]
RKP_05000_01000_3_04.txt|9137.0|0.5759816999999998|[1, 4, 6, 7, 9, 16, 17, 27, 35, 39, 45, 63, 70, 89, 109, 111, 132, 175, 198, 205, 206, 261, 277, 306, 321, 337, 360, 400, 413, 448, 450, 456, 472, 495, 548, 568, 574, 610, 619, 648, 657, 680, 709, 723, 769, 784, 827, 962, 977, 989, 1049, 1064, 1080, 1165, 1226, 1276, 1296, 1309, 1396, 1493, 1786, 1872, 1907, 2115, 2150, 2372, 2394, 2516, 2568, 2575, 2593, 2601, 2747, 2868, 3197, 3274, 3448, 3523, 4042, 4324, 4440, 4880, 4935]
RKP_05000_01000_3_05.txt|8879.0|0.6208162000000002|[1, 3, 4, 6, 7, 8, 10, 11, 16, 19, 24, 26, 29, 32, 34, 37, 48, 49, 110, 117, 122, 143, 162, 169, 212, 219, 296, 344, 348, 486, 491, 501, 513, 620, 638, 658, 708, 748, 768, 777, 814, 912, 958, 985, 998, 1044, 1060, 1206, 1259, 1261, 1305, 1500, 1516, 1552, 1588, 1619, 1759, 1770, 1859, 1909, 2077, 2123, 2381, 2447, 2460, 2610, 2615, 2634, 2723, 2744, 2970, 3055, 3106, 3258, 3439, 3469, 3584, 3635, 4338, 4405]
RKP_05000_01000_3_06.txt|8928.0|0.6255465999999998|[1, 2, 3, 4, 6, 7, 10, 12, 16, 25, 41, 45, 46, 55, 76, 79, 85, 94, 102, 124, 141, 165, 193, 206, 213, 214, 227, 276, 286, 287, 288, 345, 368, 469, 488, 573, 603, 623, 665, 702, 734, 760, 801, 813, 889, 931, 1035, 1119, 1281, 1359, 1462, 1506, 1522, 1551, 1595, 1610, 1640, 1726, 1917, 1978, 1991, 2026, 2251, 2623, 2741, 2756, 2799, 3214, 3239, 3264, 3324, 3341, 3433, 3533, 4000, 4258, 4315, 4322, 4424, 4582, 4808]
RKP_05000_01000_3_07.txt|8446.0|0.6293612999999993|[2, 3, 11, 13, 20, 28, 29, 34, 36, 60, 73, 75, 76, 79, 84, 91, 94, 100, 125, 146, 194, 216, 220, 265, 291, 293, 360, 370, 398, 413, 427, 470, 477, 487, 500, 593, 608, 640, 655, 658, 714, 762, 827, 849, 884, 891, 896, 991, 1003, 1055, 1123, 1144, 1173, 1246, 1262, 1470, 1561, 1783, 1789, 1792, 1845, 1998, 2043, 2448, 2716, 2900, 3085, 3146, 3628, 3716, 3731, 3996, 4131, 4184, 4233, 4578]
RKP_05000_01000_3_08.txt|9295.0|0.6315795000000008|[1, 4, 7, 14, 22, 26, 28, 30, 34, 36, 73, 77, 80, 82, 116, 118, 134, 152, 154, 162, 177, 213, 217, 244, 250, 260, 264, 270, 279, 331, 394, 474, 489, 498, 525, 556, 679, 725, 771, 883, 901, 911, 944, 953, 1009, 1036, 1077, 1117, 1134, 1135, 1273, 1364, 1395, 1588, 1729, 1733, 1810, 1967, 1970, 1976, 2019, 2070, 2088, 2364, 2391, 2402, 2484, 2808, 2977, 3017, 3087, 3214, 3237, 3396, 3445, 3557, 3571, 3808, 3939, 4022, 4463, 4467, 4487, 4700]
RKP_05000_01000_3_09.txt|8307.0|0.6049216999999985|[1, 2, 6, 7, 8, 9, 12, 13, 20, 26, 27, 40, 51, 57, 61, 73, 81, 83, 99, 100, 106, 111, 152, 193, 207, 238, 242, 281, 290, 310, 376, 384, 412, 516, 556, 564, 655, 661, 664, 671, 751, 760, 797, 852, 921, 1040, 1104, 1148, 1189, 1313, 1322, 1420, 1468, 1471, 1800, 1872, 2024, 2051, 2287, 2399, 2401, 2486, 2497, 2511, 2621, 2657, 3020, 3256, 3443, 3538, 3572, 4047, 4136, 4292]
RKP_05000_01000_3_10.txt|8579.0|0.7288074000000009|[1, 2, 3, 4, 5, 7, 13, 16, 25, 33, 37, 50, 52, 66, 119, 145, 149, 191, 194, 196, 219, 270, 287, 305, 312, 342, 343, 353, 369, 393, 413, 417, 445, 458, 490, 692, 781, 811, 876, 907, 1019, 1097, 1125, 1184, 1192, 1279, 1329, 1343, 1530, 1635, 1785, 1847, 1890, 2034, 2061, 2189, 2322, 2458, 2631, 2708, 2764, 2813, 2894, 2915, 2940, 3026, 3064, 3119, 3150, 3194, 3234, 3240, 3435, 3589, 4466, 4631, 4788]
RKP_05000_01000_4_01.txt|1000.0|0.49123520000000553|[4922]
RKP_05000_01000_4_02.txt|1000.0|0.5019118999999961|[4655]
RKP_05000_01000_4_03.txt|1000.0|0.5417942999999994|[4966]
RKP_05000_01000_4_04.txt|1000.0|0.5260290999999953|[4573]
RKP_05000_01000_4_05.txt|1000.0|0.4875522999999973|[4623]
RKP_05000_01000_4_06.txt|1000.0|0.5291491000000121|[4950]
RKP_05000_01000_4_07.txt|1000.0|0.5002556999999968|[4493]
RKP_05000_01000_4_08.txt|1000.0|0.5263870999999938|[4472]
RKP_05000_01000_4_09.txt|1000.0|0.4828602999999987|[4561]
RKP_05000_01000_4_10.txt|1000.0|0.4900876000000096|[4469]
RKP_05000_01000_5_01.txt|1000.0|0.5694727999999998|[24, 118, 176, 185, 756, 952, 1025, 1098, 1759, 2319, 4400]
RKP_05000_01000_5_02.txt|1000.0|0.5562462000000039|[4961]
RKP_05000_01000_5_03.txt|1000.0|0.5268796000000009|[24, 29, 73, 128, 443, 928, 1005, 1275, 1428, 3308]
RKP_05000_01000_5_04.txt|1000.0|0.5862553000000048|[82, 148, 322, 383, 595, 802, 1215, 1327, 1479, 1506, 2061, 2441, 2596]
RKP_05000_01000_5_05.txt|1000.0|0.5758048000000002|[4969]
RKP_05000_01000_5_06.txt|1000.0|0.5281690000000054|[163, 166, 621, 1001, 1035, 1650, 1833, 1938, 3285]
RKP_05000_01000_5_07.txt|1000.0|0.5702097999999864|[47, 66, 188, 321, 343, 345, 524, 559, 939, 1012, 1022, 1107, 1254, 2362, 4815]
RKP_05000_01000_5_08.txt|1000.0|0.5534624999999949|[1561, 3677]
RKP_05000_01000_5_09.txt|1000.0|0.5709587000000056|[6, 9, 18, 47, 558, 1077, 1078, 1082, 3348]
RKP_05000_01000_5_10.txt|1000.0|0.531956699999995|[765, 917, 1002, 1005, 1293]
RKP_05000_05000_1_01.txt|223986.0|0.7750971000000106|[2, 8, 9, 21, 33, 36, 50, 74, 75, 94, 96, 127, 134, 137, 149, 168, 203, 206, 226, 234, 239, 254, 255, 263, 267, 279, 290, 363, 457, 477, 496, 498, 604, 688, 702, 747, 826, 894, 901, 1034, 1173, 1200, 1201, 1231, 1246, 1247, 1260, 1286, 1305, 1416, 1437, 1543, 1595, 1617, 1643, 1674, 1685, 1939, 2195, 2321, 2685, 2687, 2808, 2945, 2997, 3721, 4308]
RKP_05000_05000_1_02.txt|268187.0|0.7104114999999922|[1, 2, 4, 5, 8, 9, 10, 21, 24, 45, 55, 57, 113, 117, 126, 213, 231, 238, 240, 258, 269, 297, 310, 334, 341, 361, 378, 396, 444, 470, 474, 537, 669, 712, 771, 787, 805, 814, 857, 876, 903, 1005, 1041, 1044, 1089, 1107, 1115, 1152, 1309, 1374, 1379, 1390, 1428, 1722, 1842, 1855, 1870, 1987, 2039, 2066, 2089, 2174, 2306, 2403, 2667, 2706, 2783, 3042, 3059, 3588, 3754, 3842, 3921, 3940, 4074, 4197, 4402, 4832]
RKP_05000_05000_1_03.txt|241282.0|0.7325601000000006|[1, 2, 18, 22, 25, 31, 39, 46, 63, 73, 78, 86, 110, 115, 231, 233, 249, 250, 297, 318, 339, 393, 426, 434, 435, 482, 488, 504, 557, 582, 583, 586, 651, 692, 779, 811, 847, 904, 908, 960, 1098, 1099, 1115, 1227, 1261, 1265, 1290, 1414, 1441, 1477, 1594, 1775, 2124, 2426, 2438, 2615, 2630, 2760, 2859, 3154, 3247, 3414, 3417, 3443, 3493, 3512, 4284, 4414]
RKP_05000_05000_1_04.txt|258718.0|0.6723429000000039|[1, 3, 5, 9, 18, 25, 34, 48, 68, 70, 75, 76, 81, 85, 90, 96, 105, 135, 145, 148, 173, 189, 202, 222, 226, 240, 291, 299, 326, 332, 333, 368, 376, 390, 408, 422, 484, 557, 559, 787, 809, 865, 935, 1072, 1389, 1417, 1418, 1677, 1753, 1758, 1859, 1875, 1938, 2003, 2017, 2051, 2061, 2283, 2323, 2328, 2372, 2581, 2584, 2991, 3059, 3305, 3431, 3547, 3568, 3802, 3813, 3850, 4260, 4286, 4384, 4668]
RKP_05000_05000_1_05.txt|264481.0|0.6831750000000056|[1, 2, 3, 8, 12, 17, 20, 22, 26, 32, 38, 46, 55, 62, 127, 130, 143, 148, 153, 210, 214, 227, 245, 301, 348, 378, 403, 427, 459, 463, 471, 511, 559, 575, 582, 663, 694, 923, 950, 1003, 1008, 1088, 1098, 1281, 1372, 1460, 1483, 1521, 1662, 1668, 1692, 1929, 1993, 2045, 2118, 2138, 2215, 2223, 2309, 2352, 2411, 2467, 2579, 2657, 2703, 2804, 3024, 3175, 3186, 3722, 3933, 4108, 4208, 4301, 4354, 4374, 4691, 4789, 4846]
RKP_05000_05000_1_06.txt|250895.0|0.7718583000000052|[2, 7, 9, 18, 19, 20, 23, 40, 66, 71, 79, 82, 85, 87, 120, 236, 275, 333, 338, 347, 363, 378, 407, 427, 445, 523, 538, 581, 613, 621, 649, 651, 693, 707, 715, 813, 850, 925, 956, 1041, 1054, 1065, 1125, 1154, 1227, 1280, 1305, 1308, 1428, 1671, 1730, 1855, 1927, 1981, 2011, 2048, 2132, 2204, 2210, 2240, 2309, 2509, 2592, 2646, 2701, 2729, 3104, 3233, 3361, 3978, 4076, 4540, 4561, 4692]
RKP_05000_05000_1_07.txt|231826.0|0.6830855999999983|[1, 2, 3, 4, 8, 10, 15, 16, 29, 30, 31, 44, 83, 119, 121, 137, 153, 182, 190, 230, 233, 237, 248, 266, 294, 303, 347, 380, 381, 413, 457, 478, 507, 529, 536, 575, 730, 739, 745, 768, 785, 829, 864, 916, 1019, 1228, 1246, 1263, 1267, 1315, 1375, 1406, 1520, 1616, 1820, 1849, 1897, 2162, 2273, 2688, 2725, 2846, 2854, 3045, 3094, 3888, 3965, 4149, 4260, 4664]
RKP_05000_05000_1_08.txt|216911.0|0.7188342999999975|[1, 2, 3, 16, 30, 38, 91, 95, 97, 122, 124, 129, 137, 140, 147, 156, 164, 171, 192, 253, 262, 275, 303, 342, 363, 367, 371, 451, 453, 478, 523, 560, 596, 674, 706, 764, 836, 1167, 1179, 1421, 1549, 1552, 1678, 1757, 1919, 1941, 2047, 2100, 2312, 2428, 2525, 2536, 2600, 2643, 2805, 2813, 2959, 3166, 3545, 3599, 3744, 3792, 3998, 4186, 4195, 4199, 4485, 4596]
RKP_05000_05000_1_09.txt|251090.0|0.7230941999999914|[1, 3, 4, 5, 6, 14, 42, 50, 66, 76, 77, 113, 139, 151, 160, 170, 196, 234, 299, 312, 325, 339, 380, 382, 385, 438, 448, 460, 492, 537, 542, 563, 565, 632, 667, 682, 701, 726, 818, 820, 847, 871, 921, 1006, 1064, 1114, 1126, 1227, 1245, 1314, 1350, 1396, 1416, 1458, 1504, 1592, 1596, 1635, 1788, 1808, 1917, 2016, 2228, 2450, 2497, 2554, 2557, 2593, 2636, 3197, 3551, 4194, 4248, 4486, 4489, 4615]
RKP_05000_05000_1_10.txt|207722.0|0.781236100000001|[2, 5, 7, 14, 18, 24, 70, 78, 144, 153, 185, 286, 414, 428, 454, 472, 519, 659, 756, 803, 813, 862, 867, 959, 1015, 1227, 1340, 1479, 1504, 1538, 1609, 1652, 1766, 1861, 1930, 1998, 2050, 2082, 2151, 2281, 2306, 2500, 2580, 2607, 2608, 2629, 2810, 2870, 2942, 3028, 3067, 3078, 3198, 3229, 3261, 3450, 3471, 4006, 4380]
RKP_05000_05000_2_01.txt|20826.0|0.8855276999999973|[8, 18, 20, 32, 49, 65, 70, 81, 82, 93, 98, 106, 235, 250, 279, 293, 335, 383, 391, 411, 475, 515, 579, 748, 750, 866, 937, 953, 1045, 1059, 1239, 1308, 1367, 1482, 1497, 1665, 1784, 1885, 1888, 1937, 2236, 2351, 2458, 2687, 2937, 3667, 3722, 3808, 4623]
RKP_05000_05000_2_02.txt|18409.0|0.9325716999999969|[5, 14, 15, 28, 79, 91, 96, 131, 191, 208, 220, 276, 530, 563, 582, 598, 677, 710, 722, 762, 836, 973, 1058, 1069, 1287, 1547, 1649, 2060, 2244, 2429, 2774, 2839, 3100, 3355, 3455, 3515, 3641, 3678, 4007, 4564]
RKP_05000_05000_2_03.txt|19694.0|0.9282632000000035|[1, 4, 5, 21, 38, 44, 49, 61, 64, 128, 177, 306, 338, 394, 411, 441, 465, 477, 502, 544, 583, 743, 812, 827, 966, 983, 1207, 1269, 1289, 1422, 1429, 1481, 1536, 1998, 2224, 2272, 2868, 2869, 3090, 3368, 3630, 3662, 3839, 3957, 4296, 4565, 4939]
RKP_05000_05000_2_04.txt|23398.0|0.9259424000000109|[1, 2, 4, 16, 19, 20, 21, 23, 34, 37, 43, 47, 49, 60, 71, 77, 78, 82, 115, 122, 126, 147, 187, 238, 264, 307, 340, 455, 547, 554, 583, 637, 769, 832, 862, 1124, 1165, 1223, 1335, 1508, 1519, 1586, 1606, 1671, 1748, 1770, 2293, 2308, 2318, 2382, 2632, 2705, 2773, 3212, 3257, 3288, 3593, 3704]
RKP_05000_05000_2_05.txt|20327.0|0.9368468999999919|[4, 8, 12, 13, 14, 34, 43, 70, 103, 113, 119, 128, 145, 163, 312, 370, 501, 513, 606, 626, 662, 874, 928, 932, 962, 1011, 1022, 1103, 1153, 1232, 1260, 1394, 1588, 1813, 2057, 2060, 2345, 2493, 2569, 2678, 2694, 2906, 3623, 4092, 4182, 4330, 4410, 4902]
RKP_05000_05000_2_06.txt|18219.0|0.9212207000000063|[30, 74, 106, 110, 281, 303, 356, 373, 411, 437, 523, 526, 629, 637, 689, 731, 748, 786, 832, 866, 872, 1070, 1073, 1630, 1638, 1756, 1805, 1807, 1814, 3023, 3064, 3105, 3248, 3437, 3580, 3746, 3749, 4111]
RKP_05000_05000_2_07.txt|21769.0|0.9157457999999963|[7, 23, 30, 36, 75, 98, 129, 169, 199, 232, 267, 273, 301, 367, 409, 411, 421, 428, 452, 461, 528, 624, 631, 667, 713, 725, 727, 903, 926, 932, 957, 989, 1115, 1137, 1153, 1361, 1435, 1438, 1460, 1614, 1734, 1819, 1988, 2045, 2118, 2664, 2838, 3180, 3189, 3396, 3935, 3995, 4066, 4720]
RKP_05000_05000_2_08.txt|21170.0|0.8154948999999903|[2, 5, 8, 17, 83, 93, 116, 125, 155, 179, 245, 259, 286, 315, 449, 551, 603, 659, 668, 724, 746, 760, 811, 826, 899, 919, 953, 1239, 1262, 1464, 1479, 1520, 1597, 1692, 1834, 2024, 2078, 2598, 2856, 3039, 3119, 3188, 3274, 3356, 3438, 3617]
RKP_05000_05000_2_09.txt|21423.0|0.8766886000000085|[1, 2, 3, 4, 7, 12, 13, 26, 36, 44, 45, 82, 83, 95, 105, 128, 129, 137, 164, 178, 221, 279, 385, 394, 423, 519, 574, 634, 893, 899, 973, 1086, 1090, 1177, 1179, 1184, 1213, 1228, 1231, 1308, 1378, 1478, 1802, 2113, 2129, 2368, 2555, 2584, 2889, 3741, 4702, 4959]
RKP_05000_05000_2_10.txt|20413.0|0.8274370999999974|[1, 2, 9, 14, 23, 42, 70, 82, 84, 102, 134, 153, 175, 185, 205, 233, 288, 294, 311, 330, 351, 452, 460, 465, 481, 557, 586, 666, 723, 725, 798, 856, 899, 1060, 1136, 1230, 1367, 1601, 1620, 1908, 1945, 2102, 2124, 2690, 2884, 3018, 3271, 3467, 3568, 4041]
RKP_05000_05000_3_01.txt|46532.0|0.8100062000000037|[4, 6, 10, 13, 16, 21, 39, 45, 54, 58, 79, 88, 94, 102, 106, 122, 132, 164, 171, 262, 289, 336, 449, 465, 480, 501, 521, 528, 530, 563, 595, 625, 628, 638, 646, 736, 787, 800, 814, 870, 926, 927, 1004, 1013, 1075, 1080, 1158, 1223, 1290, 1328, 1409, 1410, 1429, 1430, 1446, 1539, 1664, 1758, 1846, 1850, 1884, 1887, 2024, 2025, 2100, 2122, 2266, 2296, 2454, 2464, 2544, 2738, 2781, 2831, 2987, 3020, 3043, 3210, 3309, 4085, 4117, 4348, 4483, 4523]
RKP_05000_05000_3_02.txt|43476.0|0.837264100000013|[1, 5, 15, 23, 32, 33, 37, 38, 42, 50, 51, 59, 69, 92, 99, 105, 115, 117, 133, 151, 155, 212, 217, 221, 227, 384, 405, 407, 409, 507, 509, 597, 598, 601, 607, 747, 769, 773, 885, 967, 969, 1050, 1093, 1198, 1229, 1238, 1509, 1763, 1793, 1814, 1914, 2025, 2038, 2118, 2259, 2320, 2345, 2392, 2501, 2529, 2556, 2589, 2826, 3092, 3096, 3230, 3478, 3717, 3743, 3779, 3922, 4134, 4175, 4221, 4322, 4338, 4488, 4553]
RKP_05000_05000_3_03.txt|45380.0|0.8178915000000018|[1, 3, 4, 6, 8, 10, 12, 13, 15, 21, 25, 28, 46, 67, 79, 90, 127, 185, 194, 219, 223, 242, 281, 297, 323, 366, 432, 433, 489, 523, 542, 554, 561, 618, 636, 665, 682, 763, 764, 853, 856, 894, 912, 937, 950, 970, 1029, 1099, 1128, 1129, 1187, 1255, 1495, 1505, 1547, 1613, 1677, 1691, 1696, 1703, 1715, 1729, 1777, 1875, 1960, 2077, 2143, 2297, 2420, 2430, 2439, 2585, 2657, 2683, 2713, 2794, 3112, 3385, 3452, 3819, 3909, 4833]
RKP_05000_05000_3_04.txt|45578.0|0.9033478000000059|[1, 2, 4, 5, 9, 11, 21, 27, 32, 36, 51, 61, 83, 93, 101, 102, 109, 141, 155, 156, 169, 173, 177, 183, 241, 256, 282, 284, 304, 343, 404, 454, 476, 479, 505, 547, 585, 599, 648, 718, 720, 779, 843, 868, 888, 895, 934, 936, 965, 981, 1112, 1119, 1130, 1276, 1454, 1464, 1564, 1589, 1740, 1746, 1804, 1834, 2018, 2343, 2428, 2441, 2547, 2704, 2727, 2854, 3143, 3391, 3454, 3625, 3662, 3841, 3856, 4104, 4170, 4332, 4343, 4713]
RKP_05000_05000_3_05.txt|43828.0|0.8887818000000038|[1, 2, 4, 10, 12, 13, 17, 24, 28, 29, 32, 34, 44, 50, 70, 72, 75, 81, 95, 97, 101, 138, 139, 141, 150, 166, 202, 203, 207, 242, 259, 317, 331, 351, 368, 406, 442, 503, 537, 555, 617, 620, 628, 652, 814, 839, 969, 984, 1044, 1073, 1313, 1378, 1506, 1519, 1640, 1655, 1664, 1680, 1696, 1758, 1771, 1960, 1982, 2222, 2358, 2386, 2408, 2428, 2476, 2606, 2910, 2994, 3138, 3442, 3566, 3569, 3993, 4138, 4618]
RKP_05000_05000_3_06.txt|45143.99999999843|0.8993005999999895|[1, 3, 6, 7, 8, 10, 22, 23, 28, 30, 43, 48, 55, 78, 89, 93, 100, 101, 141, 148, 165, 187, 190, 203, 213, 219, 234, 237, 262, 276, 285, 313, 318, 377, 386, 396, 411, 480, 542, 616, 645, 671, 692, 737, 817, 909, 924, 934, 955, 1005, 1087, 1115, 1123, 1191, 1323, 1678, 1989, 2045, 2100, 2115, 2169, 2300, 2338, 2537, 2540, 2697, 2724, 2793, 3067, 3214, 3251, 3325, 3327, 3359, 3441, 3448, 3857, 3946, 4129, 4180, 4300]
RKP_05000_05000_3_07.txt|44206.0|0.8435310999999928|[1, 2, 3, 4, 6, 12, 41, 46, 50, 61, 82, 88, 119, 127, 130, 143, 176, 217, 220, 224, 232, 260, 304, 348, 395, 412, 444, 459, 487, 490, 525, 544, 598, 599, 609, 656, 684, 717, 718, 723, 766, 796, 813, 817, 835, 866, 897, 924, 1005, 1049, 1102, 1127, 1264, 1279, 1323, 1420, 1497, 1579, 1584, 1664, 1728, 1854, 1939, 1953, 1964, 2093, 2201, 2287, 2399, 2476, 2643, 2655, 2747, 3036, 3295, 3700, 3987, 4656, 4750]
RKP_05000_05000_3_08.txt|41018.0|0.8810251000000022|[1, 2, 6, 9, 14, 16, 18, 22, 38, 39, 54, 66, 89, 91, 122, 147, 150, 152, 164, 168, 237, 241, 280, 351, 391, 430, 433, 454, 498, 524, 547, 633, 640, 692, 722, 742, 752, 762, 784, 857, 938, 993, 1042, 1104, 1105, 1262, 1311, 1450, 1559, 1639, 1833, 1856, 1969, 2150, 2202, 2221, 2393, 2446, 2528, 2700, 2750, 2859, 2945, 3102, 3512, 3967, 4022, 4469, 4510, 4731, 4789, 4805, 4834]
RKP_05000_05000_3_09.txt|44415.0|0.9243122000000028|[1, 3, 4, 8, 10, 13, 17, 19, 26, 35, 42, 43, 111, 123, 133, 150, 167, 233, 252, 255, 259, 308, 313, 317, 338, 345, 354, 356, 387, 431, 512, 520, 532, 593, 609, 629, 643, 660, 671, 679, 767, 789, 851, 877, 913, 929, 932, 1146, 1150, 1282, 1328, 1343, 1422, 1479, 1549, 1667, 1813, 1933, 1945, 2166, 2427, 2435, 2484, 2525, 2748, 2838, 2885, 2926, 2994, 3338, 3677, 3684, 4052, 4132, 4192, 4240, 4246, 4313, 4338, 4825, 4839]
RKP_05000_05000_3_10.txt|43890.0|0.9437085999999937|[3, 4, 6, 8, 13, 26, 44, 48, 57, 59, 60, 67, 77, 93, 101, 120, 137, 170, 227, 248, 261, 276, 306, 313, 394, 402, 405, 436, 481, 490, 535, 577, 605, 616, 633, 664, 675, 722, 848, 952, 1062, 1075, 1135, 1159, 1202, 1224, 1258, 1284, 1358, 1405, 1639, 1653, 1714, 1786, 1891, 1969, 2131, 2521, 2536, 2562, 2573, 2643, 2698, 2748, 2923, 2953, 3046, 3218, 3222, 3301, 3454, 3459, 3468, 3531, 3640, 3759, 3924, 4381, 4808]
RKP_05000_05000_4_01.txt|5000.0|0.6353933999999981|[4658]
RKP_05000_05000_4_02.txt|5000.0|0.628287499999999|[4978]
RKP_05000_05000_4_03.txt|5000.0|0.6588815000000068|[4795]
RKP_05000_05000_4_04.txt|4998.0|0.6302307999999925|[4737]
RKP_05000_05000_4_05.txt|5000.0|0.6783219000000003|[4946]
RKP_05000_05000_4_06.txt|5000.0|0.6238342000000046|[4625]
RKP_05000_05000_4_07.txt|4996.0|0.6328945000000061|[4909]
RKP_05000_05000_4_08.txt|5000.0|0.6591952000000134|[4648]
RKP_05000_05000_4_09.txt|5000.0|0.6340940000000046|[4988]
RKP_05000_05000_4_10.txt|4998.0|0.609345200000007|[4822]
RKP_05000_05000_5_01.txt|5000.0|0.7762573999999915|[32, 100, 111, 996, 998, 2565, 3011]
RKP_05000_05000_5_02.txt|5000.0|0.8486922000000021|[112, 235, 499, 550, 928, 2490]
RKP_05000_05000_5_03.txt|5000.0|0.7532378999999878|[1, 2, 166, 187, 220, 268, 288, 295, 451, 768, 865, 1048, 1548, 2525, 2934, 4149]
RKP_05000_05000_5_04.txt|5000.0|0.7378602000000001|[1, 80, 115, 524, 1071, 1074, 1085]
RKP_05000_05000_5_05.txt|5000.0|0.8097422000000023|[292, 951, 1123, 1562, 1909, 2505]
RKP_05000_05000_5_06.txt|5000.0|0.7434614999999951|[58, 116, 125, 127, 213, 344, 855, 941, 1154, 1373, 1649, 1707, 1757, 3546]
RKP_05000_05000_5_07.txt|5000.0|0.7291989999999942|[4987]
RKP_05000_05000_5_08.txt|5000.0|0.7549582999999984|[4987]
RKP_05000_05000_5_09.txt|5000.0|0.8021947000000011|[791, 1936]
RKP_05000_05000_5_10.txt|5000.0|0.730673699999997|[10, 120, 887, 916, 959, 1034, 1074, 1076, 1241, 1379, 1521, 4016]
