RKP_00100_00100_1_01.txt|678.0|0.12856630000000002|[1, 3, 10, 14, 17, 22, 24, 28, 29, 30]
RKP_00100_00100_1_02.txt|788.0|0.08992070000000008|[1, 2, 9, 23, 31, 37, 44, 48, 50, 56, 91]
RKP_00100_00100_1_03.txt|696.0|0.09162100000000006|[1, 2, 4, 5, 6, 14, 15, 34, 63, 67]
RKP_00100_00100_1_04.txt|708.0|0.09951489999999996|[1, 2, 4, 5, 7, 9, 10, 15, 43, 74]
RKP_00100_00100_1_05.txt|687.0|0.0704459999999999|[1, 6, 11, 14, 16, 20, 30, 44, 66, 79]
RKP_00100_00100_1_06.txt|1001.0|0.08510379999999995|[3, 5, 10, 16, 17, 20, 31, 34, 47, 48, 50, 55, 57, 97]
RKP_00100_00100_1_07.txt|510.0|0.08808260000000012|[5, 9, 13, 39, 46, 51, 58, 60]
RKP_00100_00100_1_08.txt|836.0|0.07731940000000015|[1, 2, 6, 7, 9, 13, 24, 29, 30, 76, 87, 88, 92]
RKP_00100_00100_1_09.txt|555.0|0.09284550000000014|[4, 13, 18, 23, 24, 29, 42, 52]
RKP_00100_00100_1_10.txt|722.0|0.07271249999999996|[1, 2, 3, 4, 5, 11, 12, 13, 18, 24, 27, 33]
RKP_00100_00100_2_01.txt|159.0|0.0683834000000001|[2, 6, 13, 20, 43, 57, 59, 68]
RKP_00100_00100_2_02.txt|168.0|0.07063050000000004|[3, 4, 5, 8, 26, 28, 30, 36, 40, 80]
RKP_00100_00100_2_03.txt|161.0|0.08309429999999995|[1, 5, 16, 31, 47, 48, 51, 58, 75]
RKP_00100_00100_2_04.txt|155.0|0.07775220000000016|[2, 8, 9, 11, 28, 41, 50]
RKP_00100_00100_2_05.txt|145.0|0.08581979999999989|[3, 30, 34, 36, 64, 82, 96]
RKP_00100_00100_2_06.txt|136.0|0.08591360000000003|[2, 8, 23, 47, 67, 79]
RKP_00100_00100_2_07.txt|141.0|0.07264850000000012|[3, 7, 13, 21, 28, 63]
RKP_00100_00100_2_08.txt|149.0|0.10845579999999977|[1, 15, 16, 28, 48, 55]
RKP_00100_00100_2_09.txt|136.0|0.0832042000000004|[8, 9, 20, 38, 51, 75]
RKP_00100_00100_2_10.txt|151.0|0.06770720000000008|[1, 2, 5, 27, 40, 65, 81, 85]
RKP_00100_00100_3_01.txt|210.0|0.10108410000000001|[1, 2, 3, 5, 6, 10, 21, 22, 24, 29, 44]
RKP_00100_00100_3_02.txt|220.0|0.08568569999999998|[1, 2, 3, 8, 17, 24, 48, 49, 52, 56, 59, 68]
RKP_00100_00100_3_03.txt|237.0|0.08842809999999979|[1, 3, 4, 6, 12, 14, 15, 19, 23, 45, 46, 49, 64, 81]
RKP_00100_00100_3_04.txt|218.0|0.060064600000000024|[2, 4, 6, 8, 9, 14, 21, 26, 34, 37, 48, 72]
RKP_00100_00100_3_05.txt|220.0|0.06784310000000016|[1, 2, 3, 7, 12, 15, 22, 25, 26, 33, 52, 70]
RKP_00100_00100_3_06.txt|240.0|0.07450540000000005|[3, 4, 6, 8, 10, 11, 12, 16, 28, 31, 40, 66, 72, 95]
RKP_00100_00100_3_07.txt|220.0|0.0565935999999998|[2, 5, 6, 7, 13, 14, 27, 55, 72, 83, 88, 89]
RKP_00100_00100_3_08.txt|196.0|0.08828159999999974|[1, 4, 6, 9, 12, 15, 18, 33, 58, 67]
RKP_00100_00100_3_09.txt|196.0|0.06677550000000032|[1, 2, 8, 32, 35, 44, 48, 57, 61, 89]
RKP_00100_00100_3_10.txt|236.0|0.05711030000000017|[1, 5, 6, 20, 45, 46, 47, 55, 60, 61, 62, 66, 67, 93]
RKP_00100_00100_4_01.txt|100.0|0.05424309999999988|[97]
RKP_00100_00100_4_02.txt|100.0|0.05845060000000002|[88]
RKP_00100_00100_4_03.txt|99.0|0.05442150000000012|[85]
RKP_00100_00100_4_04.txt|97.0|0.057094600000000106|[92]
RKP_00100_00100_4_05.txt|100.0|0.0534646999999997|[87]
RKP_00100_00100_4_06.txt|97.0|0.054282599999999626|[95]
RKP_00100_00100_4_07.txt|98.0|0.05583730000000031|[98]
RKP_00100_00100_4_08.txt|100.0|0.055722199999999944|[97]
RKP_00100_00100_4_09.txt|99.0|0.055925400000000014|[89]
RKP_00100_00100_4_10.txt|96.0|0.05695809999999968|[94]
RKP_00100_00100_5_01.txt|100.0|0.05954930000000003|[1, 94]
RKP_00100_00100_5_02.txt|100.0|0.057968300000000195|[1, 42, 91]
RKP_00100_00100_5_03.txt|100.0|0.05729590000000018|[99]
RKP_00100_00100_5_04.txt|100.0|0.05658139999999978|[94]
RKP_00100_00100_5_05.txt|100.0|0.057226200000000116|[1, 96]
RKP_00100_00100_5_06.txt|100.0|0.0567742|[1, 36, 82]
RKP_00100_00100_5_07.txt|100.0|0.05703590000000025|[97]
RKP_00100_00100_5_08.txt|100.0|0.058113900000000385|[1, 20, 84]
RKP_00100_00100_5_09.txt|100.0|0.056621400000000044|[7, 23, 38]
RKP_00100_00100_5_10.txt|100.0|0.05937500000000018|[32, 84]
RKP_00500_00100_1_01.txt|1568.0|0.08604870000000009|[2, 3, 4, 5, 6, 17, 27, 38, 40, 63, 75, 120, 129, 131, 158, 173, 211, 274, 280, 284, 304, 500]
RKP_00500_00100_1_02.txt|1447.0|0.11685899999999982|[3, 4, 5, 13, 14, 77, 87, 88, 89, 102, 109, 132, 170, 175, 205, 288, 289, 325, 351, 388, 394, 433]
RKP_00500_00100_1_03.txt|1244.0|0.11290819999999968|[1, 5, 11, 15, 16, 30, 37, 40, 73, 111, 113, 139, 140, 147, 158, 164, 327, 496]
RKP_00500_00100_1_04.txt|1561.0|0.11073410000000017|[5, 11, 41, 48, 59, 62, 64, 65, 93, 94, 121, 151, 156, 245, 252, 254, 258, 315, 359, 467]
RKP_00500_00100_1_05.txt|1635.9999999999998|0.12898169999999975|[1, 2, 3, 5, 10, 11, 13, 17, 18, 23, 24, 26, 72, 104, 116, 136, 203, 215, 292, 320, 363, 382, 402]
RKP_00500_00100_1_06.txt|1794.0|0.11667480000000019|[2, 3, 5, 13, 22, 27, 30, 34, 35, 50, 53, 55, 83, 89, 131, 165, 189, 211, 225, 230, 240, 244, 281, 353, 411, 490]
RKP_00500_00100_1_07.txt|1796.0|0.12114659999999944|[2, 5, 7, 13, 16, 22, 24, 31, 40, 49, 80, 89, 94, 97, 126, 147, 183, 192, 206, 257, 322, 387, 410, 461, 469, 492]
RKP_00500_00100_1_08.txt|1668.0|0.1345295000000002|[1, 2, 3, 4, 10, 16, 29, 35, 63, 106, 122, 146, 149, 150, 156, 165, 167, 185, 254, 258, 332, 378, 450]
RKP_00500_00100_1_09.txt|1538.0|0.1420553|[11, 19, 27, 39, 48, 54, 56, 77, 105, 108, 148, 150, 153, 163, 173, 180, 210, 214, 221, 229, 257, 307, 324, 344, 496]
RKP_00500_00100_1_10.txt|1494.0|0.1007144000000002|[1, 3, 5, 6, 14, 15, 21, 30, 31, 33, 49, 62, 75, 78, 84, 110, 162, 214, 234, 277, 342, 413]
RKP_00500_00100_2_01.txt|248.0|0.09913669999999986|[3, 11, 16, 25, 39, 40, 50, 60, 100, 101, 102, 137, 148, 150, 168, 218, 226, 259, 351, 441, 447]
RKP_00500_00100_2_02.txt|245.0|0.08566060000000064|[4, 6, 13, 21, 59, 65, 72, 97, 100, 112, 131, 141, 142, 156, 167, 195, 314, 336, 441]
RKP_00500_00100_2_03.txt|226.0|0.11424959999999995|[3, 13, 21, 24, 31, 37, 60, 64, 100, 104, 107, 135, 154, 155, 164, 166, 382, 447, 479]
RKP_00500_00100_2_04.txt|227.0|0.09914920000000027|[1, 7, 8, 9, 11, 14, 22, 26, 55, 58, 80, 85, 105, 112, 125, 131, 163, 204, 216, 236, 306, 429]
RKP_00500_00100_2_05.txt|229.0|0.1093282999999996|[4, 10, 16, 25, 34, 38, 48, 52, 58, 77, 218, 240, 260, 275, 294, 322, 417, 423, 426]
RKP_00500_00100_2_06.txt|217.0|0.11639140000000037|[3, 5, 9, 18, 24, 35, 47, 50, 53, 57, 70, 73, 117, 155, 203, 302, 358, 452]
RKP_00500_00100_2_07.txt|224.0|0.10047709999999999|[1, 3, 4, 5, 6, 9, 17, 53, 75, 83, 114, 123, 129, 162, 226, 260, 292, 308, 372, 452]
RKP_00500_00100_2_08.txt|199.0|0.11007609999999968|[3, 7, 23, 42, 45, 46, 96, 123, 136, 184, 234, 350, 384, 495]
RKP_00500_00100_2_09.txt|181.0|0.11839379999999977|[16, 19, 39, 52, 70, 108, 115, 176, 277, 304, 312, 335]
RKP_00500_00100_2_10.txt|216.0|0.08673869999999972|[2, 9, 14, 19, 20, 21, 40, 46, 62, 83, 116, 118, 166, 216, 276, 441, 498]
RKP_00500_00100_3_01.txt|340.0|0.10769009999999923|[1, 2, 3, 5, 8, 11, 31, 33, 38, 55, 64, 96, 140, 143, 148, 158, 223, 227, 240, 248, 260, 333, 344, 401]
RKP_00500_00100_3_02.txt|382.0|0.11245729999999998|[1, 3, 4, 5, 7, 15, 20, 26, 32, 38, 39, 56, 73, 103, 110, 111, 143, 152, 160, 167, 172, 179, 189, 195, 202, 221, 331, 336, 413]
RKP_00500_00100_3_03.txt|370.0|0.10456339999999997|[1, 9, 11, 14, 40, 45, 49, 52, 71, 75, 93, 113, 118, 126, 139, 142, 144, 148, 168, 191, 193, 198, 264, 266, 351, 444, 454]
RKP_00500_00100_3_04.txt|390.0|0.1230639|[1, 2, 4, 8, 11, 20, 27, 50, 66, 68, 72, 103, 104, 119, 125, 142, 146, 156, 163, 168, 173, 209, 278, 280, 282, 312, 345, 350, 453]
RKP_00500_00100_3_05.txt|386.0|0.10469829999999991|[1, 8, 9, 12, 30, 32, 35, 74, 84, 87, 88, 102, 108, 143, 189, 199, 211, 225, 263, 294, 319, 340, 377, 381, 382, 392, 397, 417, 468]
RKP_00500_00100_3_06.txt|348.0|0.11685480000000048|[1, 4, 5, 11, 12, 16, 19, 24, 52, 56, 67, 68, 73, 90, 91, 183, 186, 189, 199, 204, 242, 281, 283, 311, 433]
RKP_00500_00100_3_07.txt|340.0|0.10338009999999986|[1, 2, 3, 4, 5, 17, 24, 30, 33, 37, 99, 102, 141, 157, 188, 191, 196, 200, 216, 228, 244, 308, 326, 430]
RKP_00500_00100_3_08.txt|420.0|0.12455839999999974|[1, 4, 5, 14, 19, 25, 26, 31, 32, 35, 49, 57, 58, 62, 84, 90, 93, 114, 133, 141, 144, 150, 159, 172, 195, 214, 275, 301, 302, 451, 470, 484]
RKP_00500_00100_3_09.txt|372.0|0.10702730000000038|[1, 2, 3, 4, 12, 24, 54, 58, 59, 63, 70, 83, 104, 108, 115, 136, 148, 154, 169, 171, 173, 208, 221, 231, 269, 294, 315, 347]
RKP_00500_00100_3_10.txt|360.0|0.1551625999999997|[1, 7, 10, 13, 25, 28, 32, 36, 38, 40, 47, 60, 107, 123, 159, 165, 174, 183, 189, 193, 217, 282, 305, 322, 325, 388]
RKP_00500_00100_4_01.txt|100.0|0.07811690000000038|[445]
RKP_00500_00100_4_02.txt|100.0|0.0753813000000001|[454]
RKP_00500_00100_4_03.txt|100.0|0.08140579999999975|[438]
RKP_00500_00100_4_04.txt|100.0|0.07669920000000019|[488]
RKP_00500_00100_4_05.txt|100.0|0.07679489999999944|[494]
RKP_00500_00100_4_06.txt|100.0|0.0768987000000001|[431]
RKP_00500_00100_4_07.txt|100.0|0.0766340999999997|[495]
RKP_00500_00100_4_08.txt|100.0|0.07532040000000073|[430]
RKP_00500_00100_4_09.txt|100.0|0.07989370000000129|[469]
RKP_00500_00100_4_10.txt|100.0|0.07702060000000088|[473]
RKP_00500_00100_5_01.txt|100.0|0.0770514999999996|[7, 13, 99, 103, 378]
RKP_00500_00100_5_02.txt|100.0|0.07958840000000045|[1, 77, 111, 136, 306]
RKP_00500_00100_5_03.txt|100.0|0.07615209999999983|[218, 341]
RKP_00500_00100_5_04.txt|100.0|0.08057070000000088|[35, 102, 474]
RKP_00500_00100_5_05.txt|100.0|0.0760240999999997|[15, 96, 101]
RKP_00500_00100_5_06.txt|100.0|0.08208079999999995|[27, 48, 102, 188]
RKP_00500_00100_5_07.txt|100.0|0.07858959999999904|[1, 474]
RKP_00500_00100_5_08.txt|100.0|0.07861330000000066|[481]
RKP_00500_00100_5_09.txt|100.0|0.08030950000000026|[55, 103, 198]
RKP_00500_00100_5_10.txt|100.0|0.07682660000000041|[1, 484]
RKP_01000_00100_1_01.txt|1927.0|0.16091549999999977|[2, 8, 10, 11, 27, 36, 39, 40, 47, 50, 51, 67, 91, 116, 123, 151, 222, 260, 261, 314, 376, 432, 531, 560, 604, 606, 646]
RKP_01000_00100_1_02.txt|1941.0|0.1264359000000006|[2, 9, 16, 18, 30, 38, 49, 50, 64, 72, 81, 89, 108, 171, 182, 193, 195, 292, 294, 359, 486, 515, 519, 527, 584, 599, 624, 694, 696, 754]
RKP_01000_00100_1_03.txt|1934.0|0.15680840000000096|[1, 2, 3, 4, 16, 19, 32, 48, 56, 65, 114, 116, 121, 128, 145, 172, 174, 182, 199, 326, 366, 380, 483, 498, 535, 754, 813, 869]
RKP_01000_00100_1_04.txt|2233.0|0.16141399999999884|[1, 2, 3, 5, 6, 12, 14, 36, 44, 45, 63, 67, 75, 91, 151, 163, 165, 184, 204, 247, 255, 277, 283, 376, 402, 429, 566, 726, 732, 733, 790, 857]
RKP_01000_00100_1_05.txt|2088.0|0.1746168000000008|[1, 12, 16, 26, 29, 37, 39, 41, 49, 75, 82, 89, 121, 123, 151, 159, 188, 198, 207, 222, 299, 307, 340, 553, 582, 635, 673, 776, 915, 1000]
RKP_01000_00100_1_06.txt|2281.0|0.16505400000000137|[1, 4, 6, 8, 10, 23, 33, 38, 44, 52, 55, 56, 57, 58, 78, 83, 99, 108, 120, 168, 176, 177, 210, 233, 235, 242, 250, 283, 349, 383, 645, 773, 790, 993]
RKP_01000_00100_1_07.txt|2499.0|0.12606830000000002|[1, 2, 3, 7, 18, 19, 37, 42, 49, 86, 88, 90, 96, 127, 128, 129, 130, 146, 170, 190, 204, 226, 342, 372, 382, 436, 440, 476, 484, 627, 641, 778, 874]
RKP_01000_00100_1_08.txt|2205.0|0.20571990000000007|[1, 2, 4, 5, 6, 7, 10, 15, 16, 22, 26, 68, 80, 101, 111, 145, 149, 202, 212, 223, 242, 274, 278, 294, 356, 366, 390, 421, 422, 716, 780, 922]
RKP_01000_00100_1_09.txt|2027.0|0.17313650000000003|[1, 2, 14, 15, 17, 27, 31, 32, 36, 39, 48, 103, 108, 133, 170, 196, 213, 262, 290, 405, 427, 489, 513, 579, 672, 782, 925, 942]
RKP_01000_00100_1_10.txt|2421.0|0.16636689999999987|[1, 4, 8, 11, 19, 37, 43, 50, 55, 76, 104, 111, 158, 188, 198, 221, 253, 286, 331, 368, 399, 466, 480, 491, 534, 618, 663, 669, 724, 748, 754, 785, 805, 813, 916, 931]
RKP_01000_00100_2_01.txt|259.0|0.17515060000000027|[3, 7, 12, 13, 16, 21, 24, 41, 47, 73, 76, 111, 185, 209, 252, 253, 264, 366, 374, 375, 380, 470, 519, 614, 690]
RKP_01000_00100_2_02.txt|244.0|0.1532726000000011|[13, 23, 63, 69, 73, 77, 129, 166, 183, 202, 213, 311, 357, 376, 385, 547, 583, 625, 901, 954]
RKP_01000_00100_2_03.txt|291.0|0.15250089999999972|[5, 13, 55, 58, 64, 81, 87, 97, 123, 141, 149, 171, 207, 256, 282, 335, 347, 371, 394, 404, 416, 420, 854, 897]
RKP_01000_00100_2_04.txt|245.0|0.17675279999999916|[8, 9, 24, 35, 37, 49, 74, 77, 94, 123, 130, 147, 150, 244, 246, 428, 443, 659, 698]
RKP_01000_00100_2_05.txt|256.0|0.12251080000000059|[5, 7, 11, 26, 30, 84, 111, 152, 162, 214, 222, 255, 293, 299, 351, 380, 409, 420, 428, 713, 742, 823, 846]
RKP_01000_00100_2_06.txt|313.0|0.13776599999999917|[1, 6, 8, 9, 33, 52, 57, 115, 122, 138, 152, 154, 185, 187, 233, 255, 259, 290, 322, 383, 399, 590, 602, 647, 805, 827, 858, 876, 894]
RKP_01000_00100_2_07.txt|263.0|0.15070050000000101|[1, 2, 3, 7, 20, 38, 61, 69, 81, 173, 208, 218, 284, 305, 378, 396, 433, 444, 520, 531, 682, 783, 796, 950]
RKP_01000_00100_2_08.txt|286.0|0.12413239999999881|[1, 3, 7, 9, 10, 11, 16, 21, 26, 39, 41, 44, 49, 54, 73, 121, 129, 133, 171, 175, 223, 228, 250, 278, 294, 414, 573, 661]
RKP_01000_00100_2_09.txt|261.0|0.16198180000000129|[6, 9, 13, 18, 25, 118, 127, 176, 191, 205, 225, 235, 327, 348, 382, 414, 417, 436, 470, 651, 656, 904, 982]
RKP_01000_00100_2_10.txt|268.0|0.14826090000000036|[1, 5, 8, 15, 56, 71, 89, 122, 163, 164, 184, 191, 252, 309, 314, 341, 402, 409, 412, 443, 521, 522, 548, 579, 700, 710, 755]
RKP_01000_00100_3_01.txt|508.0|0.10053559999999884|[1, 2, 15, 21, 22, 32, 49, 51, 65, 69, 72, 77, 83, 94, 119, 133, 134, 179, 186, 208, 240, 249, 322, 326, 337, 340, 348, 441, 456, 464, 537, 565, 567, 605, 659, 704, 740, 763, 795, 857, 962]
RKP_01000_00100_3_02.txt|480.0|0.12903900000000057|[1, 2, 3, 4, 7, 9, 16, 18, 19, 24, 25, 31, 35, 37, 53, 56, 69, 70, 79, 120, 121, 126, 137, 138, 176, 207, 286, 295, 300, 318, 381, 533, 567, 586, 600, 644, 654, 891, 978]
RKP_01000_00100_3_03.txt|464.0|0.13014040000000016|[3, 17, 31, 44, 46, 54, 84, 89, 99, 142, 143, 170, 175, 180, 181, 204, 222, 256, 270, 321, 325, 378, 382, 431, 443, 448, 530, 580, 625, 652, 692, 720, 738, 797, 822, 836, 994]
RKP_01000_00100_3_04.txt|474.0|0.10544529999999952|[1, 2, 3, 4, 5, 9, 10, 16, 31, 41, 42, 44, 58, 65, 142, 149, 161, 201, 232, 235, 274, 277, 293, 305, 339, 389, 433, 449, 492, 535, 550, 558, 579, 639, 645, 740, 786, 816]
RKP_01000_00100_3_05.txt|430.0|0.13079130000000028|[1, 2, 5, 10, 21, 23, 24, 29, 31, 37, 50, 57, 85, 86, 100, 107, 108, 128, 141, 145, 163, 172, 183, 192, 204, 308, 315, 355, 460, 630, 661, 851, 876, 910]
RKP_01000_00100_3_06.txt|440.0|0.18951530000000005|[1, 5, 6, 7, 13, 15, 18, 22, 25, 28, 36, 37, 63, 64, 66, 71, 112, 129, 146, 153, 158, 204, 224, 239, 242, 249, 278, 330, 347, 471, 543, 886, 901, 970]
RKP_01000_00100_3_07.txt|480.0|0.12257400000000018|[1, 4, 5, 8, 12, 16, 20, 23, 27, 31, 38, 53, 56, 62, 96, 112, 129, 131, 161, 169, 190, 191, 204, 231, 282, 354, 402, 407, 433, 483, 529, 591, 605, 695, 779, 822, 867, 888, 942]
RKP_01000_00100_3_08.txt|418.0|0.1303668000000009|[1, 2, 7, 9, 11, 13, 33, 35, 53, 71, 88, 89, 97, 129, 131, 145, 152, 154, 179, 198, 266, 282, 292, 340, 342, 524, 528, 591, 636, 655, 703, 883]
RKP_01000_00100_3_09.txt|430.0|0.12743039999999972|[1, 2, 3, 4, 6, 9, 16, 23, 39, 48, 77, 83, 126, 127, 141, 185, 202, 216, 228, 257, 318, 385, 403, 446, 471, 578, 647, 758, 825, 864, 871, 885, 930]
RKP_01000_00100_3_10.txt|470.0|0.1299412000000011|[1, 3, 4, 5, 10, 11, 12, 16, 18, 22, 26, 35, 37, 46, 56, 61, 72, 90, 103, 104, 106, 156, 169, 187, 227, 245, 247, 319, 334, 439, 467, 524, 566, 677, 687, 799, 964]
RKP_01000_00100_4_01.txt|100.0|0.0994256999999994|[882]
RKP_01000_00100_4_02.txt|100.0|0.09904240000000009|[858]
RKP_01000_00100_4_03.txt|100.0|0.09985250000000079|[860]
RKP_01000_00100_4_04.txt|100.0|0.09970430000000086|[838]
RKP_01000_00100_4_05.txt|100.0|0.09973989999999944|[851]
RKP_01000_00100_4_06.txt|100.0|0.09834540000000125|[878]
RKP_01000_00100_4_07.txt|100.0|0.09823560000000064|[887]
RKP_01000_00100_4_08.txt|100.0|0.10054749999999935|[847]
RKP_01000_00100_4_09.txt|100.0|0.09800210000000042|[889]
RKP_01000_00100_4_10.txt|100.0|0.10081920000000011|[843]
RKP_01000_00100_5_01.txt|100.0|0.10193440000000109|[63, 144, 170, 686]
RKP_01000_00100_5_02.txt|100.0|0.10137190000000018|[1, 912]
RKP_01000_00100_5_03.txt|100.0|0.10056070000000084|[63, 72, 681]
RKP_01000_00100_5_04.txt|100.0|0.13061530000000054|[41, 102, 388, 865]
RKP_01000_00100_5_05.txt|100.0|0.10205389999999959|[38, 852]
RKP_01000_00100_5_06.txt|100.0|0.09993970000000019|[133, 269, 698, 757, 871]
RKP_01000_00100_5_07.txt|100.0|0.10158570000000111|[1, 908]
RKP_01000_00100_5_08.txt|100.0|0.10477140000000063|[117, 686, 999]
RKP_01000_00100_5_09.txt|100.0|0.10231719999999989|[107, 616, 644]
RKP_01000_00100_5_10.txt|100.0|0.10181940000000012|[212, 226, 461, 634, 771]
RKP_05000_00100_1_01.txt|4598.0|0.4983967000000007|[1, 3, 4, 5, 7, 8, 9, 16, 20, 21, 22, 24, 31, 49, 51, 59, 89, 115, 116, 150, 155, 213, 302, 343, 363, 465, 518, 533, 540, 553, 642, 801, 847, 852, 904, 1021, 1181, 1207, 1213, 1268, 1275, 1277, 1366, 1373, 1406, 1482, 1485, 1568, 1700, 1723, 1839, 2003, 2091, 2106, 2398, 2478, 2505, 2556, 2692, 3251, 3733, 4536]
RKP_05000_00100_1_02.txt|4299.0|0.45915330000000054|[1, 16, 18, 28, 31, 44, 51, 57, 60, 75, 99, 104, 130, 171, 174, 213, 235, 262, 275, 277, 301, 304, 338, 347, 350, 374, 420, 448, 463, 501, 601, 716, 892, 1099, 1210, 1236, 1432, 1557, 1585, 1720, 1821, 1908, 1929, 2056, 2669, 2809, 2939, 3158, 3415, 3592, 3648, 3739, 4066, 4071, 4311, 4439, 4651]
RKP_05000_00100_1_03.txt|4274.0|0.47484449999999967|[1, 2, 5, 6, 7, 10, 22, 27, 52, 81, 114, 136, 156, 203, 207, 208, 219, 304, 350, 401, 410, 436, 591, 684, 793, 929, 961, 1020, 1044, 1069, 1154, 1179, 1237, 1283, 1355, 1363, 1394, 1417, 1588, 1880, 1912, 2382, 2442, 2646, 2797, 2939, 3005, 3036, 3261, 3382, 3471, 3686, 4053, 4396, 4436, 4798]
RKP_05000_00100_1_04.txt|4114.0|0.43254329999999896|[2, 5, 7, 9, 16, 20, 23, 26, 38, 41, 69, 78, 104, 131, 135, 147, 205, 233, 337, 378, 416, 444, 557, 579, 651, 792, 795, 979, 1048, 1173, 1210, 1367, 1527, 1633, 1675, 1764, 1931, 2030, 2255, 2304, 2528, 2565, 2594, 2831, 2934, 2940, 3006, 3085, 3198, 3225, 3336, 3338, 3474, 3484, 3503, 3605, 3644, 3703, 4248, 4280, 4470]
RKP_05000_00100_1_05.txt|4011.0|0.46757399999999905|[2, 4, 5, 8, 13, 14, 23, 33, 38, 44, 64, 81, 92, 96, 101, 106, 119, 158, 174, 230, 288, 306, 317, 356, 386, 427, 428, 507, 527, 541, 542, 644, 907, 977, 1088, 1169, 1249, 1309, 1432, 1433, 1510, 1759, 2097, 2347, 2447, 2850, 2886, 2995, 3160, 3454, 3856, 4002, 4179, 4251, 4588, 4630, 4969]
RKP_05000_00100_1_06.txt|4279.0|0.43015800000000226|[2, 3, 6, 7, 8, 9, 11, 14, 21, 25, 41, 44, 45, 55, 62, 71, 73, 108, 111, 115, 122, 131, 133, 139, 147, 152, 208, 219, 238, 329, 377, 435, 457, 569, 645, 652, 701, 745, 747, 807, 866, 888, 920, 1031, 1186, 1259, 1279, 1319, 1512, 1542, 1606, 1799, 2510, 2608, 2842, 3167, 3239, 3571, 3825, 4655]
RKP_05000_00100_1_07.txt|4664.0|0.4383037999999999|[1, 4, 11, 13, 30, 32, 35, 54, 55, 79, 90, 97, 104, 118, 124, 155, 180, 188, 192, 204, 219, 244, 362, 451, 457, 494, 551, 646, 811, 876, 880, 930, 991, 1149, 1187, 1199, 1222, 1401, 1437, 1477, 1674, 1758, 1762, 1827, 1913, 2037, 2041, 2085, 2207, 2367, 2438, 2591, 2883, 3111, 3167, 3320, 3370, 3419, 3473, 3484, 3566, 4252, 4639]
RKP_05000_00100_1_08.txt|4165.0|0.44075540000000046|[6, 25, 29, 48, 52, 54, 72, 82, 137, 148, 154, 186, 215, 234, 264, 266, 275, 276, 300, 341, 345, 441, 538, 739, 745, 777, 779, 816, 820, 906, 985, 1029, 1079, 1186, 1267, 1318, 1337, 1358, 1632, 1717, 1781, 2054, 2248, 2250, 2399, 2535, 2845, 2899, 2994, 3137, 3226, 3259, 3876, 3911, 3927, 4344, 4638, 4811]
RKP_05000_00100_1_09.txt|3926.0|0.40828670000000145|[2, 3, 6, 10, 30, 42, 43, 70, 74, 83, 178, 190, 230, 270, 325, 329, 383, 445, 447, 463, 533, 588, 635, 729, 747, 786, 796, 816, 853, 987, 1184, 1260, 1309, 1387, 1427, 1441, 1736, 1769, 1869, 1945, 2349, 2596, 2807, 2965, 3556, 3572, 3697, 4062, 4135, 4156, 4220, 4341, 4378, 4424]
RKP_05000_00100_1_10.txt|4235.0|0.4096326999999995|[2, 14, 15, 20, 25, 26, 43, 48, 60, 67, 90, 111, 134, 143, 176, 180, 230, 304, 321, 352, 363, 385, 429, 437, 482, 484, 564, 612, 629, 654, 662, 714, 780, 795, 930, 952, 956, 1221, 1342, 1350, 1395, 1422, 1517, 1804, 1983, 2028, 2061, 2120, 2552, 2616, 2958, 3065, 3086, 3176, 3373, 4185, 4369, 4883]
RKP_05000_00100_2_01.txt|422.0|0.46197169999999943|[5, 25, 40, 44, 68, 110, 144, 204, 246, 303, 315, 493, 540, 551, 560, 648, 736, 848, 948, 1057, 1078, 1095, 1187, 1238, 1292, 1647, 1715, 1735, 1741, 2019, 2210, 2218, 2295, 2367, 2729, 2735, 2948, 3020, 3393, 3573, 4039, 4620, 4675]
RKP_05000_00100_2_02.txt|442.0|0.41886380000000045|[3, 15, 22, 29, 33, 40, 61, 73, 103, 152, 242, 275, 292, 298, 407, 455, 556, 578, 656, 677, 763, 778, 871, 929, 1014, 1178, 1570, 1714, 1770, 1793, 1800, 1838, 2263, 2320, 2360, 2412, 2437, 2501, 2707, 2984, 2992, 3004, 3238, 3612, 3654, 3848, 3917, 4063, 4347, 4384]
RKP_05000_00100_2_03.txt|466.0|0.4223569000000005|[1, 5, 6, 11, 12, 17, 39, 113, 185, 195, 202, 242, 314, 388, 442, 543, 592, 608, 610, 710, 711, 769, 840, 842, 895, 1122, 1184, 1234, 1332, 1463, 1469, 1749, 1867, 1925, 2606, 2844, 2973, 3003, 3332, 3625, 3890, 3969, 4028, 4206, 4547, 4655, 4806, 4989]
RKP_05000_00100_2_04.txt|461.0|0.45037519999999986|[1, 12, 13, 31, 35, 45, 54, 67, 72, 87, 99, 109, 156, 168, 225, 229, 283, 355, 387, 483, 491, 506, 531, 637, 674, 687, 752, 917, 950, 1107, 1138, 1415, 1551, 1565, 1566, 1633, 1671, 1864, 2042, 2052, 2299, 3028, 3108, 3153, 3572, 3838, 4139]
RKP_05000_00100_2_05.txt|467.0|0.43102050000000247|[5, 29, 52, 69, 99, 167, 274, 355, 366, 413, 426, 452, 522, 612, 693, 744, 797, 829, 879, 942, 984, 1029, 1076, 1654, 1741, 1823, 2083, 2206, 2261, 2332, 2365, 2545, 2614, 2703, 2785, 2815, 3226, 3241, 3383, 3406, 3481, 3549, 3555, 3573, 3758, 3817]
RKP_05000_00100_2_06.txt|446.0|0.4759399999999978|[1, 3, 6, 8, 23, 33, 62, 135, 136, 222, 324, 326, 327, 356, 367, 369, 374, 437, 466, 602, 639, 758, 816, 853, 1025, 1109, 1193, 1208, 1288, 1394, 1581, 1688, 2039, 2040, 2044, 2148, 2322, 2408, 2422, 2453, 3081, 3347, 3682, 4405]
RKP_05000_00100_2_07.txt|453.0|0.43104090000000284|[1, 2, 3, 7, 28, 43, 49, 55, 58, 71, 74, 79, 103, 105, 141, 169, 177, 180, 216, 235, 244, 260, 261, 333, 341, 373, 396, 429, 498, 516, 649, 689, 744, 1073, 1389, 1601, 2108, 2164, 2246, 2323, 2332, 2419, 2528, 2751, 3229, 3866, 4183, 4327, 4507]
RKP_05000_00100_2_08.txt|452.0|0.4520352999999986|[1, 2, 7, 9, 11, 14, 15, 23, 24, 25, 41, 48, 79, 94, 98, 99, 152, 199, 291, 367, 464, 560, 621, 636, 671, 672, 735, 792, 869, 953, 1273, 1301, 1387, 1492, 1617, 1638, 1700, 2068, 2149, 2312, 2522, 2584, 2915, 3246, 3365, 3421, 3696, 4332, 4543]
RKP_05000_00100_2_09.txt|471.0|0.45877439999999936|[5, 6, 15, 18, 61, 86, 88, 110, 112, 142, 151, 218, 238, 244, 293, 294, 315, 355, 362, 392, 433, 678, 747, 755, 846, 955, 1008, 1149, 1203, 1331, 1335, 1338, 1397, 1617, 1818, 1873, 2179, 2196, 2318, 2352, 2365, 2520, 2692, 2953, 3113, 3441, 4070, 4480, 4778]
RKP_05000_00100_2_10.txt|444.0|0.4202301999999989|[19, 66, 78, 113, 120, 123, 136, 163, 210, 250, 253, 275, 291, 302, 326, 660, 918, 935, 978, 1253, 1313, 1459, 1547, 1773, 1932, 2022, 2133, 2283, 2345, 2435, 2456, 2755, 2768, 2802, 3005, 3077, 3123, 3300, 3321, 3484, 4012, 4424, 4994]
RKP_05000_00100_3_01.txt|780.0|0.3423866000000011|[1, 3, 5, 8, 10, 18, 22, 26, 28, 48, 55, 58, 67, 69, 77, 83, 97, 104, 145, 224, 231, 276, 279, 288, 312, 322, 334, 349, 361, 377, 395, 413, 471, 506, 530, 534, 610, 661, 821, 900, 995, 1006, 1037, 1096, 1119, 1187, 1192, 1232, 1272, 1335, 1636, 1725, 1751, 1768, 2039, 2190, 2321, 2608, 2768, 2908, 3046, 3252, 3272, 3292, 3323, 3675, 4195, 4562]
RKP_05000_00100_3_02.txt|810.0|0.38044490000000053|[1, 3, 19, 31, 36, 54, 55, 93, 94, 98, 132, 148, 167, 168, 203, 242, 272, 280, 301, 304, 312, 330, 355, 356, 392, 415, 427, 434, 472, 496, 512, 542, 776, 796, 863, 879, 973, 993, 1047, 1119, 1267, 1271, 1335, 1524, 1664, 1689, 1727, 1824, 1834, 1876, 2005, 2135, 2362, 2409, 2689, 2722, 2772, 2848, 2861, 3228, 3234, 3318, 3504, 3623, 3645, 3676, 4055, 4114, 4233, 4432, 4912]
RKP_05000_00100_3_03.txt|830.0|0.3781332000000006|[1, 6, 14, 15, 18, 20, 24, 27, 76, 86, 96, 124, 129, 155, 156, 159, 191, 192, 205, 258, 283, 341, 387, 403, 446, 546, 647, 656, 690, 714, 721, 820, 894, 901, 909, 914, 945, 979, 1051, 1058, 1109, 1175, 1226, 1256, 1304, 1305, 1347, 1459, 1487, 1525, 1558, 1672, 1712, 1732, 1847, 1888, 1941, 2079, 2659, 2662, 2676, 2793, 2858, 3115, 3260, 4111, 4254, 4440, 4520, 4528, 4563, 4874, 4968]
RKP_05000_00100_3_04.txt|800.0|0.3863804999999978|[1, 2, 3, 4, 9, 11, 24, 28, 47, 48, 56, 59, 68, 72, 98, 118, 122, 130, 136, 205, 282, 315, 318, 335, 365, 375, 403, 411, 446, 473, 578, 688, 708, 759, 769, 770, 808, 898, 984, 991, 995, 1024, 1182, 1193, 1264, 1283, 1348, 1399, 1433, 1455, 1739, 1757, 1788, 1817, 1905, 2340, 2386, 2433, 2600, 2634, 2992, 3105, 3111, 3384, 3399, 3639, 3697, 3783, 4136, 4679]
RKP_05000_00100_3_05.txt|720.0|0.39196469999999906|[1, 7, 24, 25, 47, 52, 60, 76, 79, 109, 122, 206, 235, 238, 292, 295, 304, 362, 435, 448, 480, 485, 486, 542, 563, 573, 588, 614, 638, 656, 669, 769, 891, 905, 936, 973, 994, 1088, 1259, 1491, 1529, 1668, 1764, 1810, 1858, 2040, 2471, 2596, 2671, 2714, 2837, 2859, 2928, 3135, 3492, 3753, 4063, 4073, 4074, 4182, 4207, 4423]
RKP_05000_00100_3_06.txt|810.0|0.3737195|[1, 3, 4, 10, 12, 15, 29, 32, 58, 68, 79, 80, 82, 86, 103, 104, 113, 119, 121, 157, 179, 181, 203, 207, 221, 244, 248, 270, 352, 434, 460, 551, 588, 638, 683, 700, 775, 787, 796, 956, 1046, 1130, 1227, 1347, 1376, 1393, 1451, 1477, 1657, 1698, 1702, 1735, 1775, 1854, 1860, 1884, 2205, 2412, 2457, 2520, 2528, 2535, 2710, 2738, 2878, 2889, 2978, 3082, 3112, 3434, 3943]
RKP_05000_00100_3_07.txt|810.0|0.4029126000000005|[1, 14, 18, 29, 30, 32, 68, 85, 89, 96, 98, 114, 119, 130, 166, 169, 178, 185, 206, 213, 222, 281, 304, 355, 356, 362, 372, 416, 485, 500, 523, 526, 549, 550, 566, 570, 607, 719, 729, 750, 799, 812, 817, 883, 890, 894, 913, 980, 1030, 1060, 1095, 1109, 1116, 1411, 1453, 1615, 1833, 1892, 2113, 2510, 2528, 2632, 2701, 2869, 3232, 3416, 3542, 4038, 4185, 4467, 4835]
RKP_05000_00100_3_08.txt|820.0|0.35402569999999756|[4, 5, 6, 17, 21, 28, 44, 47, 60, 89, 92, 97, 101, 108, 161, 169, 215, 238, 294, 296, 309, 328, 343, 346, 382, 428, 484, 515, 563, 572, 611, 685, 700, 807, 888, 925, 940, 969, 1047, 1076, 1208, 1228, 1238, 1240, 1355, 1414, 1497, 1589, 1666, 1973, 2154, 2276, 2313, 2430, 2465, 2702, 3001, 3330, 3335, 3410, 3476, 3689, 3716, 3794, 3821, 4049, 4062, 4225, 4318, 4604, 4708, 4735]
RKP_05000_00100_3_09.txt|830.0|0.3737132999999986|[1, 2, 3, 4, 8, 24, 25, 29, 40, 55, 57, 63, 101, 110, 111, 119, 137, 154, 217, 262, 271, 274, 288, 307, 355, 373, 409, 466, 579, 585, 600, 662, 696, 754, 789, 827, 839, 981, 986, 1067, 1161, 1163, 1430, 1532, 1558, 1683, 1715, 1818, 1913, 1972, 2032, 2048, 2372, 2453, 2609, 2846, 2925, 3071, 3127, 3477, 3500, 3596, 3603, 3727, 3830, 3987, 4348, 4609, 4677, 4681, 4813, 4902, 4948]
RKP_05000_00100_3_10.txt|820.0|0.40676389999999785|[1, 2, 3, 4, 8, 19, 21, 22, 27, 30, 39, 47, 52, 79, 109, 119, 173, 211, 216, 227, 236, 252, 283, 337, 383, 438, 540, 614, 627, 666, 685, 780, 787, 798, 860, 881, 1040, 1046, 1075, 1111, 1132, 1166, 1187, 1259, 1419, 1430, 1463, 1639, 1928, 1938, 1946, 2051, 2107, 2181, 2195, 2235, 2244, 2312, 2477, 2567, 2583, 2816, 2858, 2988, 2990, 3415, 3506, 3877, 4218, 4448, 4628, 4783]
RKP_05000_00100_4_01.txt|100.0|0.3436412000000004|[4203]
RKP_05000_00100_4_02.txt|100.0|0.3481810999999979|[4283]
RKP_05000_00100_4_03.txt|100.0|0.38192929999999947|[4228]
RKP_05000_00100_4_04.txt|100.0|0.35869440000000097|[4218]
RKP_05000_00100_4_05.txt|100.0|0.35766530000000074|[4227]
RKP_05000_00100_4_06.txt|100.0|0.3777229999999996|[4203]
RKP_05000_00100_4_07.txt|100.0|0.3541999000000011|[4210]
RKP_05000_00100_4_08.txt|100.0|0.35153350000000216|[4203]
RKP_05000_00100_4_09.txt|100.0|0.40335950000000054|[4209]
RKP_05000_00100_4_10.txt|100.0|0.34761370000000014|[4213]
RKP_05000_00100_5_01.txt|100.0|0.37008959999999647|[101, 895, 901]
RKP_05000_00100_5_02.txt|100.0|0.35432820000000476|[582, 765, 775, 906, 2778]
RKP_05000_00100_5_03.txt|100.0|0.34150650000000127|[917, 1032, 2105]
RKP_05000_00100_5_04.txt|100.0|0.3871733000000006|[92, 190, 794, 1032, 1986, 2193, 3343, 3454]
RKP_05000_00100_5_05.txt|100.0|0.3551120999999995|[1017, 3852]
RKP_05000_00100_5_06.txt|100.0|0.3483249000000015|[279, 325, 463, 656, 1535, 4509]
RKP_05000_00100_5_07.txt|100.0|0.384102900000002|[884, 1347, 1405, 2368, 3053]
RKP_05000_00100_5_08.txt|100.0|0.3519699000000003|[535, 839, 3220, 3252]
RKP_05000_00100_5_09.txt|100.0|0.3521723999999935|[25, 62, 286, 928, 987, 1793, 4426, 4539]
RKP_05000_00100_5_10.txt|100.0|0.38222780000000256|[603, 3155]
RKP_05000_01000_1_01.txt|55704.0|0.6412346999999983|[1, 2, 8, 10, 15, 16, 17, 18, 22, 23, 30, 33, 53, 78, 82, 96, 118, 123, 151, 164, 212, 226, 252, 271, 328, 368, 399, 424, 491, 511, 551, 684, 700, 726, 732, 751, 778, 800, 866, 921, 969, 974, 991, 1034, 1145, 1196, 1214, 1232, 1233, 1387, 1431, 1591, 1724, 1742, 1756, 1775, 1841, 1858, 1919, 1928, 1979, 2077, 2187, 2254, 2266, 2481, 2497, 2567, 2629, 2777, 2814, 2874, 3144, 3187, 3256, 3282, 3485, 3534, 3791, 4479, 4971]
RKP_05000_01000_1_02.txt|57695.0|0.7453286000000006|[1, 3, 7, 10, 22, 36, 39, 41, 65, 78, 84, 89, 96, 109, 130, 155, 165, 222, 235, 236, 293, 304, 337, 368, 406, 425, 464, 471, 506, 539, 588, 622, 646, 675, 681, 728, 772, 837, 917, 918, 965, 988, 1055, 1205, 1261, 1277, 1337, 1343, 1403, 1414, 1455, 1590, 1604, 1677, 1683, 1860, 1999, 2011, 2120, 2198, 2229, 2379, 2594, 2727, 2745, 2750, 2769, 2800, 2825, 2832, 3095, 3349, 3565, 3585, 3668, 3875, 3957, 4489, 4961]
RKP_05000_01000_1_03.txt|53088.0|0.6278356000000045|[1, 13, 22, 24, 33, 62, 67, 72, 76, 94, 114, 129, 135, 165, 174, 176, 192, 248, 272, 339, 344, 400, 441, 446, 479, 515, 533, 649, 749, 810, 852, 875, 882, 933, 940, 988, 1006, 1027, 1039, 1150, 1219, 1268, 1384, 1415, 1475, 1478, 1534, 1605, 1614, 1719, 1815, 1822, 1854, 1979, 2016, 2080, 2110, 2125, 2161, 2201, 2314, 2468, 2471, 2682, 2688, 2848, 3194, 3232, 3276, 3392, 3835, 3920, 4104, 4191, 4193, 4283, 4640]
RKP_05000_01000_1_04.txt|57192.0|0.5689805000000021|[1, 2, 5, 6, 7, 8, 9, 10, 16, 24, 25, 33, 35, 49, 52, 61, 64, 71, 84, 103, 114, 132, 133, 135, 181, 189, 191, 210, 223, 238, 270, 318, 351, 395, 413, 421, 465, 498, 533, 546, 547, 594, 687, 716, 724, 792, 794, 882, 952, 1021, 1074, 1107, 1142, 1174, 1218, 1275, 1311, 1395, 1416, 1450, 1546, 1597, 1689, 1901, 1916, 2047, 2060, 2177, 2320, 2470, 2550, 2580, 2649, 2999, 3023, 3051, 3055, 3271, 3926, 4232, 4277, 4329, 4397, 4624, 4775]
RKP_05000_01000_1_05.txt|52721.0|0.6846729000000025|[2, 4, 5, 8, 14, 16, 27, 46, 48, 65, 67, 69, 72, 73, 85, 91, 93, 94, 97, 119, 120, 130, 132, 157, 168, 189, 201, 254, 259, 267, 279, 330, 339, 349, 352, 385, 430, 467, 580, 593, 711, 838, 903, 985, 1023, 1049, 1093, 1142, 1150, 1155, 1162, 1227, 1316, 1320, 1321, 1411, 1418, 1474, 1588, 1606, 1607, 1649, 1708, 1883, 1893, 2004, 2069, 2256, 2263, 2271, 2350, 2360, 2547, 2786, 2819, 2834, 3067, 4053, 4096, 4118, 4385]
RKP_05000_01000_1_06.txt|52998.0|0.5692925000000031|[1, 2, 3, 8, 9, 10, 48, 51, 52, 60, 80, 90, 107, 150, 157, 159, 163, 192, 217, 224, 269, 288, 292, 336, 337, 343, 399, 429, 498, 503, 594, 601, 612, 616, 646, 656, 684, 687, 688, 691, 697, 721, 736, 883, 894, 998, 1040, 1062, 1097, 1145, 1192, 1242, 1305, 1368, 1494, 1511, 1530, 1662, 1689, 1720, 1879, 1910, 1916, 2012, 2025, 2048, 2050, 2168, 2195, 2442, 2517, 2633, 2857, 2861, 2865, 2925, 2967, 3076, 3109, 3846, 4183, 4196, 4603, 4793]
RKP_05000_01000_1_07.txt|48532.0|0.6710396000000003|[1, 2, 15, 27, 38, 44, 46, 65, 77, 80, 84, 91, 94, 119, 130, 161, 188, 198, 204, 213, 226, 363, 386, 393, 424, 453, 568, 569, 577, 608, 640, 651, 666, 731, 753, 957, 985, 1047, 1052, 1175, 1178, 1346, 1359, 1367, 1378, 1433, 1605, 1607, 1645, 1666, 1697, 1741, 1764, 1865, 1904, 2001, 2087, 2145, 2235, 2245, 2537, 2593, 2669, 2984, 3438, 3455, 4009, 4078, 4242, 4471]
RKP_05000_01000_1_08.txt|51046.0|0.6813120999999995|[3, 8, 10, 12, 15, 20, 24, 26, 29, 32, 39, 40, 52, 53, 66, 75, 78, 81, 89, 109, 115, 117, 118, 140, 151, 190, 207, 257, 279, 298, 411, 419, 427, 430, 529, 531, 534, 575, 651, 670, 738, 785, 849, 890, 892, 952, 1029, 1088, 1138, 1275, 1391, 1485, 1487, 1574, 2070, 2099, 2110, 2356, 2382, 2528, 2585, 2723, 2841, 3083, 3288, 3318, 3323, 3437, 3788, 3908, 3925, 3937, 4497]
RKP_05000_01000_1_09.txt|54971.0|0.6851355999999953|[1, 2, 3, 4, 6, 7, 17, 18, 27, 29, 32, 39, 47, 49, 51, 73, 94, 104, 106, 128, 136, 153, 157, 163, 190, 191, 302, 359, 364, 377, 427, 451, 473, 499, 562, 563, 684, 714, 883, 996, 1242, 1337, 1362, 1366, 1401, 1414, 1434, 1481, 1495, 1509, 1579, 1679, 1699, 1714, 1761, 1788, 1854, 1911, 2012, 2034, 2121, 2239, 2246, 2328, 2364, 2381, 2399, 2651, 2844, 2845, 3156, 3179, 3245, 3448, 3556, 3744, 3900, 3964, 4115]
RKP_05000_01000_1_10.txt|59500.0|0.6409990000000008|[1, 2, 4, 9, 11, 17, 33, 38, 47, 49, 80, 100, 103, 104, 124, 129, 161, 180, 187, 193, 198, 212, 220, 245, 255, 261, 359, 384, 417, 461, 464, 472, 486, 495, 500, 528, 582, 634, 740, 785, 807, 813, 839, 844, 888, 1044, 1076, 1095, 1253, 1284, 1313, 1350, 1361, 1413, 1423, 1430, 1436, 1479, 1553, 1554, 1636, 1640, 1641, 1644, 1680, 1686, 1731, 1817, 1914, 1934, 2153, 2184, 2216, 2309, 2544, 2608, 2671, 2698, 2753, 2768, 2867, 3137, 3309, 3836, 4698, 4815]
RKP_05000_01000_2_01.txt|4272.0|0.8218035000000015|[2, 5, 7, 22, 23, 26, 28, 32, 34, 38, 81, 88, 103, 115, 147, 165, 176, 265, 273, 339, 352, 395, 413, 478, 483, 541, 604, 716, 761, 947, 951, 1011, 1046, 1100, 1154, 1173, 1282, 1473, 1487, 1573, 1730, 1844, 1898, 2000, 2168, 2351, 2400, 2569, 2581, 2671, 2742, 3060, 3764, 3919, 4166, 4598]
RKP_05000_01000_2_02.txt|4573.0|0.8737658999999951|[1, 2, 3, 44, 51, 76, 78, 79, 88, 94, 139, 214, 229, 279, 311, 317, 338, 365, 379, 462, 471, 491, 545, 667, 862, 946, 964, 1000, 1045, 1068, 1189, 1196, 1294, 1503, 1577, 1693, 1739, 1812, 1856, 1964, 2213, 2259, 2308, 2419, 2515, 2537, 2581, 2682, 2983, 3024, 3342, 3711, 4977]
RKP_05000_01000_2_03.txt|4653.0|0.9240014000000016|[49, 51, 63, 69, 86, 104, 106, 118, 131, 171, 177, 217, 235, 305, 308, 341, 350, 375, 465, 507, 518, 589, 655, 726, 858, 862, 1002, 1132, 1256, 1354, 1483, 1676, 1732, 1958, 2164, 2182, 2340, 2548, 2601, 2610, 2617, 2930, 3180, 3343, 3351, 3416, 3822, 3938, 4457, 4964]
RKP_05000_01000_2_04.txt|5020.0|0.8791255000000007|[1, 3, 7, 17, 22, 23, 51, 54, 57, 59, 63, 82, 84, 153, 163, 183, 247, 302, 348, 371, 400, 509, 545, 557, 567, 585, 662, 667, 703, 758, 768, 1065, 1086, 1100, 1136, 1209, 1210, 1398, 1539, 1672, 1740, 1799, 1989, 2237, 2242, 2245, 2249, 2408, 2518, 2928, 2989, 3498, 3530, 3767, 3872, 4236, 4424, 4454]
RKP_05000_01000_2_05.txt|4576.0|0.7991754999999969|[3, 4, 5, 8, 12, 16, 23, 30, 33, 34, 43, 70, 80, 156, 187, 201, 204, 260, 273, 290, 306, 324, 344, 360, 390, 420, 427, 453, 526, 734, 737, 775, 807, 876, 957, 1052, 1064, 1132, 1158, 1335, 1622, 1672, 1680, 1762, 1839, 2008, 2513, 2548, 2686, 3321, 4215, 4333, 4485]
RKP_05000_01000_2_06.txt|4627.0|0.897883499999999|[1, 2, 5, 10, 27, 36, 59, 61, 63, 94, 105, 109, 138, 152, 154, 184, 242, 252, 282, 328, 336, 344, 386, 443, 464, 470, 473, 670, 672, 683, 739, 793, 900, 925, 1064, 1134, 1317, 1369, 1477, 1619, 1746, 1852, 1933, 1991, 2201, 2282, 2287, 2446, 2476, 2484, 2638, 2690, 3111, 4131, 4407, 4545, 4951]
RKP_05000_01000_2_07.txt|4715.0|0.8616618000000003|[1, 5, 11, 12, 33, 44, 59, 105, 157, 193, 207, 228, 238, 257, 294, 368, 387, 516, 751, 759, 771, 909, 1231, 1309, 1425, 1437, 1461, 1552, 1593, 1625, 1643, 1811, 1886, 1902, 1935, 1945, 1976, 2206, 2233, 2241, 2282, 2341, 2446, 2461, 2608, 2843, 2864, 3031, 3129, 3196, 3259, 3275, 3658, 3882, 4279, 4453, 4495]
RKP_05000_01000_2_08.txt|4703.0|0.7985439999999997|[4, 6, 14, 17, 30, 44, 59, 78, 108, 114, 137, 174, 200, 201, 236, 242, 264, 298, 312, 362, 371, 385, 413, 473, 580, 634, 677, 747, 823, 846, 901, 955, 972, 1016, 1067, 1114, 1156, 1184, 1256, 1499, 1783, 1924, 2133, 2399, 2632, 2683, 2808, 2941, 3148, 3191, 3385, 3623, 4129, 4386]
RKP_05000_01000_2_09.txt|4615.0|0.8687240000000003|[2, 3, 4, 10, 13, 15, 17, 22, 25, 36, 44, 63, 128, 130, 151, 175, 247, 270, 310, 377, 379, 408, 419, 536, 579, 677, 897, 935, 1132, 1226, 1259, 1428, 1556, 1583, 1587, 1627, 1786, 1844, 1967, 1992, 2037, 2094, 2140, 2317, 2599, 2637, 2789, 2887, 2982, 3478, 3583, 3974, 4669]
RKP_05000_01000_2_10.txt|4349.0|0.8349156000000022|[9, 15, 18, 25, 29, 36, 55, 74, 82, 95, 99, 137, 149, 191, 206, 227, 294, 305, 337, 351, 420, 536, 587, 749, 850, 941, 1011, 1049, 1175, 1303, 1416, 1491, 1494, 1502, 1523, 1631, 1745, 1858, 1926, 2034, 2318, 2452, 2559, 2998, 3584, 3674, 3712, 4015, 4057, 4084, 4267]
RKP_05000_01000_3_01.txt|9280.0|0.5224248000000031|[1, 2, 9, 13, 15, 21, 23, 34, 37, 40, 45, 46, 47, 72, 87, 97, 108, 109, 112, 114, 119, 132, 140, 150, 176, 181, 193, 207, 237, 274, 276, 284, 305, 372, 381, 384, 387, 398, 400, 455, 550, 553, 560, 562, 586, 623, 632, 688, 728, 749, 757, 917, 951, 1021, 1081, 1087, 1139, 1140, 1190, 1198, 1365, 1382, 1600, 1615, 1698, 1779, 1894, 1958, 2178, 2241, 2416, 2429, 2461, 2640, 2783, 2851, 2874, 3246, 3545, 3591, 3683, 4101, 4476]
RKP_05000_01000_3_02.txt|9902.0|0.5861461000000006|[2, 4, 13, 25, 28, 33, 38, 39, 41, 55, 68, 90, 107, 111, 116, 129, 130, 140, 169, 209, 214, 230, 235, 295, 303, 305, 309, 345, 379, 425, 445, 446, 448, 542, 562, 609, 646, 718, 730, 759, 801, 849, 878, 883, 892, 953, 1020, 1022, 1041, 1046, 1087, 1117, 1161, 1174, 1193, 1240, 1334, 1436, 1484, 1486, 1488, 1499, 1885, 1908, 2067, 2080, 2113, 2136, 2215, 2330, 2425, 2667, 2704, 2772, 2808, 2853, 2933, 2953, 2978, 2989, 2998, 3041, 3171, 3308, 3393, 3546, 3750, 3832, 4419, 4719]
RKP_05000_01000_3_03.txt|10258.0|0.5325920000000011|[1, 2, 3, 4, 5, 6, 11, 22, 26, 36, 97, 115, 127, 129, 153, 156, 158, 163, 190, 199, 215, 239, 246, 286, 308, 330, 360, 377, 399, 452, 465, 480, 544, 568, 592, 609, 621, 652, 669, 709, 765, 770, 794, 839, 856, 881, 896, 907, 952, 975, 1022, 1041, 1077, 1082, 1164, 1169, 1222, 1231, 1360, 1429, 1465, 1498, 1523, 1533, 1559, 1597, 1605, 1663, 1688, 1733, 1874, 1926, 2034, 2280, 2298, 2319, 2386, 2439, 2901, 2957, 3166, 3239, 3273, 3477, 3545, 3722, 3910, 4041, 4149, 4215, 4329, 4695, 4813]
RKP_05000_01000_3_04.txt|10260.0|0.5266792000000038|[1, 4, 5, 6, 7, 9, 13, 15, 17, 18, 29, 35, 45, 58, 63, 70, 82, 89, 94, 111, 132, 142, 175, 198, 206, 225, 258, 261, 263, 277, 306, 337, 360, 362, 400, 413, 437, 448, 456, 472, 495, 548, 610, 619, 648, 650, 657, 680, 709, 730, 769, 827, 835, 962, 989, 1049, 1064, 1080, 1226, 1276, 1296, 1309, 1322, 1398, 1493, 1589, 1768, 1786, 1852, 1872, 1912, 2150, 2372, 2394, 2516, 2541, 2568, 2575, 2593, 2601, 2747, 2775, 2865, 2868, 2871, 3197, 3330, 3448, 3474, 3612, 3645, 4440, 4880]
RKP_05000_01000_3_05.txt|10176.0|0.5521025000000037|[1, 2, 3, 4, 6, 7, 8, 10, 11, 16, 19, 25, 26, 29, 32, 34, 37, 48, 49, 56, 112, 143, 162, 169, 183, 184, 212, 219, 256, 283, 285, 296, 335, 344, 348, 358, 386, 486, 501, 513, 555, 620, 638, 658, 692, 708, 748, 768, 777, 814, 830, 912, 985, 998, 1044, 1060, 1069, 1090, 1259, 1263, 1292, 1305, 1500, 1516, 1588, 1619, 1759, 1770, 1859, 1909, 2077, 2123, 2298, 2460, 2610, 2615, 2634, 2744, 2920, 2970, 3055, 3068, 3106, 3167, 3258, 3439, 3440, 3469, 3558, 3584, 3635, 4338]
RKP_05000_01000_3_06.txt|10278.0|0.5401107000000067|[1, 2, 4, 6, 7, 12, 16, 39, 41, 45, 46, 71, 76, 85, 86, 88, 94, 102, 106, 124, 126, 135, 141, 165, 184, 193, 206, 213, 214, 219, 227, 249, 276, 286, 287, 288, 345, 368, 404, 418, 488, 603, 607, 623, 665, 686, 702, 734, 760, 767, 801, 813, 839, 859, 889, 900, 931, 946, 1030, 1119, 1212, 1281, 1296, 1359, 1466, 1522, 1551, 1595, 1610, 1640, 1917, 1978, 2026, 2251, 2623, 2705, 2741, 2799, 3095, 3214, 3264, 3324, 3390, 3433, 3533, 3851, 4258, 4315, 4322, 4424, 4582, 4808, 4911]
RKP_05000_01000_3_07.txt|9882.0|0.5165962000000022|[1, 2, 3, 8, 11, 13, 18, 20, 29, 31, 33, 36, 60, 73, 75, 79, 84, 91, 94, 100, 113, 125, 214, 216, 218, 220, 221, 291, 293, 319, 360, 370, 393, 413, 417, 422, 427, 462, 477, 487, 527, 539, 593, 608, 640, 714, 762, 827, 849, 883, 884, 891, 896, 919, 991, 1003, 1044, 1055, 1066, 1090, 1173, 1179, 1262, 1407, 1470, 1564, 1709, 1783, 1789, 1792, 1825, 1998, 2095, 2104, 2111, 2357, 2587, 3135, 3146, 3323, 3402, 3438, 3628, 3716, 3731, 3836, 4131, 4233, 4456]
RKP_05000_01000_3_08.txt|9938.0|0.548145599999998|[1, 2, 3, 4, 6, 7, 14, 20, 22, 28, 30, 35, 36, 80, 82, 116, 118, 126, 134, 152, 154, 217, 226, 250, 260, 264, 270, 279, 295, 301, 394, 489, 498, 525, 571, 654, 660, 675, 707, 725, 883, 895, 901, 911, 944, 953, 1009, 1014, 1036, 1050, 1077, 1117, 1134, 1135, 1273, 1364, 1395, 1513, 1588, 1636, 1733, 1810, 1967, 1970, 1976, 2019, 2088, 2236, 2364, 2391, 2402, 2484, 2808, 2858, 2977, 3017, 3087, 3214, 3237, 3346, 3396, 3557, 3571, 3808, 3939, 4022, 4463, 4487, 4700, 4779]
RKP_05000_01000_3_09.txt|9474.0|0.5257874000000058|[1, 2, 4, 6, 7, 8, 9, 13, 26, 40, 42, 51, 57, 73, 77, 81, 86, 87, 106, 111, 136, 152, 159, 193, 222, 237, 242, 252, 310, 354, 376, 384, 426, 453, 462, 494, 556, 564, 655, 661, 664, 671, 673, 751, 760, 797, 852, 921, 931, 995, 1003, 1040, 1104, 1148, 1189, 1313, 1322, 1420, 1471, 1488, 1684, 1872, 1978, 2024, 2051, 2055, 2287, 2401, 2450, 2486, 2497, 2511, 2577, 2621, 2657, 2706, 3020, 3256, 3443, 3538, 3572, 3868, 4136, 4292, 4818]
RKP_05000_01000_3_10.txt|10234.0|0.5780233999999993|[1, 2, 3, 6, 10, 14, 16, 25, 33, 50, 52, 62, 66, 69, 112, 119, 145, 191, 194, 196, 218, 219, 223, 235, 270, 287, 305, 308, 312, 343, 353, 360, 369, 393, 400, 413, 417, 434, 446, 479, 502, 692, 781, 789, 808, 811, 876, 907, 944, 1019, 1093, 1097, 1125, 1184, 1279, 1329, 1343, 1498, 1530, 1621, 1635, 1785, 1803, 1847, 1854, 2189, 2224, 2322, 2458, 2611, 2764, 2770, 2813, 2877, 2894, 2915, 2940, 3064, 3119, 3127, 3150, 3234, 3240, 3251, 3435, 3589, 3788, 3879, 4052, 4227, 4466, 4631, 4788]
RKP_05000_01000_4_01.txt|1000.0|0.4305968999999976|[4922]
RKP_05000_01000_4_02.txt|1000.0|0.44106029999999663|[4655]
RKP_05000_01000_4_03.txt|1000.0|0.465824700000006|[4567]
RKP_05000_01000_4_04.txt|1000.0|0.4461585000000028|[4559]
RKP_05000_01000_4_05.txt|1000.0|0.44564259999999933|[4575]
RKP_05000_01000_4_06.txt|1000.0|0.480930800000003|[4578]
RKP_05000_01000_4_07.txt|1000.0|0.4350092000000032|[4493]
RKP_05000_01000_4_08.txt|1000.0|0.4295842999999948|[4472]
RKP_05000_01000_4_09.txt|1000.0|0.4643145000000004|[4561]
RKP_05000_01000_4_10.txt|1000.0|0.46211110000000133|[4469]
RKP_05000_01000_5_01.txt|1000.0|0.5208403000000033|[112, 916, 1002, 1042, 1665, 3159]
RKP_05000_01000_5_02.txt|1000.0|0.49447770000000446|[1070, 1221, 1555]
RKP_05000_01000_5_03.txt|1000.0|0.5192958000000019|[100, 935, 1140, 1195, 1453, 2097, 2155, 3308]
RKP_05000_01000_5_04.txt|1000.0|0.5098067999999998|[977, 1009, 1441, 1479, 2255, 2714]
RKP_05000_01000_5_05.txt|1000.0|0.4618441999999945|[10, 908, 1466, 2610]
RKP_05000_01000_5_06.txt|1000.0|0.4938627000000011|[2, 66, 100, 356, 1014, 1145, 3938, 3973]
RKP_05000_01000_5_07.txt|1000.0|0.518329400000006|[999, 1496, 1514, 2124, 2360, 2921, 3389]
RKP_05000_01000_5_08.txt|1000.0|0.4680273000000028|[1, 142, 525, 958, 1024, 1043, 2483, 3357]
RKP_05000_01000_5_09.txt|1000.0|0.49604879999999696|[10, 56, 149, 187, 333, 990, 1011, 1489, 1962]
RKP_05000_01000_5_10.txt|1000.0|0.5367190999999991|[66, 80, 84, 124, 238, 1102, 1148, 1455, 4004]
RKP_05000_05000_1_01.txt|264277.0|0.7043729999999897|[3, 4, 8, 21, 33, 36, 40, 41, 47, 50, 74, 75, 78, 91, 96, 100, 134, 149, 168, 174, 206, 226, 234, 239, 248, 254, 255, 263, 274, 279, 290, 358, 477, 496, 498, 522, 562, 601, 688, 747, 798, 809, 826, 901, 940, 1034, 1083, 1200, 1201, 1231, 1246, 1247, 1260, 1270, 1286, 1293, 1305, 1416, 1437, 1543, 1595, 1674, 1939, 1999, 2195, 2685, 2687, 2896, 2945, 2997, 3266, 3721, 3813, 4077, 4777, 4810]
RKP_05000_05000_1_02.txt|305805.0|0.7284257999999966|[1, 2, 4, 5, 8, 9, 10, 14, 18, 21, 24, 45, 55, 57, 59, 89, 113, 117, 126, 141, 213, 238, 240, 258, 269, 297, 310, 334, 341, 349, 361, 378, 396, 470, 474, 537, 669, 712, 771, 785, 787, 805, 814, 876, 903, 1005, 1041, 1044, 1069, 1075, 1089, 1107, 1115, 1266, 1374, 1434, 1556, 1722, 1786, 1855, 1870, 1979, 2039, 2089, 2174, 2306, 2322, 2403, 2501, 2667, 2706, 3059, 3538, 3588, 3754, 3842, 3886, 3921, 3940, 4013, 4074, 4197, 4382, 4402, 4832]
RKP_05000_05000_1_03.txt|280195.0|0.5820384000000018|[1, 7, 8, 18, 22, 25, 31, 39, 46, 62, 69, 78, 80, 110, 115, 206, 231, 233, 249, 318, 339, 353, 393, 399, 426, 429, 435, 451, 481, 482, 488, 557, 582, 586, 645, 651, 692, 779, 811, 908, 960, 1083, 1098, 1099, 1108, 1115, 1212, 1227, 1235, 1236, 1244, 1261, 1265, 1290, 1309, 1374, 1414, 1441, 1477, 1594, 1897, 2124, 2426, 2438, 2615, 2630, 2760, 2859, 3154, 3247, 3414, 3443, 3490, 3493, 3512, 3593, 3843, 4284, 4374, 4414]
RKP_05000_05000_1_04.txt|285848.0|0.7248460999999935|[1, 3, 5, 9, 24, 25, 34, 38, 50, 68, 75, 81, 85, 90, 96, 105, 145, 148, 173, 189, 197, 202, 222, 240, 291, 299, 318, 326, 332, 333, 368, 376, 390, 398, 408, 422, 468, 484, 557, 559, 675, 710, 787, 809, 814, 831, 865, 935, 997, 1072, 1389, 1417, 1418, 1675, 1677, 1758, 1859, 1938, 2003, 2013, 2017, 2051, 2061, 2312, 2328, 2372, 2553, 2581, 2584, 2813, 2991, 3059, 3260, 3410, 3431, 3568, 3652, 3802, 3813, 3850, 4172, 4260, 4286, 4384, 4668, 4715]
RKP_05000_05000_1_05.txt|293356.0|0.6056020000000046|[1, 2, 3, 7, 8, 12, 20, 22, 26, 32, 33, 43, 46, 55, 62, 127, 130, 131, 143, 148, 153, 156, 167, 210, 214, 227, 245, 261, 301, 348, 378, 403, 459, 463, 555, 559, 582, 663, 694, 838, 923, 950, 992, 1003, 1016, 1098, 1221, 1281, 1372, 1432, 1460, 1483, 1492, 1662, 1668, 1690, 1692, 1887, 1929, 1993, 2025, 2118, 2138, 2215, 2223, 2309, 2352, 2411, 2427, 2467, 2579, 2657, 2703, 2732, 2804, 2910, 3024, 3175, 3186, 3722, 3813, 3873, 4108, 4208, 4301, 4374, 4846]
RKP_05000_05000_1_06.txt|274427.0|0.7047560000000033|[2, 7, 8, 20, 23, 40, 43, 66, 71, 76, 82, 85, 87, 106, 113, 120, 122, 236, 243, 274, 299, 333, 338, 347, 361, 363, 378, 407, 445, 462, 514, 538, 581, 608, 613, 621, 649, 651, 693, 707, 715, 754, 813, 825, 830, 850, 925, 956, 1041, 1054, 1065, 1125, 1154, 1227, 1280, 1305, 1308, 1374, 1428, 1578, 1641, 1671, 1730, 1927, 1981, 2048, 2132, 2204, 2210, 2228, 2240, 2309, 2386, 2509, 2592, 2646, 2701, 2729, 3233, 3361, 3613, 3938, 3978, 4076, 4540, 4561, 4692]
RKP_05000_05000_1_07.txt|248398.0|0.6475982999999985|[1, 2, 3, 4, 6, 7, 8, 10, 15, 29, 30, 31, 44, 79, 83, 109, 119, 121, 153, 175, 182, 187, 190, 215, 233, 237, 248, 249, 266, 294, 303, 380, 381, 413, 457, 463, 478, 507, 529, 536, 575, 640, 667, 690, 730, 739, 785, 829, 864, 916, 1019, 1228, 1246, 1263, 1267, 1315, 1406, 1520, 1525, 1616, 1820, 1849, 1894, 1897, 2162, 2273, 2529, 2688, 2725, 2846, 2854, 3045, 3875, 3965, 4149, 4260, 4664]
RKP_05000_05000_1_08.txt|246635.0|0.6949983999999887|[2, 3, 5, 7, 38, 51, 91, 95, 97, 115, 122, 124, 137, 138, 140, 156, 171, 253, 262, 280, 314, 342, 363, 367, 371, 402, 451, 453, 471, 478, 523, 560, 596, 669, 674, 706, 764, 836, 850, 902, 949, 984, 1167, 1179, 1421, 1546, 1549, 1562, 1737, 1941, 2042, 2047, 2428, 2523, 2525, 2536, 2600, 2643, 2676, 2681, 2805, 2959, 3166, 3599, 3666, 3744, 3792, 3833, 3998, 4186, 4195, 4393, 4527, 4596]
RKP_05000_05000_1_09.txt|282483.0|0.686105100000006|[1, 2, 3, 5, 6, 12, 14, 17, 42, 52, 55, 66, 76, 77, 99, 113, 114, 126, 139, 151, 156, 160, 170, 176, 179, 196, 221, 234, 243, 299, 312, 325, 339, 355, 376, 380, 404, 438, 448, 460, 537, 542, 544, 565, 632, 682, 701, 726, 820, 871, 921, 1006, 1064, 1078, 1114, 1126, 1227, 1245, 1254, 1314, 1350, 1355, 1396, 1416, 1458, 1466, 1480, 1592, 1594, 1596, 1635, 1788, 1917, 1979, 2143, 2450, 2497, 2554, 2557, 2593, 2636, 2834, 3197, 3551, 4248, 4486, 4489, 4615]
RKP_05000_05000_1_10.txt|246944.0|0.6267357000000118|[2, 7, 10, 14, 18, 24, 60, 78, 89, 92, 131, 144, 153, 185, 278, 286, 322, 380, 414, 428, 454, 467, 472, 659, 724, 746, 756, 803, 813, 862, 863, 867, 909, 959, 1015, 1304, 1340, 1402, 1479, 1504, 1609, 1652, 1725, 1766, 1986, 2050, 2151, 2281, 2306, 2498, 2504, 2580, 2607, 2608, 2629, 2641, 2810, 2870, 3067, 3078, 3101, 3198, 3229, 3261, 3450, 3471, 3696, 4380, 4532]
RKP_05000_05000_2_01.txt|23488.0|0.8146701999999948|[1, 8, 18, 20, 21, 32, 33, 65, 93, 98, 106, 157, 235, 250, 279, 293, 319, 335, 391, 411, 475, 515, 579, 690, 748, 750, 866, 937, 953, 986, 1045, 1059, 1239, 1308, 1367, 1435, 1482, 1505, 1635, 1665, 1784, 1885, 1937, 2236, 2351, 2458, 2687, 2937, 3722, 3808, 3883, 4544, 4833, 4844]
RKP_05000_05000_2_02.txt|21911.0|0.7362393000000083|[5, 14, 15, 28, 56, 79, 91, 96, 105, 106, 131, 161, 191, 203, 208, 220, 294, 530, 563, 582, 677, 696, 707, 710, 722, 836, 973, 1069, 1171, 1172, 1287, 1649, 1714, 2060, 2069, 2162, 2244, 2272, 2429, 2814, 3100, 3355, 3515, 3641, 3796, 3813, 3984, 4007, 4564]
RKP_05000_05000_2_03.txt|20930.0|0.8995374999999939|[1, 4, 13, 21, 38, 41, 45, 49, 64, 72, 94, 128, 177, 216, 306, 338, 375, 387, 394, 411, 441, 465, 477, 502, 583, 659, 729, 783, 812, 983, 1207, 1269, 1289, 1307, 1422, 1429, 1432, 1481, 1998, 2224, 2272, 2512, 2790, 3090, 3368, 3428, 3630, 3757, 3839, 4235, 4565]
RKP_05000_05000_2_04.txt|26965.0|0.7690990999999912|[1, 2, 3, 4, 19, 20, 21, 23, 37, 43, 47, 49, 60, 71, 77, 78, 82, 115, 122, 126, 131, 147, 154, 165, 187, 238, 264, 307, 314, 322, 346, 406, 422, 455, 491, 554, 583, 625, 637, 655, 832, 862, 893, 1068, 1124, 1187, 1223, 1335, 1478, 1508, 1519, 1586, 1606, 1748, 2093, 2308, 2318, 2319, 2343, 2382, 2632, 2705, 2773, 3212, 3257, 3288, 3704, 3735]
RKP_05000_05000_2_05.txt|23466.999999999985|0.7936461000000037|[4, 5, 8, 9, 34, 67, 96, 103, 113, 128, 145, 167, 220, 317, 350, 370, 481, 501, 513, 551, 595, 606, 626, 734, 842, 856, 858, 874, 932, 962, 976, 1011, 1022, 1034, 1103, 1153, 1175, 1232, 1242, 1260, 1394, 1489, 1503, 1588, 1813, 2057, 2060, 2493, 2678, 2694, 2906, 3623, 3798, 4092, 4330]
RKP_05000_05000_2_06.txt|21127.0|0.824854000000002|[8, 16, 17, 30, 51, 74, 106, 136, 281, 303, 356, 373, 411, 437, 523, 526, 574, 629, 637, 726, 731, 748, 832, 866, 872, 912, 985, 1070, 1073, 1342, 1461, 1542, 1638, 1756, 1807, 1814, 2039, 2245, 2357, 3064, 3248, 3580, 3746, 3764]
RKP_05000_05000_2_07.txt|23362.0|0.7874053999999973|[7, 12, 16, 26, 30, 36, 72, 129, 152, 169, 199, 212, 232, 383, 409, 411, 421, 428, 452, 461, 528, 624, 631, 667, 713, 725, 872, 903, 926, 932, 989, 1115, 1137, 1153, 1460, 1581, 1614, 1730, 1734, 1988, 2118, 2664, 2838, 3005, 3060, 3180, 3189, 3396, 3690, 3704, 3747, 4066, 4779]
RKP_05000_05000_2_08.txt|24198.0|0.8516527999999965|[2, 9, 17, 20, 30, 34, 83, 93, 112, 116, 125, 155, 160, 179, 192, 242, 245, 259, 274, 286, 291, 315, 332, 409, 449, 461, 659, 724, 746, 760, 782, 811, 899, 919, 944, 953, 1064, 1262, 1277, 1464, 1473, 1520, 1692, 1714, 1834, 1835, 2024, 2078, 2350, 2390, 2598, 2814, 2907, 3039, 3119, 3274, 3356, 3617, 3691]
RKP_05000_05000_2_09.txt|25886.0|0.9083688000000052|[1, 2, 3, 4, 7, 19, 26, 33, 36, 44, 60, 61, 82, 83, 105, 128, 129, 152, 157, 164, 173, 178, 180, 181, 221, 251, 279, 327, 385, 394, 413, 423, 519, 632, 634, 893, 920, 973, 1012, 1086, 1177, 1179, 1184, 1213, 1231, 1308, 1378, 1462, 1478, 1482, 1555, 1687, 1771, 1802, 1812, 2129, 2432, 2555, 2584, 2889, 3741, 4230, 4959]
RKP_05000_05000_2_10.txt|23442.0|0.8339501000000098|[1, 2, 14, 23, 35, 42, 70, 82, 84, 97, 133, 153, 175, 185, 205, 261, 268, 294, 311, 330, 351, 424, 452, 546, 586, 657, 666, 723, 725, 728, 856, 1015, 1060, 1078, 1136, 1230, 1530, 1601, 1620, 1742, 1757, 2102, 2124, 2189, 2312, 2524, 2556, 2605, 2732, 2884, 3185, 3271, 3467, 3568, 4367, 4670]
RKP_05000_05000_3_01.txt|50368.0|0.5430396000000002|[1, 3, 4, 6, 7, 9, 12, 13, 16, 17, 21, 26, 39, 45, 54, 58, 60, 66, 79, 88, 94, 106, 132, 137, 157, 164, 169, 198, 262, 284, 336, 352, 449, 465, 480, 499, 510, 521, 528, 563, 625, 628, 634, 638, 646, 731, 736, 787, 800, 814, 870, 926, 927, 1004, 1013, 1075, 1080, 1132, 1158, 1180, 1223, 1290, 1291, 1328, 1409, 1410, 1430, 1446, 1664, 1758, 1846, 1850, 1887, 2024, 2025, 2100, 2145, 2266, 2296, 2312, 2544, 2738, 2831, 2836, 2987, 3210, 3361, 3715, 3941, 4117, 4483]
RKP_05000_05000_3_02.txt|47248.0|0.5655927000000105|[1, 2, 5, 8, 10, 23, 25, 32, 33, 37, 38, 42, 47, 50, 51, 59, 85, 92, 99, 106, 115, 133, 151, 155, 205, 212, 217, 227, 360, 384, 389, 405, 407, 409, 493, 507, 509, 568, 597, 598, 601, 607, 769, 773, 869, 885, 967, 969, 970, 985, 1093, 1132, 1151, 1200, 1220, 1229, 1232, 1457, 1509, 1675, 1763, 1793, 1914, 1970, 2025, 2038, 2118, 2259, 2345, 2392, 2501, 2556, 2826, 3092, 3096, 3282, 3717, 3743, 3922, 4134, 4175, 4221, 4488, 4553, 4589]
RKP_05000_05000_3_03.txt|49932.0|0.5411495999999971|[1, 2, 4, 6, 8, 12, 13, 21, 38, 46, 58, 67, 79, 88, 90, 116, 127, 140, 183, 185, 186, 194, 219, 223, 323, 366, 372, 373, 432, 489, 523, 542, 553, 561, 592, 636, 682, 703, 742, 763, 764, 777, 826, 856, 937, 950, 963, 970, 1029, 1061, 1099, 1129, 1187, 1255, 1284, 1516, 1547, 1677, 1691, 1703, 1715, 1729, 1777, 1800, 1855, 1875, 1911, 1960, 1984, 2077, 2147, 2274, 2297, 2420, 2430, 2439, 2585, 2657, 2683, 2713, 2794, 3112, 3213, 3385, 3452, 3819, 3837, 3909, 4032, 4833]
RKP_05000_05000_3_04.txt|52864.0|0.5077342999999956|[1, 4, 6, 9, 11, 12, 14, 19, 27, 31, 34, 47, 51, 61, 71, 83, 93, 94, 101, 102, 141, 156, 169, 173, 183, 205, 208, 229, 236, 241, 249, 256, 274, 282, 284, 304, 343, 404, 412, 454, 455, 476, 479, 505, 547, 585, 599, 642, 648, 718, 720, 779, 843, 868, 888, 907, 936, 965, 1033, 1119, 1130, 1276, 1304, 1433, 1589, 1746, 1793, 1800, 1804, 2018, 2081, 2146, 2343, 2428, 2441, 2551, 2688, 2704, 2727, 2854, 2915, 3065, 3143, 3391, 3454, 3497, 3543, 3625, 3841, 3856, 3870, 3872, 4104, 4107, 4170, 4343]
RKP_05000_05000_3_05.txt|49320.0|0.6088241000000068|[2, 4, 5, 12, 13, 15, 17, 20, 24, 25, 28, 32, 34, 42, 44, 50, 58, 62, 70, 72, 75, 81, 97, 115, 138, 139, 150, 166, 242, 247, 259, 268, 309, 317, 331, 351, 368, 372, 406, 503, 533, 537, 555, 616, 620, 628, 729, 743, 779, 839, 945, 958, 969, 1004, 1044, 1073, 1182, 1313, 1378, 1519, 1640, 1655, 1664, 1680, 1686, 1696, 1745, 1758, 1771, 1843, 1852, 1951, 1982, 2386, 2428, 2606, 2910, 2994, 3119, 3138, 3442, 3509, 3566, 3569, 3733, 3993, 4267, 4618, 4707]
RKP_05000_05000_3_06.txt|49340.0|0.529843200000002|[1, 2, 3, 4, 6, 7, 9, 10, 22, 28, 30, 43, 55, 78, 93, 97, 101, 115, 125, 130, 132, 165, 190, 203, 233, 234, 239, 241, 242, 262, 313, 318, 377, 382, 386, 403, 411, 480, 542, 616, 617, 645, 671, 737, 845, 909, 924, 934, 955, 977, 985, 1005, 1115, 1123, 1191, 1248, 1379, 1678, 1745, 1939, 1967, 1989, 2035, 2100, 2115, 2169, 2300, 2334, 2338, 2412, 2489, 2529, 2537, 2540, 2697, 2724, 2868, 3065, 3214, 3251, 3325, 3327, 3359, 3441, 3871, 3946, 4180, 4300, 4383]
RKP_05000_05000_3_07.txt|48222.0|0.5849355999999943|[1, 2, 3, 4, 12, 13, 45, 46, 61, 82, 88, 119, 130, 143, 192, 217, 220, 231, 232, 283, 304, 348, 395, 412, 459, 462, 476, 487, 490, 525, 544, 598, 599, 609, 619, 656, 684, 717, 718, 723, 739, 766, 796, 813, 817, 835, 897, 924, 1049, 1060, 1127, 1213, 1279, 1338, 1375, 1403, 1405, 1420, 1579, 1664, 1728, 1818, 1854, 1914, 1939, 1964, 2093, 2201, 2255, 2287, 2345, 2379, 2399, 2511, 2551, 2643, 2655, 2747, 3036, 3295, 3347, 3503, 3890, 3987, 4288, 4656, 4796]
RKP_05000_05000_3_08.txt|48368.0|0.49791170000000307|[1, 2, 4, 8, 9, 14, 18, 22, 28, 38, 39, 43, 53, 54, 60, 66, 73, 89, 91, 105, 110, 122, 128, 147, 150, 152, 192, 205, 241, 251, 254, 289, 294, 338, 351, 391, 430, 433, 524, 547, 563, 640, 692, 731, 742, 752, 762, 784, 828, 857, 876, 938, 1042, 1104, 1105, 1145, 1185, 1224, 1311, 1371, 1450, 1520, 1613, 1778, 1833, 1856, 1969, 2150, 2221, 2250, 2393, 2413, 2418, 2446, 2528, 2636, 2750, 2945, 2988, 3102, 3512, 3967, 4022, 4469, 4510, 4731, 4805]
RKP_05000_05000_3_09.txt|52878.0|0.546572900000001|[1, 2, 3, 4, 7, 8, 10, 13, 17, 19, 25, 26, 35, 42, 43, 52, 54, 75, 96, 111, 123, 133, 140, 165, 184, 233, 252, 259, 281, 308, 313, 317, 338, 344, 345, 356, 406, 431, 512, 520, 532, 533, 534, 593, 609, 629, 643, 660, 679, 693, 789, 793, 830, 851, 877, 913, 929, 932, 1146, 1282, 1328, 1343, 1469, 1489, 1549, 1555, 1563, 1667, 1727, 1746, 1813, 1933, 2111, 2166, 2427, 2435, 2525, 2746, 2748, 2773, 2838, 2885, 2926, 2994, 3009, 3338, 3453, 3677, 3684, 4052, 4192, 4240, 4246, 4338, 4789, 4825]
RKP_05000_05000_3_10.txt|48375.999999998254|0.5579916000000082|[2, 3, 4, 5, 9, 10, 13, 14, 18, 25, 28, 41, 44, 49, 57, 59, 60, 67, 77, 101, 119, 120, 137, 172, 181, 190, 202, 227, 243, 261, 276, 309, 313, 355, 394, 402, 436, 457, 481, 490, 535, 577, 605, 616, 664, 668, 848, 1007, 1062, 1075, 1099, 1135, 1159, 1202, 1224, 1258, 1284, 1307, 1358, 1405, 1444, 1653, 1786, 1887, 1891, 1969, 2131, 2521, 2562, 2573, 2643, 2698, 2748, 2923, 2978, 3218, 3222, 3301, 3454, 3459, 3468, 3531, 3640, 3759, 3824, 3937, 4808]
RKP_05000_05000_4_01.txt|5000.0|0.45003439999999273|[4658]
RKP_05000_05000_4_02.txt|5000.0|0.4457405999999935|[4978]
RKP_05000_05000_4_03.txt|5000.0|0.5165188999999941|[4714]
RKP_05000_05000_4_04.txt|5000.0|0.45857879999999795|[4597]
RKP_05000_05000_4_05.txt|5000.0|0.4559136999999964|[4783]
RKP_05000_05000_4_06.txt|4998.0|0.49715439999999944|[4744]
RKP_05000_05000_4_07.txt|5000.0|0.4510127000000068|[4778]
RKP_05000_05000_4_08.txt|5000.0|0.4893167000000034|[4648]
RKP_05000_05000_4_09.txt|5000.0|0.45276710000000264|[4770]
RKP_05000_05000_4_10.txt|4999.0|0.4488558999999981|[4786]
RKP_05000_05000_5_01.txt|5000.0|0.5186372999999946|[1, 2, 10, 111, 960, 997, 3011, 3504]
RKP_05000_05000_5_02.txt|5000.0|0.546281399999998|[1, 3, 145, 1167, 1335, 1383, 1987, 2552, 3282]
RKP_05000_05000_5_03.txt|5000.0|0.4671625000000006|[1, 101, 992, 2306]
RKP_05000_05000_5_04.txt|5000.0|0.5353573999999952|[1, 979, 1078, 1220, 1274]
RKP_05000_05000_5_05.txt|5000.0|0.4486430000000041|[1, 190, 390, 612, 973, 1240, 4545]
RKP_05000_05000_5_06.txt|5000.0|0.5407333000000136|[10, 67, 97, 340, 410, 617, 941, 1048, 1122, 3469]
RKP_05000_05000_5_07.txt|5000.0|0.5950229999999976|[41, 218, 424, 582, 665, 1736, 2034, 4094, 4323]
RKP_05000_05000_5_08.txt|5000.0|0.5747731000000016|[1, 10, 119, 682, 955, 974, 1910]
RKP_05000_05000_5_09.txt|5000.0|0.5524044999999944|[4, 64, 969, 1014, 1345, 1530]
RKP_05000_05000_5_10.txt|5000.0|0.5159127000000012|[56, 197, 1466, 1928, 2413]
