RKP_00100_00100_1_01.txt|710.0|0.13128039999999996|[1, 3, 4, 10, 16, 17, 22, 24, 28, 29]
RKP_00100_00100_1_02.txt|842.0|0.08934739999999997|[1, 2, 9, 15, 16, 37, 44, 48, 50, 56, 91]
RKP_00100_00100_1_03.txt|775.0|0.06473450000000003|[1, 2, 4, 5, 6, 10, 12, 14, 15, 34, 63, 70]
RKP_00100_00100_1_04.txt|648.0|0.13509189999999993|[1, 2, 5, 7, 9, 10, 15, 43, 74]
RKP_00100_00100_1_05.txt|696.0|0.09106460000000005|[3, 6, 11, 16, 20, 22, 30, 44, 79]
RKP_00100_00100_1_06.txt|989.0|0.07166910000000004|[10, 11, 16, 17, 20, 31, 34, 47, 48, 50, 55, 57, 97]
RKP_00100_00100_1_07.txt|529.0|0.06128099999999992|[5, 9, 13, 39, 46, 51, 60, 71]
RKP_00100_00100_1_08.txt|833.0|0.08869759999999993|[1, 2, 5, 6, 7, 9, 12, 24, 29, 30, 36, 76, 87, 92]
RKP_00100_00100_1_09.txt|611.0|0.08235180000000009|[5, 8, 16, 18, 23, 24, 29, 42, 45]
RKP_00100_00100_1_10.txt|681.0|0.07358339999999997|[1, 2, 3, 4, 5, 11, 13, 15, 18, 20, 24, 27]
RKP_00100_00100_2_01.txt|166.0|0.08065090000000019|[1, 2, 6, 13, 20, 22, 27, 43, 45, 57]
RKP_00100_00100_2_02.txt|170.0|0.09557320000000002|[4, 5, 8, 26, 28, 30, 36, 47, 80]
RKP_00100_00100_2_03.txt|172.0|0.0673303999999999|[1, 3, 5, 16, 31, 47, 48, 51, 59, 75]
RKP_00100_00100_2_04.txt|163.0|0.06964199999999998|[2, 8, 9, 11, 12, 18, 26, 28, 50]
RKP_00100_00100_2_05.txt|144.0|0.0828949000000001|[3, 13, 29, 34, 36, 64, 82, 96]
RKP_00100_00100_2_06.txt|136.0|0.07622829999999992|[2, 8, 23, 47, 67, 79]
RKP_00100_00100_2_07.txt|145.0|0.08490730000000002|[3, 4, 7, 9, 13, 15, 22, 49]
RKP_00100_00100_2_08.txt|151.0|0.0898547999999999|[1, 2, 4, 6, 14, 16, 28, 29]
RKP_00100_00100_2_09.txt|146.0|0.07956040000000009|[4, 7, 9, 20, 27, 37, 75]
RKP_00100_00100_2_10.txt|156.0|0.12820790000000004|[1, 2, 4, 14, 40, 48, 64, 65, 85]
RKP_00100_00100_3_01.txt|210.0|0.08092919999999992|[3, 5, 6, 8, 10, 21, 22, 29, 44, 47, 52]
RKP_00100_00100_3_02.txt|215.0|0.0801911999999998|[1, 2, 3, 8, 10, 17, 24, 25, 48, 52, 56, 59]
RKP_00100_00100_3_03.txt|246.0|0.06522169999999994|[2, 3, 4, 6, 12, 14, 15, 23, 45, 46, 49, 64, 66, 75, 81]
RKP_00100_00100_3_04.txt|230.0|0.06836120000000001|[2, 4, 6, 8, 9, 14, 21, 26, 31, 34, 42, 48, 50]
RKP_00100_00100_3_05.txt|220.0|0.0794889999999997|[1, 2, 3, 7, 12, 15, 22, 25, 26, 52, 70, 72]
RKP_00100_00100_3_06.txt|250.0|0.07605499999999976|[1, 2, 3, 4, 6, 8, 12, 16, 19, 27, 28, 31, 40, 66, 72]
RKP_00100_00100_3_07.txt|220.0|0.06758669999999967|[2, 4, 5, 8, 13, 14, 27, 50, 67, 72, 83, 89]
RKP_00100_00100_3_08.txt|220.0|0.08655500000000016|[1, 2, 3, 6, 7, 9, 12, 15, 18, 33, 62, 70]
RKP_00100_00100_3_09.txt|200.0|0.06702260000000004|[1, 4, 8, 16, 32, 42, 48, 57, 61, 89]
RKP_00100_00100_3_10.txt|240.0|0.0702699|[1, 5, 6, 20, 45, 46, 47, 54, 55, 60, 61, 62, 67, 93]
RKP_00100_00100_4_01.txt|100.0|0.054544499999999996|[97]
RKP_00100_00100_4_02.txt|100.0|0.05600639999999979|[88]
RKP_00100_00100_4_03.txt|100.0|0.05827189999999982|[84]
RKP_00100_00100_4_04.txt|100.0|0.05583440000000017|[95]
RKP_00100_00100_4_05.txt|100.0|0.05457989999999979|[95]
RKP_00100_00100_4_06.txt|97.0|0.05651839999999986|[95]
RKP_00100_00100_4_07.txt|98.0|0.05378649999999974|[98]
RKP_00100_00100_4_08.txt|100.0|0.05460559999999992|[97]
RKP_00100_00100_4_09.txt|99.0|0.05579239999999963|[90]
RKP_00100_00100_4_10.txt|98.0|0.05374239999999997|[88]
RKP_00100_00100_5_01.txt|100.0|0.057707299999999684|[1, 90]
RKP_00100_00100_5_02.txt|100.0|0.0586597000000002|[1, 42, 91]
RKP_00100_00100_5_03.txt|100.0|0.057329399999999975|[1, 87]
RKP_00100_00100_5_04.txt|100.0|0.05782589999999965|[92]
RKP_00100_00100_5_05.txt|100.0|0.0568445999999998|[1, 86]
RKP_00100_00100_5_06.txt|100.0|0.05617759999999983|[1, 36, 86]
RKP_00100_00100_5_07.txt|100.0|0.057308399999999704|[1, 95]
RKP_00100_00100_5_08.txt|100.0|0.05522589999999994|[47, 52]
RKP_00100_00100_5_09.txt|100.0|0.057267399999999746|[1, 38, 70]
RKP_00100_00100_5_10.txt|100.0|0.056641600000000736|[1, 6, 84]
RKP_00500_00100_1_01.txt|1675.0|0.14595610000000026|[2, 3, 4, 6, 25, 27, 38, 40, 63, 75, 120, 129, 131, 140, 148, 158, 173, 211, 222, 274, 280, 284, 304, 500]
RKP_00500_00100_1_02.txt|1483.0|0.12040240000000058|[3, 4, 13, 14, 30, 77, 87, 88, 89, 102, 109, 132, 170, 175, 205, 288, 289, 325, 351, 388, 394]
RKP_00500_00100_1_03.txt|1336.0|0.14248820000000073|[1, 5, 11, 15, 16, 20, 30, 32, 40, 73, 111, 113, 123, 139, 140, 147, 158, 227, 228, 477, 496]
RKP_00500_00100_1_04.txt|1620.0|0.1555692999999998|[5, 10, 11, 41, 48, 59, 62, 64, 65, 93, 94, 121, 156, 197, 245, 254, 258, 315, 359, 467]
RKP_00500_00100_1_05.txt|1742.0|0.11706009999999978|[2, 3, 5, 10, 11, 13, 17, 18, 23, 24, 26, 60, 72, 76, 104, 116, 136, 192, 203, 215, 292, 320, 363, 402]
RKP_00500_00100_1_06.txt|2001.0|0.11959009999999992|[2, 3, 5, 13, 22, 27, 30, 34, 35, 50, 52, 53, 55, 83, 89, 131, 165, 182, 189, 190, 211, 225, 230, 240, 244, 281, 411, 490]
RKP_00500_00100_1_07.txt|1968.0|0.10016870000000022|[2, 4, 7, 16, 21, 22, 31, 40, 47, 49, 80, 94, 97, 126, 133, 147, 165, 183, 192, 206, 257, 322, 359, 410, 461, 469, 492]
RKP_00500_00100_1_08.txt|1666.0|0.1645531999999994|[1, 2, 3, 4, 10, 16, 22, 29, 35, 63, 106, 122, 146, 156, 165, 167, 185, 225, 254, 258, 332, 357, 378, 450]
RKP_00500_00100_1_09.txt|1647.0|0.12284489999999959|[11, 16, 19, 39, 48, 54, 56, 68, 77, 108, 148, 150, 151, 153, 163, 173, 180, 210, 214, 221, 229, 257, 307, 324, 344, 496]
RKP_00500_00100_1_10.txt|1534.0|0.10640479999999997|[1, 3, 4, 5, 6, 8, 14, 15, 21, 30, 31, 33, 59, 62, 75, 84, 109, 110, 162, 214, 234, 277, 413]
RKP_00500_00100_2_01.txt|251.0|0.12169410000000003|[3, 11, 16, 32, 36, 39, 40, 50, 88, 100, 101, 102, 137, 148, 168, 226, 259, 351, 441, 447, 472]
RKP_00500_00100_2_02.txt|246.0|0.11281009999999991|[4, 6, 13, 21, 36, 59, 65, 97, 100, 112, 131, 142, 156, 167, 186, 195, 299, 314, 336, 441]
RKP_00500_00100_2_03.txt|251.0|0.10133040000000015|[2, 3, 13, 21, 31, 37, 60, 64, 71, 100, 104, 107, 135, 142, 151, 154, 155, 164, 166, 318, 382, 436]
RKP_00500_00100_2_04.txt|242.0|0.09904189999999957|[7, 9, 11, 14, 19, 20, 22, 26, 38, 55, 58, 85, 105, 112, 125, 163, 204, 216, 306, 429]
RKP_00500_00100_2_05.txt|231.0|0.16967450000000017|[2, 5, 10, 16, 25, 34, 38, 43, 48, 52, 77, 87, 182, 218, 260, 275, 294, 322, 417, 426]
RKP_00500_00100_2_06.txt|228.0|0.11175509999999989|[1, 3, 5, 9, 15, 18, 24, 27, 35, 47, 50, 53, 57, 70, 117, 150, 302, 452]
RKP_00500_00100_2_07.txt|224.0|0.09718129999999991|[1, 3, 4, 5, 6, 9, 17, 53, 75, 83, 114, 123, 129, 162, 260, 278, 292, 308, 367, 372, 452]
RKP_00500_00100_2_08.txt|209.0|0.09190469999999973|[1, 3, 6, 7, 15, 23, 45, 46, 50, 87, 96, 123, 136, 184, 384, 495]
RKP_00500_00100_2_09.txt|192.0|0.09197770000000016|[2, 3, 38, 39, 52, 70, 87, 108, 115, 176, 277, 304, 312, 335, 426, 433]
RKP_00500_00100_2_10.txt|217.0|0.09502990000000011|[2, 9, 14, 19, 20, 21, 40, 46, 83, 105, 116, 118, 154, 166, 216, 276, 372, 498]
RKP_00500_00100_3_01.txt|330.0|0.09948500000000049|[1, 3, 4, 5, 8, 11, 24, 38, 43, 64, 77, 96, 143, 148, 158, 223, 225, 240, 248, 260, 343, 344, 401]
RKP_00500_00100_3_02.txt|398.0|0.1698202000000002|[1, 3, 4, 5, 7, 20, 32, 38, 39, 56, 64, 73, 103, 110, 111, 152, 160, 162, 164, 167, 172, 179, 189, 195, 202, 203, 221, 331, 336, 413]
RKP_00500_00100_3_03.txt|380.0|0.10487179999999974|[1, 3, 5, 9, 11, 14, 22, 40, 45, 52, 93, 113, 118, 123, 126, 139, 142, 148, 191, 193, 198, 258, 264, 266, 292, 351, 444, 454]
RKP_00500_00100_3_04.txt|385.0|0.08812890000000007|[1, 2, 4, 8, 11, 20, 27, 31, 66, 68, 72, 103, 104, 125, 142, 146, 159, 163, 168, 209, 217, 278, 280, 282, 312, 328, 345, 350, 453]
RKP_00500_00100_3_05.txt|410.0|0.10144710000000057|[1, 7, 8, 9, 12, 30, 32, 33, 64, 74, 84, 87, 92, 102, 106, 108, 196, 199, 211, 225, 252, 263, 294, 319, 340, 377, 381, 382, 392, 397, 417]
RKP_00500_00100_3_06.txt|360.0|0.10561519999999991|[1, 4, 5, 11, 12, 16, 19, 24, 45, 52, 56, 73, 90, 91, 137, 183, 186, 189, 199, 204, 242, 281, 283, 311, 316, 433]
RKP_00500_00100_3_07.txt|350.0|0.11590759999999989|[1, 2, 3, 4, 5, 17, 24, 30, 33, 37, 69, 99, 102, 141, 157, 196, 200, 216, 244, 287, 302, 308, 326, 430, 487]
RKP_00500_00100_3_08.txt|440.0|0.10023699999999991|[4, 8, 14, 19, 25, 26, 31, 32, 35, 46, 49, 57, 58, 62, 63, 84, 90, 93, 114, 133, 144, 150, 159, 172, 214, 275, 280, 301, 302, 323, 389, 451, 470, 484]
RKP_00500_00100_3_09.txt|385.0|0.10366140000000001|[1, 2, 3, 4, 12, 24, 54, 58, 63, 70, 83, 104, 108, 115, 122, 148, 152, 154, 169, 171, 173, 208, 221, 231, 269, 294, 315, 347, 434]
RKP_00500_00100_3_10.txt|370.0|0.1185003|[3, 6, 7, 10, 13, 14, 18, 25, 28, 32, 38, 40, 47, 57, 60, 99, 102, 153, 159, 165, 183, 189, 282, 305, 322, 388, 392]
RKP_00500_00100_4_01.txt|100.0|0.07378899999999966|[448]
RKP_00500_00100_4_02.txt|100.0|0.07524920000000002|[488]
RKP_00500_00100_4_03.txt|100.0|0.07439780000000074|[457]
RKP_00500_00100_4_04.txt|100.0|0.07785360000000008|[469]
RKP_00500_00100_4_05.txt|100.0|0.07444329999999955|[498]
RKP_00500_00100_4_06.txt|100.0|0.07480130000000074|[464]
RKP_00500_00100_4_07.txt|100.0|0.07705010000000101|[497]
RKP_00500_00100_4_08.txt|100.0|0.08518690000000007|[430]
RKP_00500_00100_4_09.txt|100.0|0.07484210000000147|[461]
RKP_00500_00100_4_10.txt|100.0|0.07333170000000067|[489]
RKP_00500_00100_5_01.txt|100.0|0.07597269999999945|[127, 163, 179, 337, 426]
RKP_00500_00100_5_02.txt|100.0|0.07476190000000038|[10, 135, 487]
RKP_00500_00100_5_03.txt|100.0|0.0767363999999997|[1, 59, 155, 408]
RKP_00500_00100_5_04.txt|100.0|0.07657140000000062|[32, 102, 474]
RKP_00500_00100_5_05.txt|100.0|0.08018260000000055|[74, 100, 121]
RKP_00500_00100_5_06.txt|100.0|0.07817499999999988|[17, 72, 75, 105, 167]
RKP_00500_00100_5_07.txt|100.0|0.07555630000000058|[1, 81, 103, 166]
RKP_00500_00100_5_08.txt|100.0|0.07728559999999973|[60, 109, 480]
RKP_00500_00100_5_09.txt|100.0|0.0781130000000001|[1, 486]
RKP_00500_00100_5_10.txt|100.0|0.0762508000000004|[10, 15, 88, 426, 431]
RKP_01000_00100_1_01.txt|2150.0|0.16166969999999914|[2, 8, 10, 13, 19, 27, 36, 39, 40, 47, 48, 50, 51, 64, 67, 91, 97, 116, 123, 151, 222, 260, 261, 347, 432, 465, 531, 604, 646]
RKP_01000_00100_1_02.txt|2094.0|0.15763890000000025|[1, 2, 8, 9, 16, 30, 38, 49, 50, 64, 72, 81, 89, 108, 171, 182, 193, 195, 292, 294, 359, 486, 515, 519, 527, 557, 584, 694, 696, 754, 872]
RKP_01000_00100_1_03.txt|2051.0|0.19103479999999884|[1, 2, 3, 4, 16, 19, 32, 48, 50, 56, 65, 114, 116, 128, 145, 172, 174, 182, 199, 252, 326, 366, 498, 535, 725, 754, 800, 813, 869]
RKP_01000_00100_1_04.txt|2272.0|0.18022889999999947|[1, 2, 3, 5, 6, 12, 14, 20, 42, 44, 53, 63, 69, 75, 91, 151, 163, 165, 172, 184, 204, 247, 255, 277, 283, 402, 429, 566, 592, 726, 732, 733, 790, 857]
RKP_01000_00100_1_05.txt|2210.0|0.2108535000000007|[1, 12, 16, 26, 29, 37, 39, 41, 49, 69, 74, 75, 82, 89, 121, 123, 151, 159, 188, 207, 222, 299, 307, 553, 582, 635, 673, 696, 776, 865, 915, 1000]
RKP_01000_00100_1_06.txt|2439.0|0.13620120000000036|[1, 4, 6, 8, 10, 33, 37, 38, 44, 52, 55, 57, 58, 78, 99, 117, 120, 168, 176, 177, 210, 233, 242, 244, 250, 255, 265, 283, 349, 383, 442, 632, 645, 790, 993]
RKP_01000_00100_1_07.txt|2523.0|0.1766892999999996|[1, 2, 3, 7, 8, 12, 18, 19, 37, 49, 80, 86, 88, 90, 127, 128, 129, 130, 146, 170, 190, 204, 226, 342, 372, 382, 436, 440, 476, 484, 556, 627, 641, 874]
RKP_01000_00100_1_08.txt|2174.0|0.22485070000000107|[1, 4, 5, 6, 7, 10, 15, 16, 22, 26, 29, 68, 80, 111, 118, 145, 149, 183, 202, 212, 223, 242, 278, 294, 303, 356, 366, 390, 421, 422, 716, 780, 922]
RKP_01000_00100_1_09.txt|2123.0|0.17106669999999902|[1, 2, 14, 15, 17, 27, 31, 32, 36, 39, 48, 103, 108, 168, 170, 196, 213, 248, 262, 290, 427, 489, 513, 579, 672, 691, 782, 898, 925, 942]
RKP_01000_00100_1_10.txt|2490.0|0.17627600000000143|[1, 4, 8, 11, 19, 30, 37, 43, 50, 55, 76, 104, 111, 158, 159, 188, 198, 221, 253, 286, 295, 331, 368, 399, 439, 466, 491, 534, 618, 663, 669, 748, 754, 785, 805, 813, 968]
RKP_01000_00100_2_01.txt|270.0|0.12305459999999968|[3, 7, 12, 13, 16, 21, 24, 33, 41, 47, 73, 76, 185, 186, 209, 252, 253, 264, 361, 366, 374, 375, 380, 614, 690]
RKP_01000_00100_2_02.txt|267.0|0.11265320000000045|[3, 8, 23, 63, 69, 73, 84, 166, 179, 183, 202, 213, 311, 357, 375, 376, 385, 397, 410, 547, 583, 625, 782, 901, 954]
RKP_01000_00100_2_03.txt|317.0|0.12479369999999967|[5, 13, 33, 55, 58, 81, 84, 87, 97, 123, 124, 141, 171, 186, 187, 256, 282, 330, 335, 340, 347, 394, 404, 416, 417, 420, 746, 854, 928]
RKP_01000_00100_2_04.txt|271.0|0.14390189999999947|[1, 8, 21, 24, 35, 37, 49, 58, 60, 74, 94, 123, 130, 147, 207, 244, 428, 443, 504, 553, 698]
RKP_01000_00100_2_05.txt|255.0|0.11542019999999908|[2, 7, 11, 12, 30, 73, 84, 152, 162, 172, 214, 222, 236, 293, 299, 380, 420, 428, 462, 501, 512, 713, 742, 823, 846]
RKP_01000_00100_2_06.txt|308.0|0.1365368999999994|[1, 6, 8, 9, 24, 33, 48, 57, 122, 138, 152, 154, 185, 187, 233, 255, 259, 290, 322, 383, 399, 590, 602, 647, 805, 827, 858, 876]
RKP_01000_00100_2_07.txt|269.0|0.14421839999999975|[1, 2, 3, 7, 20, 61, 81, 173, 208, 284, 305, 378, 396, 444, 457, 480, 520, 531, 682, 731, 783, 796, 821, 950]
RKP_01000_00100_2_08.txt|299.0|0.11364369999999901|[1, 3, 7, 9, 10, 11, 21, 26, 39, 41, 44, 49, 54, 121, 129, 131, 171, 223, 250, 278, 294, 406, 414, 485, 573, 661, 862]
RKP_01000_00100_2_09.txt|266.0|0.13718889999999995|[1, 9, 13, 30, 31, 118, 127, 157, 176, 191, 205, 225, 235, 236, 348, 382, 411, 417, 436, 470, 573, 651, 656, 904, 982]
RKP_01000_00100_2_10.txt|287.0|0.14654329999999938|[1, 4, 5, 15, 30, 56, 58, 71, 78, 89, 122, 163, 164, 184, 191, 252, 273, 309, 314, 341, 409, 443, 521, 522, 548, 564, 579, 700, 710, 755]
RKP_01000_00100_3_01.txt|498.0|0.1622723999999991|[1, 2, 21, 22, 32, 49, 51, 55, 65, 69, 77, 83, 94, 133, 134, 157, 179, 186, 208, 240, 249, 322, 326, 337, 340, 348, 441, 456, 464, 537, 565, 567, 605, 659, 704, 763, 795, 857, 959, 962]
RKP_01000_00100_3_02.txt|490.0|0.11952340000000028|[1, 2, 3, 7, 9, 16, 18, 19, 24, 25, 31, 35, 37, 53, 56, 69, 70, 79, 94, 110, 120, 137, 138, 176, 216, 249, 286, 295, 300, 318, 381, 386, 533, 567, 586, 600, 644, 654, 978]
RKP_01000_00100_3_03.txt|488.0|0.12225429999999982|[1, 3, 13, 17, 22, 31, 54, 62, 74, 84, 89, 93, 99, 142, 170, 175, 180, 181, 184, 204, 222, 270, 321, 325, 378, 382, 392, 431, 443, 448, 530, 542, 625, 652, 692, 738, 797, 822, 836]
RKP_01000_00100_3_04.txt|487.0|0.11970080000000038|[1, 2, 3, 4, 5, 9, 10, 15, 16, 24, 29, 41, 42, 44, 62, 65, 83, 119, 142, 149, 161, 235, 274, 277, 293, 305, 389, 433, 449, 480, 527, 535, 558, 579, 639, 645, 657, 740, 786]
RKP_01000_00100_3_05.txt|425.0|0.13860459999999897|[1, 2, 5, 10, 21, 23, 24, 29, 31, 37, 46, 57, 85, 86, 100, 107, 108, 128, 141, 144, 145, 172, 183, 204, 308, 315, 460, 480, 630, 661, 674, 876, 910]
RKP_01000_00100_3_06.txt|460.0|0.1475162999999995|[1, 4, 5, 6, 7, 13, 14, 15, 16, 18, 22, 25, 28, 36, 37, 71, 98, 112, 129, 153, 158, 204, 207, 217, 224, 239, 242, 249, 278, 330, 347, 471, 543, 886, 901, 970]
RKP_01000_00100_3_07.txt|510.0|0.1366221999999997|[1, 2, 3, 4, 5, 8, 12, 16, 20, 23, 27, 31, 38, 53, 56, 62, 63, 96, 112, 124, 129, 161, 169, 190, 202, 204, 231, 282, 337, 354, 402, 407, 483, 583, 591, 605, 695, 750, 867, 888, 942]
RKP_01000_00100_3_08.txt|434.0|0.1284755999999998|[1, 2, 7, 9, 11, 33, 35, 53, 71, 89, 97, 118, 129, 130, 131, 145, 152, 179, 198, 233, 252, 257, 266, 292, 303, 340, 342, 472, 524, 591, 636, 655, 703, 883]
RKP_01000_00100_3_09.txt|450.0|0.11406509999999948|[1, 2, 3, 4, 6, 9, 16, 17, 26, 36, 47, 48, 77, 83, 126, 127, 141, 185, 202, 211, 216, 257, 318, 385, 403, 446, 471, 480, 578, 647, 758, 825, 871, 885, 930]
RKP_01000_00100_3_10.txt|480.0|0.12227239999999995|[1, 3, 5, 10, 12, 16, 18, 22, 35, 37, 46, 56, 61, 72, 103, 104, 106, 113, 122, 156, 169, 187, 227, 245, 247, 314, 319, 334, 439, 467, 524, 632, 677, 687, 729, 764, 799, 964]
RKP_01000_00100_4_01.txt|100.0|0.09558939999999971|[866]
RKP_01000_00100_4_02.txt|100.0|0.09365250000000103|[858]
RKP_01000_00100_4_03.txt|100.0|0.09658259999999963|[856]
RKP_01000_00100_4_04.txt|100.0|0.09645150000000058|[838]
RKP_01000_00100_4_05.txt|100.0|0.09492929999999866|[851]
RKP_01000_00100_4_06.txt|100.0|0.09522420000000054|[926]
RKP_01000_00100_4_07.txt|100.0|0.09742850000000125|[887]
RKP_01000_00100_4_08.txt|100.0|0.09905900000000045|[847]
RKP_01000_00100_4_09.txt|100.0|0.0961432000000002|[877]
RKP_01000_00100_4_10.txt|100.0|0.09475569999999855|[843]
RKP_01000_00100_5_01.txt|100.0|0.09786770000000011|[28, 790]
RKP_01000_00100_5_02.txt|100.0|0.09689450000000122|[1, 2, 6, 8, 14, 27, 28, 35, 44, 47, 115, 120, 128, 143, 158, 193, 197, 235, 245, 281, 298, 324, 473, 518, 586, 591, 658, 666, 693, 757, 760, 830, 847, 868, 902]
RKP_01000_00100_5_03.txt|100.0|0.09876940000000012|[29, 73, 78, 92, 133, 371, 388, 845]
RKP_01000_00100_5_04.txt|100.0|0.13076560000000015|[34, 113, 782]
RKP_01000_00100_5_05.txt|100.0|0.09932680000000005|[29, 60, 64, 102, 801]
RKP_01000_00100_5_06.txt|100.0|0.0971580000000003|[406, 718]
RKP_01000_00100_5_07.txt|100.0|0.10256260000000061|[23, 215, 337, 452, 895]
RKP_01000_00100_5_08.txt|100.0|0.0966357999999996|[1, 721]
RKP_01000_00100_5_09.txt|100.0|0.09992930000000122|[22, 36, 46, 84, 219, 949]
RKP_01000_00100_5_10.txt|100.0|0.10062710000000052|[117, 902]
RKP_05000_00100_1_01.txt|4705.0|0.5877686000000004|[1, 3, 4, 5, 7, 8, 9, 13, 20, 21, 22, 31, 49, 59, 68, 89, 99, 115, 116, 150, 155, 213, 302, 343, 465, 540, 553, 589, 642, 801, 847, 852, 904, 1021, 1181, 1207, 1213, 1268, 1275, 1277, 1373, 1406, 1482, 1485, 1568, 1700, 1723, 1731, 1839, 2003, 2091, 2106, 2398, 2478, 2505, 2548, 2556, 2692, 3411, 3645, 3733, 4536, 4545]
RKP_05000_00100_1_02.txt|4536.0|0.5892336|[2, 16, 18, 28, 31, 42, 44, 51, 57, 60, 73, 75, 99, 104, 130, 135, 151, 171, 174, 235, 275, 277, 301, 304, 338, 347, 350, 374, 420, 437, 448, 463, 501, 601, 716, 892, 1201, 1210, 1432, 1557, 1585, 1720, 1821, 1908, 1929, 2056, 2337, 2669, 2939, 3013, 3107, 3415, 3648, 3739, 4066, 4071, 4311, 4339, 4439, 4651]
RKP_05000_00100_1_03.txt|4530.0|0.5228491999999996|[1, 2, 5, 6, 7, 10, 22, 26, 27, 52, 81, 114, 136, 156, 193, 203, 207, 326, 350, 436, 591, 612, 793, 929, 961, 1020, 1035, 1044, 1066, 1069, 1154, 1171, 1237, 1283, 1355, 1363, 1417, 1550, 1588, 1634, 1880, 2382, 2442, 2646, 2797, 2939, 2992, 3005, 3036, 3127, 3261, 3382, 3471, 3686, 3801, 4053, 4396, 4436, 4798]
RKP_05000_00100_1_04.txt|4373.0|0.5533176999999974|[2, 5, 7, 16, 23, 26, 38, 41, 69, 78, 104, 131, 135, 147, 205, 233, 337, 378, 416, 444, 455, 557, 579, 651, 713, 792, 795, 868, 936, 979, 1048, 1173, 1210, 1367, 1521, 1527, 1633, 1675, 1764, 1814, 1931, 2030, 2304, 2528, 2565, 2594, 2831, 2859, 2934, 2940, 3006, 3053, 3064, 3085, 3198, 3225, 3336, 3474, 3503, 3605, 3644, 3703, 4248, 4280, 4320, 4470, 4914]
RKP_05000_00100_1_05.txt|4269.0|0.5683928999999992|[2, 4, 8, 14, 16, 20, 23, 30, 33, 38, 44, 53, 60, 64, 92, 101, 119, 158, 174, 230, 270, 288, 306, 317, 356, 427, 428, 507, 527, 541, 542, 644, 660, 667, 907, 977, 1088, 1169, 1249, 1309, 1432, 1433, 1510, 1759, 2097, 2347, 2549, 2850, 2922, 2995, 3160, 3454, 3856, 4002, 4179, 4251, 4588, 4630, 4969]
RKP_05000_00100_1_06.txt|4395.0|0.5620192999999993|[2, 3, 6, 7, 8, 9, 11, 14, 17, 18, 21, 25, 41, 44, 45, 55, 62, 71, 73, 108, 122, 131, 133, 139, 147, 152, 171, 208, 219, 238, 329, 377, 435, 457, 569, 645, 652, 745, 747, 807, 860, 866, 896, 912, 920, 1031, 1186, 1259, 1279, 1319, 1542, 1606, 1799, 2000, 2510, 2608, 3167, 3239, 3571, 3825]
RKP_05000_00100_1_07.txt|4869.0|0.5197071999999991|[1, 3, 4, 5, 11, 13, 30, 32, 54, 55, 79, 90, 97, 104, 118, 124, 155, 180, 188, 192, 204, 219, 244, 362, 451, 453, 457, 582, 646, 811, 876, 880, 930, 931, 991, 1149, 1187, 1199, 1222, 1299, 1401, 1437, 1477, 1674, 1758, 1762, 1827, 2037, 2041, 2085, 2207, 2367, 2438, 2591, 2883, 3111, 3162, 3167, 3370, 3419, 3473, 3484, 3566, 4252, 4639]
RKP_05000_00100_1_08.txt|4343.0|0.5772316999999987|[1, 6, 25, 29, 48, 52, 54, 82, 137, 154, 179, 183, 186, 215, 234, 260, 264, 266, 276, 288, 300, 341, 345, 441, 502, 538, 687, 739, 777, 779, 816, 820, 865, 906, 985, 1029, 1079, 1186, 1267, 1318, 1337, 1358, 1632, 1717, 1984, 2054, 2248, 2399, 2535, 2780, 2845, 2899, 2994, 3137, 3226, 3259, 3876, 3911, 3927, 4344, 4473, 4998]
RKP_05000_00100_1_09.txt|4260.0|0.5346502999999991|[2, 3, 6, 10, 30, 42, 43, 70, 74, 83, 90, 121, 178, 190, 230, 270, 307, 325, 329, 383, 423, 447, 463, 533, 588, 619, 635, 729, 786, 796, 816, 853, 987, 1184, 1260, 1309, 1363, 1387, 1427, 1441, 1736, 1769, 1856, 1869, 1945, 2349, 2596, 2807, 2965, 3051, 3556, 3572, 3697, 3759, 4135, 4156, 4220, 4341, 4424]
RKP_05000_00100_1_10.txt|4551.0|0.5835554999999992|[1, 2, 8, 13, 15, 20, 21, 25, 26, 43, 48, 60, 83, 111, 134, 143, 153, 176, 180, 189, 230, 304, 321, 352, 363, 429, 437, 445, 482, 484, 564, 612, 629, 654, 662, 714, 780, 805, 930, 952, 956, 1091, 1221, 1342, 1350, 1395, 1422, 1517, 1804, 2061, 2120, 2462, 2616, 2958, 3065, 3086, 3176, 3373, 3734, 4185, 4369, 4572, 4883]
RKP_05000_00100_2_01.txt|441.0|0.44978049999999925|[5, 40, 44, 68, 77, 110, 142, 144, 148, 220, 246, 540, 551, 626, 648, 736, 848, 868, 948, 1057, 1078, 1187, 1238, 1292, 1647, 1715, 1741, 1835, 1887, 2000, 2019, 2120, 2210, 2218, 2295, 2729, 2735, 2913, 2948, 3043, 3518, 3573, 4039, 4620, 4675]
RKP_05000_00100_2_02.txt|498.9999999999998|0.4165713000000011|[3, 4, 8, 10, 14, 15, 22, 29, 33, 35, 40, 73, 101, 103, 152, 275, 292, 298, 407, 455, 532, 536, 578, 656, 677, 763, 778, 871, 929, 1014, 1178, 1307, 1493, 1570, 1770, 1793, 1800, 1838, 2263, 2437, 2439, 2501, 2707, 2984, 2992, 3004, 3178, 3238, 3654, 3917, 4347, 4384, 4978]
RKP_05000_00100_2_03.txt|472.99999999999943|0.3998729999999995|[1, 4, 5, 6, 9, 12, 17, 22, 39, 82, 113, 185, 202, 242, 260, 388, 442, 524, 543, 592, 710, 711, 769, 798, 826, 839, 840, 842, 895, 1122, 1234, 1332, 1463, 1469, 1749, 1867, 1925, 2606, 2844, 2973, 3166, 3332, 3625, 3890, 3969, 4028, 4206, 4547, 4655, 4806, 4989]
RKP_05000_00100_2_04.txt|456.99999999999994|0.452822900000001|[1, 5, 12, 13, 31, 35, 45, 54, 67, 72, 87, 99, 109, 156, 168, 225, 283, 291, 355, 363, 387, 491, 506, 531, 674, 687, 752, 917, 950, 1107, 1138, 1139, 1415, 1551, 1565, 1633, 1864, 2042, 2052, 2100, 2299, 3028, 3108, 3153, 3572, 3585, 4139]
RKP_05000_00100_2_05.txt|477.0|0.41920939999999973|[22, 29, 51, 52, 69, 99, 167, 355, 370, 413, 426, 434, 452, 522, 612, 752, 797, 829, 879, 942, 984, 991, 1029, 1076, 1224, 1503, 1654, 1735, 1741, 1823, 1903, 2083, 2206, 2208, 2261, 2332, 2365, 2614, 2703, 2785, 3226, 3238, 3241, 3374, 3383, 3406, 3549, 3555, 3573, 3758]
RKP_05000_00100_2_06.txt|457.0|0.43985300000000294|[1, 3, 6, 8, 23, 33, 129, 135, 136, 182, 210, 222, 324, 326, 356, 367, 369, 437, 466, 639, 758, 816, 853, 926, 1025, 1109, 1208, 1288, 1383, 1433, 1581, 1688, 1917, 2039, 2040, 2044, 2075, 2118, 2148, 2322, 2408, 2453, 2974, 3081, 3184, 3347, 3682, 4405]
RKP_05000_00100_2_07.txt|480.0|0.4046850000000006|[1, 2, 3, 7, 11, 15, 43, 49, 55, 58, 71, 74, 79, 103, 105, 141, 169, 180, 183, 216, 235, 244, 260, 333, 373, 396, 429, 516, 595, 649, 689, 744, 938, 1063, 1389, 1949, 2108, 2164, 2246, 2323, 2332, 2419, 2528, 2641, 2751, 3229, 3555, 3866, 4183, 4327, 4507]
RKP_05000_00100_2_08.txt|451.0|0.4024819999999991|[1, 2, 7, 9, 11, 14, 15, 23, 24, 25, 41, 48, 79, 94, 98, 99, 152, 199, 291, 342, 367, 464, 524, 560, 621, 636, 671, 672, 735, 792, 953, 967, 1204, 1273, 1387, 1415, 1492, 1638, 1700, 2149, 2312, 2584, 2915, 3246, 3365, 3421, 3696, 4332, 4543, 4658]
RKP_05000_00100_2_09.txt|490.0|0.4146518999999991|[5, 6, 15, 18, 45, 61, 86, 88, 112, 142, 151, 218, 238, 244, 293, 294, 355, 392, 433, 574, 678, 796, 846, 955, 1008, 1149, 1203, 1331, 1335, 1338, 1397, 1617, 1679, 1818, 1873, 2179, 2196, 2213, 2318, 2352, 2365, 2520, 2692, 2953, 3113, 3890, 4070, 4171, 4480, 4778]
RKP_05000_00100_2_10.txt|456.0|0.40453890000000214|[19, 48, 72, 74, 78, 113, 120, 136, 163, 184, 210, 250, 253, 275, 291, 302, 315, 326, 373, 387, 477, 502, 660, 918, 935, 978, 1253, 1313, 1459, 1547, 1773, 1932, 2133, 2249, 2283, 2318, 2435, 2755, 2768, 2802, 3005, 3123, 3300, 3321, 4012, 4424, 4994]
RKP_05000_00100_3_01.txt|780.0|0.3499359999999996|[1, 2, 3, 8, 10, 11, 18, 48, 58, 69, 77, 80, 83, 97, 104, 109, 118, 135, 145, 224, 231, 242, 279, 288, 312, 322, 349, 361, 377, 395, 413, 465, 471, 504, 506, 530, 534, 588, 610, 661, 821, 900, 948, 995, 1006, 1096, 1187, 1192, 1232, 1272, 1363, 1556, 1702, 1725, 1733, 1768, 1994, 2190, 2608, 2691, 2768, 3252, 3272, 3292, 3674, 3675, 4195, 4562]
RKP_05000_00100_3_02.txt|870.0|0.3574362999999998|[1, 9, 11, 17, 22, 31, 38, 40, 54, 55, 93, 98, 132, 135, 145, 148, 167, 175, 203, 219, 272, 280, 301, 312, 313, 351, 355, 356, 365, 373, 392, 434, 452, 453, 472, 496, 512, 776, 856, 879, 973, 989, 1047, 1092, 1093, 1119, 1147, 1267, 1271, 1335, 1407, 1637, 1664, 1689, 1824, 1834, 1876, 2059, 2362, 2409, 2674, 2722, 2762, 2772, 2988, 3228, 3234, 3287, 3318, 3344, 3615, 3645, 4055, 4114, 4233, 4494, 4912]
RKP_05000_00100_3_03.txt|850.0|0.34333710000000295|[1, 5, 6, 15, 18, 20, 21, 27, 42, 52, 73, 76, 124, 129, 140, 156, 159, 192, 205, 258, 283, 341, 387, 397, 459, 520, 647, 690, 714, 780, 820, 894, 901, 914, 945, 963, 977, 979, 1058, 1109, 1175, 1226, 1256, 1304, 1305, 1347, 1409, 1487, 1525, 1558, 1672, 1712, 1732, 1847, 1888, 1890, 1941, 2351, 2659, 2676, 2858, 2962, 2984, 3115, 3260, 3566, 3663, 4254, 4440, 4520, 4528, 4547, 4563, 4874, 4968]
RKP_05000_00100_3_04.txt|860.0|0.3424617999999988|[1, 4, 5, 9, 11, 15, 16, 24, 28, 47, 48, 59, 68, 72, 98, 99, 100, 103, 122, 136, 205, 266, 298, 309, 318, 320, 325, 335, 364, 365, 375, 377, 446, 578, 688, 708, 759, 769, 770, 808, 898, 984, 1024, 1162, 1182, 1193, 1227, 1264, 1338, 1348, 1399, 1433, 1570, 1739, 1757, 1758, 1788, 1817, 1905, 2156, 2274, 2340, 2386, 2433, 2600, 2634, 2764, 2810, 2992, 3111, 3384, 3639, 3697, 3851, 4679, 4996]
RKP_05000_00100_3_05.txt|740.0|0.3715363000000025|[1, 7, 24, 32, 47, 52, 60, 79, 81, 109, 113, 122, 147, 206, 230, 235, 238, 292, 295, 304, 345, 362, 448, 486, 513, 563, 583, 588, 590, 614, 638, 669, 891, 905, 909, 936, 950, 973, 1088, 1491, 1529, 1668, 1760, 1810, 2040, 2337, 2456, 2471, 2596, 2671, 2714, 2859, 2877, 2928, 3114, 3492, 3753, 4063, 4073, 4074, 4110, 4207, 4398, 4423]
RKP_05000_00100_3_06.txt|840.0|0.3456969000000001|[1, 2, 4, 10, 12, 15, 24, 25, 26, 27, 29, 32, 58, 68, 79, 82, 103, 113, 119, 121, 179, 203, 207, 221, 248, 270, 278, 290, 413, 452, 460, 551, 564, 638, 683, 765, 787, 796, 838, 956, 1046, 1130, 1148, 1227, 1366, 1376, 1393, 1474, 1477, 1657, 1727, 1735, 1775, 1854, 1860, 1884, 2159, 2205, 2299, 2457, 2528, 2535, 2710, 2738, 2878, 2889, 2978, 3082, 3095, 3112, 3434, 3943, 4151, 4211]
RKP_05000_00100_3_07.txt|860.0|0.3741664|[1, 2, 9, 10, 14, 16, 18, 26, 29, 30, 77, 85, 89, 93, 99, 114, 166, 167, 169, 185, 189, 206, 211, 213, 222, 281, 304, 356, 362, 372, 416, 495, 500, 507, 523, 526, 549, 550, 566, 583, 607, 699, 719, 729, 750, 799, 812, 817, 876, 883, 890, 913, 1030, 1060, 1095, 1411, 1453, 1577, 1615, 1663, 1833, 1892, 1960, 2510, 2632, 2667, 2701, 3232, 3416, 3509, 3596, 3653, 4038, 4083, 4185, 4835]
RKP_05000_00100_3_08.txt|870.0|0.35434629999999956|[1, 2, 5, 6, 13, 17, 28, 36, 44, 47, 59, 89, 92, 97, 99, 129, 161, 169, 191, 215, 227, 273, 294, 328, 343, 346, 382, 428, 484, 491, 557, 563, 572, 645, 700, 925, 940, 1028, 1047, 1076, 1208, 1228, 1238, 1240, 1244, 1344, 1355, 1414, 1478, 1502, 1517, 1666, 1802, 1914, 1973, 2068, 2091, 2154, 2276, 2430, 2572, 2702, 3001, 3330, 3335, 3429, 3476, 3642, 3716, 3821, 4062, 4178, 4225, 4318, 4604, 4708, 4735]
RKP_05000_00100_3_09.txt|840.0|0.3211127000000005|[1, 2, 3, 4, 10, 18, 24, 40, 49, 55, 57, 63, 78, 94, 111, 137, 205, 217, 229, 262, 288, 307, 355, 409, 424, 466, 501, 579, 585, 600, 636, 696, 754, 789, 827, 839, 882, 981, 986, 1004, 1067, 1161, 1328, 1430, 1517, 1532, 1558, 1683, 1913, 1972, 2048, 2227, 2275, 2453, 2595, 2609, 2618, 2846, 2897, 2925, 3120, 3283, 3477, 3500, 3562, 3603, 3830, 3987, 4097, 4425, 4459, 4681, 4813, 4948]
RKP_05000_00100_3_10.txt|840.0|0.3690162999999984|[2, 4, 8, 11, 19, 22, 27, 30, 47, 50, 52, 63, 79, 109, 110, 113, 119, 138, 166, 173, 211, 216, 227, 236, 252, 283, 383, 438, 526, 540, 559, 627, 659, 685, 775, 860, 881, 1046, 1075, 1111, 1132, 1166, 1259, 1396, 1419, 1426, 1430, 1463, 1547, 1688, 1928, 1938, 1946, 2051, 2107, 2181, 2195, 2235, 2244, 2312, 2477, 2567, 2583, 2858, 2929, 2988, 3361, 3506, 3869, 3877, 3997, 4448, 4628, 4783]
RKP_05000_00100_4_01.txt|100.0|0.32632540000000176|[4990]
RKP_05000_00100_4_02.txt|100.0|0.3131674999999987|[4283]
RKP_05000_00100_4_03.txt|100.0|0.34961379999999664|[4960]
RKP_05000_00100_4_04.txt|100.0|0.34226770000000073|[4959]
RKP_05000_00100_4_05.txt|100.0|0.3176429999999968|[4948]
RKP_05000_00100_4_06.txt|100.0|0.35032209999999964|[4994]
RKP_05000_00100_4_07.txt|100.0|0.3232293000000013|[4211]
RKP_05000_00100_4_08.txt|100.0|0.317245800000002|[4967]
RKP_05000_00100_4_09.txt|100.0|0.34213389999999677|[4968]
RKP_05000_00100_4_10.txt|100.0|0.3216561999999996|[4974]
RKP_05000_00100_5_01.txt|100.0|0.3406924000000018|[76, 332, 1006, 1337, 2578, 4271]
RKP_05000_00100_5_02.txt|100.0|0.31566810000000345|[103, 485, 631, 1969]
RKP_05000_00100_5_03.txt|100.0|0.31557579999999774|[382, 1002, 3104]
RKP_05000_00100_5_04.txt|100.0|0.35995259999999973|[68, 69, 76, 520, 1225, 1480, 1489, 1584, 1709, 2687]
RKP_05000_00100_5_05.txt|100.0|0.32338490000000064|[227, 686, 1002]
RKP_05000_00100_5_06.txt|100.0|0.331081300000001|[78, 85, 157, 339, 371, 1028, 1747, 1830, 4525]
RKP_05000_00100_5_07.txt|100.0|0.36340490000000614|[965, 1002, 1989]
RKP_05000_00100_5_08.txt|100.0|0.32176169999999615|[24, 268, 338, 407, 424, 438, 613, 889, 1003, 1027, 1214, 1900, 2590, 2851, 3223, 3422, 3671]
RKP_05000_00100_5_09.txt|100.0|0.3212395999999984|[9, 22, 188, 688, 781, 1003, 1117, 2462, 3622]
RKP_05000_00100_5_10.txt|100.0|0.36284109999999714|[156, 959, 1006, 1047, 2724, 3026, 3338]
RKP_05000_01000_1_01.txt|57078.0|0.7838318000000015|[1, 2, 3, 5, 8, 13, 15, 16, 17, 18, 22, 23, 30, 33, 35, 53, 78, 82, 86, 96, 123, 151, 164, 212, 226, 252, 328, 334, 368, 379, 399, 424, 491, 511, 551, 661, 700, 732, 751, 778, 800, 866, 921, 969, 974, 991, 1034, 1145, 1196, 1214, 1232, 1233, 1387, 1431, 1591, 1724, 1742, 1756, 1775, 1810, 1841, 1858, 1919, 1928, 1979, 2077, 2187, 2254, 2266, 2481, 2567, 2629, 2777, 2814, 2874, 3144, 3256, 3282, 3485, 3534, 3791, 3799, 4129, 4223, 4479, 4971]
RKP_05000_01000_1_02.txt|59570.0|0.8003368999999978|[1, 3, 7, 10, 17, 22, 36, 39, 41, 65, 78, 84, 89, 96, 109, 130, 155, 165, 207, 222, 235, 236, 282, 293, 304, 337, 368, 406, 425, 464, 471, 506, 539, 588, 622, 646, 675, 681, 694, 728, 837, 917, 918, 965, 988, 1055, 1205, 1261, 1277, 1329, 1337, 1343, 1403, 1414, 1455, 1590, 1604, 1677, 1683, 1860, 1999, 2011, 2041, 2229, 2379, 2594, 2727, 2745, 2750, 2769, 2800, 2825, 2832, 2973, 3349, 3565, 3585, 3628, 3668, 3795, 3875, 4489, 4961]
RKP_05000_01000_1_03.txt|54835.0|0.7201810999999978|[1, 3, 13, 22, 24, 33, 60, 62, 67, 72, 76, 94, 114, 129, 135, 165, 174, 176, 186, 192, 248, 272, 339, 344, 400, 441, 479, 533, 649, 749, 810, 852, 882, 933, 940, 1006, 1027, 1039, 1146, 1150, 1219, 1262, 1339, 1364, 1415, 1475, 1478, 1483, 1534, 1614, 1719, 1815, 1822, 1854, 1979, 2016, 2080, 2125, 2161, 2201, 2314, 2468, 2471, 2682, 2688, 3194, 3232, 3276, 3392, 3682, 3835, 3920, 4104, 4191, 4193, 4216, 4283, 4640]
RKP_05000_01000_1_04.txt|57080.0|0.6894160000000014|[1, 2, 5, 6, 7, 8, 9, 10, 16, 24, 25, 33, 35, 49, 50, 52, 61, 64, 71, 105, 114, 132, 133, 135, 181, 189, 191, 210, 223, 238, 248, 270, 318, 351, 395, 413, 465, 482, 498, 522, 533, 546, 594, 670, 687, 716, 724, 794, 886, 952, 1021, 1074, 1107, 1142, 1174, 1218, 1275, 1311, 1416, 1450, 1546, 1597, 1689, 1901, 1916, 2023, 2047, 2060, 2320, 2470, 2550, 2580, 2649, 2999, 3023, 3051, 3055, 3271, 3926, 4232, 4277, 4329, 4397, 4624, 4775]
RKP_05000_01000_1_05.txt|56282.0|0.8657236000000026|[2, 4, 5, 8, 14, 19, 25, 46, 48, 65, 67, 69, 73, 85, 91, 93, 94, 97, 120, 130, 132, 157, 168, 201, 208, 254, 259, 267, 279, 330, 339, 349, 352, 385, 430, 467, 580, 593, 651, 667, 711, 816, 838, 903, 943, 985, 1012, 1023, 1049, 1093, 1142, 1150, 1155, 1162, 1227, 1316, 1319, 1320, 1321, 1411, 1418, 1474, 1588, 1606, 1607, 1649, 1883, 1893, 2004, 2069, 2256, 2271, 2350, 2360, 2397, 2547, 2786, 2819, 2834, 3067, 3468, 4053, 4096, 4118, 4204, 4385]
RKP_05000_01000_1_06.txt|56442.0|0.6455798000000001|[1, 2, 3, 4, 6, 8, 9, 10, 13, 42, 48, 51, 52, 60, 80, 90, 107, 157, 159, 163, 188, 192, 217, 224, 269, 288, 292, 297, 336, 337, 343, 399, 429, 498, 503, 594, 601, 616, 646, 656, 684, 687, 691, 697, 721, 736, 883, 894, 943, 998, 1002, 1040, 1062, 1097, 1145, 1192, 1242, 1305, 1368, 1494, 1511, 1530, 1662, 1689, 1720, 1879, 1910, 1916, 2012, 2025, 2048, 2050, 2168, 2195, 2442, 2483, 2517, 2633, 2857, 2865, 2925, 2967, 3076, 3109, 3846, 4183, 4603, 4793]
RKP_05000_01000_1_07.txt|52960.0|0.6809226000000024|[1, 2, 8, 15, 21, 23, 27, 38, 44, 46, 65, 77, 84, 91, 94, 119, 130, 161, 188, 198, 204, 213, 226, 241, 386, 393, 421, 424, 453, 522, 523, 568, 569, 577, 608, 616, 628, 640, 651, 666, 753, 795, 848, 957, 985, 993, 1047, 1052, 1175, 1178, 1346, 1359, 1378, 1449, 1489, 1605, 1607, 1645, 1666, 1697, 1741, 1764, 1865, 1904, 2001, 2087, 2145, 2235, 2245, 2593, 2669, 2984, 3438, 3455, 4009, 4078, 4242, 4471]
RKP_05000_01000_1_08.txt|55002.0|0.7360319000000004|[1, 3, 7, 10, 12, 15, 20, 24, 26, 29, 32, 39, 43, 52, 66, 75, 81, 89, 109, 115, 117, 118, 140, 151, 190, 207, 217, 235, 244, 279, 389, 411, 419, 427, 430, 488, 527, 529, 531, 534, 548, 575, 651, 670, 738, 785, 849, 890, 892, 952, 1088, 1138, 1275, 1344, 1391, 1485, 1487, 1574, 2070, 2099, 2110, 2356, 2382, 2528, 2585, 2723, 2841, 3288, 3318, 3323, 3437, 3788, 3908, 3925, 3937, 4497, 4666]
RKP_05000_01000_1_09.txt|56151.0|0.7071573999999998|[1, 2, 3, 4, 6, 7, 17, 18, 25, 27, 29, 32, 39, 47, 49, 51, 73, 91, 94, 101, 104, 106, 128, 136, 153, 157, 163, 190, 191, 302, 320, 342, 359, 364, 377, 390, 427, 473, 562, 563, 684, 714, 844, 883, 996, 998, 1113, 1242, 1337, 1362, 1366, 1401, 1414, 1434, 1481, 1495, 1509, 1579, 1679, 1714, 1761, 1788, 1854, 1911, 2012, 2239, 2246, 2328, 2364, 2381, 2399, 2651, 2844, 3156, 3179, 3245, 3448, 3556, 3644, 3744, 3900, 3964, 4115]
RKP_05000_01000_1_10.txt|61050.0|0.7157750000000007|[1, 2, 4, 9, 11, 17, 28, 33, 38, 43, 47, 49, 80, 100, 103, 104, 129, 152, 161, 180, 187, 193, 198, 212, 220, 245, 261, 286, 359, 384, 461, 464, 472, 486, 495, 500, 528, 582, 604, 634, 740, 785, 807, 813, 839, 844, 888, 904, 1044, 1076, 1095, 1253, 1284, 1313, 1350, 1361, 1413, 1423, 1430, 1436, 1476, 1479, 1553, 1636, 1640, 1680, 1686, 1731, 1817, 1914, 1934, 2153, 2184, 2216, 2309, 2541, 2544, 2560, 2608, 2671, 2698, 2753, 2768, 2867, 3309, 3687, 3836, 4036, 4698, 4815]
RKP_05000_01000_2_01.txt|4555.0|1.018417399999997|[2, 7, 12, 22, 23, 28, 32, 38, 81, 88, 103, 115, 147, 153, 176, 265, 309, 339, 352, 395, 413, 483, 541, 604, 687, 724, 761, 947, 951, 997, 1011, 1046, 1100, 1173, 1473, 1487, 1641, 1730, 1844, 1898, 2000, 2057, 2281, 2351, 2400, 2569, 2581, 2671, 3060, 3395, 3919, 4166, 4493, 4598]
RKP_05000_01000_2_02.txt|4801.0|0.959177700000005|[1, 2, 3, 20, 44, 51, 62, 76, 78, 79, 88, 94, 126, 139, 214, 279, 299, 311, 317, 365, 379, 462, 471, 491, 545, 653, 667, 820, 862, 946, 964, 1045, 1049, 1068, 1189, 1196, 1294, 1503, 1577, 1693, 1739, 1812, 1856, 1964, 2213, 2259, 2308, 2419, 2515, 2537, 2581, 2682, 2933, 2983, 3024, 3342, 4977]
RKP_05000_01000_2_03.txt|4753.0|1.052297699999997|[15, 51, 63, 69, 86, 88, 104, 106, 118, 131, 155, 171, 177, 217, 235, 286, 305, 308, 341, 350, 375, 414, 465, 477, 507, 655, 726, 858, 862, 942, 1002, 1132, 1256, 1354, 1676, 1732, 2182, 2340, 2548, 2610, 2617, 2930, 3087, 3180, 3343, 3351, 3416, 3540, 3822, 3938, 4457, 4964]
RKP_05000_01000_2_04.txt|5186.0|1.0555018999999959|[1, 3, 7, 17, 19, 22, 51, 54, 59, 63, 82, 84, 153, 183, 247, 302, 348, 371, 400, 509, 545, 547, 557, 585, 662, 667, 703, 758, 768, 916, 1065, 1086, 1100, 1136, 1209, 1210, 1319, 1398, 1412, 1539, 1672, 1740, 1799, 1906, 1989, 2237, 2242, 2245, 2249, 2408, 2518, 2928, 2989, 3183, 3498, 3530, 3872, 4236, 4424, 4454]
RKP_05000_01000_2_05.txt|4643.0|1.1162033000000022|[3, 5, 8, 10, 12, 16, 23, 30, 33, 34, 70, 80, 156, 187, 201, 204, 260, 269, 273, 290, 306, 324, 344, 360, 390, 420, 427, 478, 526, 734, 737, 784, 807, 876, 957, 1052, 1064, 1132, 1158, 1223, 1256, 1269, 1335, 1424, 1576, 1672, 1680, 1762, 1839, 2513, 2686, 2943, 3321, 4215, 4333, 4485]
RKP_05000_01000_2_06.txt|4766.0|0.9915345000000002|[1, 2, 10, 27, 30, 59, 61, 94, 105, 109, 114, 138, 152, 154, 159, 242, 252, 282, 328, 336, 344, 386, 464, 473, 481, 670, 672, 683, 707, 714, 739, 793, 862, 900, 925, 1064, 1134, 1369, 1477, 1569, 1619, 1746, 1852, 1898, 1933, 1948, 1991, 2201, 2282, 2287, 2476, 2484, 2638, 2690, 3111, 4131, 4545, 4951]
RKP_05000_01000_2_07.txt|5127.0|1.006551899999998|[1, 5, 11, 12, 33, 44, 105, 157, 199, 207, 212, 228, 238, 257, 294, 368, 387, 516, 751, 759, 771, 772, 909, 1123, 1139, 1231, 1265, 1309, 1425, 1437, 1461, 1552, 1593, 1625, 1643, 1702, 1811, 1886, 1902, 1935, 1945, 1976, 2206, 2233, 2241, 2282, 2341, 2446, 2461, 2608, 2843, 2864, 3085, 3129, 3147, 3196, 3275, 3507, 3882, 4279, 4453, 4495]
RKP_05000_01000_2_08.txt|4936.0|1.0534871000000052|[6, 14, 17, 30, 44, 59, 78, 108, 114, 137, 174, 200, 201, 213, 236, 242, 264, 298, 312, 362, 371, 385, 397, 473, 580, 634, 660, 677, 747, 823, 846, 901, 955, 972, 1016, 1067, 1114, 1156, 1184, 1314, 1499, 1664, 1783, 1924, 2133, 2399, 2632, 2683, 2808, 2941, 3148, 3191, 3385, 3857, 4386]
RKP_05000_01000_2_09.txt|4812.0|1.0796918000000062|[2, 3, 4, 10, 13, 15, 22, 25, 36, 44, 63, 118, 128, 175, 247, 310, 377, 379, 408, 419, 536, 561, 579, 677, 784, 821, 897, 935, 997, 1132, 1226, 1259, 1428, 1556, 1583, 1587, 1627, 1786, 1967, 1992, 2005, 2037, 2094, 2140, 2317, 2637, 2789, 2887, 3113, 3297, 3478, 3583, 3974, 4669, 4691]
RKP_05000_01000_2_10.txt|4568.0|1.0196844000000027|[9, 15, 18, 19, 25, 29, 36, 74, 82, 95, 99, 137, 149, 191, 227, 294, 305, 337, 351, 420, 555, 587, 749, 880, 899, 922, 939, 941, 1011, 1049, 1175, 1176, 1303, 1314, 1416, 1491, 1494, 1502, 1523, 1619, 1686, 1745, 1858, 1926, 2034, 2318, 2559, 2998, 3163, 3584, 3712, 3887, 4015, 4050, 4057, 4084, 4267, 4809]
RKP_05000_01000_3_01.txt|9780.0|0.45456869999999583|[1, 2, 12, 13, 15, 16, 21, 23, 34, 37, 40, 45, 46, 47, 53, 60, 72, 77, 97, 108, 112, 114, 119, 132, 140, 150, 176, 207, 237, 241, 274, 276, 284, 305, 372, 381, 384, 387, 398, 455, 550, 553, 562, 604, 623, 632, 688, 728, 749, 757, 917, 951, 996, 1038, 1047, 1081, 1087, 1139, 1140, 1198, 1365, 1369, 1382, 1600, 1615, 1698, 1779, 1894, 1958, 2056, 2178, 2241, 2250, 2416, 2429, 2461, 2640, 2748, 2783, 2794, 2851, 2874, 3246, 3421, 3591, 3683, 4101, 4452]
RKP_05000_01000_3_02.txt|10462.0|0.5043461000000065|[1, 2, 4, 13, 25, 28, 33, 38, 39, 40, 41, 66, 68, 71, 90, 107, 111, 116, 129, 130, 140, 169, 209, 214, 230, 263, 295, 303, 304, 305, 345, 379, 425, 436, 445, 446, 448, 542, 562, 595, 609, 624, 646, 718, 759, 849, 878, 883, 892, 931, 953, 1020, 1041, 1046, 1083, 1087, 1117, 1161, 1174, 1193, 1240, 1334, 1436, 1486, 1488, 1499, 1885, 1908, 2067, 2080, 2113, 2215, 2330, 2425, 2565, 2667, 2704, 2772, 2808, 2853, 2933, 2953, 2978, 2989, 2998, 3041, 3308, 3393, 3546, 3750, 3832, 4134, 4419, 4507, 4719]
RKP_05000_01000_3_03.txt|10994.0|0.49077510000000046|[1, 2, 3, 4, 5, 6, 11, 22, 26, 36, 38, 97, 115, 129, 153, 156, 158, 163, 190, 199, 200, 214, 215, 221, 239, 246, 286, 308, 330, 339, 360, 377, 399, 439, 452, 465, 480, 544, 568, 592, 609, 621, 652, 709, 710, 765, 794, 839, 856, 879, 881, 907, 952, 975, 989, 1022, 1041, 1077, 1082, 1164, 1222, 1231, 1360, 1465, 1498, 1523, 1533, 1559, 1605, 1663, 1733, 1767, 1874, 1926, 2034, 2087, 2202, 2319, 2386, 2613, 2901, 2957, 3166, 3239, 3273, 3477, 3545, 3722, 3910, 3928, 4041, 4084, 4149, 4215, 4329, 4338, 4529, 4671, 4695, 4813]
RKP_05000_01000_3_04.txt|10862.0|0.4813305999999997|[1, 4, 5, 6, 7, 9, 13, 17, 18, 25, 27, 29, 58, 63, 70, 82, 89, 94, 111, 132, 142, 175, 198, 205, 206, 225, 258, 261, 263, 277, 306, 321, 337, 360, 400, 448, 472, 495, 548, 568, 574, 610, 619, 648, 657, 680, 709, 730, 747, 784, 827, 864, 962, 977, 989, 1049, 1064, 1080, 1165, 1226, 1276, 1309, 1322, 1396, 1398, 1493, 1557, 1589, 1768, 1786, 1801, 1852, 1872, 1907, 1912, 1996, 2115, 2150, 2372, 2516, 2541, 2568, 2575, 2593, 2601, 2747, 2857, 2865, 2868, 2871, 3197, 3274, 3330, 3448, 3523, 3612, 4042, 4440, 4880]
RKP_05000_01000_3_05.txt|10290.0|0.5264839999999964|[1, 2, 3, 6, 7, 8, 10, 11, 16, 19, 25, 26, 29, 32, 34, 37, 48, 49, 56, 70, 112, 122, 143, 162, 169, 183, 184, 212, 219, 256, 283, 285, 296, 335, 344, 348, 358, 486, 491, 501, 513, 555, 620, 638, 658, 692, 708, 748, 768, 814, 912, 985, 998, 1033, 1060, 1069, 1090, 1259, 1263, 1292, 1305, 1516, 1552, 1588, 1619, 1759, 1770, 1859, 1909, 2077, 2123, 2298, 2447, 2460, 2610, 2615, 2634, 2730, 2744, 2920, 2970, 3055, 3106, 3167, 3258, 3439, 3440, 3469, 3558, 3584, 3635, 4338, 4405]
RKP_05000_01000_3_06.txt|10595.0|0.479584899999999|[1, 2, 4, 6, 7, 12, 16, 37, 41, 45, 46, 55, 71, 76, 82, 85, 86, 94, 102, 119, 124, 135, 141, 165, 184, 193, 206, 213, 219, 227, 249, 265, 276, 286, 288, 345, 350, 368, 404, 418, 431, 469, 488, 490, 573, 603, 607, 623, 665, 686, 702, 734, 760, 801, 813, 839, 859, 889, 900, 931, 946, 1030, 1035, 1119, 1212, 1281, 1296, 1359, 1466, 1522, 1551, 1610, 1640, 1697, 1917, 1978, 1991, 2138, 2251, 2623, 2741, 2756, 2799, 3095, 3214, 3264, 3324, 3390, 3433, 3533, 4000, 4258, 4315, 4322, 4808, 4911]
RKP_05000_01000_3_07.txt|10477.0|0.4721881000000039|[1, 2, 3, 5, 6, 8, 11, 13, 18, 29, 31, 36, 60, 73, 75, 76, 79, 84, 94, 100, 113, 125, 194, 214, 216, 218, 220, 221, 251, 291, 293, 360, 370, 393, 398, 413, 422, 427, 462, 477, 487, 527, 539, 593, 608, 640, 658, 714, 762, 827, 849, 884, 891, 896, 991, 1003, 1044, 1055, 1066, 1090, 1123, 1173, 1179, 1262, 1470, 1544, 1564, 1709, 1783, 1789, 1792, 1998, 2104, 2111, 2357, 2360, 2448, 2716, 2900, 2966, 3085, 3135, 3146, 3402, 3438, 3609, 3628, 3716, 3731, 3836, 3854, 4131, 4233, 4456, 4659]
RKP_05000_01000_3_08.txt|10466.0|0.4838665999999989|[1, 2, 3, 4, 6, 7, 14, 20, 22, 28, 30, 34, 35, 36, 73, 77, 80, 82, 122, 126, 134, 152, 154, 162, 213, 217, 226, 250, 260, 264, 270, 279, 295, 301, 331, 394, 474, 489, 525, 556, 654, 656, 660, 675, 686, 707, 725, 883, 895, 901, 911, 953, 1009, 1014, 1036, 1050, 1077, 1117, 1134, 1135, 1273, 1364, 1502, 1513, 1588, 1733, 1770, 1810, 1967, 1970, 1976, 2019, 2025, 2088, 2364, 2402, 2484, 2858, 2977, 3017, 3087, 3214, 3237, 3284, 3396, 3445, 3557, 3571, 3808, 4022, 4192, 4463, 4487, 4767, 4779]
RKP_05000_01000_3_09.txt|9983.0|0.46266709999999733|[1, 2, 4, 8, 9, 13, 14, 26, 40, 42, 51, 57, 61, 73, 77, 81, 83, 86, 87, 99, 106, 111, 136, 152, 159, 193, 207, 222, 237, 242, 252, 281, 310, 354, 376, 384, 412, 426, 453, 462, 492, 494, 556, 655, 661, 664, 671, 751, 760, 786, 797, 830, 852, 886, 931, 995, 1040, 1148, 1189, 1313, 1322, 1471, 1488, 1684, 1872, 1978, 2024, 2051, 2055, 2287, 2401, 2486, 2497, 2511, 2577, 2621, 2657, 2706, 2941, 3020, 3256, 3392, 3443, 3538, 3572, 3618, 3868, 4136, 4292, 4818]
RKP_05000_01000_3_10.txt|10484.0|0.5050610999999989|[1, 2, 3, 5, 6, 14, 16, 25, 33, 50, 52, 62, 66, 69, 73, 112, 119, 145, 191, 194, 196, 218, 219, 223, 235, 270, 272, 275, 287, 305, 308, 312, 343, 353, 360, 369, 393, 400, 413, 417, 446, 479, 502, 627, 692, 781, 789, 808, 811, 876, 907, 944, 1019, 1093, 1097, 1125, 1184, 1279, 1329, 1343, 1498, 1530, 1621, 1785, 1803, 1847, 1854, 2139, 2189, 2213, 2224, 2322, 2611, 2749, 2764, 2813, 2894, 2915, 2940, 3064, 3127, 3150, 3234, 3240, 3251, 3435, 3589, 3788, 3879, 4052, 4227, 4466, 4631, 4747, 4788]
RKP_05000_01000_4_01.txt|1000.0|0.39284619999999393|[4615]
RKP_05000_01000_4_02.txt|1000.0|0.4017856999999978|[4971]
RKP_05000_01000_4_03.txt|1000.0|0.4219745000000046|[4966]
RKP_05000_01000_4_04.txt|1000.0|0.4112799000000038|[4559]
RKP_05000_01000_4_05.txt|1000.0|0.3923508999999967|[4959]
RKP_05000_01000_4_06.txt|1000.0|0.4593391000000011|[4578]
RKP_05000_01000_4_07.txt|1000.0|0.3900786000000025|[4493]
RKP_05000_01000_4_08.txt|1000.0|0.3833468999999994|[4472]
RKP_05000_01000_4_09.txt|1000.0|0.4398380999999958|[4975]
RKP_05000_01000_4_10.txt|1000.0|0.38445620000000247|[4469]
RKP_05000_01000_5_01.txt|1000.0|0.45554909999999893|[105, 593, 992, 1000, 1290, 1665]
RKP_05000_01000_5_02.txt|1000.0|0.4405877000000018|[184, 411, 1954, 2087]
RKP_05000_01000_5_03.txt|1000.0|0.4172598999999977|[3, 11, 93, 184, 192, 304, 357, 790, 1130, 1236, 1240, 1421]
RKP_05000_01000_5_04.txt|1000.0|0.4480737000000019|[58, 100, 924, 3391]
RKP_05000_01000_5_05.txt|1000.0|0.41555909999999585|[89, 96, 558, 1008, 1113, 1116, 1227, 1274, 1652, 1899, 3172]
RKP_05000_01000_5_06.txt|1000.0|0.42088420000000326|[207, 389, 1001, 1026, 2050, 2452]
RKP_05000_01000_5_07.txt|1000.0|0.46081650000000707|[352, 575, 756, 995, 1107, 1445, 1731, 2800, 4016]
RKP_05000_01000_5_08.txt|1000.0|0.40908969999999556|[1, 568, 993, 1092, 1109, 1121, 1125, 3652]
RKP_05000_01000_5_09.txt|1000.0|0.434517299999996|[1234, 1663, 2256, 2308, 2373]
RKP_05000_01000_5_10.txt|1000.0|0.4705711000000008|[928, 1443, 2205, 2656, 3241]
RKP_05000_05000_1_01.txt|267441.0|0.8529984999999982|[2, 3, 4, 8, 25, 33, 36, 40, 41, 47, 74, 75, 78, 94, 96, 100, 127, 134, 149, 168, 174, 206, 226, 234, 239, 248, 254, 255, 263, 274, 279, 290, 358, 477, 496, 498, 522, 562, 601, 604, 688, 747, 798, 809, 826, 901, 1034, 1083, 1200, 1201, 1231, 1247, 1260, 1270, 1286, 1305, 1416, 1437, 1543, 1595, 1674, 1685, 1939, 2195, 2321, 2685, 2896, 2945, 2997, 3113, 3266, 3721, 3813, 4077, 4308, 4777, 4810]
RKP_05000_05000_1_02.txt|316625.0|0.7584932999999978|[1, 2, 4, 8, 9, 10, 14, 18, 21, 24, 45, 55, 59, 89, 104, 113, 117, 126, 141, 213, 231, 238, 240, 258, 269, 297, 310, 334, 341, 349, 361, 378, 396, 444, 470, 474, 537, 668, 669, 712, 785, 787, 805, 814, 876, 903, 1005, 1041, 1044, 1069, 1075, 1089, 1107, 1115, 1152, 1266, 1309, 1374, 1434, 1459, 1556, 1722, 1786, 1855, 1870, 1979, 2039, 2174, 2177, 2306, 2501, 2667, 2706, 3059, 3588, 3696, 3754, 3842, 3886, 3921, 3940, 4013, 4074, 4197, 4382, 4402, 4712, 4832]
RKP_05000_05000_1_03.txt|293579.0|0.7376275999999962|[1, 2, 5, 7, 8, 18, 22, 25, 39, 46, 62, 78, 80, 110, 115, 133, 206, 231, 233, 246, 249, 297, 318, 339, 353, 393, 399, 426, 429, 435, 451, 481, 482, 504, 557, 582, 586, 645, 651, 692, 811, 908, 960, 1083, 1098, 1099, 1108, 1115, 1212, 1227, 1235, 1236, 1261, 1265, 1309, 1374, 1414, 1441, 1477, 1594, 1775, 2124, 2264, 2438, 2615, 2630, 2760, 2859, 3154, 3247, 3414, 3417, 3443, 3490, 3493, 3512, 3593, 3843, 4284, 4374, 4414]
RKP_05000_05000_1_04.txt|305162.0|0.7514268000000044|[1, 3, 5, 9, 12, 24, 25, 34, 38, 50, 75, 76, 81, 85, 90, 96, 105, 135, 145, 148, 169, 173, 189, 197, 202, 222, 226, 240, 291, 299, 318, 326, 332, 333, 368, 376, 387, 390, 408, 417, 422, 468, 484, 557, 559, 675, 778, 787, 814, 831, 935, 1072, 1389, 1417, 1418, 1677, 1753, 1758, 1859, 1875, 1938, 2003, 2013, 2017, 2051, 2061, 2312, 2328, 2372, 2553, 2581, 2584, 2813, 2991, 3059, 3260, 3305, 3410, 3431, 3547, 3568, 3651, 3652, 3802, 3813, 3850, 4172, 4260, 4286, 4384, 4668, 4715]
RKP_05000_05000_1_05.txt|306072.0|0.7674816000000106|[1, 2, 3, 7, 8, 20, 22, 23, 26, 31, 32, 33, 38, 43, 46, 55, 62, 127, 130, 139, 143, 146, 148, 153, 167, 210, 214, 227, 245, 261, 301, 348, 378, 403, 459, 463, 518, 559, 582, 663, 677, 694, 838, 923, 950, 992, 1016, 1088, 1098, 1221, 1281, 1372, 1432, 1460, 1483, 1492, 1521, 1642, 1662, 1668, 1690, 1692, 1887, 1929, 1993, 2025, 2045, 2118, 2138, 2309, 2352, 2411, 2427, 2467, 2579, 2657, 2703, 2732, 2804, 2910, 3024, 3175, 3186, 3722, 3813, 3873, 4108, 4208, 4301, 4354, 4789, 4846]
RKP_05000_05000_1_06.txt|277369.0|0.7562513000000024|[2, 7, 8, 18, 20, 23, 40, 43, 64, 66, 71, 76, 82, 85, 87, 113, 120, 122, 236, 243, 274, 275, 299, 333, 338, 347, 363, 378, 407, 427, 445, 514, 523, 538, 568, 581, 608, 613, 621, 649, 651, 693, 707, 715, 754, 813, 830, 850, 925, 956, 1041, 1054, 1065, 1154, 1227, 1305, 1308, 1374, 1428, 1671, 1730, 1855, 1927, 1981, 2048, 2132, 2204, 2210, 2228, 2309, 2386, 2509, 2592, 2646, 2701, 2729, 2949, 3104, 3361, 3613, 3938, 3978, 4076, 4540, 4561, 4692]
RKP_05000_05000_1_07.txt|255801.0|0.8070685999999938|[1, 2, 3, 4, 7, 8, 15, 16, 29, 30, 31, 44, 79, 83, 109, 119, 121, 137, 153, 175, 182, 187, 190, 215, 230, 233, 237, 248, 249, 287, 294, 303, 346, 380, 381, 413, 457, 478, 507, 529, 536, 575, 667, 690, 730, 739, 768, 785, 829, 864, 916, 1019, 1228, 1246, 1263, 1267, 1315, 1375, 1406, 1520, 1616, 1804, 1820, 1849, 1894, 1897, 2162, 2273, 2529, 2688, 2725, 2854, 3045, 3888, 3965, 4149, 4225, 4260, 4664, 4751]
RKP_05000_05000_1_08.txt|261108.0|0.8066966999999892|[2, 3, 5, 7, 16, 30, 38, 41, 51, 91, 95, 97, 115, 122, 124, 137, 138, 140, 156, 171, 192, 232, 253, 262, 275, 303, 314, 342, 363, 367, 371, 402, 451, 453, 471, 523, 528, 560, 596, 669, 674, 706, 764, 836, 850, 878, 902, 949, 984, 1167, 1179, 1247, 1421, 1546, 1549, 1552, 1678, 1737, 1941, 2042, 2047, 2285, 2312, 2428, 2525, 2536, 2600, 2643, 2681, 2805, 2813, 3599, 3666, 3744, 3792, 3998, 4080, 4186, 4195, 4393, 4527, 4934]
RKP_05000_05000_1_09.txt|289405.0|0.8125603999999953|[1, 2, 3, 5, 6, 12, 14, 17, 42, 52, 55, 66, 76, 77, 99, 113, 114, 126, 139, 151, 160, 170, 176, 179, 196, 221, 234, 282, 299, 312, 325, 339, 376, 380, 382, 385, 404, 438, 448, 460, 475, 492, 537, 542, 544, 563, 565, 632, 682, 701, 726, 820, 871, 921, 1006, 1064, 1078, 1114, 1126, 1227, 1245, 1254, 1314, 1350, 1355, 1416, 1458, 1466, 1480, 1592, 1594, 1596, 1635, 1788, 1808, 1917, 1979, 2016, 2143, 2450, 2497, 2554, 2593, 2636, 2834, 3197, 4248, 4486, 4489, 4615]
RKP_05000_05000_1_10.txt|249159.0|0.7750118000000015|[2, 7, 10, 14, 18, 24, 38, 60, 89, 98, 131, 144, 153, 185, 278, 286, 380, 414, 454, 467, 470, 472, 659, 724, 756, 803, 862, 863, 867, 909, 959, 981, 1015, 1209, 1340, 1402, 1479, 1504, 1609, 1652, 1725, 1766, 1930, 1986, 2050, 2151, 2281, 2306, 2498, 2504, 2580, 2607, 2629, 2641, 2786, 2810, 2870, 2942, 3067, 3078, 3101, 3198, 3229, 3261, 3450, 3471, 3696, 4380, 4532]
RKP_05000_05000_2_01.txt|24440.0|1.1674869999999942|[1, 8, 18, 19, 20, 21, 32, 49, 52, 70, 93, 106, 235, 250, 279, 293, 319, 335, 411, 475, 515, 579, 690, 748, 750, 866, 937, 953, 986, 1045, 1059, 1155, 1292, 1308, 1367, 1482, 1497, 1505, 1665, 1784, 1885, 1937, 2113, 2236, 2251, 2458, 2687, 2937, 3403, 3667, 3722, 3808, 3883, 3938, 4544, 4844]
RKP_05000_05000_2_02.txt|21436.0|1.0499453000000045|[5, 14, 15, 28, 56, 79, 91, 96, 105, 106, 131, 161, 191, 208, 220, 294, 485, 530, 563, 582, 696, 710, 722, 762, 836, 1026, 1058, 1069, 1171, 1172, 1287, 1649, 1714, 2060, 2069, 2142, 2162, 2244, 2272, 2429, 2839, 3100, 3355, 3515, 3641, 3796, 3813, 3984, 4007]
RKP_05000_05000_2_03.txt|21291.0|1.0971905000000106|[1, 4, 13, 21, 38, 41, 44, 45, 64, 94, 128, 146, 177, 216, 306, 338, 375, 387, 394, 441, 465, 477, 502, 544, 582, 583, 659, 729, 783, 812, 966, 983, 1207, 1212, 1269, 1422, 1429, 1432, 1998, 2224, 2272, 2512, 2790, 3090, 3368, 3428, 3630, 3839, 3957, 4235, 4565, 4939]
RKP_05000_05000_2_04.txt|27425.0|1.022210599999994|[1, 2, 4, 20, 21, 23, 37, 43, 47, 49, 60, 71, 77, 78, 82, 115, 122, 126, 131, 147, 154, 165, 187, 238, 262, 264, 307, 314, 346, 372, 406, 455, 491, 554, 583, 625, 637, 655, 693, 769, 832, 846, 862, 893, 1124, 1223, 1335, 1412, 1508, 1519, 1586, 1606, 1748, 1770, 2093, 2293, 2308, 2319, 2343, 2382, 2632, 2705, 2773, 3212, 3257, 3288, 3593, 3735]
RKP_05000_05000_2_05.txt|24295.0|1.1088225000000023|[5, 8, 9, 13, 34, 66, 70, 103, 113, 128, 145, 163, 167, 220, 317, 350, 370, 481, 501, 513, 551, 595, 606, 626, 662, 734, 858, 874, 932, 962, 976, 1011, 1022, 1034, 1103, 1153, 1232, 1242, 1260, 1394, 1489, 1503, 1588, 1768, 1813, 2057, 2060, 2493, 2569, 2678, 2694, 2906, 3798, 4092, 4182, 4330, 4410, 4902]
RKP_05000_05000_2_06.txt|21609.0|1.0777128999999945|[8, 17, 30, 43, 74, 136, 303, 326, 356, 370, 373, 411, 437, 449, 523, 526, 574, 629, 637, 689, 726, 731, 748, 832, 866, 912, 985, 1070, 1073, 1342, 1461, 1542, 1638, 1756, 1805, 1807, 1814, 2039, 2245, 2357, 3064, 3105, 3248, 3371, 3580, 3746, 3764]
RKP_05000_05000_2_07.txt|23750.0|0.9744996000000015|[7, 12, 16, 26, 30, 36, 129, 152, 169, 199, 212, 232, 273, 301, 383, 409, 411, 452, 461, 624, 631, 667, 725, 872, 903, 926, 932, 957, 989, 1115, 1137, 1153, 1326, 1435, 1438, 1460, 1581, 1614, 1730, 1734, 1819, 1865, 1988, 2037, 2045, 2118, 2838, 3060, 3189, 3704, 3935, 3995, 4066, 4239, 4720, 4779]
RKP_05000_05000_2_08.txt|25119.0|0.997861400000005|[2, 9, 17, 20, 27, 30, 34, 83, 93, 112, 116, 155, 160, 179, 192, 259, 274, 286, 291, 315, 409, 449, 461, 551, 603, 659, 724, 746, 760, 899, 919, 944, 953, 1064, 1239, 1262, 1464, 1473, 1520, 1597, 1683, 1692, 1714, 1822, 1834, 1835, 2024, 2078, 2219, 2350, 2390, 2598, 2814, 2856, 2906, 3039, 3119, 3274, 3335, 3356, 3617, 3691]
RKP_05000_05000_2_09.txt|26719.0|1.04995439999999|[1, 2, 3, 4, 7, 19, 26, 36, 44, 60, 82, 83, 84, 105, 128, 129, 137, 152, 157, 164, 173, 180, 181, 221, 251, 279, 327, 360, 385, 394, 413, 423, 519, 632, 634, 829, 893, 899, 920, 973, 1012, 1177, 1179, 1184, 1213, 1231, 1308, 1378, 1462, 1478, 1482, 1555, 1687, 1771, 1802, 1812, 2129, 2382, 2555, 2584, 2889, 3741, 4230, 4959]
RKP_05000_05000_2_10.txt|24667.0|1.0267892999999901|[1, 2, 14, 23, 24, 35, 42, 70, 82, 97, 102, 117, 133, 153, 175, 185, 205, 261, 268, 311, 330, 351, 424, 465, 481, 586, 608, 666, 723, 725, 728, 856, 899, 1015, 1060, 1078, 1136, 1601, 1620, 1742, 1908, 2102, 2124, 2264, 2312, 2524, 2594, 2605, 2732, 2854, 2884, 3018, 3185, 3271, 3272, 3467, 3568, 3618, 4367]
RKP_05000_05000_3_01.txt|52460.0|0.569886000000011|[1, 4, 6, 9, 10, 12, 13, 16, 17, 21, 26, 39, 45, 54, 55, 56, 58, 66, 79, 83, 88, 94, 102, 106, 122, 132, 137, 157, 171, 284, 449, 452, 465, 480, 499, 510, 521, 528, 530, 563, 625, 628, 634, 638, 646, 736, 787, 800, 801, 814, 833, 870, 926, 1004, 1013, 1019, 1075, 1080, 1132, 1158, 1223, 1290, 1291, 1328, 1409, 1410, 1430, 1539, 1664, 1758, 1846, 1850, 1887, 2024, 2025, 2100, 2122, 2145, 2296, 2312, 2454, 2544, 2738, 2781, 2831, 2836, 2987, 3210, 3361, 3715, 3941, 4117, 4143, 4483, 4523]
RKP_05000_05000_3_02.txt|50866.0|0.628542699999997|[1, 2, 5, 9, 10, 16, 23, 25, 30, 31, 32, 33, 38, 47, 50, 51, 58, 59, 85, 92, 99, 106, 115, 117, 133, 151, 155, 212, 217, 227, 303, 384, 389, 405, 407, 409, 493, 507, 509, 558, 568, 597, 601, 607, 769, 773, 885, 967, 969, 970, 985, 1093, 1132, 1151, 1198, 1199, 1200, 1220, 1229, 1232, 1457, 1509, 1675, 1763, 1793, 1914, 1970, 2025, 2038, 2118, 2259, 2345, 2392, 2501, 2556, 2826, 3092, 3096, 3230, 3282, 3478, 3717, 3743, 3779, 3922, 4134, 4175, 4221, 4338, 4488, 4553, 4589]
RKP_05000_05000_3_03.txt|52269.0|0.5493752999999941|[1, 2, 4, 5, 6, 9, 12, 13, 15, 21, 25, 38, 46, 58, 67, 79, 88, 90, 116, 127, 136, 140, 183, 185, 186, 194, 219, 223, 281, 323, 366, 372, 373, 433, 471, 489, 523, 542, 554, 618, 636, 682, 703, 742, 763, 777, 826, 856, 937, 950, 963, 970, 1011, 1029, 1061, 1099, 1128, 1129, 1187, 1238, 1255, 1278, 1284, 1495, 1505, 1516, 1547, 1677, 1691, 1696, 1703, 1715, 1729, 1800, 1855, 1911, 1960, 2143, 2147, 2274, 2297, 2420, 2430, 2585, 2713, 2750, 2768, 3112, 3213, 3385, 3389, 3452, 3819, 3909, 4032]
RKP_05000_05000_3_04.txt|54992.0|0.5469472000000053|[1, 4, 6, 11, 12, 14, 19, 27, 31, 32, 47, 51, 61, 71, 93, 94, 101, 102, 109, 141, 155, 156, 169, 177, 183, 198, 205, 208, 215, 229, 241, 249, 256, 274, 282, 284, 304, 343, 404, 412, 454, 455, 476, 479, 505, 547, 585, 599, 640, 642, 648, 718, 720, 779, 843, 868, 907, 936, 965, 1033, 1119, 1130, 1133, 1208, 1276, 1304, 1433, 1564, 1589, 1746, 1793, 1800, 1804, 2018, 2146, 2428, 2441, 2495, 2688, 2704, 2727, 2854, 2915, 3065, 3143, 3391, 3454, 3497, 3523, 3543, 3625, 3841, 3856, 3870, 3872, 4104, 4170, 4343, 4678, 4713]
RKP_05000_05000_3_05.txt|51459.0|0.5866449999999901|[1, 2, 4, 5, 8, 12, 13, 15, 17, 20, 24, 25, 28, 32, 34, 42, 44, 50, 58, 62, 70, 72, 75, 81, 95, 97, 115, 139, 150, 166, 202, 207, 242, 247, 259, 268, 317, 331, 351, 368, 372, 375, 406, 503, 537, 555, 616, 620, 628, 743, 779, 816, 839, 945, 958, 969, 984, 1004, 1044, 1073, 1313, 1378, 1506, 1519, 1640, 1655, 1664, 1680, 1686, 1696, 1771, 1843, 1852, 1951, 1960, 1982, 2386, 2428, 2606, 2910, 2994, 3119, 3138, 3442, 3509, 3566, 3569, 3733, 3993, 4138, 4267, 4618, 4707]
RKP_05000_05000_3_06.txt|53485.0|0.569524599999994|[1, 2, 3, 6, 7, 8, 9, 10, 18, 22, 28, 30, 43, 44, 55, 78, 93, 97, 101, 115, 125, 130, 141, 165, 190, 203, 219, 233, 234, 239, 242, 262, 285, 313, 318, 377, 382, 386, 403, 430, 480, 542, 607, 616, 617, 623, 645, 671, 692, 737, 817, 839, 845, 909, 924, 934, 977, 985, 1005, 1115, 1123, 1191, 1323, 1678, 1745, 1967, 1989, 2035, 2100, 2115, 2169, 2300, 2334, 2338, 2537, 2540, 2626, 2697, 2724, 2793, 2868, 3065, 3214, 3251, 3325, 3327, 3359, 3441, 3448, 3690, 3857, 3871, 3946, 4129, 4180, 4300, 4383]
RKP_05000_05000_3_07.txt|49994.0|0.6107204999999993|[1, 2, 4, 10, 13, 46, 82, 88, 119, 124, 130, 143, 192, 217, 220, 224, 231, 232, 283, 304, 348, 412, 459, 462, 476, 487, 490, 525, 544, 599, 609, 619, 652, 656, 684, 717, 718, 723, 739, 766, 796, 813, 817, 835, 866, 897, 924, 1005, 1060, 1090, 1102, 1127, 1213, 1264, 1323, 1338, 1375, 1403, 1405, 1420, 1497, 1588, 1664, 1721, 1728, 1818, 1854, 1939, 2093, 2201, 2255, 2287, 2345, 2379, 2399, 2511, 2551, 2643, 2655, 2747, 2824, 3036, 3295, 3347, 3503, 3987, 4288, 4656, 4750, 4796]
RKP_05000_05000_3_08.txt|48904.0|0.5453073999999987|[1, 3, 4, 6, 9, 14, 16, 18, 22, 28, 38, 39, 43, 53, 54, 73, 78, 89, 91, 105, 110, 122, 128, 147, 150, 152, 192, 205, 241, 251, 280, 289, 294, 351, 391, 433, 454, 484, 524, 547, 563, 640, 692, 731, 742, 752, 762, 784, 828, 857, 876, 938, 1042, 1104, 1105, 1145, 1185, 1262, 1311, 1371, 1405, 1450, 1520, 1613, 1833, 1856, 1969, 2150, 2221, 2250, 2393, 2413, 2446, 2528, 2636, 2697, 2750, 2859, 2945, 2988, 3072, 3102, 3512, 3967, 4022, 4469, 4731, 4805]
RKP_05000_05000_3_09.txt|54910.0|0.5394203000000033|[2, 3, 4, 7, 8, 10, 13, 17, 19, 25, 26, 35, 42, 43, 54, 75, 96, 111, 112, 123, 133, 150, 165, 184, 233, 252, 259, 281, 299, 313, 317, 338, 344, 345, 354, 356, 387, 406, 413, 431, 512, 533, 534, 593, 609, 629, 643, 660, 679, 767, 789, 793, 830, 851, 877, 913, 929, 932, 1146, 1282, 1328, 1343, 1469, 1479, 1489, 1549, 1562, 1563, 1667, 1727, 1746, 1813, 1933, 1945, 2111, 2166, 2247, 2427, 2435, 2484, 2525, 2746, 2838, 2885, 2994, 3338, 3453, 3677, 3684, 3864, 4052, 4077, 4192, 4240, 4246, 4313, 4338, 4789, 4825, 4839]
RKP_05000_05000_3_10.txt|53358.0|0.6030856|[1, 2, 3, 4, 9, 10, 13, 14, 18, 23, 25, 26, 28, 41, 44, 48, 51, 57, 59, 60, 67, 77, 98, 101, 120, 137, 172, 181, 190, 202, 227, 243, 261, 276, 278, 309, 313, 319, 371, 394, 402, 405, 481, 490, 535, 576, 577, 605, 607, 616, 665, 668, 675, 716, 848, 893, 988, 1062, 1075, 1099, 1135, 1159, 1202, 1224, 1258, 1284, 1307, 1358, 1405, 1444, 1567, 1639, 1653, 1714, 1786, 1969, 2521, 2536, 2573, 2643, 2698, 2748, 2923, 2978, 3218, 3222, 3301, 3454, 3468, 3531, 3640, 3759, 3824, 3937, 4381, 4391, 4808]
RKP_05000_05000_4_01.txt|5000.0|0.4602885000000043|[4658]
RKP_05000_05000_4_02.txt|5000.0|0.45994060000001014|[4978]
RKP_05000_05000_4_03.txt|5000.0|0.5163464999999974|[4714]
RKP_05000_05000_4_04.txt|5000.0|0.48593789999999615|[4597]
RKP_05000_05000_4_05.txt|5000.0|0.4720932999999974|[4959]
RKP_05000_05000_4_06.txt|5000.0|0.5118664000000024|[4625]
RKP_05000_05000_4_07.txt|5000.0|0.4874001999999962|[4778]
RKP_05000_05000_4_08.txt|5000.0|0.49977429999999856|[4648]
RKP_05000_05000_4_09.txt|5000.0|0.486103700000001|[4988]
RKP_05000_05000_4_10.txt|4999.0|0.46984390000000076|[4786]
RKP_05000_05000_5_01.txt|5000.0|0.5739329999999967|[1, 10, 111, 943, 980, 1655, 3485]
RKP_05000_05000_5_02.txt|5000.0|0.5592735000000033|[6, 76, 81, 145, 417, 1153, 1761, 1895, 2097, 2391, 2523]
RKP_05000_05000_5_03.txt|5000.0|0.6501365000000021|[10, 101, 462, 922, 1008, 1010, 1012, 3549, 4105, 4408]
RKP_05000_05000_5_04.txt|5000.0|0.5904080000000107|[82, 118, 309, 861, 1426, 2660, 4759]
RKP_05000_05000_5_05.txt|5000.0|0.5162416999999948|[1, 75, 246, 390, 565, 597, 859, 980, 1004, 4077]
RKP_05000_05000_5_06.txt|5000.0|0.49806730000000243|[10, 82, 101, 102, 964, 1131, 2761, 4843]
RKP_05000_05000_5_07.txt|5000.0|0.5629738000000089|[167, 2653, 2793]
RKP_05000_05000_5_08.txt|5000.0|0.5160123999999939|[1, 111, 164, 267, 903, 997, 1293, 4446]
RKP_05000_05000_5_09.txt|5000.0|0.6191401000000099|[715, 1002, 2104, 2152, 2518]
RKP_05000_05000_5_10.txt|5000.0|0.5796674000000053|[4991]
