RKP_00100_00100_1_01.txt|593.0|0.09820799999999996|[3, 14, 16, 17, 22, 28, 29, 30]
RKP_00100_00100_1_02.txt|670.0|0.05992990000000009|[1, 2, 9, 31, 37, 47, 48, 50, 56, 91]
RKP_00100_00100_1_03.txt|581.0|0.052201300000000006|[1, 4, 5, 10, 14, 16, 34, 63, 70]
RKP_00100_00100_1_04.txt|485.0|0.05753190000000008|[3, 7, 9, 10, 15, 43, 74]
RKP_00100_00100_1_05.txt|543.0|0.07595960000000002|[1, 8, 11, 16, 20, 22, 44, 79]
RKP_00100_00100_1_06.txt|771.0|0.05861890000000003|[5, 10, 16, 17, 20, 31, 42, 47, 48, 57, 97]
RKP_00100_00100_1_07.txt|362.0|0.08052290000000006|[9, 10, 25, 39, 46, 60]
RKP_00100_00100_1_08.txt|735.0|0.07315680000000002|[1, 2, 6, 7, 13, 18, 27, 30, 76, 87, 88, 92]
RKP_00100_00100_1_09.txt|496.0|0.07657559999999997|[4, 8, 16, 18, 24, 52, 69]
RKP_00100_00100_1_10.txt|554.0|0.10064190000000006|[1, 2, 4, 5, 11, 12, 13, 15, 27]
RKP_00100_00100_2_01.txt|131.0|0.06559539999999986|[6, 13, 20, 64, 83]
RKP_00100_00100_2_02.txt|126.0|0.08002189999999998|[26, 30, 47, 81]
RKP_00100_00100_2_03.txt|130.0|0.0764994000000001|[1, 5, 27, 48, 59, 64, 75]
RKP_00100_00100_2_04.txt|127.0|0.09743729999999995|[8, 11, 12, 18, 41, 62, 64]
RKP_00100_00100_2_05.txt|110.0|0.07179860000000016|[3, 6, 44]
RKP_00100_00100_2_06.txt|112.0|0.059894299999999845|[38, 40, 67, 79]
RKP_00100_00100_2_07.txt|132.0|0.06101000000000001|[3, 7, 9, 13, 15, 54]
RKP_00100_00100_2_08.txt|134.0|0.058158399999999943|[1, 2, 10, 16, 28, 42]
RKP_00100_00100_2_09.txt|123.0|0.06987110000000007|[8, 27, 32, 42]
RKP_00100_00100_2_10.txt|121.0|0.07156889999999994|[3, 5, 28, 30, 64, 65, 75]
RKP_00100_00100_3_01.txt|163.0|0.0744262|[2, 5, 8, 10, 21, 24, 29, 67]
RKP_00100_00100_3_02.txt|156.0|0.10329039999999967|[1, 2, 17, 24, 49, 72, 87]
RKP_00100_00100_3_03.txt|193.0|0.06305660000000035|[2, 3, 4, 14, 15, 45, 46, 49, 52, 75, 81]
RKP_00100_00100_3_04.txt|187.0|0.0651957000000003|[4, 6, 8, 21, 25, 26, 34, 37, 48]
RKP_00100_00100_3_05.txt|187.0|0.055271199999999965|[1, 8, 10, 12, 15, 26, 27, 31, 52]
RKP_00100_00100_3_06.txt|196.0|0.058670199999999895|[2, 3, 4, 6, 10, 11, 27, 31, 39, 40, 66, 72]
RKP_00100_00100_3_07.txt|177.0|0.06509510000000018|[2, 4, 13, 17, 40, 67, 72, 83]
RKP_00100_00100_3_08.txt|171.0|0.0968627999999998|[1, 4, 5, 6, 11, 12, 18, 33]
RKP_00100_00100_3_09.txt|177.0|0.0733208000000003|[1, 18, 32, 35, 44, 57, 63, 89]
RKP_00100_00100_3_10.txt|197.0|0.057934400000000164|[5, 8, 9, 20, 23, 34, 60, 61, 62, 67]
RKP_00100_00100_4_01.txt|100.0|0.04551000000000016|[97]
RKP_00100_00100_4_02.txt|97.0|0.047876700000000216|[94]
RKP_00100_00100_4_03.txt|98.0|0.04675399999999996|[81]
RKP_00100_00100_4_04.txt|99.0|0.045278300000000105|[88]
RKP_00100_00100_4_05.txt|97.0|0.04612129999999981|[93]
RKP_00100_00100_4_06.txt|97.0|0.0456831000000002|[95]
RKP_00100_00100_4_07.txt|98.0|0.04645300000000008|[98]
RKP_00100_00100_4_08.txt|98.0|0.04727170000000003|[99]
RKP_00100_00100_4_09.txt|93.0|0.04873890000000003|[92]
RKP_00100_00100_4_10.txt|98.0|0.04876609999999992|[88]
RKP_00100_00100_5_01.txt|100.0|0.05093520000000007|[10, 20, 21, 37]
RKP_00100_00100_5_02.txt|100.0|0.0483583000000003|[6, 18, 19, 28, 34]
RKP_00100_00100_5_03.txt|100.0|0.05006320000000031|[3, 16, 22, 33, 58]
RKP_00100_00100_5_04.txt|100.0|0.0481691999999998|[94]
RKP_00100_00100_5_05.txt|100.0|0.048246599999999695|[98]
RKP_00100_00100_5_06.txt|100.0|0.0495798999999999|[23, 46]
RKP_00100_00100_5_07.txt|100.0|0.0625559|[1, 7, 28, 30, 34]
RKP_00100_00100_5_08.txt|100.0|0.08002589999999987|[24, 27, 43]
RKP_00100_00100_5_09.txt|100.0|0.046876099999999976|[97]
RKP_00100_00100_5_10.txt|100.0|0.049136999999999986|[11, 13, 56]
RKP_00500_00100_1_01.txt|1176.0|0.11743179999999986|[3, 5, 18, 21, 25, 27, 40, 75, 129, 131, 139, 140, 168, 211, 284, 304, 500]
RKP_00500_00100_1_02.txt|1190.0|0.0998205999999997|[13, 77, 87, 88, 89, 102, 109, 175, 205, 288, 289, 325, 351, 376, 388, 430, 433]
RKP_00500_00100_1_03.txt|1064.0|0.08940240000000044|[1, 5, 11, 16, 30, 73, 111, 113, 120, 123, 139, 140, 147, 227, 228, 477, 496]
RKP_00500_00100_1_04.txt|1288.0|0.1234516999999995|[5, 11, 41, 48, 51, 59, 64, 65, 93, 94, 156, 197, 245, 315, 359, 467]
RKP_00500_00100_1_05.txt|1202.0|0.11421289999999917|[3, 6, 10, 11, 17, 23, 24, 26, 72, 130, 192, 203, 212, 215, 237, 363, 402]
RKP_00500_00100_1_06.txt|1407.0|0.11778399999999944|[3, 7, 13, 16, 27, 34, 35, 52, 83, 89, 115, 131, 165, 182, 190, 211, 230, 240, 411]
RKP_00500_00100_1_07.txt|1392.0|0.11211109999999991|[2, 4, 21, 22, 31, 40, 47, 80, 97, 126, 165, 192, 206, 257, 322, 410, 461, 469, 492]
RKP_00500_00100_1_08.txt|1357.0|0.12141029999999997|[1, 4, 10, 11, 16, 29, 71, 106, 122, 146, 156, 165, 167, 185, 225, 258, 326, 332, 378, 450]
RKP_00500_00100_1_09.txt|1100.0|0.08676040000000018|[2, 15, 16, 19, 39, 73, 77, 105, 108, 148, 153, 163, 173, 180, 221, 257, 307, 324, 344]
RKP_00500_00100_1_10.txt|1174.0|0.10389040000000005|[1, 3, 5, 6, 14, 15, 31, 45, 62, 75, 84, 155, 162, 214, 234, 277, 413]
RKP_00500_00100_2_01.txt|182.0|0.10657270000000008|[11, 16, 60, 100, 148, 168, 220, 226, 259, 275, 283, 441, 472]
RKP_00500_00100_2_02.txt|183.0|0.10373300000000008|[4, 6, 16, 36, 54, 65, 112, 131, 142, 156, 159, 246, 299, 336, 385]
RKP_00500_00100_2_03.txt|183.0|0.08503409999999967|[16, 18, 31, 37, 60, 84, 100, 101, 107, 135, 154, 155, 164, 166, 314, 436]
RKP_00500_00100_2_04.txt|172.0|0.10709960000000063|[7, 12, 14, 16, 26, 44, 58, 61, 105, 112, 125, 163, 234, 246]
RKP_00500_00100_2_05.txt|170.0|0.08008609999999994|[4, 5, 10, 21, 27, 38, 76, 87, 173, 218, 260, 417, 423, 426]
RKP_00500_00100_2_06.txt|179.0|0.11472280000000001|[9, 18, 53, 57, 70, 117, 155, 240, 250, 302, 452]
RKP_00500_00100_2_07.txt|165.0|0.11363919999999972|[1, 4, 5, 17, 45, 53, 75, 127, 162, 236, 260, 292, 308, 452]
RKP_00500_00100_2_08.txt|175.0|0.08345420000000026|[7, 15, 45, 50, 87, 96, 123, 136, 149, 339, 450, 495]
RKP_00500_00100_2_09.txt|156.0|0.10534270000000046|[2, 4, 16, 25, 38, 70, 89, 233, 276, 312, 335, 414]
RKP_00500_00100_2_10.txt|157.0|0.10927609999999977|[2, 14, 20, 37, 40, 46, 77, 105, 116, 128, 276, 308]
RKP_00500_00100_3_01.txt|266.0|0.09865339999999989|[1, 3, 5, 7, 11, 20, 33, 36, 64, 77, 96, 143, 148, 163, 260, 293, 401, 462]
RKP_00500_00100_3_02.txt|287.0|0.08308870000000024|[1, 3, 4, 5, 20, 32, 39, 56, 73, 103, 110, 136, 152, 160, 162, 164, 167, 172, 189, 195, 202, 336]
RKP_00500_00100_3_03.txt|290.0|0.10744720000000019|[1, 9, 22, 35, 45, 52, 54, 71, 93, 113, 121, 130, 148, 178, 193, 264, 266, 351, 426, 444, 454]
RKP_00500_00100_3_04.txt|338.0|0.07699629999999935|[1, 2, 3, 4, 9, 11, 31, 66, 68, 103, 104, 125, 142, 146, 163, 168, 217, 221, 278, 280, 301, 312, 345, 350, 453]
RKP_00500_00100_3_05.txt|278.0|0.10906329999999986|[1, 11, 12, 32, 33, 74, 88, 92, 106, 108, 143, 199, 211, 225, 294, 319, 340, 363, 377, 381, 417]
RKP_00500_00100_3_06.txt|273.0|0.1772469000000001|[1, 5, 14, 16, 24, 45, 52, 56, 68, 91, 186, 189, 199, 204, 242, 281, 311, 330, 405, 433]
RKP_00500_00100_3_07.txt|251.0|0.10264249999999997|[3, 5, 7, 17, 24, 30, 33, 35, 70, 76, 80, 114, 196, 326, 343, 393]
RKP_00500_00100_3_08.txt|327.0|0.10389110000000024|[5, 10, 14, 19, 23, 31, 49, 57, 62, 63, 84, 90, 93, 114, 123, 144, 150, 172, 214, 275, 280, 301, 323, 389, 451]
RKP_00500_00100_3_09.txt|299.0|0.12002250000000014|[3, 4, 12, 38, 54, 58, 63, 70, 93, 104, 108, 122, 148, 154, 169, 171, 231, 269, 294, 342, 347, 434]
RKP_00500_00100_3_10.txt|283.0|0.12198500000000045|[1, 3, 11, 13, 14, 18, 33, 48, 51, 99, 101, 123, 153, 159, 165, 174, 183, 189, 322, 474]
RKP_00500_00100_4_01.txt|99.0|0.07322160000000011|[446]
RKP_00500_00100_4_02.txt|100.0|0.07077129999999965|[494]
RKP_00500_00100_4_03.txt|100.0|0.08654950000000028|[434]
RKP_00500_00100_4_04.txt|100.0|0.0708183|[456]
RKP_00500_00100_4_05.txt|98.0|0.07280289999999923|[484]
RKP_00500_00100_4_06.txt|98.0|0.07366860000000042|[427]
RKP_00500_00100_4_07.txt|100.0|0.07144810000000046|[495]
RKP_00500_00100_4_08.txt|98.0|0.07123200000000018|[483]
RKP_00500_00100_4_09.txt|100.0|0.07521539999999938|[469]
RKP_00500_00100_4_10.txt|98.0|0.07175749999999947|[477]
RKP_00500_00100_5_01.txt|100.0|0.0734667|[1, 13, 405]
RKP_00500_00100_5_02.txt|100.0|0.07315269999999963|[71, 368, 450]
RKP_00500_00100_5_03.txt|100.0|0.0751527000000003|[63, 84, 108, 115, 157, 331]
RKP_00500_00100_5_04.txt|100.0|0.08739529999999984|[33, 102, 105, 109, 112]
RKP_00500_00100_5_05.txt|100.0|0.07717390000000002|[10, 21, 35, 36, 88, 240]
RKP_00500_00100_5_06.txt|100.0|0.07442160000000086|[12, 18, 20, 68, 75, 109, 130]
RKP_00500_00100_5_07.txt|100.0|0.07500730000000111|[103, 114, 153, 183]
RKP_00500_00100_5_08.txt|100.0|0.0720667000000006|[485]
RKP_00500_00100_5_09.txt|100.0|0.07682720000000032|[52, 89, 164]
RKP_00500_00100_5_10.txt|100.0|0.07404409999999828|[2, 12, 26, 222, 347]
RKP_01000_00100_1_01.txt|1555.0|0.14120050000000006|[2, 11, 13, 27, 39, 47, 50, 51, 64, 67, 91, 97, 123, 151, 222, 260, 261, 314, 336, 347, 448, 646]
RKP_01000_00100_1_02.txt|1414.0|0.15712000000000081|[8, 9, 16, 30, 38, 72, 171, 182, 193, 195, 292, 294, 359, 486, 515, 557, 584, 694, 696, 754, 905]
RKP_01000_00100_1_03.txt|1407.0|0.1715208999999991|[1, 2, 19, 32, 39, 50, 57, 80, 114, 116, 128, 160, 172, 174, 199, 268, 330, 498, 535, 725, 800]
RKP_01000_00100_1_04.txt|1701.0|0.1413916000000004|[1, 2, 3, 5, 7, 12, 14, 20, 44, 62, 75, 151, 163, 165, 247, 255, 277, 283, 429, 533, 566, 726, 732, 733]
RKP_01000_00100_1_05.txt|1650.0|0.15684020000000132|[1, 12, 26, 29, 41, 49, 75, 89, 121, 123, 207, 212, 222, 307, 328, 333, 425, 553, 582, 602, 635, 673, 696, 915, 1000]
RKP_01000_00100_1_06.txt|1777.0|0.15160339999999906|[1, 6, 10, 33, 38, 52, 57, 58, 78, 83, 99, 120, 168, 242, 244, 250, 349, 383, 442, 632, 645, 720, 790, 993]
RKP_01000_00100_1_07.txt|1754.0|0.1754756999999998|[1, 3, 7, 12, 15, 37, 42, 49, 86, 127, 128, 129, 130, 190, 204, 226, 302, 368, 382, 436, 440, 556, 628, 778, 874]
RKP_01000_00100_1_08.txt|1675.0|0.1662613000000004|[1, 4, 6, 7, 16, 22, 29, 68, 80, 118, 145, 149, 156, 202, 223, 242, 274, 298, 303, 356, 366, 390, 421, 422, 448, 716, 922]
RKP_01000_00100_1_09.txt|1580.0|0.15620879999999993|[1, 14, 17, 27, 31, 32, 36, 48, 103, 108, 133, 155, 168, 196, 213, 258, 290, 513, 579, 672, 782, 898]
RKP_01000_00100_1_10.txt|2003.0|0.15741350000000054|[1, 8, 19, 37, 50, 55, 63, 69, 76, 104, 109, 111, 159, 253, 331, 439, 466, 491, 534, 618, 656, 663, 669, 748, 785, 805, 916, 968]
RKP_01000_00100_2_01.txt|205.0|0.14706249999999876|[3, 7, 12, 13, 14, 16, 24, 47, 48, 90, 209, 221, 252, 253, 264, 374, 380, 793]
RKP_01000_00100_2_02.txt|204.0|0.15214749999999988|[63, 73, 78, 84, 129, 148, 166, 179, 186, 202, 302, 311, 375, 385, 410, 547]
RKP_01000_00100_2_03.txt|243.0|0.1560486000000001|[5, 24, 33, 58, 60, 84, 87, 97, 123, 141, 149, 171, 187, 239, 330, 340, 394, 404, 416, 417, 746]
RKP_01000_00100_2_04.txt|213.0|0.17332189999999947|[15, 21, 30, 35, 37, 60, 94, 158, 184, 203, 207, 420, 428, 443, 698]
RKP_01000_00100_2_05.txt|216.0|0.15156230000000015|[7, 12, 26, 42, 68, 73, 84, 152, 162, 222, 255, 293, 299, 351, 380, 409, 420, 428, 631, 823]
RKP_01000_00100_2_06.txt|246.0|0.17389619999999972|[6, 9, 24, 33, 35, 48, 52, 122, 138, 154, 185, 187, 233, 259, 276, 319, 590, 602, 647, 805, 858, 876]
RKP_01000_00100_2_07.txt|207.0|0.15152060000000134|[1, 7, 18, 173, 208, 218, 271, 284, 285, 337, 378, 405, 457, 531, 783, 796]
RKP_01000_00100_2_08.txt|233.0|0.16128540000000058|[1, 3, 7, 10, 19, 21, 39, 44, 54, 99, 121, 175, 223, 228, 234, 519, 549, 573, 609, 661, 862, 976]
RKP_01000_00100_2_09.txt|202.0|0.1448426000000005|[11, 13, 18, 31, 127, 175, 205, 235, 241, 246, 382, 417, 436, 593, 651, 759, 835]
RKP_01000_00100_2_10.txt|214.0|0.14575510000000058|[1, 5, 14, 15, 56, 78, 93, 122, 155, 163, 164, 191, 196, 252, 282, 341, 409, 443, 521, 548]
RKP_01000_00100_3_01.txt|352.0|0.12662369999999967|[1, 11, 15, 21, 32, 49, 51, 55, 65, 69, 119, 133, 186, 249, 269, 337, 340, 348, 456, 464, 537, 634, 659, 704, 740, 763, 795, 857, 928]
RKP_01000_00100_3_02.txt|343.0|0.12934710000000038|[3, 9, 18, 25, 37, 38, 56, 69, 79, 94, 112, 120, 126, 137, 138, 176, 207, 249, 295, 300, 318, 357, 366, 533, 600, 644, 654]
RKP_01000_00100_3_03.txt|358.0|0.1788065000000003|[1, 3, 8, 13, 17, 28, 31, 54, 74, 84, 89, 93, 143, 175, 270, 273, 321, 325, 378, 392, 431, 448, 530, 542, 580, 692, 822, 836, 994]
RKP_01000_00100_3_04.txt|368.0|0.1446164999999997|[1, 3, 4, 5, 9, 16, 29, 35, 42, 44, 65, 119, 142, 149, 150, 201, 235, 274, 277, 293, 305, 340, 389, 449, 535, 558, 639, 645, 740, 786]
RKP_01000_00100_3_05.txt|315.0|0.13567750000000167|[2, 5, 23, 24, 29, 31, 46, 57, 72, 85, 86, 100, 108, 128, 144, 163, 172, 183, 315, 460, 480, 550, 630, 661, 851]
RKP_01000_00100_3_06.txt|339.0|0.15542800000000057|[3, 5, 12, 13, 14, 16, 26, 28, 36, 37, 63, 112, 146, 158, 160, 204, 207, 237, 239, 242, 249, 278, 330, 450, 471]
RKP_01000_00100_3_07.txt|397.0|0.13424779999999892|[3, 4, 12, 16, 20, 23, 27, 31, 53, 56, 62, 96, 112, 129, 169, 190, 198, 202, 204, 231, 287, 402, 407, 529, 591, 605, 695, 779, 791, 822, 867, 888]
RKP_01000_00100_3_08.txt|319.0|0.10416910000000001|[1, 2, 3, 7, 9, 13, 33, 35, 71, 72, 89, 97, 129, 131, 137, 154, 178, 179, 198, 266, 282, 303, 340, 472]
RKP_01000_00100_3_09.txt|335.0|0.1301477999999996|[5, 9, 10, 16, 17, 23, 26, 36, 55, 83, 141, 199, 211, 216, 257, 327, 385, 480, 547, 578, 601, 647, 758, 871, 930]
RKP_01000_00100_3_10.txt|352.0|0.14228370000000012|[1, 3, 10, 11, 12, 16, 18, 22, 26, 35, 37, 46, 61, 72, 106, 122, 156, 169, 227, 245, 314, 334, 467, 524, 566, 632, 677, 764, 964]
RKP_01000_00100_4_01.txt|100.0|0.10152509999999992|[919]
RKP_01000_00100_4_02.txt|99.0|0.09683189999999975|[966]
RKP_01000_00100_4_03.txt|100.0|0.10283689999999979|[931]
RKP_01000_00100_4_04.txt|100.0|0.10032709999999945|[886]
RKP_01000_00100_4_05.txt|100.0|0.1021730999999999|[905]
RKP_01000_00100_4_06.txt|100.0|0.10066650000000088|[977]
RKP_01000_00100_4_07.txt|100.0|0.09970120000000016|[888]
RKP_01000_00100_4_08.txt|100.0|0.10200979999999937|[867]
RKP_01000_00100_4_09.txt|100.0|0.10205730000000024|[983]
RKP_01000_00100_4_10.txt|100.0|0.1022078999999998|[969]
RKP_01000_00100_5_01.txt|100.0|0.10583609999999943|[1, 936]
RKP_01000_00100_5_02.txt|100.0|0.11493040000000043|[14, 96, 324, 497, 847]
RKP_01000_00100_5_03.txt|100.0|0.10498049999999992|[185, 199, 388]
RKP_01000_00100_5_04.txt|100.0|0.13114689999999918|[1, 971]
RKP_01000_00100_5_05.txt|100.0|0.10351389999999938|[386, 506, 905, 918]
RKP_01000_00100_5_06.txt|100.0|0.1067493000000006|[29, 53, 122, 207, 247, 276, 617]
RKP_01000_00100_5_07.txt|100.0|0.10458449999999964|[136, 246, 881, 923, 966]
RKP_01000_00100_5_08.txt|100.0|0.10974929999999894|[1, 762]
RKP_01000_00100_5_09.txt|100.0|0.1033861999999992|[10, 800]
RKP_01000_00100_5_10.txt|100.0|0.10263549999999988|[961]
RKP_05000_00100_1_01.txt|3305.0|0.6469129999999996|[1, 3, 4, 5, 8, 9, 13, 15, 16, 20, 24, 31, 49, 89, 116, 183, 213, 302, 465, 467, 540, 553, 589, 642, 652, 801, 904, 1264, 1268, 1275, 1373, 1406, 1604, 1723, 1839, 2003, 2091, 2106, 2548, 2556, 3411, 3645, 4060, 4545]
RKP_05000_00100_1_02.txt|3282.0|0.7005611999999992|[2, 28, 31, 42, 44, 60, 73, 83, 104, 151, 171, 174, 275, 277, 301, 338, 347, 350, 354, 398, 463, 716, 794, 892, 1201, 1210, 1432, 1821, 2037, 2182, 2196, 2337, 2785, 2939, 3415, 3592, 3648, 4066, 4071, 4311, 4324, 4339, 4439, 4651]
RKP_05000_00100_1_03.txt|3187.0|0.5870670000000011|[1, 2, 6, 7, 10, 22, 26, 27, 52, 81, 136, 148, 178, 193, 207, 219, 326, 338, 591, 684, 793, 929, 961, 1006, 1069, 1193, 1332, 1355, 1588, 1634, 1933, 2105, 2646, 2992, 3005, 3036, 3127, 3261, 3382, 3471, 4053, 4396, 4798]
RKP_05000_00100_1_04.txt|3005.0|0.7055535999999982|[2, 5, 7, 9, 20, 23, 38, 41, 48, 69, 104, 142, 147, 159, 205, 218, 233, 378, 557, 709, 713, 792, 795, 1048, 1173, 1309, 1521, 1931, 2255, 2528, 2565, 2594, 2831, 3006, 3064, 3503, 4248, 4320, 4377]
RKP_05000_00100_1_05.txt|2907.0|0.7412222000000028|[2, 4, 8, 16, 20, 33, 38, 44, 53, 64, 96, 101, 158, 174, 214, 230, 306, 370, 386, 427, 541, 542, 644, 976, 1169, 1265, 1309, 1432, 1433, 1510, 1759, 2353, 2447, 2549, 2850, 3160, 3856, 4331, 4588, 4630]
RKP_05000_00100_1_06.txt|3320.0|0.6395911999999981|[3, 7, 9, 21, 25, 35, 41, 44, 45, 55, 62, 73, 111, 122, 131, 133, 152, 155, 208, 219, 238, 435, 457, 569, 645, 701, 745, 747, 807, 860, 866, 896, 1279, 1512, 1606, 1799, 2384, 2608, 3020, 3167, 3571, 3718, 3825, 3834, 3966]
RKP_05000_00100_1_07.txt|3446.0|0.6697427999999981|[1, 4, 11, 30, 32, 55, 90, 97, 118, 124, 180, 188, 192, 204, 218, 219, 244, 326, 459, 582, 646, 876, 880, 916, 931, 1022, 1149, 1187, 1199, 1222, 1401, 1433, 1437, 1674, 1762, 1913, 1969, 2037, 2085, 2883, 2995, 3370, 3419, 3473, 3566, 4252]
RKP_05000_00100_1_08.txt|3201.0|0.6795786999999969|[1, 6, 29, 48, 52, 74, 82, 84, 186, 215, 221, 264, 266, 275, 276, 288, 300, 441, 502, 779, 816, 820, 865, 906, 985, 1029, 1079, 1186, 1267, 1318, 1518, 1717, 1984, 2054, 2248, 2250, 2337, 2845, 3226, 3259, 3876, 4344, 4473, 4811]
RKP_05000_00100_1_09.txt|2940.0|0.6811965000000022|[3, 10, 30, 74, 121, 178, 190, 230, 270, 325, 512, 619, 635, 668, 729, 747, 762, 786, 816, 1184, 1260, 1363, 1441, 1710, 1769, 1869, 1945, 2549, 2596, 2807, 2903, 2965, 3051, 3697, 3759, 4135, 4220, 4341, 4424, 4581]
RKP_05000_00100_1_10.txt|3295.0|0.6062396999999997|[6, 8, 15, 21, 25, 42, 43, 48, 83, 111, 134, 143, 153, 176, 189, 230, 304, 321, 343, 352, 429, 437, 482, 564, 780, 843, 902, 952, 1091, 1247, 1350, 1395, 1422, 1804, 1983, 2061, 2462, 2552, 2616, 2958, 3065, 3086, 3176, 3373, 4572]
RKP_05000_00100_2_01.txt|316.0|0.5420978999999981|[5, 36, 44, 77, 108, 110, 144, 184, 303, 357, 540, 551, 586, 746, 842, 868, 1057, 1187, 1272, 1441, 1647, 1741, 1887, 2019, 2120, 2218, 2729, 3020, 3369, 3518, 4039, 4335]
RKP_05000_00100_2_02.txt|365.0|0.5300871000000029|[4, 22, 29, 35, 61, 73, 103, 152, 275, 292, 407, 455, 532, 556, 578, 656, 677, 871, 929, 1014, 1178, 1493, 1540, 1570, 1614, 1676, 1770, 1793, 2263, 2320, 2360, 2412, 2439, 2501, 2707, 2984, 3004, 3238, 3654, 3848, 4063, 4347, 4978]
RKP_05000_00100_2_03.txt|334.0|0.5593590000000006|[1, 5, 17, 39, 159, 185, 202, 242, 385, 388, 608, 710, 769, 798, 826, 840, 1122, 1184, 1234, 1463, 1867, 1925, 2239, 2288, 2352, 2844, 3003, 3166, 3625, 3924, 4547, 4655, 4806, 4989]
RKP_05000_00100_2_04.txt|345.0|0.5317674999999973|[1, 12, 13, 45, 101, 109, 111, 168, 229, 283, 387, 483, 491, 493, 506, 531, 674, 687, 752, 840, 917, 950, 1295, 1452, 1489, 1551, 1555, 1633, 1778, 1864, 2050, 2126, 2299, 2568, 3153, 4139]
RKP_05000_00100_2_05.txt|347.0|0.5283628|[22, 25, 73, 101, 274, 355, 434, 452, 489, 522, 545, 611, 879, 942, 991, 1029, 1095, 1224, 1654, 1735, 1741, 2083, 2206, 2332, 2365, 2545, 2703, 2815, 2960, 3226, 3238, 3549, 3555, 3758]
RKP_05000_00100_2_06.txt|341.0|0.571071100000001|[1, 6, 8, 9, 23, 62, 126, 135, 136, 182, 324, 326, 332, 374, 466, 602, 639, 668, 758, 816, 976, 1109, 1193, 1208, 1288, 1581, 2118, 2148, 2312, 2322, 2453, 3081, 3184, 3347, 3682, 4405]
RKP_05000_00100_2_07.txt|325.0|0.5621697999999995|[1, 2, 3, 7, 11, 43, 49, 58, 71, 79, 169, 180, 235, 261, 333, 345, 373, 396, 498, 516, 558, 649, 736, 927, 1389, 1601, 1857, 2246, 2528, 2583, 2641, 2751, 3132, 3555, 4603]
RKP_05000_00100_2_08.txt|335.0|0.5619592000000004|[9, 14, 24, 25, 35, 57, 68, 79, 98, 99, 152, 199, 211, 291, 293, 342, 367, 394, 464, 792, 953, 1011, 1204, 1273, 1638, 1700, 2133, 2149, 2584, 2915, 3097, 3421, 4332, 4543]
RKP_05000_00100_2_09.txt|366.0|0.5602614000000017|[5, 6, 18, 45, 86, 118, 142, 144, 151, 238, 244, 293, 294, 355, 420, 433, 558, 772, 1149, 1331, 1338, 1679, 1873, 2318, 2352, 2459, 2520, 2692, 2953, 3113, 3636, 3890, 3954, 4778]
RKP_05000_00100_2_10.txt|323.0|0.5441697000000012|[58, 74, 120, 123, 253, 275, 387, 477, 502, 688, 935, 1232, 1315, 1466, 1547, 1576, 1577, 1608, 1667, 1773, 1916, 2133, 2283, 2318, 2430, 2435, 2802, 3005, 3123, 3300, 3492]
RKP_05000_00100_3_01.txt|564.0|0.43971340000000225|[1, 8, 26, 48, 77, 83, 97, 104, 135, 145, 224, 231, 242, 279, 288, 312, 349, 395, 465, 471, 504, 530, 534, 558, 588, 610, 661, 692, 900, 1006, 1096, 1192, 1272, 1725, 1733, 1751, 1768, 1994, 2039, 2321, 2608, 2768, 2908, 3252, 3272, 3292, 3674, 3675, 3743, 4835]
RKP_05000_00100_3_02.txt|610.0|0.5166551000000013|[1, 9, 14, 17, 22, 31, 38, 40, 54, 55, 94, 132, 135, 148, 167, 254, 272, 290, 301, 312, 313, 356, 373, 472, 512, 542, 776, 973, 989, 1047, 1093, 1119, 1267, 1335, 1727, 1834, 1876, 2005, 2135, 2153, 2409, 2674, 2722, 2988, 3287, 3318, 3344, 3615, 3645, 4055, 4114, 4233, 4494, 4912]
RKP_05000_00100_3_03.txt|590.0|0.48036910000000077|[1, 3, 5, 6, 11, 15, 18, 20, 21, 24, 27, 76, 96, 140, 155, 156, 205, 341, 403, 523, 546, 656, 698, 820, 894, 901, 909, 914, 945, 977, 979, 1058, 1109, 1226, 1304, 1409, 1487, 1558, 1571, 1686, 1712, 1847, 1888, 1941, 2659, 2662, 2793, 2984, 3115, 4440, 4563, 4874, 4968]
RKP_05000_00100_3_04.txt|557.0|0.46924350000000103|[3, 9, 11, 48, 56, 59, 66, 103, 122, 205, 315, 318, 320, 335, 364, 365, 375, 473, 607, 759, 769, 808, 898, 984, 1024, 1182, 1193, 1200, 1227, 1264, 1338, 1348, 1463, 1570, 1739, 1817, 1905, 2156, 2234, 2340, 2386, 2433, 2634, 2810, 3639, 3783, 4136, 4679, 4996]
RKP_05000_00100_3_05.txt|501.0|0.5353529999999971|[7, 32, 52, 79, 109, 122, 230, 238, 292, 295, 304, 345, 362, 480, 485, 513, 573, 638, 669, 891, 905, 909, 936, 950, 973, 1006, 1259, 1529, 1810, 2040, 2596, 2671, 2714, 2837, 2877, 2928, 3114, 3135, 3425, 3753, 4073, 4074, 4398, 4423]
RKP_05000_00100_3_06.txt|564.0|0.4746151000000012|[1, 6, 10, 12, 24, 26, 27, 35, 45, 58, 68, 84, 103, 113, 119, 121, 179, 207, 244, 270, 352, 452, 460, 551, 564, 683, 765, 775, 796, 838, 956, 1046, 1130, 1148, 1366, 1451, 1657, 1698, 1735, 1884, 2205, 2332, 2457, 2520, 2528, 2889, 3082, 3112, 3434, 4282]
RKP_05000_00100_3_07.txt|518.0|0.5023914999999981|[2, 10, 14, 18, 30, 85, 89, 93, 98, 169, 178, 189, 206, 213, 222, 356, 372, 416, 495, 523, 549, 550, 607, 672, 699, 719, 729, 812, 876, 883, 913, 1030, 1095, 1109, 1453, 1960, 2113, 2510, 2528, 2701, 2869, 3232, 3596, 3653, 4038, 4835]
RKP_05000_00100_3_08.txt|531.0|0.4783968999999999|[1, 5, 6, 13, 17, 28, 97, 101, 108, 129, 215, 238, 273, 335, 491, 572, 645, 700, 969, 1027, 1028, 1076, 1208, 1228, 1238, 1240, 1414, 1478, 1502, 1666, 1802, 1973, 2084, 2276, 2430, 2572, 2702, 2914, 3335, 3410, 3794, 3821, 4049, 4062, 4178, 4604, 4708]
RKP_05000_00100_3_09.txt|580.0|0.47688970000000097|[1, 3, 24, 55, 63, 78, 94, 111, 205, 262, 271, 288, 307, 355, 373, 409, 501, 579, 662, 696, 754, 827, 839, 882, 981, 986, 1430, 1683, 1715, 1913, 1972, 2048, 2227, 2453, 2595, 2609, 2842, 2846, 2862, 2897, 3071, 3120, 3283, 3500, 3562, 3596, 3727, 3830, 4425, 4677, 4948]
RKP_05000_00100_3_10.txt|577.0|0.5139400999999992|[8, 19, 22, 27, 30, 47, 52, 63, 109, 110, 113, 119, 211, 216, 236, 252, 283, 383, 526, 627, 643, 659, 666, 775, 780, 787, 860, 881, 1046, 1075, 1166, 1187, 1396, 1426, 1430, 1547, 1630, 1639, 1928, 1946, 2107, 2195, 2312, 2477, 2816, 3361, 3506, 3869, 3877, 3997, 4783]
RKP_05000_00100_4_01.txt|100.0|0.45356100000000055|[4249]
RKP_05000_00100_4_02.txt|100.0|0.4302667999999983|[4350]
RKP_05000_00100_4_03.txt|100.0|0.4846495000000033|[4259]
RKP_05000_00100_4_04.txt|100.0|0.4425912000000025|[4218]
RKP_05000_00100_4_05.txt|100.0|0.44381740000000036|[4303]
RKP_05000_00100_4_06.txt|100.0|0.48298769999999536|[4269]
RKP_05000_00100_4_07.txt|100.0|0.4457333999999946|[4278]
RKP_05000_00100_4_08.txt|100.0|0.47356099999999657|[4203]
RKP_05000_00100_4_09.txt|100.0|0.4524345999999966|[4281]
RKP_05000_00100_4_10.txt|100.0|0.44068020000000274|[4432]
RKP_05000_00100_5_01.txt|100.0|0.49922980000000194|[1014, 4975]
RKP_05000_00100_5_02.txt|100.0|0.44519239999999627|[1036, 4877]
RKP_05000_00100_5_03.txt|100.0|0.4996385000000032|[21, 200, 911, 1031, 1445, 3377]
RKP_05000_00100_5_04.txt|100.0|0.48794110000000046|[1018, 4956]
RKP_05000_00100_5_05.txt|100.0|0.4476304000000013|[85, 121, 605, 633, 1010, 1033, 2209, 3768, 4075]
RKP_05000_00100_5_06.txt|100.0|0.44827679999999503|[1060, 4549]
RKP_05000_00100_5_07.txt|100.0|0.4783108000000027|[1, 516, 650, 3214]
RKP_05000_00100_5_08.txt|100.0|0.4446128000000016|[64, 147, 155, 663, 1018, 1475, 2117, 4195, 4889]
RKP_05000_00100_5_09.txt|100.0|0.48031169999999435|[575, 1020, 1301, 1848]
RKP_05000_00100_5_10.txt|100.0|0.448973500000001|[105, 2502, 4660]
RKP_05000_01000_1_01.txt|42294.0|0.6398636000000053|[1, 2, 10, 13, 15, 16, 17, 18, 23, 53, 74, 78, 86, 96, 123, 151, 164, 226, 271, 318, 328, 334, 379, 401, 405, 424, 491, 616, 661, 700, 732, 751, 778, 866, 1034, 1214, 1232, 1431, 1591, 1678, 1724, 1742, 1756, 1810, 1841, 1858, 1919, 1979, 2077, 2254, 2284, 2481, 2497, 2629, 2777, 3256, 3485, 3534, 3791, 3799, 4223, 4479, 4971]
RKP_05000_01000_1_02.txt|46270.0|0.7635299000000018|[3, 7, 10, 22, 36, 41, 78, 84, 89, 109, 207, 222, 235, 282, 293, 304, 406, 425, 464, 471, 506, 539, 588, 622, 675, 728, 837, 918, 965, 971, 988, 1055, 1106, 1205, 1261, 1337, 1403, 1414, 1455, 1590, 1677, 1687, 1698, 1999, 2011, 2021, 2120, 2208, 2379, 2594, 2727, 2745, 2750, 2769, 2800, 2825, 2832, 3349, 3565, 3585, 3875, 3955, 4489, 4961]
RKP_05000_01000_1_03.txt|42510.0|0.6353643000000062|[1, 9, 13, 22, 24, 67, 72, 76, 114, 135, 165, 174, 176, 272, 339, 344, 366, 449, 479, 515, 533, 649, 749, 852, 882, 933, 940, 1027, 1039, 1150, 1248, 1268, 1339, 1364, 1415, 1417, 1475, 1478, 1534, 1614, 1815, 1822, 1854, 1979, 2016, 2080, 2110, 2136, 2149, 2471, 2682, 2688, 3194, 3276, 3392, 3920, 4193, 4216, 4283]
RKP_05000_01000_1_04.txt|44109.0|0.6568962999999997|[1, 5, 8, 9, 10, 16, 35, 49, 52, 61, 64, 114, 135, 181, 191, 223, 238, 248, 270, 318, 351, 413, 482, 498, 522, 533, 546, 594, 625, 683, 687, 716, 724, 794, 882, 952, 1021, 1107, 1142, 1218, 1275, 1303, 1416, 1450, 1533, 1546, 1689, 1916, 2060, 2099, 2320, 2376, 2403, 2470, 2922, 2999, 3023, 3051, 3055, 3926, 4277, 4397, 4624, 4775]
RKP_05000_01000_1_05.txt|41271.0|0.7527392000000006|[2, 4, 8, 9, 14, 16, 19, 46, 65, 69, 72, 91, 93, 94, 97, 119, 132, 157, 168, 231, 254, 259, 279, 339, 352, 385, 430, 434, 467, 531, 651, 667, 816, 876, 985, 1012, 1093, 1142, 1155, 1162, 1227, 1316, 1320, 1355, 1411, 1418, 1588, 1589, 1606, 1607, 1649, 1883, 2069, 2271, 2360, 2547, 2834, 3067, 3468, 3521, 3999, 4053, 4118, 4204, 4385]
RKP_05000_01000_1_06.txt|39690.0|0.6730602000000019|[2, 3, 8, 10, 13, 25, 48, 51, 52, 66, 80, 107, 150, 159, 163, 188, 217, 269, 288, 292, 297, 336, 399, 429, 498, 503, 577, 594, 601, 612, 616, 691, 697, 736, 894, 943, 998, 1040, 1097, 1145, 1242, 1360, 1368, 1511, 1530, 1689, 1879, 1910, 1916, 2050, 2195, 2517, 2857, 2861, 2865, 2967, 3076, 3109, 3846, 4603]
RKP_05000_01000_1_07.txt|39667.0|0.6802737999999948|[1, 2, 3, 15, 21, 23, 44, 46, 65, 77, 80, 84, 91, 115, 130, 153, 161, 188, 198, 204, 213, 226, 421, 424, 522, 523, 568, 569, 577, 628, 633, 637, 666, 753, 957, 1175, 1178, 1231, 1359, 1433, 1449, 1578, 1697, 1741, 1764, 1865, 1904, 2001, 2041, 2087, 2245, 2507, 2537, 2593, 2669, 2984, 3455, 4009, 4471]
RKP_05000_01000_1_08.txt|38619.0|0.6281733000000003|[3, 7, 8, 10, 15, 20, 24, 26, 81, 89, 109, 115, 140, 185, 190, 196, 235, 257, 279, 389, 427, 430, 488, 527, 534, 548, 575, 651, 670, 785, 823, 849, 952, 1065, 1088, 1138, 1275, 1344, 1391, 1487, 1574, 2110, 2356, 2382, 2528, 2585, 2723, 2841, 3112, 3244, 3318, 3323, 3925, 3937, 4472, 4497, 4666]
RKP_05000_01000_1_09.txt|41571.0|0.7073046000000005|[1, 2, 3, 4, 6, 13, 17, 18, 39, 47, 51, 91, 104, 106, 128, 157, 163, 184, 191, 302, 320, 342, 355, 364, 390, 427, 429, 475, 499, 562, 563, 592, 684, 883, 996, 1113, 1242, 1362, 1366, 1401, 1434, 1481, 1679, 1714, 1761, 1788, 1854, 2121, 2328, 2364, 2381, 2399, 2844, 2845, 2943, 3179, 3245, 3744, 3964, 4115]
RKP_05000_01000_1_10.txt|44708.0|0.6486244999999968|[1, 2, 9, 11, 17, 33, 38, 43, 47, 49, 100, 103, 104, 113, 129, 180, 212, 245, 255, 261, 286, 359, 384, 461, 484, 486, 500, 528, 604, 670, 740, 785, 807, 839, 844, 888, 1044, 1076, 1095, 1175, 1253, 1284, 1313, 1333, 1361, 1430, 1479, 1554, 1640, 1680, 1686, 1914, 2153, 2184, 2216, 2309, 2541, 2544, 2671, 2698, 2753, 2867, 3137, 3836, 4698, 4815]
RKP_05000_01000_2_01.txt|3443.0|0.7715387000000007|[2, 22, 26, 28, 34, 57, 81, 88, 103, 147, 165, 176, 339, 346, 351, 352, 413, 483, 506, 541, 555, 761, 947, 951, 1011, 1046, 1100, 1173, 1473, 1730, 1844, 1898, 2000, 2057, 2351, 2400, 2581, 2671, 3060, 3395, 3764, 3919, 4166, 4493]
RKP_05000_01000_2_02.txt|3431.0|0.7156249000000017|[1, 2, 3, 44, 51, 68, 78, 79, 88, 279, 317, 365, 462, 471, 491, 653, 683, 862, 964, 1005, 1045, 1068, 1130, 1159, 1189, 1294, 1342, 1577, 1693, 1739, 1750, 1856, 2090, 2308, 2537, 2581, 2682, 2983, 4977]
RKP_05000_01000_2_03.txt|3803.0|0.7806565999999933|[4, 15, 42, 49, 51, 63, 69, 86, 88, 118, 193, 217, 235, 286, 305, 308, 414, 465, 507, 518, 655, 660, 690, 726, 862, 1002, 1625, 2182, 2194, 2340, 2754, 2811, 2930, 3087, 3180, 3351, 3406, 3416, 3540, 3822, 3938, 4964]
RKP_05000_01000_2_04.txt|3949.0|0.7164010999999988|[3, 17, 19, 54, 59, 63, 82, 124, 146, 153, 183, 348, 371, 400, 473, 509, 545, 547, 585, 667, 703, 758, 768, 1086, 1100, 1136, 1178, 1210, 1319, 1412, 1516, 1637, 1672, 1740, 1906, 1926, 1989, 2170, 2237, 2245, 2408, 2518, 2928, 2989, 3498, 4424, 4454]
RKP_05000_01000_2_05.txt|3583.0|0.6975892999999971|[3, 4, 5, 8, 10, 12, 23, 33, 34, 80, 156, 201, 204, 273, 360, 420, 449, 526, 734, 784, 850, 876, 957, 1064, 1074, 1132, 1158, 1335, 1407, 1471, 1478, 1576, 1622, 1625, 1680, 1925, 1967, 2008, 2548, 3321, 4215, 4485]
RKP_05000_01000_2_06.txt|3772.0|0.7559577999999973|[1, 2, 5, 10, 27, 30, 33, 61, 94, 105, 109, 138, 154, 184, 242, 282, 344, 386, 388, 400, 403, 464, 473, 672, 683, 707, 714, 793, 900, 912, 948, 1134, 1317, 1477, 1569, 1619, 1933, 1948, 1991, 2201, 2287, 2476, 2638, 3111, 4407, 4951]
RKP_05000_01000_2_07.txt|3797.0|0.6921657000000039|[1, 5, 11, 12, 35, 157, 199, 207, 238, 257, 278, 294, 368, 420, 516, 751, 759, 771, 772, 909, 1123, 1231, 1265, 1437, 1552, 1593, 1625, 1643, 1702, 1800, 1811, 1902, 1945, 1976, 2206, 2233, 2282, 2608, 3129, 3147, 3275, 3330, 4089, 4279, 4453, 4495, 4499]
RKP_05000_01000_2_08.txt|3747.0|0.6564989999999966|[4, 6, 17, 30, 44, 59, 78, 108, 213, 236, 242, 264, 278, 298, 312, 371, 385, 473, 580, 658, 670, 720, 823, 846, 901, 972, 987, 1067, 1184, 1499, 1645, 1802, 1901, 2133, 2399, 2442, 2683, 3148, 3191, 3385, 4386]
RKP_05000_01000_2_09.txt|3672.0|0.7590484000000046|[2, 3, 4, 10, 13, 15, 17, 22, 25, 107, 128, 175, 379, 408, 569, 579, 669, 677, 709, 784, 821, 897, 997, 1132, 1226, 1309, 1556, 1583, 1786, 1967, 1992, 2140, 2317, 2637, 2750, 2789, 3113, 3478, 3974, 4804]
RKP_05000_01000_2_10.txt|3249.0|0.6699918999999994|[9, 15, 18, 19, 21, 36, 74, 99, 137, 149, 191, 227, 294, 420, 583, 708, 749, 855, 922, 941, 1175, 1494, 1502, 1523, 1619, 1686, 1745, 1926, 2034, 2297, 2318, 2474, 2998, 3404, 3712, 4015, 4057, 4084, 4267]
RKP_05000_01000_3_01.txt|7370.0|0.6968847999999994|[1, 8, 10, 21, 27, 34, 40, 43, 46, 47, 50, 60, 72, 77, 87, 97, 108, 112, 114, 176, 207, 237, 284, 305, 371, 372, 387, 415, 455, 550, 553, 562, 579, 728, 749, 757, 917, 996, 1038, 1081, 1139, 1198, 1369, 1615, 1658, 1698, 1779, 1894, 1923, 1958, 2178, 2206, 2241, 2250, 2416, 2461, 2517, 2748, 2783, 2794, 2851, 2874, 3246, 3421, 4101, 4452]
RKP_05000_01000_3_02.txt|7924.0|0.6485251000000005|[1, 2, 10, 13, 15, 25, 28, 33, 39, 40, 41, 90, 107, 111, 129, 140, 169, 206, 209, 214, 230, 235, 263, 295, 309, 314, 379, 422, 425, 436, 446, 542, 562, 581, 646, 652, 841, 849, 878, 883, 892, 1020, 1022, 1041, 1046, 1087, 1161, 1365, 1436, 1484, 1486, 1499, 1885, 1908, 2067, 2113, 2215, 2330, 2425, 2667, 2704, 2808, 2853, 2905, 2978, 3041, 3308, 3393, 3546, 3750, 4134, 4419]
RKP_05000_01000_3_03.txt|8421.0|0.6172548999999989|[2, 3, 4, 5, 6, 11, 22, 26, 36, 96, 105, 129, 158, 190, 199, 215, 239, 246, 280, 286, 306, 330, 360, 399, 439, 452, 465, 480, 485, 568, 579, 609, 621, 637, 652, 709, 710, 856, 879, 881, 975, 983, 989, 1164, 1169, 1188, 1316, 1429, 1439, 1498, 1597, 1663, 2034, 2280, 2310, 2319, 2386, 2439, 2613, 3166, 3239, 3273, 3545, 3585, 3674, 3722, 3848, 3910, 4041, 4215, 4329, 4447, 4529, 4671, 4695, 4813]
RKP_05000_01000_3_04.txt|8416.0|0.5944839000000002|[1, 4, 5, 6, 9, 18, 27, 29, 35, 39, 45, 51, 63, 70, 82, 89, 111, 132, 175, 198, 206, 258, 261, 263, 277, 306, 321, 337, 360, 448, 495, 548, 574, 610, 619, 648, 657, 680, 683, 709, 730, 784, 864, 977, 989, 1049, 1064, 1080, 1265, 1276, 1396, 1398, 1589, 1786, 1801, 1852, 1872, 1907, 1955, 2150, 2372, 2516, 2568, 2593, 2747, 2868, 2871, 3135, 3197, 3310, 3330, 3448, 3474, 3523, 4042, 4324, 4880]
RKP_05000_01000_3_05.txt|7716.0|0.6679893999999962|[1, 2, 3, 7, 10, 11, 16, 19, 26, 29, 32, 34, 37, 48, 56, 143, 162, 169, 184, 212, 219, 285, 344, 348, 358, 486, 501, 506, 513, 620, 638, 692, 768, 985, 1044, 1060, 1068, 1069, 1090, 1261, 1305, 1500, 1516, 1552, 1588, 1619, 1759, 1859, 1909, 1979, 1996, 2123, 2298, 2381, 2460, 2539, 2634, 2744, 3106, 3167, 3243, 3439, 3440, 3469, 3558, 3584, 3635, 4315, 4338, 4405]
RKP_05000_01000_3_06.txt|8012.0|0.602897200000001|[1, 3, 4, 6, 7, 10, 12, 17, 25, 41, 45, 46, 55, 76, 82, 85, 88, 94, 102, 206, 213, 214, 227, 276, 286, 287, 288, 345, 368, 469, 488, 573, 603, 623, 665, 734, 755, 760, 767, 801, 813, 889, 900, 931, 984, 1119, 1212, 1359, 1466, 1522, 1551, 1610, 1833, 1917, 1978, 2026, 2251, 2741, 2756, 2936, 3214, 3239, 3324, 3390, 3433, 3533, 3851, 4000, 4258, 4315, 4322, 4424, 4808]
RKP_05000_01000_3_07.txt|8249.0|0.6563686000000004|[2, 6, 8, 11, 13, 31, 33, 36, 60, 73, 76, 79, 84, 91, 94, 100, 125, 136, 146, 155, 214, 216, 218, 221, 251, 265, 291, 293, 295, 370, 393, 398, 413, 417, 422, 427, 487, 539, 593, 608, 762, 827, 849, 884, 891, 896, 1003, 1066, 1123, 1262, 1470, 1544, 1709, 1783, 1789, 1792, 1825, 1998, 2043, 2104, 2357, 2360, 2381, 2448, 2716, 2900, 2966, 3085, 3146, 3157, 3628, 3731, 3854, 4131, 4233]
RKP_05000_01000_3_08.txt|7842.0|0.636706199999999|[4, 6, 7, 14, 20, 25, 28, 77, 80, 82, 118, 126, 134, 152, 154, 177, 213, 217, 230, 250, 260, 270, 271, 301, 331, 390, 394, 472, 489, 525, 556, 686, 725, 771, 883, 901, 953, 1009, 1036, 1117, 1135, 1159, 1395, 1588, 1733, 1810, 1924, 1970, 1976, 2019, 2029, 2088, 2236, 2364, 2402, 2484, 2858, 2921, 2939, 2977, 3017, 3087, 3214, 3237, 3571, 3808, 3939, 4022, 4192, 4487, 4767]
RKP_05000_01000_3_09.txt|7531.0|0.6344738000000021|[6, 7, 9, 13, 36, 40, 42, 51, 57, 73, 81, 87, 106, 136, 152, 207, 237, 242, 252, 281, 296, 310, 376, 384, 412, 492, 556, 600, 655, 661, 664, 671, 751, 760, 786, 830, 852, 921, 1104, 1148, 1189, 1313, 1322, 1420, 1468, 1471, 1881, 1978, 2024, 2051, 2071, 2287, 2401, 2450, 2486, 2497, 2511, 2621, 3256, 3392, 3443, 3538, 3572, 3618, 3868, 4047, 4136, 4292]
RKP_05000_01000_3_10.txt|7848.0|0.6484733000000062|[1, 2, 3, 4, 6, 7, 10, 14, 16, 25, 33, 37, 50, 62, 69, 119, 145, 149, 159, 162, 196, 219, 234, 270, 308, 353, 369, 393, 400, 413, 416, 434, 444, 490, 692, 781, 811, 833, 876, 1019, 1125, 1184, 1192, 1262, 1279, 1317, 1329, 1530, 1785, 1803, 1854, 1890, 2189, 2322, 2611, 2764, 2813, 2894, 2915, 2940, 3119, 3127, 3150, 3234, 3240, 3251, 3435, 3589, 4052, 4466, 4578]
RKP_05000_01000_4_01.txt|999.0|0.5521484000000001|[4453]
RKP_05000_01000_4_02.txt|999.0|0.5617504000000011|[4499]
RKP_05000_01000_4_03.txt|1000.0|0.6011844999999951|[4639]
RKP_05000_01000_4_04.txt|1000.0|0.5605038000000064|[4910]
RKP_05000_01000_4_05.txt|1000.0|0.5449293000000068|[4606]
RKP_05000_01000_4_06.txt|1000.0|0.6068414000000075|[4688]
RKP_05000_01000_4_07.txt|1000.0|0.5571522000000044|[4493]
RKP_05000_01000_4_08.txt|1000.0|0.5782312999999988|[4836]
RKP_05000_01000_4_09.txt|1000.0|0.5536804999999987|[4750]
RKP_05000_01000_4_10.txt|1000.0|0.5568414999999902|[4560]
RKP_05000_01000_5_01.txt|1000.0|0.5820676999999961|[13, 181, 224, 276, 675, 1051, 1379, 2344]
RKP_05000_01000_5_02.txt|1000.0|0.5622981000000067|[150, 226, 1024, 1042, 1048, 1157, 1955]
RKP_05000_01000_5_03.txt|1000.0|0.5736407999999926|[59, 82, 100, 104, 192, 264, 688, 985, 1015, 1409]
RKP_05000_01000_5_04.txt|1000.0|0.6157579999999996|[2, 10, 19, 101, 1003, 1006, 1008, 1447, 2097, 2574]
RKP_05000_01000_5_05.txt|1000.0|0.5657852000000076|[217, 1019, 1023, 1025, 1078, 1190, 2196, 4741]
RKP_05000_01000_5_06.txt|1000.0|0.5449698999999981|[91, 842, 952, 1249, 1542, 1632]
RKP_05000_01000_5_07.txt|1000.0|0.5949774000000048|[106, 109, 266, 1000, 1001]
RKP_05000_01000_5_08.txt|1000.0|0.561888599999989|[1, 142, 558, 927, 1011, 1025, 1550]
RKP_05000_01000_5_09.txt|1000.0|0.5880865000000028|[103, 1020, 1046, 1113, 1479]
RKP_05000_01000_5_10.txt|1000.0|0.5880583999999942|[71, 240, 525, 573, 742, 774, 2123, 4709]
RKP_05000_05000_1_01.txt|201966.0|0.6331166000000081|[2, 3, 32, 36, 47, 50, 74, 75, 78, 100, 127, 134, 149, 168, 174, 206, 226, 234, 239, 254, 255, 263, 279, 363, 438, 477, 496, 498, 522, 601, 604, 688, 826, 894, 901, 981, 1016, 1200, 1201, 1235, 1247, 1260, 1286, 1416, 1437, 1543, 1595, 1674, 1939, 2195, 2321, 2489, 2685, 2687, 2705, 2945, 2997, 3721, 4308, 4810, 4862]
RKP_05000_05000_1_02.txt|253970.0|0.851323899999997|[1, 2, 4, 5, 8, 10, 21, 24, 25, 42, 45, 55, 57, 89, 104, 113, 117, 238, 240, 258, 269, 297, 310, 334, 341, 361, 378, 396, 444, 470, 474, 537, 712, 785, 787, 805, 857, 903, 1005, 1041, 1044, 1069, 1107, 1115, 1152, 1266, 1322, 1374, 1434, 1459, 1556, 1753, 1855, 1979, 2066, 2174, 2177, 2322, 2501, 2667, 2706, 3059, 3754, 3842, 3921, 3940, 4013, 4197, 4402, 4832]
RKP_05000_05000_1_03.txt|230971.0|0.6817872000000023|[1, 7, 8, 18, 25, 39, 46, 62, 69, 78, 80, 86, 110, 115, 206, 231, 233, 249, 297, 318, 339, 393, 426, 435, 451, 482, 557, 582, 583, 586, 692, 811, 872, 904, 960, 1098, 1099, 1108, 1115, 1236, 1261, 1265, 1414, 1441, 1477, 1594, 1775, 2203, 2264, 2630, 2760, 2859, 3173, 3247, 3326, 3414, 3417, 3443, 3493, 3512, 4284, 4414]
RKP_05000_05000_1_04.txt|240327.0|0.7163348000000127|[1, 3, 5, 9, 25, 34, 70, 75, 76, 81, 85, 90, 135, 145, 148, 189, 222, 226, 240, 289, 291, 332, 333, 368, 376, 390, 408, 422, 484, 502, 557, 559, 787, 814, 831, 835, 1072, 1389, 1417, 1418, 1677, 1753, 1758, 1859, 1938, 2003, 2013, 2051, 2061, 2283, 2312, 2328, 2372, 2553, 2581, 2584, 2813, 2991, 3228, 3305, 3547, 3568, 3651, 3802, 3813, 3850, 4172, 4260, 4286, 4668]
RKP_05000_05000_1_05.txt|230700.0|0.7555921999999953|[1, 2, 3, 12, 20, 22, 26, 33, 38, 43, 46, 55, 62, 127, 130, 131, 143, 153, 163, 210, 214, 227, 301, 348, 378, 403, 463, 471, 511, 555, 559, 582, 694, 923, 950, 979, 1088, 1098, 1432, 1460, 1483, 1492, 1662, 1668, 1929, 1993, 2025, 2045, 2118, 2309, 2352, 2411, 2467, 2579, 2657, 2732, 2761, 2804, 3024, 3175, 3186, 3722, 3933, 4208, 4354, 4846]
RKP_05000_05000_1_06.txt|213219.0|0.6514265999999935|[2, 18, 20, 23, 40, 66, 71, 82, 87, 113, 120, 243, 307, 363, 378, 407, 514, 581, 608, 613, 621, 649, 651, 693, 707, 715, 754, 813, 825, 850, 925, 956, 999, 1065, 1154, 1227, 1280, 1371, 1374, 1610, 1671, 1730, 1781, 1855, 1927, 1981, 2048, 2151, 2204, 2210, 2240, 2309, 2509, 2701, 2729, 3361, 3363, 3549, 3613, 3978, 4540, 4561, 4692]
RKP_05000_05000_1_07.txt|205330.0|0.6906881999999968|[1, 2, 3, 4, 6, 8, 10, 15, 16, 29, 30, 31, 44, 83, 153, 182, 187, 190, 215, 248, 249, 266, 294, 303, 346, 380, 381, 457, 463, 478, 529, 536, 575, 640, 730, 739, 785, 829, 864, 1019, 1228, 1246, 1263, 1267, 1315, 1375, 1406, 1525, 1616, 1820, 1849, 1897, 2162, 2529, 2688, 2725, 2833, 2846, 2854, 3045, 3888, 4149, 4260, 4664]
RKP_05000_05000_1_08.txt|199947.0|0.6755807999999917|[2, 3, 7, 16, 30, 38, 51, 91, 95, 97, 122, 124, 156, 171, 253, 262, 280, 342, 371, 451, 512, 523, 560, 596, 669, 674, 764, 836, 878, 984, 1167, 1179, 1247, 1421, 1439, 1546, 1549, 1562, 1757, 1919, 1941, 2042, 2047, 2100, 2236, 2312, 2428, 2525, 2536, 2600, 2681, 3599, 3666, 3744, 3792, 3833, 3998, 4080, 4093, 4186, 4195, 4393, 4516]
RKP_05000_05000_1_09.txt|214571.0|0.6241744999999952|[1, 3, 4, 5, 6, 42, 50, 55, 66, 76, 77, 93, 113, 139, 146, 151, 170, 196, 221, 234, 299, 325, 339, 404, 438, 448, 460, 537, 542, 565, 632, 682, 701, 820, 871, 921, 936, 1006, 1064, 1082, 1227, 1245, 1254, 1269, 1314, 1350, 1355, 1416, 1458, 1504, 1546, 1592, 1594, 1635, 1917, 2127, 2437, 2450, 2593, 2636, 2834, 3197, 4248, 4486, 4489, 4615]
RKP_05000_05000_1_10.txt|183391.0|0.7500043999999946|[6, 7, 38, 89, 92, 101, 144, 153, 185, 286, 339, 380, 414, 467, 472, 659, 724, 756, 803, 813, 909, 959, 1056, 1381, 1402, 1504, 1538, 1609, 1652, 1766, 1771, 1861, 1887, 2050, 2082, 2151, 2281, 2580, 2608, 2629, 2786, 2821, 2870, 2942, 3067, 3078, 3101, 3198, 3224, 3261, 3329, 3450, 3728, 4380]
RKP_05000_05000_2_01.txt|17171.0|0.784033100000002|[18, 20, 68, 93, 98, 106, 156, 198, 235, 279, 293, 411, 475, 515, 690, 715, 748, 866, 937, 953, 1045, 1308, 1367, 1635, 1639, 1643, 1665, 1885, 1974, 2236, 2251, 2351, 2937, 3667, 3722, 4833, 4844]
RKP_05000_05000_2_02.txt|17034.0|0.7076122999999939|[14, 15, 56, 104, 105, 106, 131, 220, 276, 294, 485, 530, 563, 582, 710, 722, 1058, 1069, 1172, 1592, 1649, 2069, 2244, 2429, 2774, 3100, 3164, 3641, 3678, 3688, 3796, 3813, 4007, 4266, 4564]
RKP_05000_05000_2_03.txt|16070.0|0.7701818999999972|[1, 4, 21, 34, 38, 44, 61, 128, 162, 164, 167, 177, 317, 375, 394, 477, 502, 583, 613, 983, 1122, 1269, 1422, 1429, 1432, 1837, 2224, 2272, 2696, 3090, 3630, 3711, 3839, 3957, 4235, 4565, 4939]
RKP_05000_05000_2_04.txt|20863.0|0.7294988999999958|[1, 2, 4, 11, 21, 23, 37, 47, 71, 78, 82, 86, 122, 126, 131, 147, 154, 165, 187, 238, 307, 340, 368, 406, 455, 554, 625, 637, 655, 769, 832, 846, 862, 893, 1068, 1124, 1223, 1329, 1335, 1508, 1519, 1586, 1606, 2293, 2308, 2318, 2319, 2376, 2382, 2632, 2705, 2773, 3257]
RKP_05000_05000_2_05.txt|17796.0|0.7532654999999977|[5, 12, 13, 70, 103, 113, 128, 155, 163, 317, 481, 501, 513, 551, 626, 743, 856, 858, 874, 928, 932, 976, 1011, 1022, 1103, 1153, 1219, 1232, 1260, 1289, 1394, 1456, 1588, 1768, 1813, 2060, 2345, 2493, 2906, 3383, 4092, 4182, 4330]
RKP_05000_05000_2_06.txt|16830.0|0.8059085999999951|[17, 30, 106, 110, 117, 136, 303, 326, 370, 373, 399, 574, 629, 731, 785, 786, 832, 866, 872, 1070, 1073, 1097, 1342, 1630, 1638, 1805, 2324, 2365, 3105, 3248, 3580, 3764, 4543]
RKP_05000_05000_2_07.txt|18033.0|0.7177260000000132|[13, 20, 24, 30, 36, 72, 129, 152, 273, 349, 411, 421, 430, 528, 624, 631, 725, 747, 781, 850, 903, 926, 931, 932, 989, 1049, 1115, 1137, 1326, 1380, 1435, 1438, 1460, 1581, 1730, 1734, 1819, 2045, 2118, 2838, 3060, 3396, 3747, 3935, 3995, 4066, 4779]
RKP_05000_05000_2_08.txt|18154.0|0.7709673000000095|[2, 17, 20, 27, 34, 64, 116, 155, 179, 265, 274, 286, 315, 332, 351, 449, 551, 587, 603, 659, 668, 746, 760, 782, 811, 899, 919, 953, 1262, 1277, 1520, 1692, 1834, 1835, 2024, 2219, 2598, 2692, 2788, 2907, 3119, 3335, 3356, 3438, 3617]
RKP_05000_05000_2_09.txt|20319.0|0.7968467999999973|[1, 2, 3, 7, 12, 36, 61, 74, 82, 83, 84, 105, 128, 129, 137, 157, 164, 178, 180, 181, 234, 279, 327, 385, 394, 413, 423, 519, 632, 634, 893, 899, 973, 1012, 1177, 1179, 1213, 1231, 1308, 1378, 1478, 1482, 1802, 2129, 2275, 2555, 3741, 3975, 4230, 4959]
RKP_05000_05000_2_10.txt|18144.0|0.7995028999999931|[1, 2, 6, 9, 14, 23, 42, 57, 58, 70, 97, 205, 261, 268, 288, 294, 311, 330, 351, 386, 460, 666, 725, 899, 1055, 1078, 1136, 1384, 1620, 1652, 1742, 2102, 2124, 2264, 2524, 2594, 2690, 2884, 3272, 3467, 3568, 4041]
RKP_05000_05000_3_01.txt|41021.999999999745|0.8854266000000024|[1, 3, 6, 16, 21, 39, 45, 54, 55, 56, 58, 60, 79, 88, 94, 105, 106, 132, 157, 164, 262, 336, 449, 476, 480, 499, 502, 521, 528, 530, 563, 625, 628, 638, 646, 731, 736, 760, 787, 800, 814, 870, 926, 927, 1004, 1075, 1080, 1179, 1223, 1291, 1328, 1409, 1410, 1430, 1433, 1664, 1846, 1887, 2024, 2025, 2100, 2145, 2233, 2312, 2454, 2544, 2738, 2831, 2987, 3210, 3418, 3953, 4085, 4143, 4650]
RKP_05000_05000_3_02.txt|40890.0|0.8437648999999965|[1, 2, 9, 25, 30, 32, 33, 37, 38, 45, 50, 51, 55, 58, 92, 99, 133, 151, 155, 162, 217, 221, 227, 303, 351, 364, 405, 407, 409, 507, 509, 568, 597, 601, 738, 773, 885, 967, 969, 970, 985, 1093, 1198, 1199, 1214, 1220, 1232, 1509, 1675, 1914, 1970, 2038, 2259, 2345, 2392, 2529, 2712, 2826, 3230, 3478, 3717, 3743, 3779, 3903, 3922, 4134, 4175, 4221, 4322, 4338, 4402, 4488, 4553, 4589]
RKP_05000_05000_3_03.txt|40614.0|0.7482502999999951|[1, 2, 3, 4, 8, 9, 12, 13, 21, 25, 46, 67, 79, 88, 90, 127, 167, 185, 194, 219, 223, 244, 281, 323, 366, 489, 523, 554, 636, 682, 706, 763, 764, 856, 937, 950, 963, 970, 1011, 1029, 1099, 1129, 1187, 1238, 1255, 1495, 1505, 1677, 1696, 1703, 1715, 1729, 1777, 1855, 1875, 1955, 1960, 2143, 2287, 2297, 2334, 2430, 2585, 2713, 3112, 3213, 3252, 3385, 3452, 3819, 3837, 3909, 4001, 4548]
RKP_05000_05000_3_04.txt|40956.0|0.8351245000000063|[1, 4, 6, 9, 14, 15, 27, 31, 51, 61, 71, 83, 94, 102, 109, 156, 169, 173, 177, 183, 194, 236, 249, 256, 304, 343, 404, 412, 454, 476, 479, 505, 585, 642, 666, 699, 773, 779, 843, 868, 922, 936, 965, 1033, 1112, 1135, 1208, 1304, 1589, 1740, 1793, 2081, 2428, 2547, 2704, 2727, 2854, 2915, 2979, 3143, 3217, 3330, 3391, 3454, 3523, 3543, 3625, 3841, 3856, 3870, 3872, 4086, 4104, 4170]
RKP_05000_05000_3_05.txt|38746.0|0.8752401999999933|[1, 2, 5, 10, 12, 13, 17, 20, 28, 29, 44, 50, 58, 62, 67, 72, 81, 97, 101, 139, 141, 150, 205, 207, 259, 271, 331, 368, 371, 372, 406, 537, 555, 616, 617, 628, 652, 945, 969, 984, 1044, 1073, 1220, 1378, 1400, 1506, 1519, 1640, 1664, 1680, 1696, 1758, 1771, 1843, 1951, 1982, 2358, 2428, 2606, 2910, 2994, 3138, 3418, 3442, 3566, 3733, 3993, 4138, 4618, 4707]
RKP_05000_05000_3_06.txt|39869.0|0.8620116999999965|[1, 2, 6, 8, 9, 22, 23, 28, 30, 55, 78, 99, 115, 130, 148, 203, 213, 219, 233, 234, 239, 262, 285, 313, 377, 382, 386, 396, 480, 607, 618, 623, 626, 645, 671, 692, 737, 756, 817, 839, 845, 924, 934, 1005, 1115, 1123, 1191, 1215, 1379, 1678, 1705, 1939, 1989, 2045, 2100, 2115, 2300, 2334, 2338, 2537, 2626, 2697, 2724, 3065, 3251, 3327, 3441, 3468, 3690, 4180, 4300, 4610]
RKP_05000_05000_3_07.txt|39366.0|0.8172124999999966|[1, 2, 4, 22, 56, 82, 88, 115, 124, 127, 143, 217, 220, 232, 304, 348, 395, 412, 444, 459, 462, 487, 490, 525, 609, 619, 656, 684, 717, 718, 766, 796, 813, 817, 835, 866, 897, 924, 1005, 1049, 1127, 1133, 1264, 1279, 1323, 1338, 1375, 1420, 1579, 1664, 1721, 1728, 1818, 1914, 2093, 2201, 2287, 2345, 2348, 2643, 2655, 2747, 2824, 2860, 3295, 3700, 3890, 3987, 4288, 4656, 4816]
RKP_05000_05000_3_08.txt|38983.0|0.8208501000000012|[1, 2, 7, 8, 14, 16, 18, 22, 38, 39, 43, 54, 89, 147, 150, 152, 160, 241, 289, 294, 344, 351, 391, 430, 433, 454, 484, 524, 640, 692, 752, 762, 784, 857, 876, 886, 938, 1042, 1104, 1105, 1145, 1185, 1224, 1311, 1371, 1450, 1576, 1833, 1969, 2066, 2150, 2202, 2221, 2250, 2393, 2413, 2446, 2528, 2750, 2945, 3072, 3512, 3527, 4022, 4469, 4510, 4546, 4731, 4805, 4834]
RKP_05000_05000_3_09.txt|41627.0|0.7421628000000027|[3, 5, 8, 10, 13, 17, 19, 42, 43, 51, 54, 75, 133, 140, 167, 184, 233, 252, 259, 313, 317, 338, 345, 354, 356, 387, 431, 532, 554, 609, 629, 643, 660, 679, 767, 789, 851, 877, 913, 929, 932, 1146, 1162, 1282, 1328, 1343, 1469, 1489, 1549, 1667, 1813, 1933, 1945, 2013, 2090, 2166, 2247, 2427, 2435, 2484, 2838, 2885, 2994, 3009, 3268, 3338, 3677, 3684, 4052, 4077, 4132, 4240, 4246, 4313, 4338, 4825]
RKP_05000_05000_3_10.txt|40487.0|0.8609138999999999|[1, 3, 4, 9, 10, 13, 14, 25, 26, 27, 41, 44, 48, 49, 51, 59, 60, 96, 102, 120, 137, 227, 261, 313, 402, 405, 481, 490, 535, 576, 577, 605, 607, 675, 848, 988, 1007, 1062, 1075, 1099, 1135, 1202, 1224, 1258, 1284, 1307, 1358, 1405, 1598, 1653, 1714, 1786, 1891, 1969, 1987, 2521, 2536, 2573, 2643, 2698, 2748, 2923, 2927, 3222, 3454, 3459, 3468, 3531, 3759, 3937, 4381, 4391, 4394, 4808]
RKP_05000_05000_4_01.txt|5000.0|0.6422550000000058|[4658]
RKP_05000_05000_4_02.txt|5000.0|0.6148495000000054|[4978]
RKP_05000_05000_4_03.txt|4997.0|0.6752809000000042|[4502]
RKP_05000_05000_4_04.txt|4998.0|0.6304468000000014|[4737]
RKP_05000_05000_4_05.txt|4994.0|0.6420127000000093|[4541]
RKP_05000_05000_4_06.txt|4992.0|0.6213785000000058|[4802]
RKP_05000_05000_4_07.txt|4986.0|0.6251570000000015|[4680]
RKP_05000_05000_4_08.txt|5000.0|0.6582609000000019|[4910]
RKP_05000_05000_4_09.txt|5000.0|0.6389844999999923|[4988]
RKP_05000_05000_4_10.txt|4992.0|0.6570913000000047|[4659]
RKP_05000_05000_5_01.txt|5000.0|0.8312732999999923|[135, 326, 337, 1100, 1412, 2908, 4965]
RKP_05000_05000_5_02.txt|5000.0|0.7275670000000076|[29, 82, 112, 163, 2045, 2132, 2258, 2334, 3626]
RKP_05000_05000_5_03.txt|5000.0|0.8062485999999893|[18, 753, 865, 1204, 1600, 1994, 2373, 3133, 3355, 4461]
RKP_05000_05000_5_04.txt|5000.0|0.8159117000000009|[152, 220, 253, 861, 959, 1923, 2002, 4929]
RKP_05000_05000_5_05.txt|5000.0|0.7994377999999926|[292, 318, 388, 1004, 1245, 1429, 2130, 2545]
RKP_05000_05000_5_06.txt|5000.0|0.8247663000000074|[1, 82, 86, 344, 692, 789, 854, 1045, 1804, 2143, 2349, 2614, 2801, 3184]
RKP_05000_05000_5_07.txt|5000.0|0.7349181000000016|[10, 156, 214, 651, 1031, 1279, 1371, 1528, 2174]
RKP_05000_05000_5_08.txt|5000.0|0.7040026000000097|[310, 703, 1241, 1801, 2262, 2801]
RKP_05000_05000_5_09.txt|5000.0|0.7824968000000041|[614, 1159, 2209]
RKP_05000_05000_5_10.txt|5000.0|0.7009960000000035|[57, 120, 227, 452, 481, 486, 793, 817, 988, 1031, 1146, 1398, 2937, 3999, 4148]
