RKP_00100_00100_1_01.txt|622.0|0.08133060000000003|[1, 2, 4, 15, 16, 17, 22, 24, 28, 29]
RKP_00100_00100_1_02.txt|758.0|0.06069619999999998|[1, 9, 12, 15, 37, 44, 47, 48, 50, 56, 91]
RKP_00100_00100_1_03.txt|616.0|0.05932180000000009|[1, 2, 4, 6, 10, 11, 12, 15, 34, 63]
RKP_00100_00100_1_04.txt|531.0|0.05770889999999995|[2, 5, 7, 9, 15, 16, 85]
RKP_00100_00100_1_05.txt|565.0|0.0789607|[1, 3, 10, 11, 16, 20, 22, 29, 79]
RKP_00100_00100_1_06.txt|774.0|0.06608209999999992|[10, 16, 17, 31, 42, 47, 48, 50, 57, 83, 97]
RKP_00100_00100_1_07.txt|392.0|0.10737739999999996|[1, 5, 13, 39, 41, 46, 60]
RKP_00100_00100_1_08.txt|756.0|0.06097169999999985|[1, 2, 5, 6, 7, 9, 12, 13, 24, 30, 76, 87, 92]
RKP_00100_00100_1_09.txt|509.0|0.0691390999999999|[2, 8, 18, 23, 24, 29, 42, 52]
RKP_00100_00100_1_10.txt|650.0|0.05866670000000007|[1, 2, 4, 11, 13, 16, 18, 20, 27, 33]
RKP_00100_00100_2_01.txt|151.0|0.07247099999999995|[2, 6, 13, 14, 20, 22, 41, 68]
RKP_00100_00100_2_02.txt|134.0|0.06950299999999987|[5, 28, 30, 31, 90]
RKP_00100_00100_2_03.txt|136.0|0.07402580000000003|[3, 5, 22, 28, 48, 75]
RKP_00100_00100_2_04.txt|153.0|0.05962429999999985|[8, 11, 14, 18, 28, 41, 50]
RKP_00100_00100_2_05.txt|131.0|0.09228100000000006|[13, 16, 32, 36, 82]
RKP_00100_00100_2_06.txt|125.0|0.07534900000000011|[2, 3, 8, 10, 38, 67]
RKP_00100_00100_2_07.txt|140.0|0.0850282|[4, 7, 13, 14, 21, 22]
RKP_00100_00100_2_08.txt|149.0|0.07864460000000006|[1, 2, 4, 6, 16, 25, 28, 48]
RKP_00100_00100_2_09.txt|144.0|0.059088599999999936|[4, 9, 23, 27, 37, 38, 75]
RKP_00100_00100_2_10.txt|122.0|0.06572210000000012|[5, 14, 27, 46, 64, 65, 76]
RKP_00100_00100_3_01.txt|190.0|0.07749720000000004|[1, 2, 5, 6, 16, 21, 29, 44, 53]
RKP_00100_00100_3_02.txt|186.0|0.07385509999999984|[1, 2, 7, 8, 17, 41, 49, 59, 87]
RKP_00100_00100_3_03.txt|230.0|0.04757049999999996|[1, 2, 4, 6, 13, 14, 15, 19, 23, 45, 49, 66, 75]
RKP_00100_00100_3_04.txt|202.0|0.0802915999999998|[1, 6, 8, 9, 15, 21, 26, 34, 37, 42, 72]
RKP_00100_00100_3_05.txt|194.0|0.057336799999999855|[1, 6, 7, 10, 12, 15, 18, 25, 26, 31]
RKP_00100_00100_3_06.txt|220.0|0.06326859999999979|[1, 3, 6, 11, 13, 16, 19, 27, 39, 40, 66, 72]
RKP_00100_00100_3_07.txt|200.0|0.06528789999999995|[2, 4, 5, 7, 10, 14, 50, 67, 72, 89]
RKP_00100_00100_3_08.txt|180.0|0.081712|[1, 3, 14, 18, 24, 33, 67, 70]
RKP_00100_00100_3_09.txt|188.0|0.08945100000000039|[1, 2, 5, 9, 32, 35, 44, 48, 57]
RKP_00100_00100_3_10.txt|202.0|0.059651999999999816|[1, 5, 6, 20, 24, 45, 55, 60, 62, 69, 86, 93]
RKP_00100_00100_4_01.txt|94.0|0.04551570000000016|[90]
RKP_00100_00100_4_02.txt|97.0|0.045539999999999914|[94]
RKP_00100_00100_4_03.txt|99.0|0.04581349999999995|[96]
RKP_00100_00100_4_04.txt|100.0|0.047343399999999924|[95]
RKP_00100_00100_4_05.txt|97.0|0.04603570000000001|[93]
RKP_00100_00100_4_06.txt|98.0|0.04721149999999996|[93]
RKP_00100_00100_4_07.txt|98.0|0.04589219999999994|[98]
RKP_00100_00100_4_08.txt|100.0|0.04640040000000001|[97]
RKP_00100_00100_4_09.txt|99.0|0.04855049999999972|[90]
RKP_00100_00100_4_10.txt|95.0|0.04789020000000033|[89]
RKP_00100_00100_5_01.txt|100.0|0.04922739999999992|[13, 15, 16, 21, 22, 39]
RKP_00100_00100_5_02.txt|100.0|0.050546599999999664|[1, 42, 93]
RKP_00100_00100_5_03.txt|100.0|0.04881769999999985|[12, 15, 26, 92]
RKP_00100_00100_5_04.txt|100.0|0.049526199999999854|[43, 64, 82, 83]
RKP_00100_00100_5_05.txt|100.0|0.048507600000000206|[25, 37, 76]
RKP_00100_00100_5_06.txt|100.0|0.048384400000000216|[75, 89]
RKP_00100_00100_5_07.txt|100.0|0.04710089999999978|[1, 95]
RKP_00100_00100_5_08.txt|100.0|0.04769789999999974|[1, 20, 84]
RKP_00100_00100_5_09.txt|100.0|0.04968719999999971|[1, 85]
RKP_00100_00100_5_10.txt|100.0|0.0505450999999999|[19, 86]
RKP_00500_00100_1_01.txt|1327.0|0.1089891999999999|[2, 3, 4, 5, 15, 25, 27, 38, 42, 75, 89, 120, 129, 140, 148, 173, 211, 284, 304, 500]
RKP_00500_00100_1_02.txt|1180.0|0.12149129999999975|[3, 9, 13, 70, 77, 87, 88, 89, 102, 116, 175, 288, 289, 325, 351, 375, 388, 423]
RKP_00500_00100_1_03.txt|1127.0|0.12453830000000021|[1, 5, 11, 15, 16, 20, 30, 37, 73, 81, 111, 113, 140, 158, 326, 327, 496]
RKP_00500_00100_1_04.txt|1412.0|0.1012540000000004|[10, 11, 41, 45, 59, 64, 65, 83, 93, 151, 156, 197, 212, 245, 315, 359, 467, 471]
RKP_00500_00100_1_05.txt|1298.0|0.0986488999999997|[1, 2, 5, 10, 11, 17, 24, 60, 72, 104, 192, 212, 215, 269, 292, 363, 382, 402]
RKP_00500_00100_1_06.txt|1680.0|0.10319790000000051|[2, 3, 4, 5, 7, 13, 22, 34, 35, 50, 83, 89, 107, 115, 131, 165, 189, 211, 225, 230, 240, 244, 411, 490]
RKP_00500_00100_1_07.txt|1585.0|0.12155619999999967|[2, 5, 7, 13, 16, 22, 24, 31, 40, 97, 126, 147, 183, 203, 257, 322, 359, 387, 410, 461, 492]
RKP_00500_00100_1_08.txt|1415.0|0.10546519999999937|[1, 2, 4, 7, 10, 22, 29, 35, 63, 106, 146, 149, 150, 156, 165, 185, 258, 326, 332, 378, 450]
RKP_00500_00100_1_09.txt|1196.0|0.10512180000000004|[11, 13, 16, 19, 27, 39, 54, 68, 77, 91, 150, 210, 215, 221, 257, 307, 324, 348]
RKP_00500_00100_1_10.txt|1273.0|0.09373129999999996|[1, 3, 5, 8, 15, 21, 30, 59, 62, 75, 84, 110, 137, 162, 214, 234, 277, 342, 413]
RKP_00500_00100_2_01.txt|221.0|0.10186660000000014|[3, 10, 11, 16, 20, 40, 60, 100, 101, 122, 148, 150, 168, 226, 259, 441, 447, 472]
RKP_00500_00100_2_02.txt|215.0|0.11023030000000045|[4, 13, 16, 21, 65, 72, 97, 112, 120, 131, 156, 186, 195, 299, 314, 336]
RKP_00500_00100_2_03.txt|201.0|0.10627720000000007|[3, 12, 13, 21, 38, 50, 78, 97, 100, 107, 154, 155, 164, 166, 436, 479]
RKP_00500_00100_2_04.txt|206.0|0.1062012000000001|[7, 8, 14, 16, 19, 20, 26, 38, 55, 58, 105, 125, 163, 216, 236, 246, 306, 429]
RKP_00500_00100_2_05.txt|208.0|0.07955020000000079|[2, 4, 5, 52, 58, 109, 125, 143, 182, 218, 240, 260, 275, 294, 322, 417, 426]
RKP_00500_00100_2_06.txt|189.0|0.09537130000000005|[1, 9, 10, 15, 18, 70, 115, 117, 134, 150, 302, 358, 377]
RKP_00500_00100_2_07.txt|194.0|0.11345579999999966|[1, 3, 10, 17, 33, 53, 75, 83, 114, 123, 162, 260, 308, 452, 459]
RKP_00500_00100_2_08.txt|188.0|0.10246949999999977|[1, 3, 7, 15, 23, 42, 43, 45, 96, 123, 278, 384]
RKP_00500_00100_2_09.txt|172.0|0.11315659999999994|[3, 38, 39, 52, 70, 72, 108, 119, 276, 304, 335, 378, 426, 433]
RKP_00500_00100_2_10.txt|192.0|0.11161689999999957|[1, 9, 19, 20, 21, 40, 46, 83, 118, 128, 154, 199, 216, 308, 441, 498]
RKP_00500_00100_3_01.txt|306.0|0.0988137|[1, 3, 5, 8, 11, 24, 33, 38, 64, 96, 140, 143, 148, 182, 223, 227, 240, 260, 293, 343, 401]
RKP_00500_00100_3_02.txt|338.0|0.0731579|[1, 3, 5, 15, 20, 26, 38, 39, 56, 64, 68, 73, 110, 143, 152, 160, 162, 167, 179, 189, 195, 203, 221, 398, 405]
RKP_00500_00100_3_03.txt|318.0|0.07240330000000039|[1, 5, 9, 11, 45, 49, 52, 71, 80, 93, 111, 113, 123, 139, 148, 168, 193, 201, 264, 322, 351, 444, 454]
RKP_00500_00100_3_04.txt|314.0|0.10303199999999979|[1, 2, 4, 5, 8, 20, 24, 66, 68, 104, 159, 163, 165, 168, 221, 280, 285, 301, 312, 328, 345, 453]
RKP_00500_00100_3_05.txt|366.0|0.10201269999999951|[1, 7, 8, 9, 12, 30, 32, 33, 74, 106, 108, 140, 143, 189, 196, 211, 225, 252, 263, 294, 340, 377, 381, 392, 397, 417, 434]
RKP_00500_00100_3_06.txt|288.0|0.07581249999999962|[1, 7, 11, 16, 19, 24, 25, 45, 52, 56, 90, 172, 183, 186, 189, 204, 242, 266, 311, 433]
RKP_00500_00100_3_07.txt|296.0|0.12378269999999958|[2, 3, 5, 7, 24, 30, 33, 65, 77, 111, 157, 193, 200, 215, 216, 244, 302, 308, 393, 429]
RKP_00500_00100_3_08.txt|373.0|0.09844629999999999|[1, 4, 8, 14, 19, 25, 26, 31, 32, 35, 49, 57, 58, 63, 64, 84, 90, 93, 114, 133, 141, 144, 150, 159, 172, 275, 301, 323, 451]
RKP_00500_00100_3_09.txt|338.0|0.08064139999999931|[1, 2, 3, 4, 12, 13, 14, 17, 24, 54, 58, 70, 90, 104, 108, 122, 148, 154, 169, 171, 231, 269, 294, 315, 347]
RKP_00500_00100_3_10.txt|304.0|0.13835959999999936|[2, 3, 10, 25, 32, 47, 52, 57, 107, 114, 128, 153, 159, 183, 189, 193, 217, 222, 322, 325, 388]
RKP_00500_00100_4_01.txt|100.0|0.0707652000000003|[448]
RKP_00500_00100_4_02.txt|100.0|0.0693798999999995|[454]
RKP_00500_00100_4_03.txt|100.0|0.07207830000000026|[436]
RKP_00500_00100_4_04.txt|100.0|0.0708321999999999|[428]
RKP_00500_00100_4_05.txt|100.0|0.07175620000000027|[455]
RKP_00500_00100_4_06.txt|100.0|0.07351069999999993|[464]
RKP_00500_00100_4_07.txt|99.0|0.07312999999999992|[472]
RKP_00500_00100_4_08.txt|100.0|0.07158700000000007|[430]
RKP_00500_00100_4_09.txt|100.0|0.07252419999999926|[443]
RKP_00500_00100_4_10.txt|100.0|0.0736901999999997|[497]
RKP_00500_00100_5_01.txt|100.0|0.07208979999999965|[10, 475]
RKP_00500_00100_5_02.txt|100.0|0.07412999999999936|[1, 418, 479]
RKP_00500_00100_5_03.txt|100.0|0.07734370000000013|[138, 142, 293, 443]
RKP_00500_00100_5_04.txt|100.0|0.07397919999999925|[493]
RKP_00500_00100_5_05.txt|100.0|0.07190480000000044|[486]
RKP_00500_00100_5_06.txt|100.0|0.07710699999999981|[1, 494]
RKP_00500_00100_5_07.txt|100.0|0.07498270000000051|[1, 485]
RKP_00500_00100_5_08.txt|100.0|0.0729974999999996|[23, 70, 91, 101]
RKP_00500_00100_5_09.txt|100.0|0.07265179999999916|[478]
RKP_00500_00100_5_10.txt|100.0|0.07346519999999934|[122, 497]
RKP_01000_00100_1_01.txt|1695.0|0.1627130000000001|[2, 10, 11, 27, 47, 50, 51, 64, 67, 91, 97, 116, 123, 151, 244, 261, 317, 336, 376, 432, 448, 560, 745]
RKP_01000_00100_1_02.txt|1699.0|0.15231490000000036|[9, 11, 16, 30, 32, 38, 49, 50, 72, 76, 89, 108, 171, 182, 195, 292, 294, 331, 337, 408, 486, 557, 584, 696, 754, 872]
RKP_01000_00100_1_03.txt|1659.0|0.14483729999999895|[2, 4, 16, 32, 39, 48, 57, 62, 65, 116, 121, 128, 160, 172, 174, 182, 199, 252, 276, 535, 694, 754, 813, 869]
RKP_01000_00100_1_04.txt|1978.0|0.16272030000000015|[1, 2, 6, 12, 14, 20, 36, 44, 53, 63, 75, 151, 163, 165, 184, 204, 247, 255, 277, 283, 429, 566, 592, 726, 732, 733, 857]
RKP_01000_00100_1_05.txt|1854.0|0.1617083000000008|[1, 12, 16, 37, 41, 49, 74, 75, 89, 101, 121, 123, 139, 151, 188, 207, 307, 425, 582, 635, 673, 696, 776, 796, 915, 1000]
RKP_01000_00100_1_06.txt|1919.0|0.15748929999999994|[1, 8, 10, 23, 33, 37, 38, 55, 57, 58, 63, 99, 108, 120, 160, 168, 176, 235, 236, 242, 244, 250, 255, 283, 349, 383, 790, 993]
RKP_01000_00100_1_07.txt|2000.0|0.18113830000000064|[1, 2, 3, 7, 18, 37, 46, 49, 86, 90, 96, 127, 128, 130, 170, 204, 226, 342, 372, 382, 436, 440, 450, 476, 556, 628, 874]
RKP_01000_00100_1_08.txt|1730.0|0.17171160000000008|[1, 2, 4, 6, 7, 29, 68, 80, 101, 118, 145, 149, 174, 183, 202, 223, 294, 303, 356, 403, 421, 422, 706, 716, 780, 922]
RKP_01000_00100_1_09.txt|1771.0|0.16233590000000042|[1, 2, 14, 25, 27, 31, 36, 52, 103, 133, 168, 170, 196, 213, 248, 262, 290, 489, 509, 672, 679, 728, 782, 898, 942]
RKP_01000_00100_1_10.txt|1957.0|0.12333070000000035|[1, 8, 19, 37, 55, 58, 63, 76, 104, 111, 253, 286, 331, 368, 439, 466, 491, 534, 618, 663, 669, 724, 748, 754, 785, 813, 916, 931]
RKP_01000_00100_2_01.txt|228.0|0.16961919999999964|[7, 12, 13, 14, 16, 21, 24, 33, 37, 47, 76, 90, 183, 185, 209, 221, 264, 361, 374, 470, 535]
RKP_01000_00100_2_02.txt|225.0|0.12743090000000024|[3, 23, 69, 84, 100, 179, 183, 202, 357, 375, 376, 385, 397, 410, 547, 583, 625, 901, 954]
RKP_01000_00100_2_03.txt|286.0|0.14992509999999903|[5, 24, 33, 58, 64, 81, 84, 87, 97, 98, 123, 124, 149, 171, 186, 214, 282, 330, 335, 340, 394, 404, 416, 746, 928]
RKP_01000_00100_2_04.txt|220.0|0.1175771999999995|[8, 35, 37, 58, 60, 74, 94, 112, 130, 147, 246, 332, 443, 553, 620]
RKP_01000_00100_2_05.txt|230.0|0.1367756|[2, 5, 7, 11, 42, 73, 111, 152, 222, 236, 255, 293, 299, 351, 380, 501, 713, 742, 846]
RKP_01000_00100_2_06.txt|264.0|0.13106409999999968|[1, 6, 9, 17, 33, 48, 115, 122, 138, 152, 185, 187, 233, 255, 258, 289, 541, 590, 647, 765, 805, 858, 876]
RKP_01000_00100_2_07.txt|231.0|0.1539836000000001|[1, 2, 3, 7, 61, 138, 173, 208, 218, 284, 378, 396, 457, 480, 485, 520, 531, 682, 796, 821, 950]
RKP_01000_00100_2_08.txt|273.0|0.12506279999999848|[1, 3, 7, 9, 10, 11, 21, 39, 41, 44, 121, 131, 171, 175, 223, 250, 278, 406, 414, 485, 519, 549, 661]
RKP_01000_00100_2_09.txt|225.0|0.15738879999999966|[3, 6, 9, 13, 31, 118, 127, 176, 205, 225, 236, 327, 382, 414, 436, 470, 651, 759, 904]
RKP_01000_00100_2_10.txt|255.0|0.1580729999999999|[1, 4, 5, 15, 30, 33, 122, 163, 184, 191, 252, 273, 314, 341, 402, 412, 443, 521, 548, 579, 700, 755]
RKP_01000_00100_3_01.txt|420.0|0.14832949999999911|[11, 21, 32, 49, 55, 65, 72, 77, 94, 118, 133, 134, 143, 157, 179, 208, 249, 294, 337, 340, 348, 351, 420, 537, 567, 634, 659, 704, 740, 763, 795, 816, 857]
RKP_01000_00100_3_02.txt|390.0|0.12237109999999873|[4, 8, 9, 16, 18, 25, 30, 31, 35, 37, 47, 53, 58, 69, 79, 94, 120, 121, 137, 138, 176, 249, 286, 295, 300, 381, 567, 586, 654, 751, 978]
RKP_01000_00100_3_03.txt|422.0|0.12884799999999963|[1, 3, 13, 17, 22, 44, 46, 54, 62, 89, 93, 99, 143, 175, 181, 184, 204, 222, 256, 273, 305, 325, 378, 382, 431, 448, 542, 625, 652, 692, 809, 836, 994]
RKP_01000_00100_3_04.txt|386.0|0.1343653000000007|[1, 2, 3, 9, 10, 15, 24, 32, 35, 42, 44, 53, 142, 149, 161, 186, 201, 232, 271, 274, 277, 305, 389, 433, 449, 480, 492, 645, 740, 786]
RKP_01000_00100_3_05.txt|374.0|0.14932519999999982|[1, 5, 10, 21, 23, 24, 29, 31, 46, 57, 85, 86, 100, 107, 117, 141, 145, 151, 183, 246, 308, 315, 355, 385, 460, 661, 674, 739]
RKP_01000_00100_3_06.txt|382.0|0.15169579999999883|[5, 13, 14, 16, 18, 25, 28, 35, 36, 37, 63, 64, 66, 71, 112, 116, 129, 153, 204, 207, 224, 237, 239, 242, 249, 345, 543, 886, 970]
RKP_01000_00100_3_07.txt|434.0|0.12505739999999932|[4, 5, 6, 12, 16, 20, 23, 31, 38, 53, 56, 63, 112, 129, 131, 161, 169, 190, 198, 231, 282, 337, 402, 407, 410, 433, 483, 591, 695, 791, 822, 828, 867, 888, 942]
RKP_01000_00100_3_08.txt|366.0|0.13341890000000056|[1, 7, 9, 13, 33, 35, 53, 71, 72, 118, 131, 152, 154, 158, 179, 198, 257, 282, 292, 340, 472, 528, 591, 600, 655, 703, 883]
RKP_01000_00100_3_09.txt|388.0|0.14299950000000017|[1, 2, 4, 5, 6, 9, 17, 19, 23, 39, 47, 48, 83, 126, 185, 202, 211, 216, 228, 257, 385, 403, 432, 471, 480, 502, 630, 825, 864]
RKP_01000_00100_3_10.txt|396.0|0.12493139999999947|[1, 5, 10, 12, 18, 22, 26, 35, 56, 61, 72, 87, 97, 103, 106, 122, 156, 170, 227, 245, 247, 264, 334, 426, 431, 436, 524, 632, 677, 687, 764, 964]
RKP_01000_00100_4_01.txt|100.0|0.09943779999999869|[882]
RKP_01000_00100_4_02.txt|100.0|0.09948110000000021|[971]
RKP_01000_00100_4_03.txt|100.0|0.0990631999999998|[885]
RKP_01000_00100_4_04.txt|100.0|0.09957299999999947|[841]
RKP_01000_00100_4_05.txt|100.0|0.10029530000000086|[872]
RKP_01000_00100_4_06.txt|100.0|0.10485050000000129|[940]
RKP_01000_00100_4_07.txt|100.0|0.09689139999999874|[887]
RKP_01000_00100_4_08.txt|100.0|0.12372490000000091|[847]
RKP_01000_00100_4_09.txt|100.0|0.10132600000000025|[877]
RKP_01000_00100_4_10.txt|100.0|0.09828629999999983|[862]
RKP_01000_00100_5_01.txt|100.0|0.10104229999999959|[73, 890]
RKP_01000_00100_5_02.txt|100.0|0.10024829999999874|[1, 916]
RKP_01000_00100_5_03.txt|100.0|0.10232010000000002|[10, 253, 409, 584]
RKP_01000_00100_5_04.txt|100.0|0.12443039999999961|[101, 121, 324, 872]
RKP_01000_00100_5_05.txt|100.0|0.10319430000000018|[100, 525, 826]
RKP_01000_00100_5_06.txt|100.0|0.10312500000000036|[16, 22, 46, 98, 417, 848]
RKP_01000_00100_5_07.txt|100.0|0.10076130000000028|[114, 888]
RKP_01000_00100_5_08.txt|100.0|0.10184929999999959|[101, 822]
RKP_01000_00100_5_09.txt|100.0|0.10000319999999974|[44, 109, 380, 556, 823]
RKP_01000_00100_5_10.txt|100.0|0.09914120000000004|[105, 847]
RKP_05000_00100_1_01.txt|3768.0|0.5461136999999994|[1, 3, 4, 5, 7, 8, 9, 13, 20, 21, 22, 31, 59, 68, 150, 213, 299, 302, 465, 467, 553, 589, 642, 801, 847, 1021, 1181, 1207, 1268, 1275, 1373, 1406, 1507, 1568, 1731, 1839, 2003, 2091, 2106, 2398, 2478, 2505, 2548, 2556, 2692, 3251, 3645, 3733, 4474, 4536]
RKP_05000_00100_1_02.txt|3432.0|0.5563276999999989|[2, 16, 28, 31, 45, 60, 73, 101, 151, 169, 171, 174, 176, 235, 262, 275, 277, 301, 304, 350, 357, 463, 497, 579, 616, 716, 794, 892, 1432, 1720, 1821, 1908, 2037, 2056, 2793, 2809, 2939, 3158, 3415, 3592, 3648, 3739, 4066, 4311, 4318, 4339, 4651]
RKP_05000_00100_1_03.txt|3909.0|0.4885106999999991|[1, 2, 5, 6, 7, 10, 22, 26, 27, 47, 52, 81, 114, 156, 193, 207, 208, 219, 326, 338, 436, 591, 612, 684, 929, 961, 1020, 1035, 1066, 1069, 1179, 1237, 1355, 1550, 1634, 1880, 1912, 2382, 2442, 2646, 2939, 2992, 3005, 3127, 3261, 3382, 3686, 3801, 4396, 4798]
RKP_05000_00100_1_04.txt|3486.0|0.49798820000000177|[2, 5, 7, 23, 26, 38, 41, 69, 103, 104, 147, 218, 233, 261, 378, 416, 444, 455, 651, 713, 792, 795, 868, 898, 936, 1048, 1210, 1395, 1521, 1603, 1633, 1764, 1814, 1931, 1965, 1998, 2030, 2304, 2528, 2565, 2594, 2831, 2859, 2934, 3053, 3085, 3225, 3503, 3605, 3703, 4320, 4470, 4914]
RKP_05000_00100_1_05.txt|3369.0|0.5375709000000022|[2, 5, 8, 13, 16, 20, 23, 33, 38, 44, 60, 64, 81, 96, 101, 106, 158, 230, 288, 427, 527, 541, 542, 644, 660, 976, 1024, 1169, 1249, 1283, 1432, 1433, 1510, 1759, 2097, 2347, 2447, 2537, 2850, 2886, 2995, 3454, 3856, 4002, 4251, 4331, 4588]
RKP_05000_00100_1_06.txt|3598.0|0.5147313000000011|[2, 6, 7, 11, 14, 21, 25, 41, 44, 45, 71, 73, 131, 133, 139, 147, 152, 208, 219, 238, 260, 281, 457, 467, 569, 590, 694, 707, 745, 747, 866, 888, 896, 912, 1031, 1226, 1279, 1542, 1606, 1799, 2077, 2326, 2384, 2608, 2842, 3167, 3239, 3571, 3825, 4655]
RKP_05000_00100_1_07.txt|3806.0000000000005|0.5325802000000017|[1, 4, 5, 30, 35, 55, 90, 97, 118, 124, 180, 188, 192, 204, 218, 219, 229, 244, 362, 451, 482, 494, 582, 811, 876, 880, 914, 1149, 1187, 1199, 1222, 1299, 1401, 1437, 1674, 1687, 1756, 1758, 1762, 1827, 2018, 2037, 2085, 2591, 2883, 3072, 3162, 3320, 3370, 3419, 3473, 3484]
RKP_05000_00100_1_08.txt|3478.0|0.5692117000000003|[1, 6, 25, 29, 42, 54, 72, 82, 148, 183, 186, 202, 264, 266, 288, 300, 441, 502, 538, 553, 739, 777, 816, 820, 847, 865, 906, 1318, 1358, 1491, 1518, 1632, 1717, 1781, 1911, 1984, 2054, 2248, 2250, 2535, 2780, 2845, 2965, 2994, 3137, 3588, 3876, 3911, 4109, 4473]
RKP_05000_00100_1_09.txt|3464.0|0.48054670000000144|[10, 30, 42, 43, 70, 74, 121, 178, 185, 230, 270, 307, 325, 430, 447, 559, 593, 635, 729, 747, 762, 786, 796, 802, 816, 845, 853, 913, 987, 1184, 1363, 1387, 1427, 1441, 1736, 1769, 1856, 1869, 2596, 2965, 3051, 3697, 3704, 4062, 4135, 4220, 4341, 4378]
RKP_05000_00100_1_10.txt|3784.0|0.522393300000001|[2, 14, 17, 20, 25, 43, 48, 67, 83, 90, 153, 176, 180, 189, 230, 304, 321, 363, 385, 429, 437, 484, 564, 629, 662, 714, 780, 795, 805, 930, 952, 1091, 1350, 1395, 1422, 1804, 2028, 2061, 2120, 2552, 2616, 2958, 3065, 3086, 3176, 3373, 4185, 4572, 4651, 4883]
RKP_05000_00100_2_01.txt|375.0|0.5239042999999981|[3, 5, 25, 44, 68, 110, 144, 148, 204, 220, 246, 273, 460, 540, 560, 626, 665, 736, 746, 848, 868, 948, 1057, 1095, 1272, 1647, 1715, 1735, 1741, 1887, 2218, 2295, 2729, 3518, 3573, 3722]
RKP_05000_00100_2_02.txt|417.0|0.4810990000000004|[3, 10, 13, 22, 29, 73, 103, 152, 155, 275, 407, 455, 532, 536, 578, 656, 677, 763, 778, 871, 1014, 1178, 1194, 1493, 1570, 1770, 1793, 1838, 2263, 2320, 2360, 2439, 2984, 3004, 3238, 3612, 3640, 3848, 3917, 4063, 4134, 4347, 4384, 4978]
RKP_05000_00100_2_03.txt|398.0|0.5177280999999994|[4, 6, 7, 11, 12, 39, 54, 82, 185, 195, 260, 314, 500, 543, 592, 710, 769, 842, 895, 1184, 1234, 1463, 1469, 1771, 1867, 2352, 2550, 2606, 2655, 3166, 3332, 3625, 3890, 3969, 4547, 4655, 4806, 4989]
RKP_05000_00100_2_04.txt|384.0|0.48656349999999904|[1, 4, 12, 13, 20, 25, 45, 67, 72, 87, 99, 111, 143, 156, 168, 283, 291, 387, 491, 498, 506, 531, 599, 659, 674, 687, 752, 917, 950, 1107, 1139, 1295, 1415, 1565, 1633, 2126, 2568, 2789, 3153, 3585, 4139]
RKP_05000_00100_2_05.txt|441.0|0.4919684000000011|[5, 22, 29, 31, 40, 51, 90, 167, 274, 355, 370, 413, 452, 522, 612, 684, 693, 744, 752, 797, 991, 1029, 1076, 1224, 1503, 1654, 1741, 1823, 1862, 1903, 2208, 2261, 2332, 2365, 2545, 2614, 2703, 2785, 3226, 3238, 3374, 3383, 3406, 3481, 3555, 3573, 3758]
RKP_05000_00100_2_06.txt|395.0|0.5009154000000002|[3, 6, 8, 23, 33, 129, 136, 182, 210, 222, 324, 326, 342, 367, 466, 639, 758, 1025, 1109, 1288, 1383, 1433, 1581, 1688, 2072, 2118, 2312, 2322, 2408, 2422, 2453, 2519, 3081, 3347, 3385, 3682, 4405, 4478]
RKP_05000_00100_2_07.txt|375.0|0.4745375000000003|[1, 2, 15, 28, 43, 49, 50, 55, 71, 79, 109, 179, 183, 216, 235, 260, 341, 396, 649, 689, 729, 927, 1063, 1073, 1601, 2323, 2332, 2419, 2446, 2528, 2641, 2751, 2874, 3488, 3866, 4183]
RKP_05000_00100_2_08.txt|378.0|0.4619119000000005|[1, 2, 7, 9, 21, 25, 27, 34, 38, 41, 48, 51, 57, 98, 199, 291, 342, 394, 464, 671, 724, 735, 792, 1204, 1273, 1301, 1581, 1700, 2068, 2149, 2312, 2399, 2831, 2915, 3246, 3365, 3421, 4332]
RKP_05000_00100_2_09.txt|388.0|0.5142032999999984|[5, 6, 13, 18, 20, 45, 66, 75, 86, 88, 142, 151, 175, 218, 238, 244, 294, 355, 420, 433, 537, 558, 747, 755, 955, 1008, 1149, 1203, 1331, 1335, 1400, 1459, 2027, 2196, 2365, 2520, 2692, 2953, 3441, 4480, 4778]
RKP_05000_00100_2_10.txt|353.0|0.47048240000000163|[19, 58, 72, 120, 166, 250, 253, 275, 291, 302, 315, 463, 477, 640, 978, 1183, 1196, 1253, 1466, 1547, 1576, 1577, 1773, 2283, 2345, 2430, 2435, 2456, 2497, 2755, 2802, 3300, 3321, 3484, 3906, 4012, 4424]
RKP_05000_00100_3_01.txt|710.0|0.4321699999999993|[1, 8, 10, 18, 22, 28, 44, 48, 67, 77, 80, 83, 109, 231, 297, 322, 345, 361, 377, 395, 465, 471, 506, 530, 533, 534, 661, 692, 806, 821, 1006, 1037, 1187, 1192, 1232, 1272, 1286, 1335, 1363, 1636, 1725, 1751, 2039, 2090, 2321, 2691, 2908, 3046, 3252, 3272, 3292, 3674, 3675, 3683, 3743, 4057, 4195, 4471, 4526, 4562, 4835]
RKP_05000_00100_3_02.txt|780.0|0.4422452000000021|[1, 9, 11, 17, 19, 31, 36, 38, 54, 74, 93, 97, 98, 135, 148, 166, 203, 219, 242, 272, 280, 301, 304, 312, 392, 415, 426, 452, 453, 472, 496, 512, 542, 554, 863, 879, 917, 989, 1047, 1092, 1093, 1119, 1136, 1267, 1271, 1335, 1353, 1524, 1727, 1824, 2135, 2362, 2367, 2674, 2689, 2762, 2772, 2848, 2861, 2988, 3093, 3623, 3676, 4055, 4114, 4233, 4432, 4912]
RKP_05000_00100_3_03.txt|710.0|0.43449329999999975|[2, 4, 5, 18, 24, 36, 42, 52, 86, 96, 140, 155, 156, 159, 165, 191, 205, 258, 351, 387, 403, 446, 459, 546, 690, 698, 724, 820, 894, 901, 909, 914, 945, 963, 977, 979, 996, 1051, 1086, 1109, 1254, 1305, 1347, 1525, 1672, 1712, 1796, 1905, 1941, 2351, 2793, 2858, 3566, 3663, 4111, 4254, 4520, 4528, 4547, 4874, 4968]
RKP_05000_00100_3_04.txt|680.0|0.4286510000000021|[3, 4, 11, 15, 28, 29, 47, 51, 59, 66, 68, 72, 98, 99, 100, 103, 118, 122, 130, 136, 205, 298, 309, 318, 325, 335, 364, 375, 435, 446, 688, 708, 759, 770, 808, 898, 984, 991, 1024, 1182, 1293, 1347, 1380, 1399, 1442, 2156, 2231, 2234, 2274, 2764, 2937, 2992, 3105, 3384, 3399, 3697, 3851, 4299]
RKP_05000_00100_3_05.txt|620.0|0.4505178999999977|[3, 24, 25, 47, 52, 60, 79, 81, 147, 206, 230, 235, 289, 295, 301, 338, 362, 435, 480, 485, 486, 497, 542, 573, 588, 614, 638, 669, 848, 905, 936, 994, 1252, 1259, 1529, 1668, 1780, 1810, 2040, 2456, 2471, 2575, 2633, 2837, 2859, 2877, 2928, 3187, 3492, 3753, 4074, 4182]
RKP_05000_00100_3_06.txt|700.0|0.4210877999999987|[2, 3, 6, 12, 13, 15, 24, 25, 27, 32, 42, 58, 68, 86, 103, 104, 119, 121, 181, 183, 203, 248, 270, 274, 278, 440, 460, 488, 526, 551, 564, 718, 765, 787, 838, 956, 1046, 1130, 1148, 1227, 1322, 1376, 1393, 1474, 1477, 1657, 1698, 1702, 1775, 1860, 1884, 2159, 2239, 2412, 2535, 2710, 2978, 3082, 3562, 3673]
RKP_05000_00100_3_07.txt|670.0000000000005|0.4863831000000012|[1, 6, 10, 14, 18, 20, 29, 32, 39, 68, 96, 102, 119, 166, 169, 178, 189, 211, 222, 355, 362, 372, 384, 416, 479, 485, 495, 523, 526, 549, 566, 583, 750, 783, 865, 894, 913, 985, 1030, 1109, 1116, 1368, 1411, 1615, 1833, 1892, 1960, 2113, 2144, 2169, 2510, 2528, 2869, 3232, 3416, 4185, 4467, 4497]
RKP_05000_00100_3_08.txt|730.0|0.4303132000000005|[4, 8, 13, 17, 28, 35, 36, 44, 59, 89, 92, 99, 100, 124, 129, 161, 191, 215, 227, 238, 273, 296, 343, 346, 382, 484, 500, 502, 572, 611, 645, 684, 685, 700, 925, 940, 969, 1028, 1106, 1225, 1238, 1344, 1414, 1458, 1478, 1497, 1502, 1517, 1666, 1747, 2084, 2154, 2193, 2465, 2572, 2702, 3429, 3642, 4225, 4353, 4604, 4708, 4735]
RKP_05000_00100_3_09.txt|710.0|0.4374324999999999|[1, 2, 3, 7, 10, 18, 25, 40, 49, 55, 57, 94, 101, 111, 133, 229, 262, 288, 355, 424, 447, 501, 516, 564, 579, 585, 789, 839, 882, 986, 1161, 1225, 1328, 1499, 1517, 1683, 1715, 1818, 1913, 2032, 2033, 2275, 2453, 2595, 2618, 2805, 2846, 2862, 3071, 3120, 3283, 3500, 3562, 3596, 3727, 3830, 3987, 4097, 4425, 4459, 4813]
RKP_05000_00100_3_10.txt|700.0|0.4377557999999979|[2, 3, 4, 8, 11, 21, 22, 27, 50, 52, 110, 113, 117, 141, 142, 166, 189, 211, 216, 252, 283, 333, 383, 526, 540, 559, 626, 627, 659, 666, 793, 847, 860, 1026, 1046, 1166, 1259, 1323, 1426, 1430, 1457, 1480, 1547, 1639, 1928, 2181, 2195, 2280, 2312, 2567, 2583, 2720, 2816, 2858, 2929, 3158, 3361, 3997, 4218, 4783]
RKP_05000_00100_4_01.txt|100.0|0.4132587000000001|[4279]
RKP_05000_00100_4_02.txt|100.0|0.4127119999999991|[4298]
RKP_05000_00100_4_03.txt|100.0|0.45807280000000006|[4259]
RKP_05000_00100_4_04.txt|100.0|0.41142560000000117|[4224]
RKP_05000_00100_4_05.txt|100.0|0.4157395000000008|[4303]
RKP_05000_00100_4_06.txt|100.0|0.4485831999999981|[4203]
RKP_05000_00100_4_07.txt|100.0|0.4115390999999988|[4211]
RKP_05000_00100_4_08.txt|100.0|0.43866119999999853|[4203]
RKP_05000_00100_4_09.txt|100.0|0.41449850000000055|[4250]
RKP_05000_00100_4_10.txt|100.0|0.418883000000001|[4229]
RKP_05000_00100_5_01.txt|100.0|0.48489990000000205|[12, 663, 1045, 1151, 2903]
RKP_05000_00100_5_02.txt|100.0|0.4068214999999995|[155, 560, 782, 1036, 1081, 1211, 1405]
RKP_05000_00100_5_03.txt|100.0|0.4487054000000015|[113, 448, 548, 1030, 1585, 3829]
RKP_05000_00100_5_04.txt|100.0|0.4472905999999952|[289, 556, 1000, 1689, 1822]
RKP_05000_00100_5_05.txt|100.0|0.4209246999999934|[44, 797, 2325, 2332, 3445, 3915, 4226]
RKP_05000_00100_5_06.txt|100.0|0.41828930000000497|[397, 500, 1021, 1333, 3182]
RKP_05000_00100_5_07.txt|100.0|0.44656899999999666|[318, 505, 518, 1019, 1062, 1822, 2308, 3473, 3783, 3958]
RKP_05000_00100_5_08.txt|100.0|0.4075041999999982|[139, 155, 1040, 1840, 1955, 3891, 4743]
RKP_05000_00100_5_09.txt|100.0|0.4415072999999978|[24, 383, 1041, 3758]
RKP_05000_00100_5_10.txt|100.0|0.42313090000000386|[104, 770, 1672]
RKP_05000_01000_1_01.txt|47952.0|0.5986173000000008|[1, 2, 5, 8, 10, 13, 15, 17, 18, 23, 35, 53, 59, 82, 86, 96, 118, 151, 164, 202, 226, 252, 271, 328, 334, 379, 424, 436, 661, 684, 700, 726, 732, 751, 778, 866, 921, 1034, 1145, 1196, 1232, 1233, 1425, 1431, 1591, 1686, 1724, 1742, 1756, 1775, 1810, 1841, 1858, 1979, 2077, 2187, 2254, 2266, 2481, 2497, 2629, 2777, 2874, 3187, 3485, 3776, 3791, 3799, 4129, 4479, 4971]
RKP_05000_01000_1_02.txt|50731.0|0.6562297000000044|[1, 3, 7, 10, 17, 22, 36, 39, 41, 57, 65, 78, 84, 89, 96, 109, 120, 207, 222, 235, 282, 293, 304, 332, 337, 368, 406, 425, 464, 471, 506, 539, 588, 622, 646, 675, 694, 728, 837, 917, 918, 928, 971, 988, 1055, 1205, 1261, 1337, 1403, 1414, 1455, 1590, 1604, 1677, 1999, 2041, 2093, 2120, 2379, 2594, 2727, 2745, 2750, 2800, 2825, 2832, 3565, 3795, 3875, 3955, 4489, 4495, 4961]
RKP_05000_01000_1_03.txt|48150.0|0.6470814000000047|[1, 8, 13, 22, 24, 32, 62, 67, 72, 114, 129, 135, 174, 176, 272, 339, 344, 366, 405, 515, 533, 649, 749, 810, 852, 882, 933, 940, 988, 1027, 1039, 1128, 1150, 1248, 1268, 1339, 1364, 1384, 1415, 1475, 1478, 1483, 1534, 1614, 1719, 1815, 1822, 1854, 1979, 2016, 2110, 2126, 2201, 2471, 2688, 2779, 3194, 3232, 3276, 3392, 3835, 3920, 4104, 4193, 4283, 4640]
RKP_05000_01000_1_04.txt|52090.0|0.5602379999999982|[1, 5, 8, 9, 10, 16, 24, 25, 35, 49, 50, 61, 64, 71, 84, 103, 105, 114, 132, 135, 181, 189, 191, 210, 223, 238, 248, 318, 351, 395, 421, 465, 482, 498, 522, 533, 546, 547, 594, 670, 716, 724, 792, 794, 882, 952, 1021, 1074, 1107, 1142, 1218, 1275, 1311, 1416, 1450, 1546, 1597, 1916, 2023, 2060, 2320, 2470, 2580, 2649, 2922, 2999, 3023, 3055, 3926, 4232, 4277, 4397, 4624, 4775]
RKP_05000_01000_1_05.txt|45490.0|0.6869660999999994|[2, 4, 12, 14, 16, 19, 46, 48, 65, 72, 73, 91, 93, 94, 97, 132, 157, 168, 189, 208, 254, 259, 279, 334, 339, 349, 350, 352, 368, 385, 430, 434, 467, 651, 711, 985, 1012, 1049, 1093, 1142, 1150, 1227, 1316, 1321, 1355, 1411, 1588, 1606, 1607, 1649, 1708, 1853, 1883, 1893, 2069, 2271, 2350, 2547, 2786, 2834, 3468, 3542, 3770, 4053, 4096, 4118, 4385]
RKP_05000_01000_1_06.txt|46791.0|0.6249198000000007|[2, 4, 6, 8, 15, 23, 42, 48, 51, 52, 60, 66, 73, 80, 88, 90, 107, 122, 157, 159, 163, 192, 269, 292, 297, 336, 399, 429, 498, 503, 594, 612, 616, 637, 646, 656, 691, 697, 736, 883, 894, 943, 998, 1040, 1097, 1192, 1242, 1368, 1511, 1662, 1689, 1879, 1910, 1916, 2028, 2050, 2195, 2286, 2442, 2483, 2517, 2857, 2861, 2865, 2925, 2967, 3076, 3109, 3846, 4603, 4793]
RKP_05000_01000_1_07.txt|42411.0|0.6201010999999994|[1, 2, 11, 15, 23, 27, 44, 65, 77, 84, 91, 110, 115, 119, 130, 161, 188, 204, 213, 226, 363, 386, 393, 421, 423, 424, 453, 568, 577, 608, 633, 640, 651, 753, 957, 1178, 1346, 1359, 1378, 1433, 1449, 1607, 1645, 1659, 1666, 1697, 1741, 1865, 1904, 2087, 2245, 2507, 2537, 2593, 2669, 2984, 3402, 3438, 3964, 4009, 4078, 4242, 4471]
RKP_05000_01000_1_08.txt|45468.0|0.6846923000000018|[1, 7, 8, 10, 12, 20, 24, 29, 32, 39, 43, 52, 53, 66, 79, 81, 89, 117, 118, 140, 151, 190, 207, 217, 257, 279, 298, 389, 419, 427, 430, 488, 527, 529, 531, 534, 548, 651, 785, 849, 890, 952, 1029, 1088, 1275, 1344, 1391, 1485, 1487, 1574, 2110, 2356, 2382, 2528, 2585, 2723, 2841, 3288, 3323, 3437, 3788, 3925, 3937, 4242, 4497, 4666]
RKP_05000_01000_1_09.txt|48464.0|0.6149819000000036|[1, 2, 3, 4, 6, 17, 18, 25, 29, 39, 47, 51, 73, 91, 101, 104, 106, 128, 157, 163, 190, 191, 223, 302, 342, 364, 377, 390, 427, 429, 562, 684, 714, 883, 897, 996, 1113, 1242, 1337, 1362, 1366, 1414, 1434, 1481, 1495, 1509, 1579, 1679, 1714, 1788, 1854, 1950, 2012, 2034, 2328, 2364, 2381, 2399, 2651, 2943, 3179, 3245, 3332, 3556, 3644, 3744, 3900, 3964, 4115]
RKP_05000_01000_1_10.txt|50915.0|0.6396344999999997|[1, 2, 4, 9, 11, 28, 33, 43, 47, 49, 100, 103, 104, 129, 152, 180, 187, 193, 198, 212, 245, 255, 261, 286, 359, 384, 461, 486, 500, 528, 634, 740, 785, 813, 839, 844, 888, 1044, 1076, 1095, 1175, 1253, 1284, 1333, 1361, 1413, 1430, 1476, 1479, 1617, 1636, 1640, 1644, 1680, 1686, 1914, 2153, 2184, 2216, 2309, 2544, 2560, 2608, 2671, 2698, 2737, 2753, 2867, 3137, 3309, 3687, 3836, 4036, 4698]
RKP_05000_01000_2_01.txt|3993.0|0.774132299999998|[2, 5, 7, 28, 32, 34, 38, 81, 103, 115, 147, 165, 176, 253, 265, 309, 339, 351, 352, 395, 483, 602, 604, 724, 761, 947, 951, 997, 1100, 1154, 1473, 1730, 1844, 1898, 2000, 2047, 2168, 2281, 2351, 2400, 3060, 3395, 3764, 3919, 4166, 4598]
RKP_05000_01000_2_02.txt|3913.0|0.7239477000000036|[2, 44, 51, 62, 76, 88, 126, 139, 166, 214, 279, 317, 338, 365, 379, 462, 491, 545, 653, 820, 946, 964, 1045, 1112, 1196, 1284, 1294, 1342, 1503, 1577, 1693, 1812, 1856, 2213, 2259, 2308, 2412, 2419, 2537, 2682, 2869, 2983, 3024, 3711]
RKP_05000_01000_2_03.txt|4033.0|0.7912543999999997|[4, 18, 51, 63, 69, 86, 106, 118, 155, 171, 177, 216, 217, 235, 286, 305, 308, 375, 465, 477, 507, 518, 589, 655, 726, 933, 942, 1002, 1676, 1684, 1853, 2064, 2182, 2194, 2340, 2548, 2601, 2811, 2930, 3180, 3351, 3406, 3416, 3528, 3540, 3938, 4964]
RKP_05000_01000_2_04.txt|4200.0|0.7613316999999995|[3, 17, 19, 28, 51, 59, 63, 82, 86, 153, 183, 247, 274, 302, 348, 371, 400, 509, 545, 585, 703, 758, 768, 857, 1065, 1209, 1210, 1398, 1412, 1450, 1539, 1672, 1740, 1906, 1989, 2245, 2408, 2508, 2518, 2928, 2989, 3183, 3498, 3530, 3767, 4236, 4424, 4454]
RKP_05000_01000_2_05.txt|3853.0|0.6989862999999943|[3, 4, 5, 8, 12, 16, 17, 33, 34, 39, 70, 156, 201, 204, 208, 269, 273, 306, 360, 390, 420, 449, 453, 478, 526, 734, 807, 876, 1064, 1132, 1158, 1269, 1335, 1424, 1478, 1672, 1680, 1789, 1920, 1925, 2008, 2033, 2686, 2834, 2943, 3321, 4215, 4386, 4485]
RKP_05000_01000_2_06.txt|4237.0|0.7389510000000001|[1, 2, 5, 10, 27, 36, 59, 61, 94, 105, 109, 138, 159, 184, 240, 242, 282, 344, 386, 403, 431, 464, 470, 473, 481, 672, 683, 707, 714, 739, 790, 900, 1064, 1134, 1317, 1477, 1619, 1852, 1898, 1933, 2204, 2287, 2328, 2446, 2476, 2484, 2638, 3459, 4407, 4545, 4951]
RKP_05000_01000_2_07.txt|4386.0|0.7166059000000047|[1, 11, 12, 157, 199, 207, 238, 239, 294, 368, 387, 420, 516, 751, 759, 771, 772, 909, 997, 1123, 1231, 1265, 1298, 1384, 1437, 1461, 1552, 1625, 1643, 1702, 1800, 1811, 1886, 1902, 1945, 2001, 2206, 2282, 2446, 2608, 2843, 3085, 3129, 3147, 3259, 3275, 3278, 3507, 3974, 4279, 4453, 4495]
RKP_05000_01000_2_08.txt|4325.0|0.7742153000000016|[6, 14, 17, 30, 44, 59, 78, 108, 114, 137, 174, 201, 213, 236, 242, 264, 298, 312, 385, 413, 473, 580, 634, 677, 720, 747, 846, 881, 901, 972, 1184, 1256, 1314, 1499, 1802, 1901, 2133, 2399, 2442, 2632, 2683, 2941, 3148, 3191, 3385, 3623, 3857, 4386]
RKP_05000_01000_2_09.txt|4008.0|0.7990603000000007|[3, 4, 9, 10, 15, 22, 28, 44, 48, 63, 128, 135, 175, 335, 379, 408, 419, 561, 579, 677, 821, 897, 997, 1132, 1226, 1259, 1428, 1556, 1583, 1587, 1844, 1967, 2005, 2037, 2094, 2140, 2541, 2789, 2982, 3113, 3297, 3478, 3974, 4669, 4804]
RKP_05000_01000_2_10.txt|3909.0|0.8003769000000034|[9, 15, 18, 19, 25, 36, 55, 64, 99, 137, 149, 150, 191, 227, 305, 312, 337, 351, 420, 536, 555, 587, 749, 850, 880, 941, 1011, 1049, 1491, 1494, 1502, 1523, 1686, 2034, 2318, 2998, 3163, 3584, 3629, 3674, 3712, 3887, 4015, 4050, 4267]
RKP_05000_01000_3_01.txt|8672.0|0.6290456999999989|[1, 2, 12, 16, 21, 23, 34, 40, 45, 46, 47, 60, 72, 77, 87, 97, 108, 109, 112, 114, 119, 132, 150, 207, 237, 241, 276, 284, 305, 372, 381, 387, 398, 400, 455, 527, 550, 560, 562, 567, 604, 632, 728, 757, 917, 951, 996, 1021, 1047, 1081, 1087, 1139, 1140, 1190, 1198, 1382, 1600, 1615, 1698, 1779, 1923, 1958, 2056, 2183, 2241, 2250, 2416, 2429, 2461, 2748, 2783, 2794, 2851, 3246, 3421, 3591, 4101, 4452]
RKP_05000_01000_3_02.txt|8480.0|0.6587643000000014|[2, 4, 10, 13, 25, 28, 33, 39, 40, 77, 90, 111, 129, 130, 133, 140, 206, 214, 230, 235, 263, 303, 309, 314, 345, 371, 379, 425, 446, 542, 562, 581, 595, 609, 652, 727, 730, 759, 843, 849, 878, 883, 953, 1020, 1041, 1046, 1087, 1117, 1161, 1174, 1193, 1240, 1243, 1334, 1365, 1413, 1436, 1484, 1486, 1499, 1692, 1885, 2067, 2080, 2113, 2330, 2425, 2704, 2853, 2933, 2953, 2978, 3041, 3308, 3750, 4419]
RKP_05000_01000_3_03.txt|9594.0|0.5652790000000039|[2, 3, 4, 5, 11, 14, 16, 22, 26, 36, 38, 115, 127, 129, 158, 163, 199, 214, 215, 239, 246, 286, 308, 330, 339, 360, 377, 399, 439, 455, 480, 568, 609, 621, 637, 652, 709, 710, 856, 881, 896, 907, 952, 975, 989, 1077, 1082, 1157, 1169, 1222, 1231, 1245, 1316, 1360, 1429, 1465, 1498, 1523, 1533, 1597, 1605, 1663, 1688, 1733, 1767, 2034, 2202, 2280, 2298, 2319, 2439, 3166, 3175, 3273, 3508, 3697, 3910, 3928, 4041, 4084, 4149, 4215, 4329, 4338, 4529, 4695, 4813]
RKP_05000_01000_3_04.txt|9018.0|0.5876942999999955|[1, 3, 4, 5, 6, 8, 9, 15, 16, 18, 27, 29, 35, 39, 45, 63, 70, 82, 111, 132, 144, 175, 198, 206, 261, 277, 321, 337, 360, 362, 413, 448, 472, 495, 548, 574, 610, 619, 657, 680, 683, 709, 962, 977, 989, 1049, 1064, 1080, 1165, 1226, 1244, 1276, 1322, 1396, 1398, 1557, 1768, 1786, 1872, 1912, 1996, 2132, 2150, 2372, 2516, 2568, 2575, 2593, 2747, 2775, 2857, 2865, 2868, 2871, 3274, 3448, 3474, 3523, 3645, 4042, 4324, 4880]
RKP_05000_01000_3_05.txt|8614.0|0.7302110999999982|[1, 7, 8, 11, 16, 25, 26, 34, 37, 45, 48, 49, 54, 56, 68, 70, 115, 141, 143, 162, 184, 202, 212, 219, 283, 344, 348, 486, 501, 506, 513, 620, 632, 638, 658, 708, 768, 777, 790, 826, 958, 985, 1003, 1060, 1068, 1069, 1206, 1256, 1292, 1305, 1500, 1502, 1516, 1552, 1588, 1619, 1759, 1770, 1859, 1909, 2123, 2298, 2460, 2634, 2723, 2730, 2744, 3068, 3106, 3167, 3370, 3439, 3440, 3584, 3635, 4338, 4405]
RKP_05000_01000_3_06.txt|8860.0|0.5161555999999976|[1, 2, 3, 4, 6, 7, 12, 37, 39, 41, 45, 46, 55, 76, 85, 86, 88, 94, 106, 119, 124, 128, 135, 141, 165, 175, 206, 213, 214, 219, 227, 249, 265, 288, 345, 368, 404, 418, 431, 469, 488, 490, 540, 603, 623, 686, 734, 760, 767, 801, 813, 839, 931, 984, 1119, 1212, 1296, 1359, 1522, 1551, 1610, 1640, 1917, 2026, 2251, 2442, 2741, 2756, 2799, 3214, 3239, 3264, 3533, 4039, 4258, 4315, 4322, 4582, 4808, 4911]
RKP_05000_01000_3_07.txt|8640.0|0.6438635000000019|[2, 3, 5, 6, 11, 13, 31, 36, 60, 75, 76, 79, 80, 84, 93, 94, 100, 113, 146, 214, 216, 220, 265, 291, 293, 319, 370, 393, 413, 427, 462, 477, 527, 539, 593, 658, 707, 725, 762, 827, 849, 870, 884, 891, 896, 919, 975, 1003, 1066, 1090, 1144, 1173, 1179, 1246, 1262, 1470, 1544, 1561, 1709, 1783, 1792, 1825, 1998, 2095, 2381, 2716, 2900, 3135, 3323, 3438, 3628, 3716, 3731, 4184, 4233, 4456, 4578]
RKP_05000_01000_3_08.txt|8660.0|0.6119553999999994|[1, 2, 3, 4, 14, 20, 28, 34, 35, 36, 73, 77, 80, 82, 122, 134, 152, 154, 213, 217, 235, 244, 250, 260, 270, 271, 279, 301, 331, 394, 405, 466, 525, 660, 686, 725, 895, 901, 911, 953, 1009, 1036, 1077, 1135, 1159, 1258, 1273, 1588, 1636, 1729, 1733, 1810, 1924, 1967, 1970, 1976, 2019, 2025, 2070, 2236, 2364, 2365, 2391, 2402, 2484, 2858, 2977, 3087, 3214, 3237, 3284, 3396, 3571, 3808, 3939, 4022, 4463, 4779]
RKP_05000_01000_3_09.txt|8492.0|0.5949968000000041|[1, 4, 6, 7, 8, 9, 13, 20, 42, 46, 51, 61, 73, 81, 83, 87, 106, 111, 152, 159, 193, 207, 222, 237, 242, 281, 290, 310, 376, 384, 412, 444, 453, 462, 556, 564, 655, 661, 664, 671, 673, 751, 760, 797, 852, 886, 921, 1104, 1108, 1189, 1313, 1322, 1471, 1488, 1684, 1800, 1872, 2024, 2051, 2055, 2401, 2450, 2486, 2497, 2511, 2577, 2621, 2657, 2706, 3020, 3256, 3392, 3443, 3538, 3868, 4292]
RKP_05000_01000_3_10.txt|9236.0|0.6346519999999956|[1, 2, 3, 4, 7, 10, 14, 16, 25, 33, 50, 62, 89, 112, 119, 145, 159, 162, 196, 219, 223, 235, 270, 287, 300, 308, 342, 343, 369, 383, 393, 413, 417, 434, 456, 458, 502, 615, 627, 692, 781, 789, 808, 811, 876, 944, 1019, 1093, 1097, 1125, 1184, 1279, 1329, 1530, 1549, 1621, 1785, 1854, 1890, 2213, 2322, 2611, 2708, 2764, 2770, 2813, 2877, 2894, 2940, 3026, 3127, 3150, 3234, 3240, 3251, 3261, 3435, 3589, 3879, 4227, 4466, 4631, 4747]
RKP_05000_01000_4_01.txt|1000.0|0.49577910000000003|[4922]
RKP_05000_01000_4_02.txt|999.0|0.5077396000000007|[4930]
RKP_05000_01000_4_03.txt|1000.0|0.5249213999999967|[4567]
RKP_05000_01000_4_04.txt|1000.0|0.5095738000000054|[4910]
RKP_05000_01000_4_05.txt|1000.0|0.49855080000000385|[4575]
RKP_05000_01000_4_06.txt|1000.0|0.5581324999999993|[4877]
RKP_05000_01000_4_07.txt|1000.0|0.5104806999999951|[4493]
RKP_05000_01000_4_08.txt|1000.0|0.531489999999998|[4472]
RKP_05000_01000_4_09.txt|1000.0|0.49609089999999867|[4528]
RKP_05000_01000_4_10.txt|1000.0|0.5660938000000044|[4469]
RKP_05000_01000_5_01.txt|1000.0|0.5496181000000036|[100, 117, 1026, 1154, 2787, 4140, 4782]
RKP_05000_01000_5_02.txt|1000.0|0.5141093999999953|[1, 7, 280, 841, 1005, 1509, 3390, 4637]
RKP_05000_01000_5_03.txt|1000.0|0.5401796999999959|[222, 1065, 1078, 1083, 1099, 1130]
RKP_05000_01000_5_04.txt|1000.0|0.5760483999999906|[10, 82, 100, 102, 824, 1572, 2069]
RKP_05000_01000_5_05.txt|1000.0|0.5991333000000054|[108, 143, 247, 654, 1003, 1945, 2451, 3411, 4435]
RKP_05000_01000_5_06.txt|1000.0|0.5486118000000033|[2, 123, 1032, 1117, 1758, 1971]
RKP_05000_01000_5_07.txt|1000.0|0.5993696999999969|[2, 39, 64, 558, 838, 1921, 2360, 2494, 4224]
RKP_05000_01000_5_08.txt|1000.0|0.519484200000008|[1, 593, 599, 930, 989, 1003, 1131, 1502, 4788]
RKP_05000_01000_5_09.txt|1000.0|0.5607793000000072|[454, 955, 976, 1231, 1545, 1663, 2373, 2406]
RKP_05000_01000_5_10.txt|1000.0|0.5352242999999959|[12, 202, 421, 774, 1058, 1235, 1339, 2417]
RKP_05000_05000_1_01.txt|247962.0|0.6139805000000109|[2, 3, 8, 21, 30, 36, 40, 41, 74, 75, 78, 91, 94, 134, 149, 168, 174, 203, 206, 226, 234, 239, 254, 255, 263, 274, 279, 290, 457, 477, 498, 521, 562, 601, 604, 688, 809, 826, 901, 940, 1034, 1083, 1200, 1201, 1231, 1247, 1260, 1293, 1416, 1437, 1543, 1595, 1617, 1674, 1685, 1850, 1939, 1999, 2195, 2321, 2685, 2687, 2808, 2896, 2945, 2997, 3113, 3721, 4077, 4777, 4810]
RKP_05000_05000_1_02.txt|275656.0|0.6465819999999951|[1, 4, 5, 8, 9, 10, 20, 21, 24, 45, 55, 57, 94, 113, 117, 231, 238, 240, 269, 297, 310, 334, 361, 378, 396, 444, 470, 474, 537, 668, 669, 712, 771, 785, 787, 805, 814, 857, 876, 903, 1005, 1041, 1044, 1069, 1089, 1107, 1115, 1152, 1203, 1266, 1309, 1322, 1374, 1428, 1459, 1556, 1855, 1870, 2066, 2089, 2174, 2313, 2322, 2667, 2706, 2928, 3042, 3059, 3588, 3696, 3754, 3842, 3921, 3940, 4013, 4074, 4197, 4402, 4712, 4832]
RKP_05000_05000_1_03.txt|252422.0|0.6252573000000012|[1, 2, 7, 8, 18, 22, 25, 46, 69, 78, 80, 86, 110, 115, 133, 206, 231, 233, 246, 249, 318, 339, 353, 393, 399, 426, 429, 435, 451, 482, 488, 504, 557, 582, 583, 586, 651, 811, 908, 960, 1042, 1098, 1099, 1108, 1115, 1212, 1227, 1236, 1244, 1261, 1265, 1290, 1309, 1374, 1414, 1441, 1477, 1775, 1897, 2426, 2438, 2630, 2760, 2859, 2957, 3154, 3247, 3414, 3443, 3493, 3593, 4414]
RKP_05000_05000_1_04.txt|254012.0|0.7360110999999989|[1, 3, 5, 9, 18, 25, 34, 38, 75, 81, 90, 96, 105, 145, 148, 189, 202, 222, 226, 289, 291, 318, 326, 332, 368, 376, 387, 390, 398, 408, 422, 484, 557, 559, 675, 710, 778, 787, 935, 997, 1072, 1389, 1417, 1418, 1675, 1677, 1753, 1758, 1859, 1875, 2003, 2017, 2036, 2061, 2312, 2328, 2372, 2581, 2584, 2813, 2991, 3059, 3305, 3410, 3652, 3802, 3813, 3850, 4172, 4260, 4286, 4384, 4668, 4715]
RKP_05000_05000_1_05.txt|254807.0|0.6449895999999882|[1, 2, 3, 7, 8, 12, 21, 22, 31, 32, 33, 38, 46, 55, 62, 127, 130, 139, 143, 153, 163, 167, 210, 214, 227, 245, 261, 301, 378, 403, 471, 511, 559, 575, 582, 694, 838, 923, 950, 979, 992, 1008, 1088, 1372, 1460, 1483, 1492, 1521, 1642, 1662, 1668, 1690, 1692, 1797, 1929, 1993, 2118, 2138, 2215, 2309, 2352, 2467, 2579, 2657, 2804, 3024, 3175, 3186, 3722, 4108, 4208, 4301, 4374, 4691, 4846]
RKP_05000_05000_1_06.txt|237759.0|0.5792875000000066|[2, 7, 9, 19, 20, 23, 40, 71, 76, 79, 82, 87, 120, 243, 275, 333, 334, 347, 361, 363, 378, 407, 445, 462, 523, 581, 608, 613, 621, 649, 651, 693, 715, 813, 850, 925, 956, 1065, 1125, 1154, 1227, 1280, 1305, 1371, 1483, 1578, 1671, 1730, 1927, 1981, 2011, 2048, 2132, 2204, 2210, 2228, 2240, 2309, 2386, 2509, 2592, 2640, 2646, 2701, 2729, 3104, 3361, 3938, 3978, 4540, 4561, 4692]
RKP_05000_05000_1_07.txt|222899.0|0.6431210000000078|[1, 2, 3, 8, 15, 16, 28, 29, 30, 31, 44, 79, 83, 121, 153, 182, 187, 190, 215, 233, 248, 266, 287, 294, 303, 346, 380, 381, 413, 457, 463, 507, 529, 536, 575, 640, 730, 739, 768, 785, 829, 864, 916, 1019, 1228, 1246, 1263, 1267, 1315, 1375, 1406, 1616, 1804, 1820, 1894, 2017, 2273, 2529, 2688, 2725, 2854, 3045, 3875, 3888, 3965, 4149, 4225, 4664]
RKP_05000_05000_1_08.txt|218434.0|0.6514560999999901|[1, 2, 3, 4, 7, 15, 16, 38, 91, 95, 97, 115, 122, 124, 129, 137, 140, 156, 171, 192, 232, 253, 262, 303, 342, 371, 392, 451, 512, 523, 560, 596, 615, 674, 706, 764, 836, 902, 949, 1167, 1179, 1421, 1506, 1549, 1552, 1562, 1737, 1757, 1919, 1941, 2042, 2047, 2312, 2428, 2525, 2536, 2600, 2681, 2959, 3166, 3666, 3744, 3792, 3998, 4080, 4195, 4393, 4527]
RKP_05000_05000_1_09.txt|242225.0|0.672207499999999|[1, 2, 3, 5, 12, 17, 29, 42, 52, 66, 76, 77, 99, 113, 114, 126, 137, 139, 151, 156, 160, 170, 196, 234, 299, 325, 339, 376, 385, 391, 404, 438, 444, 448, 460, 537, 542, 544, 565, 578, 682, 701, 726, 871, 921, 936, 1006, 1082, 1227, 1245, 1254, 1314, 1350, 1355, 1416, 1458, 1480, 1592, 1596, 1635, 1695, 1788, 2143, 2437, 2450, 2497, 2554, 2557, 2593, 2636, 2834, 2837, 3197, 4248, 4486, 4489, 4615]
RKP_05000_05000_1_10.txt|215559.0|0.7164575999999983|[1, 7, 10, 14, 18, 38, 60, 78, 89, 92, 101, 131, 144, 153, 185, 278, 286, 302, 414, 428, 467, 472, 519, 596, 659, 756, 803, 813, 852, 862, 863, 909, 959, 1209, 1227, 1238, 1504, 1609, 1652, 1861, 1986, 2050, 2151, 2498, 2500, 2580, 2629, 2641, 2810, 2870, 2942, 3067, 3078, 3101, 3198, 3261, 3450, 3696, 4380, 4532]
RKP_05000_05000_2_01.txt|19701.0|0.6766623000000038|[5, 18, 49, 68, 93, 156, 157, 235, 250, 283, 293, 383, 391, 411, 475, 515, 668, 698, 715, 748, 750, 866, 937, 953, 1045, 1292, 1367, 1435, 1497, 1533, 1635, 1665, 1784, 1888, 1937, 2236, 2687, 2870, 2937, 3403, 3667, 3722, 3808, 4544]
RKP_05000_05000_2_02.txt|18386.0|0.7820773999999915|[14, 15, 28, 79, 91, 96, 105, 131, 161, 191, 203, 208, 220, 485, 530, 598, 677, 707, 710, 722, 762, 857, 997, 1026, 1171, 1247, 1287, 1592, 1649, 2069, 2142, 2162, 2244, 2272, 2429, 2814, 2839, 3100, 3796, 3984, 4007, 4564]
RKP_05000_05000_2_03.txt|18775.0|0.8263531999999998|[1, 4, 5, 13, 34, 38, 41, 44, 49, 61, 64, 72, 146, 177, 306, 338, 375, 387, 394, 411, 465, 477, 502, 582, 659, 743, 983, 1205, 1207, 1269, 1289, 1422, 1429, 1536, 1998, 2030, 2224, 2688, 3090, 3630, 3757, 3839, 3957, 4235, 4565]
RKP_05000_05000_2_04.txt|22680.0|0.8114848000000023|[1, 2, 4, 16, 19, 21, 23, 37, 43, 47, 60, 71, 78, 82, 115, 122, 126, 147, 187, 206, 238, 262, 307, 314, 322, 346, 372, 455, 554, 583, 637, 655, 693, 832, 862, 893, 966, 1124, 1165, 1223, 1335, 1508, 1519, 1586, 1606, 2093, 2136, 2293, 2308, 2318, 2382, 2632, 2705, 2773, 3257, 3735]
RKP_05000_05000_2_05.txt|19832.0|0.7981587000000019|[5, 12, 13, 70, 96, 103, 113, 128, 142, 145, 163, 220, 317, 350, 370, 501, 513, 606, 734, 858, 874, 914, 932, 962, 976, 1011, 1022, 1036, 1103, 1153, 1219, 1232, 1242, 1260, 1456, 1468, 1588, 1768, 1813, 2569, 2906, 3604, 3623, 3798, 4048, 4330, 4410]
RKP_05000_05000_2_06.txt|18070.0|0.8451943999999969|[6, 17, 21, 30, 74, 303, 370, 449, 523, 526, 637, 731, 748, 786, 832, 866, 872, 912, 976, 985, 1070, 1073, 1097, 1256, 1342, 1461, 1638, 1756, 1807, 1814, 2795, 3023, 3064, 3105, 3248, 3407, 3437, 3580, 3764]
RKP_05000_05000_2_07.txt|21126.0|0.7683396000000045|[7, 23, 26, 30, 36, 75, 129, 169, 183, 232, 253, 367, 383, 411, 421, 428, 452, 528, 624, 725, 855, 903, 926, 931, 932, 957, 989, 1115, 1137, 1241, 1326, 1361, 1435, 1438, 1460, 1581, 1614, 1730, 1734, 1819, 1988, 2045, 2118, 2664, 2838, 3690, 3704, 3747, 3995, 4066, 4720, 4779]
RKP_05000_05000_2_08.txt|21510.0|0.7020851999999991|[2, 8, 17, 20, 27, 34, 93, 112, 116, 125, 155, 179, 192, 286, 315, 449, 551, 587, 603, 659, 746, 760, 782, 811, 818, 899, 919, 944, 953, 1051, 1262, 1277, 1473, 1520, 1692, 1834, 1835, 2024, 2078, 2350, 2390, 2598, 2814, 2906, 2907, 3039, 3119, 3335, 3356, 3438, 3617, 3691, 4709]
RKP_05000_05000_2_09.txt|22011.0|0.7422473999999966|[1, 2, 3, 4, 7, 10, 33, 36, 38, 44, 60, 82, 83, 95, 105, 108, 128, 129, 152, 164, 173, 178, 180, 184, 234, 279, 385, 413, 423, 632, 634, 681, 893, 899, 920, 1012, 1177, 1179, 1231, 1308, 1378, 1482, 1555, 1771, 2113, 2129, 2368, 2889, 3042, 3741, 4230, 4702, 4959]
RKP_05000_05000_2_10.txt|19567.0|0.7604788000000013|[1, 2, 23, 42, 70, 82, 84, 102, 205, 233, 261, 311, 317, 330, 351, 386, 465, 481, 557, 595, 657, 666, 723, 725, 899, 1015, 1078, 1136, 1384, 1530, 1601, 1620, 1742, 1757, 1945, 1950, 1960, 2002, 2102, 2124, 2189, 2312, 2605, 2690, 2884, 3272, 3467, 3568, 4041, 4367]
RKP_05000_05000_3_01.txt|44545.0|0.6503551999999928|[1, 3, 10, 16, 21, 26, 38, 39, 42, 45, 54, 58, 60, 79, 88, 94, 95, 106, 132, 137, 144, 169, 336, 352, 449, 452, 465, 480, 499, 501, 528, 530, 563, 625, 628, 634, 638, 646, 731, 736, 787, 801, 814, 833, 870, 926, 1004, 1013, 1019, 1075, 1080, 1132, 1180, 1291, 1328, 1409, 1410, 1429, 1430, 1664, 1758, 1850, 1884, 1887, 2024, 2100, 2145, 2410, 2464, 2544, 2738, 2831, 2987, 3020, 3043, 3210, 3941, 4143, 4348, 4483]
RKP_05000_05000_3_02.txt|41264.0|0.7002769000000058|[1, 2, 5, 8, 23, 25, 30, 31, 32, 33, 38, 42, 50, 51, 59, 73, 92, 99, 105, 106, 126, 133, 151, 208, 217, 227, 384, 407, 409, 443, 507, 509, 601, 607, 738, 773, 869, 885, 967, 969, 970, 1050, 1093, 1132, 1146, 1220, 1229, 1457, 1509, 1675, 1814, 1914, 1970, 2025, 2038, 2223, 2259, 2320, 2345, 2392, 2529, 2826, 3230, 3282, 3478, 3717, 3779, 3922, 4027, 4134, 4175, 4221, 4488, 4589]
RKP_05000_05000_3_03.txt|45112.0|0.6570117999999923|[1, 2, 3, 4, 5, 8, 9, 10, 13, 15, 21, 25, 38, 46, 67, 90, 113, 116, 126, 127, 128, 136, 183, 185, 194, 219, 223, 244, 281, 323, 366, 432, 433, 471, 489, 523, 553, 618, 636, 682, 742, 763, 777, 826, 853, 856, 894, 937, 950, 963, 1010, 1011, 1029, 1061, 1128, 1129, 1255, 1278, 1434, 1677, 1696, 1715, 1729, 1800, 1855, 1960, 2143, 2274, 2297, 2334, 2420, 2430, 2585, 2794, 3112, 3252, 3385, 3452, 3819, 3909, 4001]
RKP_05000_05000_3_04.txt|45574.0|0.6612015999999983|[3, 4, 9, 11, 12, 14, 19, 27, 31, 36, 47, 51, 61, 65, 71, 94, 101, 109, 141, 155, 156, 173, 177, 183, 198, 215, 226, 236, 256, 274, 284, 343, 404, 454, 476, 479, 505, 547, 585, 718, 724, 779, 843, 868, 895, 936, 981, 1033, 1112, 1133, 1302, 1304, 1433, 1589, 1698, 1800, 1804, 2018, 2081, 2146, 2428, 2441, 2688, 2704, 2727, 2854, 2915, 2979, 3143, 3167, 3391, 3454, 3543, 3625, 3662, 3856, 3872, 4104, 4170, 4332, 4343, 4678]
RKP_05000_05000_3_05.txt|44037.0|0.6672791000000018|[1, 2, 5, 12, 13, 15, 17, 25, 28, 29, 32, 42, 44, 50, 58, 72, 81, 95, 97, 101, 111, 138, 139, 141, 150, 203, 207, 242, 249, 259, 309, 331, 368, 371, 394, 406, 441, 503, 533, 537, 616, 628, 652, 743, 779, 816, 839, 945, 958, 969, 984, 1004, 1010, 1044, 1182, 1506, 1519, 1526, 1640, 1664, 1680, 1696, 1771, 1843, 1852, 1982, 2386, 2428, 2606, 2910, 3138, 3442, 3509, 3566, 3569, 3733, 4138, 4618, 4707]
RKP_05000_05000_3_06.txt|43328.0|0.7007844999999975|[1, 6, 7, 9, 10, 22, 23, 26, 28, 30, 43, 44, 78, 93, 100, 132, 190, 203, 213, 219, 234, 241, 262, 313, 318, 377, 382, 386, 403, 430, 480, 495, 542, 607, 616, 645, 671, 692, 737, 817, 924, 934, 955, 977, 985, 1005, 1087, 1115, 1123, 1190, 1191, 1678, 1745, 1967, 1989, 2035, 2100, 2115, 2300, 2334, 2338, 2412, 2489, 2529, 2537, 2626, 2697, 2724, 2868, 3251, 3325, 3359, 3441, 3700, 3946, 4180, 4300, 4383]
RKP_05000_05000_3_07.txt|42042.0|0.7502242000000052|[2, 3, 4, 6, 12, 13, 21, 45, 50, 61, 82, 88, 115, 124, 127, 192, 197, 217, 220, 231, 232, 260, 304, 348, 412, 459, 462, 476, 490, 525, 609, 619, 652, 656, 684, 717, 718, 739, 766, 796, 813, 817, 835, 897, 924, 1005, 1090, 1127, 1133, 1279, 1338, 1403, 1405, 1420, 1494, 1588, 1664, 1721, 1728, 1818, 1854, 1914, 1939, 2093, 2201, 2287, 2348, 2379, 2472, 2747, 2824, 3036, 3295, 3890, 4656]
RKP_05000_05000_3_08.txt|42404.0|0.6983259000000004|[1, 2, 3, 8, 16, 18, 22, 38, 39, 43, 54, 60, 78, 84, 89, 105, 122, 128, 147, 150, 160, 164, 192, 237, 241, 294, 351, 391, 430, 433, 454, 491, 524, 547, 563, 640, 731, 742, 752, 762, 784, 828, 857, 876, 886, 938, 1104, 1105, 1185, 1266, 1311, 1450, 1520, 1559, 1613, 1639, 1833, 1856, 1969, 2221, 2393, 2413, 2418, 2446, 2528, 2697, 2750, 2859, 2945, 2988, 3072, 3512, 4022, 4469, 4731, 4805]
RKP_05000_05000_3_09.txt|44940.0|0.6105522000000008|[4, 8, 10, 13, 17, 19, 26, 32, 35, 42, 43, 112, 123, 133, 140, 167, 233, 252, 255, 259, 288, 299, 313, 317, 345, 354, 356, 387, 431, 511, 532, 533, 554, 609, 629, 643, 679, 693, 767, 789, 793, 851, 877, 913, 929, 932, 935, 1146, 1150, 1162, 1282, 1328, 1343, 1422, 1469, 1563, 1575, 1667, 1813, 1921, 1945, 2111, 2427, 2435, 2746, 2773, 2838, 2885, 2994, 3009, 3338, 3453, 3493, 3677, 4192, 4240, 4246, 4313, 4338, 4825, 4839]
RKP_05000_05000_3_10.txt|46368.0|0.6546614999999889|[1, 3, 4, 9, 10, 13, 14, 18, 23, 26, 28, 44, 46, 48, 49, 57, 59, 60, 77, 101, 102, 119, 120, 137, 181, 227, 243, 261, 278, 306, 309, 313, 355, 402, 405, 457, 481, 490, 535, 576, 577, 607, 664, 665, 668, 675, 716, 722, 848, 893, 1007, 1062, 1075, 1135, 1202, 1224, 1258, 1284, 1358, 1405, 1653, 1786, 2131, 2521, 2536, 2573, 2643, 2698, 2748, 2923, 2953, 2978, 3046, 3218, 3222, 3301, 3454, 3468, 3531, 3640, 3759, 3824, 4391, 4808]
RKP_05000_05000_4_01.txt|5000.0|0.53623189999999|[4658]
RKP_05000_05000_4_02.txt|4996.0|0.508585999999994|[4658]
RKP_05000_05000_4_03.txt|4996.0|0.5470934000000085|[4749]
RKP_05000_05000_4_04.txt|4999.0|0.5503204000000039|[4837]
RKP_05000_05000_4_05.txt|5000.0|0.5847344000000021|[4946]
RKP_05000_05000_4_06.txt|4997.0|0.5165509999999927|[4553]
RKP_05000_05000_4_07.txt|4994.0|0.5091584999999981|[4939]
RKP_05000_05000_4_08.txt|5000.0|0.562730700000003|[4648]
RKP_05000_05000_4_09.txt|5000.0|0.5083702000000017|[4988]
RKP_05000_05000_4_10.txt|4999.0|0.5431645000000032|[4786]
RKP_05000_05000_5_01.txt|5000.0|0.5926147999999927|[1, 10, 20, 111, 907, 1018, 1318]
RKP_05000_05000_5_02.txt|5000.0|0.5713520000000045|[4986]
RKP_05000_05000_5_03.txt|5000.0|0.6256891000000024|[1, 101, 116, 552, 888, 922, 974, 1465, 2906]
RKP_05000_05000_5_04.txt|5000.0|0.5842742000000101|[100, 101, 277, 468, 974, 2570, 2697, 2783, 3735]
RKP_05000_05000_5_05.txt|5000.0|0.5417723000000052|[4993]
RKP_05000_05000_5_06.txt|5000.0|0.6564170000000047|[297, 367, 577, 997, 1649, 1757, 2143, 2326, 3079, 3194, 3277]
RKP_05000_05000_5_07.txt|5000.0|0.6082904000000013|[1, 10, 223, 651, 1002, 1006, 1007, 1012, 1341]
RKP_05000_05000_5_08.txt|5000.0|0.6237316999999933|[1380, 1873, 2706, 3939]
RKP_05000_05000_5_09.txt|5000.0|0.7345820999999972|[79, 258, 419, 505, 759, 1242, 1315, 1388, 2300, 3217]
RKP_05000_05000_5_10.txt|5000.0|0.6656430999999969|[12, 60, 216, 227, 399, 486, 1043, 1374, 1521, 1820, 2069, 2185]
