RKP_00100_00100_1_01.txt|692.0|0.12317529999999999|[1, 3, 10, 15, 16, 17, 22, 24, 28, 29]
RKP_00100_00100_1_02.txt|795.0|0.08983479999999999|[1, 2, 15, 16, 37, 44, 47, 48, 50, 56, 91]
RKP_00100_00100_1_03.txt|699.0|0.10605330000000002|[1, 2, 4, 10, 12, 14, 15, 34, 58, 63, 70]
RKP_00100_00100_1_04.txt|696.0|0.0998462|[1, 3, 5, 7, 9, 10, 15, 16, 43, 74]
RKP_00100_00100_1_05.txt|672.0|0.08545420000000004|[1, 11, 14, 16, 20, 22, 30, 44, 66, 79]
RKP_00100_00100_1_06.txt|969.0|0.09147850000000002|[3, 5, 16, 17, 20, 31, 34, 47, 48, 50, 55, 57, 97]
RKP_00100_00100_1_07.txt|474.0|0.08093790000000012|[1, 4, 13, 39, 46, 51, 58, 60]
RKP_00100_00100_1_08.txt|836.0|0.07860090000000008|[1, 2, 6, 7, 9, 13, 24, 29, 30, 76, 87, 88, 92]
RKP_00100_00100_1_09.txt|549.0|0.07121010000000005|[4, 16, 18, 24, 29, 42, 52, 77]
RKP_00100_00100_1_10.txt|698.0|0.08464840000000007|[1, 2, 4, 11, 12, 13, 15, 18, 24, 27, 33]
RKP_00100_00100_2_01.txt|164.0|0.08298659999999991|[1, 6, 13, 20, 22, 43, 57, 68]
RKP_00100_00100_2_02.txt|151.0|0.0924893|[1, 4, 5, 8, 28, 30, 36, 47]
RKP_00100_00100_2_03.txt|161.0|0.11793009999999993|[1, 5, 47, 48, 51, 59, 64, 75, 80]
RKP_00100_00100_2_04.txt|163.0|0.07147919999999996|[2, 8, 9, 11, 18, 26, 28, 50, 52]
RKP_00100_00100_2_05.txt|146.0|0.07209679999999996|[8, 30, 32, 34, 64, 82, 96]
RKP_00100_00100_2_06.txt|134.0|0.08298400000000017|[2, 3, 23, 47, 50]
RKP_00100_00100_2_07.txt|148.0|0.08602810000000005|[3, 4, 7, 13, 15, 22, 49, 63]
RKP_00100_00100_2_08.txt|142.0|0.07841560000000003|[1, 2, 10, 28, 29, 48]
RKP_00100_00100_2_09.txt|143.0|0.0765956000000001|[1, 4, 8, 9, 27, 37, 42, 51, 75]
RKP_00100_00100_2_10.txt|151.0|0.08226809999999984|[1, 14, 40, 64, 65, 81, 85]
RKP_00100_00100_3_01.txt|208.0|0.05850869999999997|[2, 3, 5, 6, 8, 10, 16, 21, 22, 24, 29]
RKP_00100_00100_3_02.txt|220.0|0.0656513000000003|[1, 2, 3, 7, 12, 17, 24, 25, 41, 48, 56, 59]
RKP_00100_00100_3_03.txt|246.0|0.07721580000000028|[1, 3, 4, 6, 12, 14, 19, 23, 45, 46, 49, 64, 66, 75, 81]
RKP_00100_00100_3_04.txt|210.0|0.07774509999999957|[2, 9, 15, 21, 26, 31, 34, 37, 42, 48, 50]
RKP_00100_00100_3_05.txt|210.0|0.07391179999999986|[1, 2, 7, 10, 12, 18, 22, 27, 31, 52, 70]
RKP_00100_00100_3_06.txt|241.0|0.0830236000000002|[1, 2, 3, 4, 6, 8, 11, 12, 16, 27, 31, 40, 66, 72, 95]
RKP_00100_00100_3_07.txt|220.0|0.06826630000000034|[1, 2, 5, 6, 7, 14, 27, 67, 72, 83, 88, 89]
RKP_00100_00100_3_08.txt|210.0|0.05863659999999982|[1, 6, 7, 9, 12, 15, 33, 58, 62, 67, 70]
RKP_00100_00100_3_09.txt|190.0|0.07320700000000002|[1, 2, 8, 32, 35, 42, 44, 57, 61]
RKP_00100_00100_3_10.txt|232.0|0.059866500000000045|[1, 5, 6, 20, 34, 45, 46, 54, 60, 61, 62, 66, 67, 69]
RKP_00100_00100_4_01.txt|100.0|0.0484688000000002|[97]
RKP_00100_00100_4_02.txt|100.0|0.047436799999999835|[88]
RKP_00100_00100_4_03.txt|100.0|0.04883770000000043|[84]
RKP_00100_00100_4_04.txt|100.0|0.048668399999999945|[95]
RKP_00100_00100_4_05.txt|100.0|0.04815740000000002|[95]
RKP_00100_00100_4_06.txt|98.0|0.04713579999999995|[93]
RKP_00100_00100_4_07.txt|98.0|0.047413099999999986|[98]
RKP_00100_00100_4_08.txt|100.0|0.04685890000000015|[97]
RKP_00100_00100_4_09.txt|99.0|0.04776320000000034|[89]
RKP_00100_00100_4_10.txt|98.0|0.04709129999999995|[88]
RKP_00100_00100_5_01.txt|100.0|0.0511999000000003|[1, 90]
RKP_00100_00100_5_02.txt|100.0|0.05059230000000037|[1, 42, 89]
RKP_00100_00100_5_03.txt|100.0|0.04919140000000022|[14, 29, 58, 70, 79]
RKP_00100_00100_5_04.txt|100.0|0.04937849999999999|[2, 86]
RKP_00100_00100_5_05.txt|100.0|0.04877939999999992|[1, 96]
RKP_00100_00100_5_06.txt|100.0|0.04776049999999987|[96]
RKP_00100_00100_5_07.txt|100.0|0.049171499999999924|[1, 95]
RKP_00100_00100_5_08.txt|100.0|0.04898010000000008|[1, 49, 92]
RKP_00100_00100_5_09.txt|100.0|0.05034089999999969|[16, 24, 33, 38, 64]
RKP_00100_00100_5_10.txt|100.0|0.04997560000000023|[1, 6, 84]
RKP_00500_00100_1_01.txt|1635.0|0.26127080000000014|[2, 3, 4, 5, 6, 25, 27, 38, 40, 63, 75, 120, 131, 140, 148, 168, 173, 211, 222, 269, 274, 280, 284, 304, 500]
RKP_00500_00100_1_02.txt|1347.0|0.12714930000000013|[4, 5, 13, 30, 62, 77, 87, 88, 89, 102, 170, 175, 205, 288, 289, 351, 388, 394]
RKP_00500_00100_1_03.txt|1374.0|0.10603540000000056|[1, 5, 11, 15, 16, 30, 40, 73, 111, 113, 123, 139, 140, 147, 158, 164, 227, 228, 326, 360, 477, 496]
RKP_00500_00100_1_04.txt|1517.0|0.11650980000000022|[5, 10, 11, 23, 41, 48, 61, 62, 64, 65, 93, 121, 156, 197, 212, 245, 258, 315, 359]
RKP_00500_00100_1_05.txt|1618.0|0.1265571999999997|[1, 2, 3, 10, 11, 13, 17, 18, 23, 24, 26, 60, 72, 76, 104, 116, 192, 203, 212, 215, 320, 363, 402]
RKP_00500_00100_1_06.txt|1826.0|0.12102949999999968|[3, 13, 22, 27, 30, 34, 35, 50, 52, 53, 55, 83, 89, 107, 131, 165, 182, 189, 190, 211, 225, 230, 240, 244, 281, 411]
RKP_00500_00100_1_07.txt|1832.0|0.17371869999999934|[2, 5, 7, 13, 16, 22, 31, 40, 47, 80, 94, 97, 126, 133, 147, 165, 183, 192, 206, 257, 322, 359, 410, 461, 492]
RKP_00500_00100_1_08.txt|1562.0|0.12479219999999991|[1, 2, 3, 4, 10, 16, 29, 35, 106, 122, 146, 149, 150, 156, 165, 167, 185, 258, 326, 332, 357, 378, 450]
RKP_00500_00100_1_09.txt|1391.0|0.11955520000000064|[11, 12, 16, 19, 39, 56, 68, 77, 108, 148, 150, 151, 153, 173, 180, 210, 214, 221, 307, 324, 344, 496]
RKP_00500_00100_1_10.txt|1407.0|0.12559029999999982|[1, 2, 3, 4, 5, 8, 15, 21, 30, 31, 33, 49, 62, 75, 84, 109, 110, 214, 234, 277, 342]
RKP_00500_00100_2_01.txt|251.0|0.09659119999999977|[3, 11, 16, 32, 36, 39, 40, 60, 88, 100, 101, 102, 137, 148, 168, 218, 226, 259, 351, 441, 447]
RKP_00500_00100_2_02.txt|238.0|0.1141747999999998|[4, 6, 10, 13, 21, 59, 65, 100, 112, 131, 141, 142, 156, 186, 195, 314, 336, 441]
RKP_00500_00100_2_03.txt|230.0|0.10261839999999989|[2, 3, 13, 18, 21, 24, 37, 50, 64, 71, 100, 107, 113, 135, 142, 154, 155, 164, 166, 318, 436]
RKP_00500_00100_2_04.txt|227.0|0.15202939999999998|[1, 7, 11, 14, 16, 19, 20, 22, 26, 58, 80, 85, 105, 112, 125, 150, 163, 204, 216, 236, 306, 429]
RKP_00500_00100_2_05.txt|228.0|0.11057339999999982|[2, 4, 5, 16, 34, 38, 48, 52, 58, 77, 87, 182, 218, 260, 275, 294, 322, 417, 426]
RKP_00500_00100_2_06.txt|212.0|0.09489219999999943|[3, 9, 15, 18, 27, 47, 53, 57, 70, 117, 134, 150, 155, 203, 302, 452]
RKP_00500_00100_2_07.txt|213.0|0.11244849999999929|[1, 3, 4, 5, 6, 9, 17, 53, 75, 83, 114, 123, 129, 226, 260, 278, 292, 308, 367, 452]
RKP_00500_00100_2_08.txt|194.0|0.13900490000000065|[1, 6, 15, 45, 54, 87, 96, 123, 136, 184, 234, 265, 350, 384, 495]
RKP_00500_00100_2_09.txt|188.0|0.08162769999999941|[2, 16, 38, 52, 70, 87, 108, 115, 176, 277, 304, 312, 335, 426]
RKP_00500_00100_2_10.txt|211.0|0.1225619|[2, 9, 14, 19, 20, 21, 40, 46, 116, 118, 154, 166, 216, 274, 372, 441, 498]
RKP_00500_00100_3_01.txt|338.0|0.10161070000000016|[1, 2, 3, 5, 11, 31, 33, 38, 43, 55, 64, 77, 78, 96, 140, 143, 148, 223, 225, 240, 260, 333, 344, 401]
RKP_00500_00100_3_02.txt|376.0|0.11000429999999994|[1, 3, 4, 5, 18, 20, 26, 38, 39, 56, 68, 73, 103, 110, 111, 143, 152, 160, 162, 167, 179, 189, 202, 203, 221, 336, 351, 405]
RKP_00500_00100_3_03.txt|359.0|0.12504079999999984|[1, 5, 9, 11, 14, 22, 40, 45, 52, 71, 93, 113, 118, 123, 126, 139, 142, 148, 191, 193, 198, 258, 264, 266, 351, 444, 454]
RKP_00500_00100_3_04.txt|367.0|0.10644149999999986|[2, 4, 5, 9, 11, 24, 27, 66, 68, 72, 104, 125, 146, 156, 163, 168, 209, 217, 278, 280, 282, 301, 312, 328, 345, 350, 400]
RKP_00500_00100_3_05.txt|400.0|0.0883554000000002|[3, 7, 8, 9, 12, 30, 33, 74, 87, 88, 92, 106, 108, 143, 189, 196, 199, 211, 225, 252, 263, 294, 319, 340, 377, 381, 392, 397, 417, 468]
RKP_00500_00100_3_06.txt|346.0|0.10411440000000027|[1, 4, 5, 11, 12, 16, 19, 24, 45, 52, 56, 68, 73, 90, 91, 137, 183, 186, 189, 199, 204, 242, 281, 283, 311]
RKP_00500_00100_3_07.txt|326.0|0.11236349999999984|[1, 4, 5, 17, 30, 33, 57, 76, 91, 99, 111, 141, 157, 191, 193, 196, 200, 216, 228, 302, 308, 429, 430]
RKP_00500_00100_3_08.txt|418.0|0.12631179999999986|[1, 4, 8, 14, 19, 25, 26, 31, 35, 49, 57, 58, 62, 63, 64, 90, 93, 114, 141, 144, 150, 159, 172, 214, 275, 280, 301, 302, 389, 451, 470, 484]
RKP_00500_00100_3_09.txt|385.0|0.08753559999999982|[1, 2, 3, 4, 12, 24, 54, 58, 59, 70, 83, 104, 108, 115, 122, 136, 148, 154, 169, 171, 173, 208, 221, 231, 269, 294, 315, 347, 434]
RKP_00500_00100_3_10.txt|370.0|0.12279749999999989|[1, 3, 5, 7, 10, 13, 18, 32, 38, 40, 48, 99, 102, 123, 153, 159, 165, 183, 189, 193, 217, 222, 282, 305, 322, 388, 392]
RKP_00500_00100_4_01.txt|100.0|0.07392209999999988|[483]
RKP_00500_00100_4_02.txt|100.0|0.0730360999999995|[431]
RKP_00500_00100_4_03.txt|100.0|0.07448949999999943|[457]
RKP_00500_00100_4_04.txt|100.0|0.0755025999999992|[419]
RKP_00500_00100_4_05.txt|100.0|0.07545689999999983|[448]
RKP_00500_00100_4_06.txt|100.0|0.07563410000000026|[464]
RKP_00500_00100_4_07.txt|100.0|0.0776513000000012|[497]
RKP_00500_00100_4_08.txt|100.0|0.07737879999999997|[430]
RKP_00500_00100_4_09.txt|100.0|0.07298959999999965|[496]
RKP_00500_00100_4_10.txt|100.0|0.07559980000000088|[497]
RKP_00500_00100_5_01.txt|100.0|0.07863749999999925|[1, 13, 26, 98, 142, 146, 281]
RKP_00500_00100_5_02.txt|100.0|0.07561500000000088|[1, 11, 76, 94, 111, 141, 184]
RKP_00500_00100_5_03.txt|100.0|0.07980479999999979|[1, 497]
RKP_00500_00100_5_04.txt|100.0|0.07629209999999986|[98, 100, 109, 128]
RKP_00500_00100_5_05.txt|100.0|0.07432209999999984|[117, 402]
RKP_00500_00100_5_06.txt|100.0|0.0770470999999997|[13, 83, 198, 336, 367]
RKP_00500_00100_5_07.txt|100.0|0.07564389999999932|[132, 211, 332, 343]
RKP_00500_00100_5_08.txt|100.0|0.07653960000000026|[14, 18, 132, 276, 477]
RKP_00500_00100_5_09.txt|100.0|0.0783276000000015|[1, 69, 93, 229]
RKP_00500_00100_5_10.txt|100.0|0.07737480000000119|[115, 137, 155, 304]
RKP_01000_00100_1_01.txt|2141.0|0.1831745999999992|[2, 8, 10, 11, 13, 27, 36, 39, 40, 42, 47, 50, 51, 64, 67, 91, 97, 116, 123, 151, 260, 261, 314, 432, 465, 560, 604, 646]
RKP_01000_00100_1_02.txt|1945.0|0.178326199999999|[1, 2, 9, 16, 30, 32, 38, 49, 50, 58, 64, 72, 108, 171, 182, 193, 195, 292, 294, 337, 486, 515, 527, 557, 584, 624, 694, 696, 754]
RKP_01000_00100_1_03.txt|2042.0|0.1892220000000009|[1, 2, 3, 4, 16, 19, 32, 48, 50, 56, 65, 114, 116, 128, 172, 174, 182, 199, 268, 326, 366, 380, 498, 535, 725, 800, 813, 869]
RKP_01000_00100_1_04.txt|2252.0|0.17835689999999893|[1, 2, 3, 5, 6, 12, 14, 20, 44, 53, 63, 69, 75, 91, 151, 165, 172, 204, 247, 255, 277, 283, 376, 429, 566, 592, 726, 732, 733, 758, 790, 857]
RKP_01000_00100_1_05.txt|2144.0|0.1947720000000004|[1, 12, 16, 26, 29, 37, 39, 41, 49, 74, 75, 89, 121, 123, 151, 188, 198, 207, 222, 299, 307, 425, 582, 635, 673, 696, 776, 865, 915, 1000]
RKP_01000_00100_1_06.txt|2379.0|0.19903910000000025|[1, 4, 6, 8, 10, 33, 37, 38, 44, 52, 55, 57, 58, 78, 99, 117, 120, 168, 176, 177, 210, 242, 244, 250, 265, 283, 349, 383, 442, 546, 632, 645, 790, 993]
RKP_01000_00100_1_07.txt|2458.0|0.18409069999999872|[2, 3, 7, 8, 18, 19, 37, 42, 49, 80, 86, 88, 99, 127, 128, 129, 130, 146, 170, 190, 204, 226, 342, 382, 436, 440, 476, 484, 556, 627, 641, 778, 874]
RKP_01000_00100_1_08.txt|2116.0|0.2147300000000012|[1, 2, 4, 5, 6, 7, 10, 15, 16, 22, 29, 68, 80, 101, 106, 111, 118, 145, 149, 183, 223, 274, 278, 303, 356, 366, 390, 421, 422, 716, 780, 922]
RKP_01000_00100_1_09.txt|2134.0|0.17858670000000032|[1, 2, 14, 15, 17, 27, 31, 32, 36, 39, 48, 103, 108, 168, 170, 196, 213, 290, 405, 409, 427, 489, 513, 579, 672, 691, 782, 898, 925, 942]
RKP_01000_00100_1_10.txt|2261.0|0.2333450999999993|[1, 4, 8, 19, 37, 50, 55, 76, 104, 111, 158, 221, 253, 286, 295, 331, 368, 439, 466, 491, 534, 618, 663, 669, 724, 748, 754, 785, 805, 813, 825, 931, 968]
RKP_01000_00100_2_01.txt|254.0|0.14830249999999978|[3, 7, 12, 13, 16, 21, 24, 33, 47, 88, 90, 183, 186, 209, 252, 253, 264, 361, 374, 375, 380, 690, 793]
RKP_01000_00100_2_02.txt|247.0|0.13206269999999876|[3, 8, 69, 73, 77, 84, 129, 166, 179, 202, 213, 311, 357, 375, 385, 397, 547, 583, 625, 782, 901, 954]
RKP_01000_00100_2_03.txt|317.0|0.16496379999999888|[5, 13, 33, 55, 58, 64, 81, 84, 87, 97, 123, 124, 141, 171, 187, 256, 282, 330, 335, 340, 347, 394, 404, 416, 417, 420, 746, 854, 897, 928]
RKP_01000_00100_2_04.txt|267.0|0.14857860000000045|[8, 21, 24, 35, 37, 49, 58, 60, 74, 94, 123, 130, 147, 184, 207, 332, 333, 428, 443, 504, 698, 782]
RKP_01000_00100_2_05.txt|257.0|0.12554609999999933|[2, 5, 7, 11, 26, 30, 84, 139, 152, 162, 172, 214, 222, 236, 255, 293, 299, 351, 380, 409, 420, 428, 462, 501, 512, 742, 823]
RKP_01000_00100_2_06.txt|309.0|0.1125039999999995|[6, 8, 9, 16, 24, 33, 48, 52, 57, 122, 138, 185, 187, 233, 255, 258, 259, 290, 399, 590, 602, 647, 725, 805, 827, 858, 876]
RKP_01000_00100_2_07.txt|262.0|0.14479020000000098|[2, 3, 7, 20, 61, 81, 173, 208, 218, 284, 305, 378, 396, 433, 520, 531, 597, 682, 731, 783, 796, 821]
RKP_01000_00100_2_08.txt|296.0|0.14603969999999933|[1, 3, 7, 9, 10, 11, 16, 21, 26, 39, 41, 44, 49, 121, 129, 131, 133, 175, 228, 250, 278, 294, 406, 414, 549, 573, 609, 661]
RKP_01000_00100_2_09.txt|243.0|0.16412150000000025|[1, 9, 13, 25, 118, 127, 175, 176, 191, 205, 225, 235, 236, 241, 348, 382, 411, 417, 436, 470, 651, 656]
RKP_01000_00100_2_10.txt|276.0|0.14015239999999984|[1, 4, 5, 15, 30, 49, 56, 58, 71, 78, 89, 163, 164, 184, 191, 196, 252, 273, 282, 309, 341, 402, 412, 443, 521, 548, 579, 710, 755]
RKP_01000_00100_3_01.txt|485.0|0.13547040000000088|[1, 2, 11, 15, 21, 22, 32, 49, 51, 55, 65, 69, 77, 94, 119, 133, 134, 143, 179, 208, 240, 249, 294, 322, 337, 348, 420, 464, 537, 565, 567, 605, 659, 704, 740, 763, 795, 857, 962]
RKP_01000_00100_3_02.txt|475.0|0.13039440000000013|[1, 2, 3, 9, 16, 18, 19, 25, 31, 35, 37, 53, 56, 69, 70, 79, 94, 110, 120, 121, 126, 137, 138, 176, 178, 216, 286, 295, 300, 318, 377, 381, 533, 567, 586, 600, 644, 654]
RKP_01000_00100_3_03.txt|448.0|0.12541979999999953|[1, 2, 3, 13, 17, 31, 44, 54, 74, 84, 87, 89, 93, 99, 142, 143, 170, 175, 180, 204, 222, 256, 270, 325, 378, 382, 431, 448, 530, 580, 652, 692, 720, 738, 797, 836, 994]
RKP_01000_00100_3_04.txt|460.0|0.15654250000000047|[1, 2, 3, 4, 5, 9, 15, 16, 29, 31, 41, 42, 44, 53, 65, 83, 119, 142, 148, 149, 161, 235, 274, 277, 305, 309, 389, 449, 480, 492, 527, 550, 639, 645, 657, 740, 786]
RKP_01000_00100_3_05.txt|413.99999999999994|0.12855159999999977|[2, 5, 10, 21, 23, 24, 29, 31, 37, 46, 57, 76, 85, 86, 100, 107, 108, 141, 144, 163, 172, 183, 204, 308, 315, 355, 460, 630, 661, 674, 739, 876, 910]
RKP_01000_00100_3_06.txt|427.0|0.15281509999999976|[1, 4, 5, 6, 12, 13, 14, 16, 18, 22, 25, 28, 36, 63, 66, 71, 98, 112, 129, 158, 204, 217, 224, 239, 242, 249, 330, 347, 471, 543, 886, 901, 970]
RKP_01000_00100_3_07.txt|495.0|0.12292919999999974|[1, 3, 4, 5, 8, 12, 16, 20, 23, 27, 31, 34, 38, 53, 56, 62, 112, 124, 129, 161, 169, 190, 198, 204, 231, 282, 300, 337, 354, 402, 433, 529, 583, 591, 695, 750, 822, 867, 888, 942]
RKP_01000_00100_3_08.txt|430.0|0.10511550000000014|[2, 7, 9, 33, 35, 53, 71, 89, 97, 118, 130, 131, 145, 152, 154, 179, 198, 233, 250, 252, 257, 292, 303, 340, 342, 472, 524, 528, 591, 600, 636, 655, 703]
RKP_01000_00100_3_09.txt|430.0|0.13387499999999974|[1, 3, 6, 9, 16, 17, 23, 26, 36, 39, 47, 48, 83, 96, 127, 141, 185, 199, 211, 228, 257, 318, 385, 403, 432, 446, 480, 578, 647, 758, 825, 885, 930]
RKP_01000_00100_3_10.txt|465.0|0.11246210000000012|[1, 2, 3, 10, 11, 12, 16, 18, 22, 26, 35, 37, 56, 61, 72, 87, 106, 122, 156, 169, 187, 217, 227, 245, 247, 264, 314, 319, 334, 439, 467, 524, 566, 632, 677, 764, 964]
RKP_01000_00100_4_01.txt|100.0|0.09853090000000009|[866]
RKP_01000_00100_4_02.txt|100.0|0.10500899999999902|[858]
RKP_01000_00100_4_03.txt|100.0|0.10509710000000005|[860]
RKP_01000_00100_4_04.txt|100.0|0.0974225999999998|[828]
RKP_01000_00100_4_05.txt|100.0|0.09600069999999938|[853]
RKP_01000_00100_4_06.txt|100.0|0.09742609999999985|[926]
RKP_01000_00100_4_07.txt|100.0|0.09554040000000086|[887]
RKP_01000_00100_4_08.txt|100.0|0.09951980000000127|[847]
RKP_01000_00100_4_09.txt|100.0|0.1008426|[877]
RKP_01000_00100_4_10.txt|100.0|0.09480970000000077|[843]
RKP_01000_00100_5_01.txt|100.0|0.10232819999999876|[1, 876]
RKP_01000_00100_5_02.txt|100.0|0.09885120000000036|[161, 361]
RKP_01000_00100_5_03.txt|100.0|0.10081019999999974|[102, 111, 726]
RKP_01000_00100_5_04.txt|100.0|0.1301439000000002|[16, 19, 118, 761]
RKP_01000_00100_5_05.txt|100.0|0.1002130999999995|[8, 16, 17, 23, 27, 164, 261, 410, 591, 683, 709]
RKP_01000_00100_5_06.txt|100.0|0.10430929999999883|[93, 491, 534, 630, 863]
RKP_01000_00100_5_07.txt|100.0|0.10081399999999974|[101, 358, 772]
RKP_01000_00100_5_08.txt|100.0|0.1000437999999999|[215, 352]
RKP_01000_00100_5_09.txt|100.0|0.10001190000000015|[84, 95, 371, 382, 738, 826]
RKP_01000_00100_5_10.txt|100.0|0.09829950000000132|[107, 852]
RKP_05000_00100_1_01.txt|4347.0|0.6290603999999984|[1, 3, 4, 5, 7, 8, 9, 16, 20, 22, 24, 31, 51, 68, 89, 99, 115, 116, 150, 155, 302, 343, 363, 465, 540, 553, 589, 642, 801, 847, 852, 904, 1021, 1181, 1207, 1213, 1268, 1275, 1277, 1366, 1373, 1406, 1485, 1568, 1700, 1723, 1839, 2003, 2091, 2106, 2398, 2478, 2548, 2556, 3411, 3645, 4545, 4758]
RKP_05000_00100_1_02.txt|4191.0|0.712752799999997|[2, 16, 28, 31, 42, 44, 60, 73, 104, 130, 135, 151, 171, 174, 235, 262, 275, 277, 304, 347, 350, 357, 374, 420, 437, 463, 501, 716, 794, 892, 1099, 1210, 1557, 1585, 1720, 1821, 1929, 2056, 2337, 2586, 2669, 2809, 2939, 3013, 3158, 3415, 3648, 3739, 4066, 4071, 4311, 4339, 4439, 4651]
RKP_05000_00100_1_03.txt|4509.0|0.6496630000000003|[1, 2, 5, 6, 7, 10, 22, 26, 27, 52, 81, 114, 136, 156, 193, 203, 207, 208, 219, 304, 326, 350, 410, 591, 612, 656, 684, 793, 929, 961, 1044, 1069, 1154, 1171, 1237, 1355, 1417, 1550, 1588, 1634, 1912, 2442, 2646, 2797, 2939, 2992, 3005, 3036, 3127, 3261, 3382, 3471, 3686, 3801, 4053, 4396, 4436, 4693, 4798]
RKP_05000_00100_1_04.txt|4112.0|0.6358369999999987|[2, 5, 7, 20, 23, 26, 38, 41, 69, 78, 131, 135, 147, 205, 233, 378, 416, 444, 455, 579, 651, 713, 792, 795, 868, 936, 979, 1048, 1210, 1367, 1521, 1527, 1633, 1675, 1931, 2030, 2255, 2304, 2528, 2565, 2594, 2831, 2940, 3006, 3053, 3064, 3085, 3198, 3225, 3336, 3338, 3474, 3484, 3503, 3644, 3703, 4248, 4280, 4320, 4470, 4914]
RKP_05000_00100_1_05.txt|4078.0|0.6303364999999985|[2, 4, 8, 16, 20, 23, 30, 33, 38, 44, 53, 60, 64, 92, 96, 101, 119, 158, 174, 230, 270, 288, 306, 317, 356, 427, 428, 507, 527, 541, 542, 608, 644, 907, 977, 1088, 1169, 1249, 1309, 1432, 1433, 1759, 2347, 2537, 2549, 2850, 2886, 2922, 2995, 3160, 3454, 3856, 4002, 4251, 4588, 4969]
RKP_05000_00100_1_06.txt|4184.0|0.6178014999999988|[2, 3, 6, 7, 11, 14, 17, 18, 25, 41, 44, 45, 55, 62, 71, 73, 108, 111, 115, 122, 131, 133, 147, 152, 171, 208, 219, 238, 329, 435, 457, 569, 645, 652, 694, 701, 745, 747, 807, 866, 896, 912, 920, 1031, 1186, 1279, 1512, 1606, 1799, 2000, 2510, 2608, 3167, 3239, 3571, 3825, 4655]
RKP_05000_00100_1_07.txt|4727.0|0.5228292000000003|[1, 3, 4, 5, 11, 13, 30, 32, 35, 54, 55, 79, 90, 97, 104, 118, 124, 180, 188, 192, 204, 219, 244, 362, 451, 457, 494, 551, 582, 646, 811, 876, 880, 930, 931, 991, 1149, 1187, 1199, 1222, 1299, 1401, 1437, 1674, 1758, 1762, 1827, 2037, 2041, 2085, 2207, 2367, 2438, 2591, 2883, 3111, 3162, 3167, 3370, 3419, 3473, 3484, 3566, 4639]
RKP_05000_00100_1_08.txt|4414.0|0.6150368000000022|[1, 6, 25, 29, 48, 52, 72, 82, 120, 137, 154, 179, 183, 186, 215, 234, 260, 264, 266, 275, 276, 288, 300, 341, 345, 441, 502, 538, 687, 739, 745, 777, 816, 820, 865, 906, 985, 1029, 1079, 1267, 1318, 1358, 1632, 1717, 1781, 2054, 2248, 2399, 2535, 2780, 2845, 2994, 3137, 3226, 3259, 3876, 3911, 4344, 4473, 4638, 4811]
RKP_05000_00100_1_09.txt|4031.0|0.6313385000000018|[3, 6, 10, 30, 42, 43, 70, 74, 83, 121, 178, 190, 270, 307, 325, 383, 423, 445, 447, 463, 588, 635, 729, 747, 786, 796, 816, 853, 987, 1184, 1260, 1387, 1427, 1441, 1448, 1736, 1769, 1856, 1869, 1945, 2349, 2596, 2807, 2965, 3051, 3556, 3572, 3697, 3759, 4062, 4135, 4156, 4220, 4378, 4424]
RKP_05000_00100_1_10.txt|4346.0|0.5821584999999985|[2, 8, 13, 14, 20, 21, 25, 26, 43, 48, 83, 90, 131, 134, 143, 153, 176, 180, 189, 230, 304, 321, 363, 385, 429, 437, 445, 482, 484, 564, 612, 654, 662, 795, 805, 930, 952, 956, 1091, 1221, 1342, 1350, 1395, 1422, 1517, 1804, 1983, 2028, 2061, 2120, 2616, 2958, 3065, 3086, 3176, 3373, 3734, 4369, 4572, 4883]
RKP_05000_00100_2_01.txt|429.0|0.4804048000000023|[5, 25, 40, 44, 77, 110, 142, 144, 148, 220, 246, 315, 540, 551, 626, 648, 736, 1057, 1078, 1238, 1292, 1647, 1715, 1741, 1835, 2019, 2120, 2210, 2218, 2295, 2367, 2729, 2735, 2913, 2948, 3020, 3043, 3518, 3573, 4039, 4620, 4675]
RKP_05000_00100_2_02.txt|478.0|0.447651699999998|[3, 4, 8, 14, 15, 22, 29, 33, 40, 73, 101, 103, 152, 155, 275, 292, 298, 407, 455, 532, 536, 578, 656, 677, 763, 778, 871, 1014, 1178, 1194, 1307, 1493, 1570, 1770, 1793, 1800, 2263, 2360, 2437, 2439, 2501, 2707, 2984, 2992, 3004, 3238, 3654, 4063, 4347, 4384, 4978]
RKP_05000_00100_2_03.txt|460.0|0.4475566999999998|[4, 5, 6, 9, 11, 12, 17, 22, 39, 82, 185, 195, 202, 242, 442, 500, 524, 543, 592, 608, 610, 710, 711, 769, 840, 842, 895, 1122, 1234, 1332, 1463, 1469, 1749, 1867, 1925, 2550, 2606, 2844, 2973, 3003, 3332, 3625, 3890, 3969, 4028, 4206, 4547, 4655, 4806, 4989]
RKP_05000_00100_2_04.txt|444.0|0.4783752999999997|[1, 5, 12, 13, 31, 35, 54, 72, 87, 99, 109, 143, 156, 168, 225, 283, 325, 387, 483, 491, 506, 531, 637, 674, 917, 950, 1138, 1415, 1551, 1565, 1566, 1633, 1671, 1864, 2042, 2100, 2126, 2299, 3028, 3108, 3153, 3572, 3838, 4139]
RKP_05000_00100_2_05.txt|490.0|0.47389049999999955|[5, 22, 29, 51, 52, 90, 99, 167, 274, 366, 370, 413, 426, 434, 452, 522, 612, 693, 752, 797, 829, 879, 942, 984, 991, 1029, 1076, 1224, 1654, 1741, 1823, 1903, 2083, 2208, 2261, 2332, 2365, 2545, 2614, 2703, 2785, 2815, 3226, 3238, 3241, 3374, 3406, 3481, 3555, 3758]
RKP_05000_00100_2_06.txt|461.0|0.5045798999999995|[1, 3, 6, 8, 23, 33, 62, 129, 135, 136, 182, 210, 222, 324, 326, 356, 369, 437, 466, 602, 639, 758, 816, 853, 926, 1025, 1109, 1193, 1208, 1288, 1383, 1433, 1581, 1917, 2039, 2040, 2044, 2118, 2148, 2322, 2408, 2422, 2453, 3081, 3347, 3682, 4405, 4478]
RKP_05000_00100_2_07.txt|466.0|0.4558360999999991|[1, 2, 3, 7, 15, 43, 49, 58, 71, 74, 79, 105, 169, 177, 180, 183, 194, 216, 235, 244, 260, 261, 333, 341, 373, 396, 429, 516, 595, 649, 744, 1063, 1389, 1485, 1949, 2108, 2164, 2323, 2332, 2419, 2528, 2641, 2751, 3229, 3555, 3866, 4183, 4327, 4507]
RKP_05000_00100_2_08.txt|434.0|0.4499733999999975|[1, 9, 11, 14, 15, 23, 25, 41, 79, 94, 98, 99, 152, 199, 291, 342, 367, 464, 491, 524, 560, 621, 636, 671, 672, 735, 792, 869, 953, 967, 1204, 1301, 1330, 1387, 1415, 1492, 1617, 1700, 2149, 2312, 2584, 2831, 2915, 3246, 3365, 3421, 4332, 4543]
RKP_05000_00100_2_09.txt|454.0|0.47217799999999954|[5, 6, 18, 61, 75, 86, 88, 110, 112, 151, 218, 238, 244, 293, 294, 315, 355, 362, 433, 558, 673, 678, 755, 796, 846, 1008, 1149, 1203, 1331, 1335, 1397, 1400, 1611, 1818, 1873, 2196, 2213, 2318, 2365, 2520, 2692, 2953, 3113, 3441, 3890, 4070, 4171, 4778]
RKP_05000_00100_2_10.txt|438.0|0.4218775999999984|[19, 72, 74, 78, 113, 120, 123, 163, 210, 250, 275, 291, 302, 315, 326, 373, 477, 502, 660, 935, 978, 1253, 1313, 1459, 1547, 1576, 1773, 1932, 2022, 2133, 2283, 2318, 2345, 2435, 2755, 2768, 2802, 3005, 3077, 3123, 3300, 3321, 4012, 4424]
RKP_05000_00100_3_01.txt|760.0|0.35298410000000047|[1, 2, 3, 4, 8, 18, 26, 28, 44, 48, 55, 67, 77, 80, 97, 109, 118, 135, 145, 188, 224, 276, 288, 312, 322, 334, 345, 349, 361, 395, 410, 413, 471, 506, 534, 558, 588, 610, 661, 692, 995, 1006, 1037, 1119, 1192, 1232, 1363, 1636, 1725, 1733, 1751, 1768, 1994, 2035, 2039, 2321, 2608, 2691, 3020, 3252, 3292, 3674, 3675, 4057, 4195, 4835]
RKP_05000_00100_3_02.txt|850.0|0.4126441000000014|[3, 9, 11, 31, 36, 38, 55, 89, 93, 94, 97, 98, 132, 135, 145, 148, 166, 167, 175, 203, 219, 242, 254, 280, 304, 312, 313, 330, 351, 355, 365, 373, 392, 434, 452, 453, 472, 512, 776, 856, 917, 993, 1047, 1092, 1119, 1136, 1267, 1271, 1335, 1510, 1524, 1664, 1689, 1876, 2005, 2362, 2367, 2409, 2674, 2689, 2722, 2762, 2772, 2848, 3093, 3234, 3287, 3318, 3344, 3504, 3615, 3645, 4114, 4494, 4912]
RKP_05000_00100_3_03.txt|830.0|0.3425052999999991|[1, 3, 6, 14, 15, 18, 20, 21, 24, 27, 42, 52, 73, 76, 140, 155, 156, 159, 165, 191, 205, 258, 283, 341, 351, 380, 397, 403, 446, 459, 520, 546, 656, 690, 721, 820, 894, 901, 914, 945, 963, 996, 1058, 1109, 1175, 1226, 1304, 1347, 1409, 1459, 1487, 1558, 1571, 1732, 1847, 1888, 1890, 1941, 2659, 2662, 2676, 2858, 2962, 2984, 3260, 4111, 4254, 4440, 4520, 4528, 4547, 4563, 4874]
RKP_05000_00100_3_04.txt|800.0|0.3791177000000019|[1, 4, 5, 9, 11, 14, 16, 24, 51, 56, 66, 72, 98, 99, 100, 103, 130, 136, 232, 282, 298, 325, 335, 364, 375, 403, 473, 578, 607, 648, 708, 759, 769, 808, 984, 995, 1024, 1162, 1182, 1193, 1227, 1264, 1283, 1293, 1338, 1347, 1348, 1380, 1399, 1455, 1739, 1757, 1788, 1905, 2156, 2231, 2340, 2433, 2600, 2634, 2764, 2810, 3105, 3384, 3639, 3697, 3783, 3851, 4679, 4996]
RKP_05000_00100_3_05.txt|730.0|0.4160663999999983|[1, 7, 32, 47, 52, 76, 79, 81, 113, 122, 147, 206, 220, 235, 238, 295, 304, 345, 362, 448, 480, 513, 542, 583, 588, 590, 614, 638, 656, 669, 769, 905, 909, 936, 950, 973, 994, 1088, 1259, 1491, 1764, 1810, 1858, 2040, 2337, 2456, 2671, 2714, 2837, 2859, 2877, 2928, 3135, 3753, 4063, 4073, 4074, 4110, 4118, 4182, 4207, 4398, 4423]
RKP_05000_00100_3_06.txt|820.0|0.35275820000000024|[1, 2, 3, 4, 6, 10, 12, 15, 24, 25, 27, 29, 32, 35, 45, 58, 68, 79, 80, 103, 104, 108, 113, 119, 157, 181, 221, 244, 248, 270, 278, 352, 440, 492, 551, 638, 683, 700, 755, 775, 787, 796, 838, 1046, 1081, 1130, 1148, 1366, 1376, 1474, 1657, 1698, 1727, 1775, 1860, 1884, 2159, 2412, 2457, 2520, 2528, 2710, 2738, 2878, 2889, 2978, 3082, 3095, 3434, 3943, 4151, 4282]
RKP_05000_00100_3_07.txt|840.0|0.4092728000000001|[2, 9, 10, 14, 16, 18, 20, 32, 68, 77, 85, 89, 96, 99, 114, 119, 130, 167, 169, 178, 185, 189, 206, 211, 222, 281, 304, 355, 356, 372, 416, 495, 500, 507, 523, 526, 550, 566, 570, 607, 699, 729, 750, 799, 812, 817, 865, 876, 883, 890, 913, 985, 1030, 1095, 1116, 1453, 1577, 1663, 1833, 1960, 2113, 2510, 2528, 2632, 2667, 2701, 2869, 3232, 3416, 3509, 4083, 4185, 4467, 4835]
RKP_05000_00100_3_08.txt|840.0|0.37837109999999896|[1, 2, 5, 6, 17, 21, 24, 28, 35, 36, 44, 47, 92, 97, 99, 101, 108, 115, 161, 169, 215, 227, 238, 294, 296, 328, 343, 346, 428, 484, 525, 557, 645, 684, 700, 785, 807, 925, 969, 1017, 1076, 1208, 1228, 1238, 1240, 1244, 1355, 1478, 1497, 1502, 1589, 1666, 1802, 1914, 1973, 2068, 2084, 2091, 2154, 2276, 2465, 2572, 3001, 3330, 3410, 3476, 3716, 3821, 4062, 4178, 4225, 4353, 4708, 4735]
RKP_05000_00100_3_09.txt|810.0|0.38224400000000003|[1, 2, 3, 4, 10, 40, 49, 78, 94, 111, 137, 154, 229, 262, 274, 288, 350, 355, 373, 409, 419, 424, 447, 466, 501, 585, 600, 610, 636, 662, 839, 882, 981, 986, 1074, 1161, 1163, 1328, 1499, 1558, 1818, 1913, 2033, 2048, 2227, 2372, 2453, 2579, 2595, 2609, 2618, 2846, 2862, 2885, 2897, 3071, 3120, 3283, 3500, 3562, 3603, 3727, 4097, 4348, 4425, 4459, 4609, 4681, 4813, 4902, 4948]
RKP_05000_00100_3_10.txt|810.0|0.4272518000000005|[2, 10, 11, 22, 27, 47, 50, 52, 57, 63, 110, 113, 119, 138, 166, 173, 211, 216, 236, 252, 333, 337, 383, 438, 540, 559, 614, 627, 659, 666, 775, 780, 787, 793, 860, 881, 933, 1046, 1075, 1111, 1132, 1166, 1426, 1430, 1457, 1547, 1688, 1928, 1938, 1946, 2051, 2107, 2181, 2195, 2235, 2244, 2280, 2312, 2477, 2567, 2583, 2720, 2929, 2990, 3361, 3869, 3877, 3997, 4016, 4218, 4628]
RKP_05000_00100_4_01.txt|100.0|0.3521086000000011|[4203]
RKP_05000_00100_4_02.txt|100.0|0.34996599999999844|[4283]
RKP_05000_00100_4_03.txt|100.0|0.3827374999999975|[4228]
RKP_05000_00100_4_04.txt|100.0|0.3528798999999978|[4218]
RKP_05000_00100_4_05.txt|100.0|0.33832680000000437|[4218]
RKP_05000_00100_4_06.txt|100.0|0.3837998000000056|[4203]
RKP_05000_00100_4_07.txt|100.0|0.34713400000000405|[4210]
RKP_05000_00100_4_08.txt|100.0|0.3415374|[4203]
RKP_05000_00100_4_09.txt|100.0|0.36991880000000066|[4209]
RKP_05000_00100_4_10.txt|100.0|0.34848360000000156|[4226]
RKP_05000_00100_5_01.txt|100.0|0.3722781000000026|[156, 807, 941, 1060, 3207]
RKP_05000_00100_5_02.txt|100.0|0.35520269999999954|[325, 793, 1788, 3045]
RKP_05000_00100_5_03.txt|100.0|0.34668020000000155|[790, 831, 1786, 1834]
RKP_05000_00100_5_04.txt|100.0|0.37792929999999814|[87, 740, 1240, 1391, 1486, 1566, 1737, 3400, 4225]
RKP_05000_00100_5_05.txt|100.0|0.3569334999999967|[76, 1059, 1257, 1760, 2323]
RKP_05000_00100_5_06.txt|100.0|0.346815399999997|[806, 1011, 1206]
RKP_05000_00100_5_07.txt|100.0|0.37337019999999654|[852, 1028, 1079, 3606]
RKP_05000_00100_5_08.txt|100.0|0.3508633000000003|[315, 721, 791, 1007, 1852, 2390]
RKP_05000_00100_5_09.txt|100.0|0.3477168000000006|[1, 792, 2588, 3040]
RKP_05000_00100_5_10.txt|100.0|0.38133970000000517|[25, 61, 139, 349, 496, 935, 1398, 1414, 1505]
RKP_05000_01000_1_01.txt|55880.0|0.8083426999999972|[1, 2, 13, 15, 16, 17, 18, 22, 23, 30, 33, 35, 53, 78, 82, 86, 96, 118, 151, 164, 212, 226, 252, 271, 328, 334, 368, 379, 399, 424, 491, 511, 551, 661, 684, 700, 732, 751, 778, 800, 866, 921, 969, 974, 991, 1034, 1196, 1214, 1232, 1233, 1387, 1431, 1591, 1724, 1742, 1756, 1775, 1810, 1841, 1858, 1919, 1928, 1979, 2077, 2187, 2254, 2266, 2284, 2481, 2567, 2629, 2777, 2874, 3144, 3256, 3282, 3485, 3534, 3791, 3799, 4223, 4479, 4971]
RKP_05000_01000_1_02.txt|57024.0|0.7316779999999952|[3, 7, 10, 17, 22, 36, 39, 41, 65, 78, 89, 96, 109, 130, 203, 207, 222, 235, 236, 282, 293, 304, 337, 368, 406, 425, 471, 506, 539, 588, 622, 646, 675, 694, 728, 772, 837, 918, 928, 965, 988, 1055, 1205, 1261, 1277, 1337, 1403, 1414, 1455, 1590, 1604, 1677, 1860, 1999, 2011, 2120, 2198, 2229, 2379, 2594, 2727, 2745, 2750, 2769, 2800, 2825, 2832, 2973, 3565, 3585, 3628, 3795, 3875, 3957, 4414, 4489, 4961]
RKP_05000_01000_1_03.txt|53348.0|0.7753521000000063|[1, 3, 13, 20, 22, 24, 33, 62, 67, 72, 76, 94, 114, 129, 135, 165, 174, 176, 186, 192, 248, 272, 339, 344, 400, 479, 515, 533, 649, 749, 810, 852, 882, 933, 940, 988, 1006, 1027, 1039, 1150, 1219, 1262, 1268, 1339, 1364, 1415, 1475, 1478, 1483, 1534, 1605, 1614, 1719, 1815, 1822, 1849, 1854, 1979, 2016, 2125, 2161, 2201, 2468, 2471, 2682, 2688, 2848, 3194, 3232, 3276, 3392, 3835, 3920, 4193, 4283, 4640]
RKP_05000_01000_1_04.txt|54833.0|0.7373377000000048|[1, 2, 5, 7, 8, 9, 10, 16, 17, 24, 25, 33, 35, 49, 50, 52, 61, 64, 71, 103, 114, 132, 133, 135, 181, 189, 191, 223, 238, 248, 304, 318, 351, 395, 413, 421, 465, 482, 498, 546, 547, 594, 670, 687, 716, 724, 792, 794, 882, 886, 952, 1074, 1107, 1142, 1174, 1218, 1275, 1450, 1546, 1597, 1689, 1901, 1916, 2047, 2060, 2177, 2269, 2320, 2470, 2580, 2649, 3023, 3051, 3055, 3271, 3926, 4232, 4277, 4329, 4397, 4624, 4775]
RKP_05000_01000_1_05.txt|52808.0|0.7740590999999952|[2, 5, 8, 9, 12, 14, 16, 19, 25, 27, 46, 48, 65, 72, 85, 91, 93, 94, 97, 119, 130, 132, 157, 168, 201, 208, 231, 254, 259, 267, 279, 330, 339, 349, 352, 385, 430, 467, 580, 584, 592, 593, 651, 667, 816, 838, 943, 985, 1012, 1049, 1093, 1142, 1150, 1155, 1162, 1227, 1316, 1319, 1411, 1418, 1588, 1606, 1607, 1649, 1883, 2004, 2069, 2271, 2350, 2360, 2397, 2547, 2570, 2819, 2834, 3067, 3468, 4053, 4096, 4118, 4204, 4385]
RKP_05000_01000_1_06.txt|54350.0|0.7870777999999987|[2, 3, 4, 6, 8, 9, 10, 13, 42, 48, 51, 52, 60, 80, 90, 107, 150, 159, 163, 188, 192, 217, 269, 288, 292, 297, 336, 337, 343, 498, 594, 601, 612, 616, 637, 646, 656, 684, 687, 691, 697, 721, 736, 883, 894, 943, 998, 1040, 1062, 1097, 1145, 1192, 1242, 1305, 1368, 1494, 1511, 1530, 1662, 1689, 1720, 1879, 1910, 1916, 2025, 2050, 2168, 2195, 2286, 2442, 2483, 2517, 2633, 2857, 2861, 2865, 2925, 2967, 3076, 3109, 3846, 4183, 4603, 4793]
RKP_05000_01000_1_07.txt|49781.0|0.7821368999999976|[1, 2, 8, 15, 23, 27, 44, 46, 65, 77, 80, 84, 91, 94, 115, 119, 130, 161, 188, 198, 204, 205, 213, 226, 241, 386, 393, 421, 424, 453, 522, 523, 568, 569, 577, 616, 628, 651, 666, 731, 753, 795, 848, 957, 985, 1047, 1052, 1175, 1198, 1346, 1359, 1367, 1378, 1433, 1449, 1489, 1605, 1607, 1645, 1659, 1666, 1697, 1741, 1865, 1904, 2001, 2087, 2235, 2245, 2593, 2669, 2984, 3964, 4009, 4078]
RKP_05000_01000_1_08.txt|53124.0|0.8507993999999997|[1, 3, 7, 8, 10, 12, 15, 20, 24, 26, 29, 39, 43, 52, 53, 66, 75, 79, 81, 89, 109, 117, 118, 140, 151, 190, 207, 235, 244, 257, 279, 389, 411, 427, 430, 488, 527, 529, 531, 548, 575, 651, 670, 738, 785, 849, 890, 952, 1029, 1088, 1138, 1275, 1344, 1391, 1485, 1487, 1574, 2070, 2099, 2110, 2356, 2382, 2528, 2585, 2723, 2841, 3288, 3318, 3323, 3788, 3908, 3925, 3937, 4070, 4497, 4666]
RKP_05000_01000_1_09.txt|55096.0|0.8188822999999985|[1, 2, 3, 4, 6, 7, 8, 12, 17, 18, 27, 29, 39, 47, 49, 51, 73, 91, 94, 104, 106, 128, 136, 153, 157, 163, 191, 223, 302, 320, 342, 359, 364, 377, 390, 427, 451, 473, 499, 562, 563, 684, 714, 844, 883, 996, 998, 1113, 1242, 1337, 1362, 1366, 1401, 1414, 1434, 1481, 1495, 1679, 1699, 1714, 1788, 1854, 1911, 2034, 2121, 2239, 2328, 2364, 2381, 2399, 2844, 2845, 3156, 3179, 3245, 3556, 3644, 3744, 3900, 3964, 4115]
RKP_05000_01000_1_10.txt|57781.0|0.8008692000000011|[1, 2, 9, 11, 17, 30, 38, 47, 49, 80, 100, 103, 104, 129, 161, 180, 187, 193, 198, 212, 220, 245, 255, 261, 286, 359, 384, 461, 464, 472, 486, 495, 500, 528, 582, 604, 634, 740, 785, 807, 813, 839, 844, 888, 904, 1044, 1076, 1095, 1253, 1284, 1313, 1350, 1361, 1423, 1430, 1436, 1476, 1479, 1553, 1554, 1636, 1640, 1680, 1686, 1731, 1817, 1914, 1934, 2153, 2184, 2216, 2309, 2541, 2544, 2560, 2608, 2671, 2753, 2768, 2867, 3137, 3687, 3836, 4036, 4698, 4815]
RKP_05000_01000_2_01.txt|4253.0|0.9579754000000023|[2, 7, 22, 23, 28, 32, 34, 81, 88, 103, 147, 153, 165, 176, 265, 273, 309, 339, 352, 395, 413, 483, 541, 604, 687, 761, 947, 951, 997, 1011, 1100, 1154, 1173, 1473, 1573, 1641, 1730, 1844, 2000, 2057, 2281, 2351, 2400, 2569, 2581, 2671, 3060, 3395, 3764, 3919, 4166, 4493]
RKP_05000_01000_2_02.txt|4539.0|0.8740127999999956|[2, 3, 44, 51, 62, 78, 88, 94, 121, 126, 139, 214, 279, 299, 311, 317, 338, 365, 379, 462, 471, 491, 653, 667, 862, 964, 1000, 1045, 1068, 1159, 1189, 1196, 1294, 1503, 1577, 1693, 1739, 1812, 1856, 1964, 2213, 2259, 2308, 2419, 2515, 2537, 2682, 2933, 2983, 3024, 3342, 3711, 4977]
RKP_05000_01000_2_03.txt|4751.0|0.9937077999999957|[49, 51, 69, 86, 104, 106, 131, 171, 185, 217, 235, 286, 305, 308, 341, 350, 375, 465, 477, 507, 518, 589, 655, 726, 858, 862, 942, 1002, 1132, 1354, 1483, 1550, 1732, 1958, 2164, 2182, 2340, 2548, 2610, 2617, 2930, 3180, 3343, 3351, 3416, 3540, 3822, 3938, 4457, 4964]
RKP_05000_01000_2_04.txt|5119.0|1.0088196999999965|[1, 3, 7, 17, 22, 23, 51, 54, 57, 59, 63, 82, 84, 86, 124, 153, 163, 183, 274, 302, 348, 371, 400, 509, 545, 567, 585, 662, 667, 758, 768, 1065, 1086, 1136, 1210, 1319, 1398, 1539, 1672, 1740, 1906, 1989, 2237, 2242, 2245, 2249, 2408, 2508, 2518, 2928, 2989, 3183, 3498, 3530, 3767, 3872, 4236, 4424, 4454]
RKP_05000_01000_2_05.txt|4558.0|0.9644789000000031|[3, 4, 5, 8, 12, 16, 23, 30, 33, 34, 43, 70, 80, 156, 187, 201, 204, 260, 273, 290, 344, 360, 390, 420, 427, 453, 526, 734, 737, 775, 784, 807, 876, 957, 1052, 1064, 1132, 1158, 1223, 1269, 1335, 1424, 1576, 1622, 1680, 1920, 1925, 2033, 2548, 2943, 3321, 4215, 4333, 4485]
RKP_05000_01000_2_06.txt|4755.0|1.0682265000000015|[1, 2, 27, 30, 36, 59, 61, 63, 94, 105, 109, 138, 152, 154, 159, 184, 242, 252, 282, 328, 336, 344, 464, 473, 481, 670, 672, 683, 707, 714, 739, 900, 1064, 1134, 1317, 1369, 1477, 1569, 1746, 1933, 1948, 1991, 2201, 2282, 2287, 2446, 2476, 2484, 2638, 2690, 3111, 4131, 4407, 4545, 4951]
RKP_05000_01000_2_07.txt|4885.0|0.994873400000003|[1, 5, 11, 12, 44, 59, 105, 157, 169, 193, 199, 207, 228, 239, 257, 368, 387, 516, 751, 759, 771, 772, 909, 997, 1123, 1139, 1265, 1425, 1437, 1461, 1552, 1625, 1643, 1702, 1811, 1886, 1902, 1935, 1945, 1976, 2206, 2233, 2241, 2282, 2341, 2446, 2461, 2608, 2864, 3085, 3129, 3147, 3275, 3658, 3882, 3974, 4279, 4453, 4495]
RKP_05000_01000_2_08.txt|4792.0|0.9903128999999993|[4, 6, 14, 17, 30, 38, 44, 59, 78, 108, 114, 174, 200, 213, 236, 242, 264, 278, 298, 312, 371, 385, 397, 473, 580, 658, 660, 677, 747, 901, 955, 972, 1016, 1067, 1156, 1184, 1314, 1499, 1783, 1802, 1924, 2133, 2399, 2683, 2808, 2941, 3148, 3191, 3385, 3623, 3857, 4129, 4386]
RKP_05000_01000_2_09.txt|4618.0|1.0428984999999997|[2, 3, 4, 10, 13, 15, 17, 22, 25, 36, 44, 77, 118, 128, 151, 175, 247, 270, 310, 379, 408, 419, 579, 677, 784, 821, 847, 897, 935, 997, 1132, 1226, 1428, 1556, 1583, 1627, 1786, 1844, 1967, 1992, 2005, 2094, 2140, 2317, 2599, 2637, 2789, 2887, 3297, 3478, 3583, 3974, 4669, 4691]
RKP_05000_01000_2_10.txt|4546.0|0.976460699999997|[9, 15, 18, 19, 25, 36, 55, 82, 95, 99, 137, 149, 191, 206, 227, 294, 305, 312, 337, 420, 555, 587, 708, 749, 880, 922, 939, 941, 1011, 1049, 1176, 1416, 1491, 1494, 1502, 1523, 1619, 1686, 1745, 1858, 1926, 2034, 2318, 2559, 2998, 3163, 3584, 3674, 3712, 3887, 4015, 4057, 4084, 4267, 4809]
RKP_05000_01000_3_01.txt|9465.0|0.5600234999999998|[1, 9, 12, 13, 15, 16, 21, 23, 34, 37, 40, 45, 46, 47, 53, 60, 72, 77, 87, 97, 108, 109, 112, 114, 119, 132, 150, 176, 193, 207, 237, 241, 276, 305, 372, 384, 387, 400, 455, 527, 539, 550, 553, 560, 562, 586, 604, 623, 632, 688, 728, 749, 757, 917, 951, 996, 1038, 1047, 1081, 1140, 1198, 1365, 1382, 1600, 1615, 1698, 1958, 2056, 2178, 2241, 2416, 2429, 2461, 2640, 2748, 2783, 2851, 2874, 3188, 3246, 3421, 3545, 3591, 3683, 4452]
RKP_05000_01000_3_02.txt|10266.0|0.574427699999994|[1, 2, 13, 25, 28, 33, 38, 39, 40, 41, 55, 60, 66, 68, 71, 90, 107, 111, 116, 129, 130, 140, 209, 214, 230, 235, 263, 295, 303, 379, 425, 436, 445, 446, 448, 542, 562, 595, 609, 624, 646, 718, 727, 730, 759, 849, 878, 883, 892, 931, 1022, 1041, 1046, 1083, 1087, 1117, 1161, 1193, 1240, 1243, 1365, 1436, 1486, 1488, 1499, 1885, 1908, 2067, 2080, 2113, 2136, 2215, 2330, 2425, 2565, 2667, 2704, 2853, 2933, 2953, 2978, 2989, 2998, 3041, 3171, 3308, 3393, 3546, 3750, 3832, 4134, 4507, 4719]
RKP_05000_01000_3_03.txt|10673.0|0.5242549999999966|[1, 2, 3, 4, 5, 11, 22, 26, 36, 38, 97, 127, 129, 137, 153, 156, 158, 199, 200, 214, 215, 221, 239, 246, 286, 308, 330, 339, 360, 377, 399, 439, 452, 480, 544, 568, 592, 609, 621, 652, 669, 710, 770, 794, 839, 856, 879, 881, 896, 952, 975, 989, 1022, 1041, 1077, 1082, 1164, 1169, 1231, 1360, 1429, 1465, 1498, 1523, 1533, 1559, 1597, 1605, 1663, 1733, 1767, 1874, 2034, 2087, 2202, 2298, 2319, 2386, 2439, 2529, 2901, 2957, 3166, 3239, 3273, 3545, 3697, 3722, 3910, 4041, 4084, 4149, 4215, 4338, 4529, 4671, 4813]
RKP_05000_01000_3_04.txt|10989.0|0.5009580000000042|[1, 3, 4, 5, 6, 7, 9, 13, 15, 17, 18, 25, 27, 29, 39, 45, 58, 63, 70, 82, 94, 111, 132, 142, 175, 198, 205, 206, 225, 258, 261, 263, 277, 306, 321, 337, 360, 362, 400, 413, 448, 495, 548, 568, 574, 610, 619, 648, 650, 657, 680, 709, 769, 827, 864, 962, 977, 989, 1049, 1064, 1080, 1165, 1226, 1276, 1296, 1309, 1322, 1396, 1398, 1557, 1589, 1768, 1786, 1801, 1852, 1872, 1907, 1912, 1996, 2115, 2150, 2372, 2394, 2516, 2541, 2568, 2575, 2593, 2601, 2747, 2857, 2865, 2868, 3197, 3274, 3330, 3448, 3612, 4440, 4880]
RKP_05000_01000_3_05.txt|9956.0|0.556396399999997|[1, 2, 3, 4, 6, 7, 8, 10, 11, 16, 19, 25, 26, 32, 34, 37, 48, 49, 56, 70, 112, 122, 143, 162, 169, 183, 184, 212, 219, 256, 283, 285, 296, 344, 348, 358, 386, 486, 501, 555, 620, 632, 638, 658, 692, 708, 748, 768, 777, 814, 912, 985, 1033, 1060, 1069, 1090, 1263, 1292, 1305, 1500, 1516, 1552, 1588, 1619, 1759, 1859, 1909, 2077, 2123, 2298, 2460, 2610, 2615, 2634, 2723, 2744, 2920, 2970, 3055, 3068, 3106, 3167, 3258, 3439, 3440, 3469, 3584, 3635, 4338, 4405]
RKP_05000_01000_3_06.txt|10485.0|0.5070868999999973|[1, 2, 3, 4, 6, 7, 12, 37, 39, 41, 45, 46, 55, 71, 76, 82, 84, 85, 94, 102, 106, 124, 126, 135, 141, 184, 193, 206, 213, 219, 227, 249, 276, 286, 287, 288, 345, 368, 404, 418, 431, 469, 488, 490, 603, 665, 686, 702, 734, 760, 767, 801, 813, 859, 889, 931, 946, 1030, 1035, 1119, 1212, 1281, 1296, 1359, 1466, 1522, 1551, 1610, 1640, 1697, 1917, 1978, 1991, 2026, 2138, 2251, 2623, 2741, 2756, 3095, 3214, 3239, 3264, 3324, 3390, 3433, 3851, 4000, 4258, 4315, 4322, 4424, 4582, 4808, 4911]
RKP_05000_01000_3_07.txt|10382.0|0.5785151999999982|[1, 2, 3, 5, 6, 8, 11, 13, 20, 29, 33, 36, 60, 73, 75, 76, 79, 84, 91, 93, 94, 100, 113, 125, 214, 216, 218, 220, 221, 251, 291, 293, 295, 360, 370, 393, 398, 413, 417, 427, 462, 477, 487, 500, 539, 593, 640, 658, 714, 762, 827, 849, 883, 884, 891, 896, 919, 975, 1003, 1044, 1055, 1090, 1123, 1173, 1179, 1262, 1407, 1470, 1544, 1564, 1709, 1783, 1789, 1792, 1998, 2043, 2104, 2357, 2587, 2716, 2900, 2966, 3085, 3135, 3146, 3438, 3628, 3716, 3731, 3836, 3854, 4131, 4233, 4456]
RKP_05000_01000_3_08.txt|10283.0|0.5181818000000007|[1, 2, 4, 14, 20, 22, 28, 30, 34, 35, 36, 73, 77, 80, 82, 118, 122, 126, 134, 152, 162, 213, 217, 226, 250, 260, 270, 279, 295, 301, 331, 394, 474, 489, 498, 525, 556, 571, 660, 675, 686, 707, 725, 883, 901, 911, 944, 953, 1009, 1036, 1050, 1077, 1117, 1134, 1135, 1159, 1364, 1395, 1502, 1588, 1636, 1733, 1924, 1967, 1970, 1976, 2019, 2088, 2236, 2364, 2381, 2391, 2402, 2484, 2808, 2858, 2977, 3017, 3087, 3214, 3237, 3284, 3346, 3445, 3557, 3571, 3808, 4022, 4463, 4467, 4700, 4767, 4779]
RKP_05000_01000_3_09.txt|9582.0|0.5313526999999993|[1, 2, 4, 7, 8, 14, 26, 40, 42, 46, 51, 57, 61, 73, 77, 81, 86, 87, 99, 106, 111, 136, 152, 207, 222, 242, 252, 281, 290, 310, 354, 376, 384, 412, 426, 453, 462, 492, 516, 556, 564, 655, 661, 664, 671, 673, 751, 760, 797, 852, 886, 921, 931, 995, 1040, 1148, 1189, 1313, 1322, 1420, 1471, 1684, 1872, 1978, 2024, 2051, 2055, 2287, 2450, 2486, 2497, 2511, 2621, 2657, 2706, 3020, 3256, 3392, 3443, 3538, 3572, 3618, 3868, 4136, 4292, 4818]
RKP_05000_01000_3_10.txt|10284.0|0.5574855999999997|[1, 2, 3, 5, 6, 10, 14, 16, 25, 33, 50, 52, 66, 69, 112, 119, 145, 191, 194, 196, 218, 219, 223, 235, 270, 272, 275, 287, 305, 308, 312, 343, 344, 353, 360, 369, 393, 400, 413, 434, 446, 458, 479, 502, 627, 692, 781, 789, 808, 811, 876, 944, 1019, 1093, 1125, 1184, 1279, 1317, 1329, 1343, 1498, 1530, 1635, 1785, 1847, 1854, 2030, 2189, 2224, 2322, 2458, 2764, 2813, 2877, 2894, 2940, 3064, 3119, 3150, 3234, 3240, 3251, 3435, 3589, 3788, 3879, 4052, 4227, 4466, 4578, 4631, 4747, 4788]
RKP_05000_01000_4_01.txt|1000.0|0.45436200000000326|[4615]
RKP_05000_01000_4_02.txt|1000.0|0.42563200000000023|[4655]
RKP_05000_01000_4_03.txt|1000.0|0.46981109999999404|[4567]
RKP_05000_01000_4_04.txt|1000.0|0.45737539999999655|[4559]
RKP_05000_01000_4_05.txt|1000.0|0.4232900000000015|[4575]
RKP_05000_01000_4_06.txt|1000.0|0.4594605999999999|[4578]
RKP_05000_01000_4_07.txt|1000.0|0.442639199999995|[4589]
RKP_05000_01000_4_08.txt|1000.0|0.45248340000000553|[4472]
RKP_05000_01000_4_09.txt|1000.0|0.4283520999999979|[4528]
RKP_05000_01000_4_10.txt|1000.0|0.42935040000000413|[4520]
RKP_05000_01000_5_01.txt|1000.0|0.5542398999999989|[24, 103, 635, 947, 1042, 1432, 1433]
RKP_05000_01000_5_02.txt|1000.0|0.4670922000000104|[8, 800, 953, 1002, 1025, 1423, 1743, 2475, 2741, 3309]
RKP_05000_01000_5_03.txt|1000.0|0.4831874000000056|[94, 102, 335, 530, 957, 1001, 1189, 1595, 2576]
RKP_05000_01000_5_04.txt|1000.0|0.4981030000000004|[108, 927, 1000, 1036, 1506, 2570, 3280]
RKP_05000_01000_5_05.txt|1000.0|0.4687042000000048|[21, 872, 930, 1006, 1008, 2145, 4840]
RKP_05000_01000_5_06.txt|1000.0|0.4740589999999969|[110, 261, 440, 846, 907, 1001, 1749, 1758, 2273, 3803]
RKP_05000_01000_5_07.txt|1000.0|0.49645399999999995|[4, 66, 109, 793, 838, 1002, 1147, 1148, 1445, 2456, 2799, 3229, 3389, 3918, 3967]
RKP_05000_01000_5_08.txt|1000.0|0.4655046000000027|[10, 903, 1318, 2569, 3652, 3819, 4343]
RKP_05000_01000_5_09.txt|1000.0|0.5029248000000024|[1, 674, 911, 1011, 1193, 1266, 1495, 2194, 2463, 2826, 3529]
RKP_05000_01000_5_10.txt|1000.0|0.49630630000000053|[336, 983, 1050, 1852, 3069]
RKP_05000_05000_1_01.txt|257454.0|0.739029599999995|[2, 3, 8, 21, 25, 33, 36, 40, 41, 47, 74, 75, 78, 96, 100, 134, 137, 149, 168, 203, 226, 239, 248, 254, 255, 263, 274, 358, 477, 496, 498, 522, 562, 601, 688, 747, 798, 809, 826, 901, 981, 1034, 1083, 1200, 1201, 1231, 1246, 1247, 1260, 1270, 1293, 1305, 1416, 1437, 1543, 1595, 1674, 1685, 1768, 1939, 2195, 2321, 2489, 2685, 2687, 2945, 2997, 3113, 3266, 3721, 3813, 4077, 4308, 4777, 4810]
RKP_05000_05000_1_02.txt|319183.0|0.7429079000000058|[1, 2, 8, 10, 14, 20, 21, 24, 38, 45, 55, 59, 104, 113, 117, 126, 141, 231, 235, 238, 240, 258, 269, 297, 310, 334, 341, 361, 365, 378, 396, 444, 470, 474, 537, 668, 669, 712, 785, 787, 805, 814, 903, 1005, 1041, 1044, 1089, 1107, 1115, 1152, 1203, 1266, 1309, 1374, 1434, 1459, 1556, 1722, 1786, 1855, 1870, 1979, 2039, 2089, 2174, 2177, 2306, 2322, 2403, 2501, 2667, 2706, 2786, 3059, 3538, 3588, 3696, 3754, 3842, 3886, 3921, 3940, 4013, 4074, 4197, 4382, 4402, 4712]
RKP_05000_05000_1_03.txt|280343.0|0.7125568000000015|[1, 5, 7, 18, 25, 39, 46, 62, 78, 80, 110, 115, 133, 206, 231, 233, 246, 249, 297, 318, 339, 393, 399, 426, 429, 435, 451, 482, 488, 557, 582, 586, 645, 651, 692, 779, 811, 872, 908, 960, 1083, 1098, 1099, 1108, 1115, 1227, 1235, 1236, 1261, 1265, 1290, 1374, 1414, 1441, 1477, 1594, 1775, 2124, 2264, 2426, 2438, 2615, 2630, 2760, 2859, 2957, 3154, 3247, 3414, 3417, 3443, 3490, 3493, 3512, 3593, 3843, 4284, 4374, 4414]
RKP_05000_05000_1_04.txt|294225.0|0.8455602000000084|[1, 3, 5, 9, 12, 18, 24, 25, 34, 38, 48, 68, 75, 76, 81, 85, 90, 96, 135, 145, 148, 173, 189, 197, 202, 222, 226, 240, 291, 299, 318, 326, 332, 333, 368, 376, 390, 408, 417, 422, 484, 557, 559, 710, 787, 809, 814, 831, 935, 1072, 1389, 1417, 1418, 1675, 1677, 1753, 1758, 1859, 1938, 2003, 2013, 2017, 2051, 2061, 2312, 2323, 2328, 2372, 2553, 2581, 2584, 2813, 2991, 3059, 3305, 3410, 3431, 3547, 3568, 3651, 3652, 3802, 3813, 3850, 4172, 4260, 4286, 4384, 4668]
RKP_05000_05000_1_05.txt|297962.0|0.9107642000000027|[1, 2, 3, 8, 12, 20, 22, 31, 32, 38, 46, 55, 62, 127, 130, 139, 143, 146, 148, 153, 167, 210, 214, 227, 245, 301, 348, 378, 403, 459, 463, 518, 555, 559, 582, 663, 677, 694, 838, 923, 950, 992, 1003, 1016, 1088, 1098, 1221, 1281, 1372, 1432, 1460, 1483, 1492, 1521, 1642, 1662, 1668, 1690, 1692, 1887, 1929, 1993, 2025, 2045, 2118, 2138, 2309, 2352, 2411, 2427, 2467, 2579, 2657, 2703, 2804, 2910, 3024, 3175, 3186, 3722, 3813, 3873, 4108, 4208, 4354, 4374, 4789, 4846]
RKP_05000_05000_1_06.txt|271627.0|0.8293852999999984|[2, 7, 8, 9, 18, 20, 23, 40, 43, 66, 71, 79, 82, 87, 113, 120, 236, 243, 274, 338, 347, 363, 378, 407, 427, 514, 538, 568, 581, 608, 613, 621, 649, 651, 693, 707, 715, 754, 813, 825, 830, 850, 925, 956, 1041, 1054, 1065, 1125, 1154, 1227, 1280, 1308, 1374, 1428, 1671, 1730, 1821, 1855, 1927, 1981, 2048, 2132, 2204, 2210, 2228, 2240, 2309, 2509, 2592, 2646, 2701, 2729, 3104, 3233, 3361, 3613, 3938, 3978, 4076, 4540, 4561, 4692]
RKP_05000_05000_1_07.txt|248619.0|0.8260077999999993|[1, 2, 3, 4, 7, 8, 15, 29, 30, 31, 44, 79, 83, 109, 119, 153, 175, 182, 190, 215, 230, 233, 248, 249, 266, 287, 294, 303, 332, 346, 380, 381, 457, 463, 478, 507, 529, 536, 575, 667, 690, 730, 739, 745, 768, 785, 829, 864, 916, 1019, 1228, 1263, 1267, 1315, 1375, 1406, 1520, 1525, 1616, 1804, 1820, 1849, 1894, 1897, 2162, 2529, 2688, 2725, 2846, 2854, 2937, 3045, 3888, 3965, 4149, 4260, 4664, 4751]
RKP_05000_05000_1_08.txt|264308.0|0.7751872000000049|[3, 7, 30, 38, 51, 91, 95, 97, 115, 122, 124, 137, 138, 140, 156, 171, 192, 232, 253, 262, 275, 280, 303, 314, 342, 367, 371, 402, 451, 453, 471, 478, 512, 523, 528, 560, 596, 669, 674, 706, 764, 836, 850, 878, 902, 949, 984, 1167, 1179, 1247, 1421, 1439, 1546, 1549, 1562, 1678, 1941, 2042, 2047, 2285, 2312, 2428, 2525, 2536, 2600, 2643, 2676, 2681, 2805, 2813, 3599, 3666, 3744, 3792, 3833, 3998, 4186, 4195, 4393, 4596, 4934]
RKP_05000_05000_1_09.txt|278794.0|0.7218617999999992|[1, 3, 5, 6, 12, 17, 42, 52, 55, 66, 76, 77, 99, 104, 113, 114, 126, 139, 156, 160, 170, 176, 179, 196, 221, 234, 243, 282, 299, 325, 339, 355, 376, 380, 382, 385, 404, 438, 448, 460, 492, 537, 542, 544, 563, 565, 632, 682, 701, 726, 820, 871, 921, 1006, 1064, 1078, 1126, 1227, 1245, 1254, 1314, 1350, 1416, 1458, 1466, 1480, 1504, 1510, 1592, 1635, 1788, 1808, 1979, 2016, 2228, 2450, 2497, 2554, 2593, 2636, 2834, 3197, 3551, 4248, 4486, 4489, 4615]
RKP_05000_05000_1_10.txt|241952.0|0.741067000000001|[2, 7, 14, 18, 38, 89, 92, 131, 144, 153, 185, 286, 322, 380, 414, 454, 467, 470, 472, 659, 756, 803, 813, 862, 863, 867, 909, 959, 981, 1015, 1209, 1304, 1340, 1402, 1479, 1504, 1609, 1652, 1725, 1930, 1986, 1998, 2050, 2082, 2151, 2281, 2498, 2504, 2580, 2607, 2608, 2629, 2641, 2786, 2810, 2870, 2942, 3028, 3067, 3078, 3101, 3198, 3229, 3261, 3450, 3471, 4380, 4532]
RKP_05000_05000_2_01.txt|23267.0|1.03256429999999|[8, 18, 19, 20, 21, 49, 52, 65, 70, 93, 106, 157, 235, 250, 293, 319, 383, 411, 475, 515, 579, 690, 748, 866, 937, 953, 986, 1045, 1059, 1239, 1292, 1367, 1435, 1482, 1497, 1505, 1635, 1665, 1784, 1937, 2113, 2236, 2251, 2351, 3403, 3667, 3722, 3808, 3883, 4544, 4844]
RKP_05000_05000_2_02.txt|21169.0|1.020413000000005|[5, 14, 15, 28, 56, 79, 91, 96, 106, 131, 161, 203, 208, 220, 294, 530, 563, 582, 677, 696, 707, 710, 722, 762, 836, 973, 997, 1058, 1069, 1172, 1592, 1649, 1714, 2060, 2069, 2142, 2162, 2244, 2429, 2814, 3100, 3355, 3515, 3641, 3796, 3813, 4007, 4564]
RKP_05000_05000_2_03.txt|20271.0|1.0267460000000028|[1, 4, 13, 38, 41, 44, 45, 49, 50, 72, 94, 128, 177, 216, 375, 387, 411, 441, 465, 477, 502, 544, 583, 729, 783, 812, 966, 983, 1212, 1269, 1289, 1422, 1429, 1432, 1481, 1536, 1998, 2224, 2272, 2512, 2790, 2868, 2869, 3090, 3368, 3630, 3839, 3957, 4565, 4939]
RKP_05000_05000_2_04.txt|26988.0|1.0227143999999981|[1, 2, 3, 4, 19, 20, 21, 23, 37, 43, 47, 49, 60, 71, 77, 78, 82, 122, 126, 131, 147, 154, 165, 187, 238, 264, 307, 322, 346, 372, 406, 422, 455, 554, 583, 625, 637, 655, 693, 832, 862, 893, 1124, 1187, 1223, 1329, 1335, 1412, 1478, 1508, 1586, 1606, 1748, 2093, 2293, 2308, 2318, 2319, 2343, 2382, 2632, 2705, 2773, 3212, 3257, 3288, 3593, 3735]
RKP_05000_05000_2_05.txt|22699.0|1.0676954000000052|[9, 13, 34, 43, 66, 67, 70, 96, 103, 113, 128, 145, 163, 220, 312, 317, 350, 370, 481, 501, 513, 551, 595, 606, 662, 734, 842, 856, 858, 932, 1011, 1022, 1103, 1153, 1175, 1232, 1260, 1394, 1489, 1588, 1768, 1784, 1813, 2057, 2060, 2493, 2569, 2678, 2694, 3623, 3798, 4092, 4182, 4330, 4902]
RKP_05000_05000_2_06.txt|20929.0|1.0487006999999977|[8, 16, 17, 30, 43, 74, 106, 136, 281, 303, 326, 356, 370, 373, 411, 437, 449, 526, 574, 629, 689, 731, 748, 832, 866, 872, 912, 985, 1070, 1073, 1256, 1342, 1461, 1542, 1638, 1805, 1807, 1814, 2245, 2357, 3064, 3105, 3248, 3371, 3580, 3746, 3749]
RKP_05000_05000_2_07.txt|22845.0|0.980684999999994|[7, 12, 30, 36, 72, 75, 129, 199, 212, 232, 273, 301, 383, 409, 411, 428, 528, 624, 631, 667, 713, 725, 872, 903, 926, 932, 957, 989, 1115, 1137, 1153, 1326, 1435, 1438, 1460, 1614, 1730, 1734, 2037, 2045, 2118, 2664, 2838, 3005, 3060, 3180, 3189, 3396, 3704, 3935, 3995, 4066, 4720, 4779]
RKP_05000_05000_2_08.txt|23949.0|1.086506099999994|[2, 17, 20, 30, 116, 125, 155, 160, 179, 192, 274, 286, 291, 315, 332, 449, 603, 659, 668, 724, 746, 760, 782, 811, 826, 899, 919, 944, 953, 1051, 1064, 1239, 1262, 1464, 1473, 1520, 1597, 1683, 1692, 1714, 1822, 1834, 1835, 2024, 2078, 2219, 2390, 2598, 2814, 2856, 2906, 2907, 3039, 3119, 3335, 3356, 3617, 3691, 4709]
RKP_05000_05000_2_09.txt|25658.0|1.0625582000000122|[1, 2, 3, 4, 7, 19, 26, 36, 60, 74, 82, 83, 84, 105, 128, 129, 157, 164, 173, 180, 181, 221, 251, 279, 327, 360, 385, 394, 413, 423, 519, 634, 829, 893, 899, 920, 973, 1012, 1086, 1177, 1179, 1184, 1213, 1231, 1308, 1378, 1462, 1478, 1482, 1687, 1771, 1802, 1812, 2129, 2368, 2432, 2555, 2584, 2889, 3741, 4230, 4959]
RKP_05000_05000_2_10.txt|24120.0|0.9748999000000111|[1, 2, 14, 23, 24, 35, 42, 70, 82, 102, 153, 175, 185, 205, 233, 261, 268, 311, 330, 351, 424, 452, 465, 586, 608, 657, 666, 723, 725, 728, 899, 1015, 1060, 1078, 1136, 1230, 1530, 1601, 1620, 1742, 1757, 1908, 1960, 2102, 2264, 2312, 2524, 2594, 2690, 2732, 2854, 2884, 3018, 3185, 3271, 3272, 3467, 3568, 4367]
RKP_05000_05000_3_01.txt|48632.0|0.7122989000000075|[1, 6, 7, 9, 10, 12, 13, 16, 21, 39, 45, 54, 55, 56, 58, 79, 83, 88, 94, 96, 102, 106, 122, 132, 137, 157, 164, 169, 198, 284, 289, 449, 452, 465, 480, 499, 510, 528, 530, 563, 595, 625, 628, 634, 638, 646, 736, 800, 801, 814, 870, 926, 1004, 1019, 1075, 1080, 1180, 1223, 1328, 1409, 1410, 1430, 1446, 1539, 1664, 1758, 1846, 1850, 1887, 2024, 2100, 2122, 2145, 2296, 2454, 2544, 2738, 2781, 2831, 2987, 3210, 3361, 3941, 4060, 4085, 4143, 4483, 4523]
RKP_05000_05000_3_02.txt|49881.0|0.8021784000000025|[1, 2, 5, 8, 10, 23, 25, 30, 32, 33, 38, 42, 47, 51, 55, 58, 85, 92, 99, 106, 117, 123, 133, 151, 155, 217, 221, 227, 303, 360, 384, 389, 405, 407, 409, 493, 507, 509, 558, 568, 597, 601, 607, 747, 769, 773, 869, 885, 967, 969, 970, 985, 1093, 1132, 1151, 1198, 1199, 1200, 1229, 1232, 1457, 1509, 1675, 1763, 1793, 1914, 1970, 2038, 2118, 2259, 2345, 2392, 2501, 2529, 2556, 2589, 2826, 3096, 3230, 3478, 3717, 3743, 3779, 3922, 4134, 4175, 4221, 4338, 4488, 4553]
RKP_05000_05000_3_03.txt|51790.0|0.7181180999999981|[1, 2, 3, 4, 5, 6, 8, 12, 13, 15, 21, 25, 38, 46, 58, 67, 79, 88, 90, 127, 128, 136, 183, 185, 194, 219, 223, 281, 286, 323, 366, 372, 373, 433, 471, 489, 523, 542, 554, 561, 618, 636, 682, 703, 742, 763, 764, 777, 856, 950, 963, 1011, 1029, 1061, 1099, 1128, 1129, 1187, 1238, 1255, 1278, 1284, 1495, 1505, 1516, 1677, 1691, 1696, 1703, 1715, 1729, 1800, 1855, 1875, 1960, 2143, 2147, 2297, 2420, 2430, 2439, 2585, 2657, 2713, 2750, 2768, 3112, 3213, 3385, 3389, 3452, 3819, 3909, 4032]
RKP_05000_05000_3_04.txt|51817.0|0.7491744000000011|[1, 4, 11, 12, 14, 19, 27, 31, 32, 34, 47, 51, 61, 93, 94, 109, 141, 156, 169, 173, 177, 183, 205, 208, 215, 236, 241, 249, 256, 274, 284, 304, 343, 375, 404, 412, 454, 455, 476, 479, 505, 585, 599, 640, 642, 718, 720, 779, 843, 868, 888, 907, 934, 936, 965, 1033, 1109, 1130, 1208, 1276, 1304, 1433, 1564, 1589, 1746, 1800, 1804, 2018, 2081, 2146, 2343, 2428, 2547, 2551, 2688, 2704, 2727, 2854, 2915, 3065, 3143, 3167, 3330, 3391, 3454, 3497, 3543, 3625, 3856, 3870, 4104, 4170, 4343, 4678]
RKP_05000_05000_3_05.txt|48792.0|0.7244804000000045|[2, 4, 5, 12, 13, 17, 20, 24, 25, 32, 34, 42, 44, 50, 58, 62, 70, 72, 75, 81, 95, 97, 115, 138, 139, 141, 150, 166, 207, 242, 247, 259, 268, 271, 309, 331, 351, 368, 375, 406, 442, 508, 537, 555, 616, 628, 652, 743, 779, 814, 958, 969, 984, 1044, 1073, 1220, 1313, 1506, 1519, 1640, 1655, 1664, 1680, 1686, 1696, 1758, 1771, 1843, 1852, 1960, 1982, 2222, 2408, 2428, 2606, 2910, 2994, 3119, 3138, 3442, 3509, 3566, 3569, 3733, 3993, 4138, 4267, 4707]
RKP_05000_05000_3_06.txt|51255.0|0.6474340000000041|[1, 2, 3, 6, 7, 8, 10, 18, 22, 23, 28, 30, 43, 44, 48, 55, 78, 97, 101, 115, 125, 132, 141, 165, 190, 203, 219, 233, 234, 239, 242, 262, 313, 318, 377, 386, 403, 430, 480, 542, 607, 616, 623, 645, 671, 692, 737, 817, 839, 845, 909, 924, 934, 955, 985, 1005, 1115, 1123, 1191, 1323, 1379, 1678, 1745, 1939, 1967, 1989, 2035, 2100, 2115, 2300, 2334, 2338, 2412, 2537, 2540, 2626, 2697, 2724, 2793, 2868, 3065, 3214, 3251, 3325, 3327, 3359, 3441, 3448, 3857, 3946, 4180, 4300, 4383]
RKP_05000_05000_3_07.txt|47239.0|0.7361778000000072|[2, 4, 12, 46, 61, 82, 88, 119, 124, 130, 143, 192, 217, 220, 232, 304, 348, 395, 412, 459, 462, 476, 487, 490, 525, 544, 598, 599, 609, 619, 652, 656, 684, 717, 718, 723, 739, 766, 796, 813, 817, 835, 866, 924, 1049, 1060, 1090, 1102, 1127, 1213, 1264, 1279, 1338, 1375, 1403, 1420, 1579, 1588, 1664, 1728, 1818, 1854, 1914, 1939, 1964, 2093, 2201, 2255, 2287, 2379, 2511, 2551, 2643, 2655, 2747, 2824, 3036, 3295, 3347, 3890, 3987, 4288, 4656, 4750, 4796]
RKP_05000_05000_3_08.txt|46880.0|0.6862812000000105|[1, 2, 3, 4, 6, 8, 9, 14, 16, 18, 22, 28, 38, 39, 53, 54, 66, 73, 89, 91, 105, 128, 147, 150, 152, 192, 205, 251, 289, 338, 351, 391, 430, 433, 454, 484, 491, 524, 547, 640, 692, 731, 742, 752, 762, 784, 857, 876, 938, 1042, 1104, 1105, 1145, 1185, 1224, 1262, 1311, 1371, 1405, 1450, 1520, 1613, 1639, 1778, 1833, 1856, 1969, 2150, 2221, 2250, 2393, 2446, 2528, 2697, 2750, 2859, 2988, 3512, 3967, 4022, 4469, 4510, 4731, 4805]
RKP_05000_05000_3_09.txt|53203.0|0.7374535000000009|[1, 2, 4, 8, 10, 13, 17, 19, 25, 26, 35, 42, 43, 54, 96, 112, 133, 140, 150, 165, 233, 252, 259, 281, 299, 313, 317, 338, 344, 345, 354, 356, 387, 406, 413, 431, 512, 532, 533, 534, 609, 629, 643, 660, 679, 693, 767, 789, 793, 830, 851, 877, 913, 929, 932, 1146, 1162, 1282, 1328, 1343, 1469, 1479, 1489, 1555, 1562, 1667, 1727, 1746, 1813, 1933, 1945, 2111, 2166, 2247, 2427, 2435, 2484, 2525, 2746, 2773, 2838, 2885, 2926, 2994, 3009, 3338, 3453, 3677, 3684, 3864, 4052, 4077, 4240, 4246, 4313, 4338, 4825]
RKP_05000_05000_3_10.txt|52358.0|0.7309534000000042|[1, 2, 3, 4, 5, 9, 10, 13, 14, 18, 23, 24, 25, 26, 41, 44, 51, 57, 59, 60, 67, 77, 98, 101, 102, 120, 137, 172, 181, 190, 202, 227, 243, 261, 276, 309, 313, 319, 355, 371, 394, 402, 405, 481, 490, 535, 576, 577, 607, 616, 664, 665, 675, 716, 848, 893, 1062, 1075, 1099, 1135, 1159, 1202, 1224, 1258, 1284, 1307, 1358, 1405, 1444, 1567, 1639, 1653, 1714, 1891, 1969, 2573, 2643, 2698, 2748, 2923, 2978, 3046, 3218, 3222, 3301, 3454, 3459, 3468, 3531, 3640, 3759, 3937, 4381, 4391, 4808]
RKP_05000_05000_4_01.txt|4999.0|0.5461547000000024|[4495]
RKP_05000_05000_4_02.txt|5000.0|0.5482763999999918|[4978]
RKP_05000_05000_4_03.txt|5000.0|0.5821067999999912|[4714]
RKP_05000_05000_4_04.txt|4999.0|0.5686653000000064|[4837]
RKP_05000_05000_4_05.txt|5000.0|0.5512952000000126|[4783]
RKP_05000_05000_4_06.txt|5000.0|0.6023785000000004|[4625]
RKP_05000_05000_4_07.txt|5000.0|0.5470316999999909|[4778]
RKP_05000_05000_4_08.txt|5000.0|0.5919815000000028|[4648]
RKP_05000_05000_4_09.txt|5000.0|0.555670400000011|[4770]
RKP_05000_05000_4_10.txt|4999.0|0.5615160999999915|[4786]
RKP_05000_05000_5_01.txt|5000.0|0.6534568000000007|[18, 376, 974, 996, 1101, 1151, 1566, 1597, 1615, 2112, 2494, 2641, 2928, 3091, 3485, 4363]
RKP_05000_05000_5_02.txt|5000.0|0.6848659999999995|[76, 339, 1153, 1383, 1761, 2097, 2448, 4192]
RKP_05000_05000_5_03.txt|5000.0|0.6106099999999941|[1, 10, 451, 844, 919, 962, 3022, 3133]
RKP_05000_05000_5_04.txt|5000.0|0.6472205000000031|[1, 15, 92, 100, 144, 1274, 1295, 1328, 1430, 1502, 2783]
RKP_05000_05000_5_05.txt|5000.0|0.5961482999999959|[1, 9, 10, 136, 246, 390, 557, 901, 1131, 1132]
RKP_05000_05000_5_06.txt|5000.0|0.6138114999999971|[1, 10, 24, 77, 165, 914, 952, 1122, 1450, 1658, 1757, 2498]
RKP_05000_05000_5_07.txt|5000.0|0.6723805000000027|[4987]
RKP_05000_05000_5_08.txt|5000.0|0.6729567000000003|[96, 164, 257, 310, 557, 609, 1542, 1641, 2472, 3671, 4421]
RKP_05000_05000_5_09.txt|5000.0|0.6454159999999973|[1, 10, 56, 109, 667, 885, 948, 1651, 3217, 4651]
RKP_05000_05000_5_10.txt|5000.0|0.6479901999999953|[4991]
