RKP_00100_00100_1_01.txt|381.0|0.15280870000000002|[1, 3, 17, 22, 28]
RKP_00100_00100_1_02.txt|514.0|0.07331960000000004|[1, 9, 37, 47, 48, 50, 56, 91]
RKP_00100_00100_1_03.txt|374.0|0.11564079999999999|[1, 2, 4, 34, 70]
RKP_00100_00100_1_04.txt|332.0|0.07287279999999996|[3, 7, 9, 15, 74]
RKP_00100_00100_1_05.txt|384.0|0.11109859999999994|[16, 20, 22, 30, 79]
RKP_00100_00100_1_06.txt|618.0|0.07814359999999998|[16, 17, 31, 47, 48, 55, 57, 97]
RKP_00100_00100_1_07.txt|258.0|0.09708650000000008|[5, 39, 46, 60]
RKP_00100_00100_1_08.txt|597.0|0.0876325|[1, 2, 6, 13, 24, 30, 76, 87, 92]
RKP_00100_00100_1_09.txt|304.0|0.060575500000000115|[5, 16, 18, 23, 24]
RKP_00100_00100_1_10.txt|418.0|0.0647044000000001|[1, 2, 4, 11, 13, 27, 33]
RKP_00100_00100_2_01.txt|83.0|0.05340100000000003|[1, 2, 6, 20, 22, 43]
RKP_00100_00100_2_02.txt|73.0|0.07852919999999997|[8, 28, 30, 40, 80]
RKP_00100_00100_2_03.txt|81.0|0.11342160000000012|[5, 20, 31, 48, 51, 59, 75]
RKP_00100_00100_2_04.txt|67.0|0.0803830000000001|[2, 11, 12, 18, 50, 52]
RKP_00100_00100_2_05.txt|52.0|0.06759890000000013|[9, 34, 64, 96]
RKP_00100_00100_2_06.txt|52.0|0.05504330000000013|[2, 47, 67, 79]
RKP_00100_00100_2_07.txt|63.0|0.06563009999999991|[3, 7, 22, 28, 42]
RKP_00100_00100_2_08.txt|64.0|0.06406359999999989|[1, 2, 6, 16, 28]
RKP_00100_00100_2_09.txt|57.0|0.05639519999999987|[4, 9, 37, 42, 75]
RKP_00100_00100_2_10.txt|65.0|0.06626719999999997|[1, 2, 40, 64, 65, 76]
RKP_00100_00100_3_01.txt|83.0|0.06398510000000002|[2, 3, 5, 8, 29]
RKP_00100_00100_3_02.txt|103.0|0.055658299999999716|[1, 2, 3, 17, 24, 52, 59]
RKP_00100_00100_3_03.txt|113.0|0.06550630000000002|[3, 4, 6, 14, 23, 46, 49, 75]
RKP_00100_00100_3_04.txt|103.0|0.0627485000000001|[6, 8, 9, 21, 26, 34, 48]
RKP_00100_00100_3_05.txt|83.0|0.06457269999999982|[1, 6, 7, 12, 15]
RKP_00100_00100_3_06.txt|123.0|0.06475129999999973|[2, 3, 6, 8, 11, 27, 40, 66, 72]
RKP_00100_00100_3_07.txt|103.0|0.057733900000000116|[2, 7, 14, 27, 72, 83, 89]
RKP_00100_00100_3_08.txt|93.0|0.06973150000000006|[1, 7, 9, 12, 18, 62]
RKP_00100_00100_3_09.txt|93.0|0.06393460000000006|[1, 4, 32, 48, 57, 89]
RKP_00100_00100_3_10.txt|103.0|0.06430939999999996|[5, 20, 45, 46, 60, 62, 67]
RKP_00100_00100_4_01.txt|23.0|0.05510539999999997|[50]
RKP_00100_00100_4_02.txt|22.00000000000001|0.05295879999999986|[46]
RKP_00100_00100_4_03.txt|23.0|0.05496340000000011|[19]
RKP_00100_00100_4_04.txt|23.0|0.054277200000000025|[42]
RKP_00100_00100_4_05.txt|23.0|0.055921200000000226|[11]
RKP_00100_00100_4_06.txt|23.0|0.055367100000000224|[12]
RKP_00100_00100_4_07.txt|20.000000000000007|0.057157100000000405|[54]
RKP_00100_00100_4_08.txt|23.0|0.05483040000000017|[35]
RKP_00100_00100_4_09.txt|23.0|0.05622280000000002|[37]
RKP_00100_00100_4_10.txt|23.0|0.05537769999999975|[72]
RKP_00100_00100_5_01.txt|33.0|0.057883899999999766|[1, 11]
RKP_00100_00100_5_02.txt|33.0|0.06641330000000023|[1, 28, 42, 72, 84]
RKP_00100_00100_5_03.txt|33.0|0.05549999999999988|[1, 96]
RKP_00100_00100_5_04.txt|33.0|0.05705349999999987|[1, 4, 9, 43]
RKP_00100_00100_5_05.txt|33.0|0.055357099999999715|[1, 22]
RKP_00100_00100_5_06.txt|33.0|0.05604889999999996|[1, 16, 77]
RKP_00100_00100_5_07.txt|33.0|0.06246149999999995|[1, 17]
RKP_00100_00100_5_08.txt|33.0|0.054781800000000214|[1, 15]
RKP_00100_00100_5_09.txt|33.0|0.055189299999999886|[36, 100]
RKP_00100_00100_5_10.txt|33.0|0.054592100000000254|[1, 9]
RKP_00500_00100_1_01.txt|867.0|0.1490155999999998|[2, 3, 25, 27, 40, 75, 140, 148, 211, 222, 284, 304, 500]
RKP_00500_00100_1_02.txt|772.0|0.10663229999999935|[13, 77, 87, 89, 102, 132, 175, 205, 288, 351, 388]
RKP_00500_00100_1_03.txt|724.0|0.11917199999999983|[1, 5, 11, 16, 30, 111, 113, 139, 147, 228, 477, 496]
RKP_00500_00100_1_04.txt|963.0|0.10515650000000054|[11, 41, 64, 65, 93, 94, 156, 197, 245, 252, 315, 359]
RKP_00500_00100_1_05.txt|955.0|0.08007570000000008|[2, 10, 11, 17, 23, 24, 26, 72, 116, 192, 215, 363, 402]
RKP_00500_00100_1_06.txt|1010.0|0.1285981000000005|[3, 13, 34, 35, 52, 89, 165, 182, 189, 190, 211, 230, 240, 411]
RKP_00500_00100_1_07.txt|1040.0|0.0782096000000001|[2, 21, 22, 31, 40, 47, 80, 97, 126, 206, 257, 322, 461, 469, 492]
RKP_00500_00100_1_08.txt|983.0|0.11072419999999994|[1, 3, 4, 10, 29, 106, 146, 156, 165, 185, 258, 326, 332, 378, 450]
RKP_00500_00100_1_09.txt|848.0|0.08208210000000005|[16, 19, 39, 77, 108, 148, 151, 153, 163, 180, 221, 307]
RKP_00500_00100_1_10.txt|793.0|0.10493590000000008|[3, 4, 5, 6, 14, 62, 75, 84, 162, 234, 277, 413]
RKP_00500_00100_2_01.txt|127.0|0.0787388|[11, 16, 32, 39, 60, 102, 137, 148, 168, 226, 259, 441, 447]
RKP_00500_00100_2_02.txt|122.0|0.08916219999999964|[6, 65, 72, 97, 112, 131, 142, 156, 167, 195, 314, 336]
RKP_00500_00100_2_03.txt|119.0|0.09662669999999984|[24, 31, 71, 100, 107, 135, 142, 154, 155, 164, 166, 382, 436]
RKP_00500_00100_2_04.txt|113.0|0.09563129999999997|[11, 14, 26, 55, 58, 80, 105, 112, 125, 163, 204, 216]
RKP_00500_00100_2_05.txt|109.0|0.08363699999999952|[2, 4, 5, 10, 38, 48, 218, 260, 294, 426]
RKP_00500_00100_2_06.txt|106.0|0.09702380000000055|[1, 9, 18, 27, 35, 70, 117, 155]
RKP_00500_00100_2_07.txt|100.0|0.13777989999999996|[1, 5, 17, 75, 83, 114, 260, 292, 308, 452]
RKP_00500_00100_2_08.txt|87.0|0.1067543999999998|[1, 6, 7, 15, 45, 87, 96, 123, 495]
RKP_00500_00100_2_09.txt|74.0|0.10712610000000033|[2, 70, 87, 108, 304, 312, 335, 433]
RKP_00500_00100_2_10.txt|98.0|0.1036792000000002|[2, 9, 14, 20, 21, 116, 166, 372]
RKP_00500_00100_3_01.txt|173.0|0.0753952|[1, 3, 5, 11, 31, 33, 38, 43, 96, 143, 148, 240, 260, 401]
RKP_00500_00100_3_02.txt|203.0|0.08991910000000036|[1, 4, 5, 15, 20, 26, 32, 39, 56, 73, 103, 110, 152, 160, 167, 172, 189]
RKP_00500_00100_3_03.txt|193.0|0.10692690000000038|[1, 9, 11, 52, 71, 93, 113, 148, 198, 258, 264, 266, 292, 351, 444, 454]
RKP_00500_00100_3_04.txt|193.0|0.08863109999999974|[1, 2, 66, 68, 104, 142, 163, 168, 209, 221, 278, 280, 282, 312, 345, 350]
RKP_00500_00100_3_05.txt|193.00000000000003|0.09832299999999972|[1, 8, 12, 33, 74, 84, 92, 106, 108, 143, 225, 294, 319, 377, 381, 382, 417]
RKP_00500_00100_3_06.txt|183.0|0.07307129999999962|[5, 16, 24, 45, 52, 56, 91, 186, 189, 204, 242, 281, 283, 311, 433]
RKP_00500_00100_3_07.txt|163.0|0.07762979999999953|[1, 2, 4, 5, 17, 30, 33, 141, 157, 196, 200, 308, 326]
RKP_00500_00100_3_08.txt|223.0|0.09798370000000034|[14, 19, 25, 31, 49, 57, 58, 62, 63, 84, 90, 114, 144, 150, 159, 172, 301, 302, 451]
RKP_00500_00100_3_09.txt|203.0|0.11167380000000016|[4, 12, 24, 58, 70, 104, 108, 115, 148, 154, 169, 171, 221, 231, 294, 347, 434]
RKP_00500_00100_3_10.txt|173.0|0.10120480000000054|[1, 13, 18, 32, 40, 101, 153, 159, 165, 183, 189, 305, 322, 325]
RKP_00500_00100_4_01.txt|23.0|0.07278739999999928|[75]
RKP_00500_00100_4_02.txt|23.0|0.07685429999999993|[128]
RKP_00500_00100_4_03.txt|23.0|0.07341059999999988|[241]
RKP_00500_00100_4_04.txt|23.0|0.07365470000000052|[279]
RKP_00500_00100_4_05.txt|23.0|0.07500920000000022|[39]
RKP_00500_00100_4_06.txt|23.0|0.07533150000000077|[18]
RKP_00500_00100_4_07.txt|23.0|0.07542920000000031|[392]
RKP_00500_00100_4_08.txt|23.0|0.07402290000000011|[45]
RKP_00500_00100_4_09.txt|23.0|0.07632559999999966|[257]
RKP_00500_00100_4_10.txt|23.0|0.0741145999999997|[233]
RKP_00500_00100_5_01.txt|33.0|0.07416540000000005|[102, 136]
RKP_00500_00100_5_02.txt|33.0|0.07652400000000004|[1, 62]
RKP_00500_00100_5_03.txt|33.0|0.07614579999999993|[1, 66]
RKP_00500_00100_5_04.txt|33.0|0.07462530000000012|[1, 81, 327]
RKP_00500_00100_5_05.txt|33.0|0.07492199999999993|[1, 309]
RKP_00500_00100_5_06.txt|33.0|0.08051099999999956|[1, 80]
RKP_00500_00100_5_07.txt|33.0|0.07778720000000128|[1, 65]
RKP_00500_00100_5_08.txt|33.0|0.07479389999999952|[1, 247]
RKP_00500_00100_5_09.txt|33.0|0.07837660000000035|[1, 70]
RKP_00500_00100_5_10.txt|33.0|0.08748930000000144|[1, 9, 130, 151, 199]
RKP_01000_00100_1_01.txt|1074.0|0.14873599999999954|[2, 13, 47, 50, 51, 64, 67, 91, 97, 151, 260, 261, 432, 465]
RKP_01000_00100_1_02.txt|1111.0|0.13166210000000156|[1, 9, 16, 30, 38, 72, 171, 182, 193, 195, 292, 294, 486, 557, 584, 696, 754]
RKP_01000_00100_1_03.txt|1070.0|0.11399899999999974|[2, 4, 32, 48, 50, 114, 116, 128, 172, 174, 199, 498, 535, 800, 869]
RKP_01000_00100_1_04.txt|1408.0|0.1408643000000005|[1, 2, 5, 12, 14, 44, 75, 151, 163, 165, 247, 255, 277, 283, 429, 566, 726, 732, 733]
RKP_01000_00100_1_05.txt|1239.0|0.11448219999999942|[1, 37, 39, 41, 49, 75, 89, 121, 123, 207, 307, 635, 673, 696, 776, 915, 1000]
RKP_01000_00100_1_06.txt|1353.0|0.14160260000000058|[1, 6, 10, 33, 38, 52, 58, 78, 99, 168, 242, 250, 349, 383, 442, 645, 790, 993]
RKP_01000_00100_1_07.txt|1408.0|0.1154320999999996|[3, 7, 37, 49, 86, 90, 127, 128, 129, 130, 190, 204, 226, 382, 436, 440, 556, 778, 874]
RKP_01000_00100_1_08.txt|1172.0|0.15185639999999978|[1, 4, 6, 22, 68, 80, 118, 145, 149, 223, 242, 274, 303, 356, 421, 422, 716, 922]
RKP_01000_00100_1_09.txt|1164.0|0.14002230000000004|[1, 14, 17, 27, 31, 36, 48, 103, 168, 196, 213, 290, 513, 672, 782, 898]
RKP_01000_00100_1_10.txt|1444.0|0.14223509999999884|[1, 8, 19, 37, 43, 55, 76, 104, 111, 253, 331, 466, 491, 534, 618, 669, 748, 785, 968]
RKP_01000_00100_2_01.txt|130.0|0.13196270000000077|[3, 7, 12, 13, 16, 24, 47, 73, 111, 207, 209, 253, 264, 366, 374, 380]
RKP_01000_00100_2_02.txt|117.0|0.11030979999999957|[63, 73, 84, 179, 202, 311, 357, 375, 385, 410, 547, 782]
RKP_01000_00100_2_03.txt|157.0|0.13510009999999895|[5, 58, 81, 84, 87, 97, 123, 124, 141, 171, 187, 330, 335, 394, 416, 417, 897, 928]
RKP_01000_00100_2_04.txt|131.0|0.1357374999999994|[5, 21, 35, 37, 58, 60, 94, 123, 184, 428, 443, 504, 698]
RKP_01000_00100_2_05.txt|138.0|0.13995410000000064|[7, 26, 30, 73, 84, 152, 214, 222, 236, 299, 380, 409, 420, 428, 462, 501, 742]
RKP_01000_00100_2_06.txt|154.0|0.14022739999999878|[1, 6, 8, 16, 24, 33, 52, 122, 138, 255, 259, 590, 602, 647, 805, 858, 876]
RKP_01000_00100_2_07.txt|129.0|0.1320712000000004|[3, 7, 81, 173, 208, 284, 378, 396, 457, 531, 682, 796, 950]
RKP_01000_00100_2_08.txt|148.0|0.13479410000000058|[1, 3, 7, 9, 10, 11, 16, 26, 39, 44, 121, 129, 406, 609, 661, 862]
RKP_01000_00100_2_09.txt|129.0|0.13573019999999936|[1, 13, 18, 127, 191, 205, 235, 348, 382, 417, 436, 573, 656, 904]
RKP_01000_00100_2_10.txt|148.0|0.13755659999999992|[1, 4, 5, 15, 56, 122, 163, 191, 252, 309, 341, 521, 548, 564, 579, 710]
RKP_01000_00100_3_01.txt|253.0|0.1238248999999989|[1, 11, 15, 32, 49, 51, 55, 65, 119, 186, 249, 337, 340, 348, 464, 537, 659, 704, 740, 763, 795, 857]
RKP_01000_00100_3_02.txt|233.0|0.10596929999999993|[3, 9, 18, 25, 31, 37, 69, 79, 94, 120, 126, 137, 138, 176, 295, 300, 318, 533, 644, 654]
RKP_01000_00100_3_03.txt|253.0|0.10275260000000053|[1, 3, 13, 17, 31, 54, 93, 143, 170, 175, 204, 270, 325, 378, 392, 431, 530, 580, 652, 692, 836, 994]
RKP_01000_00100_3_04.txt|263.0|0.10026470000000032|[1, 3, 4, 5, 9, 16, 42, 44, 65, 142, 149, 161, 235, 274, 277, 305, 389, 449, 558, 639, 645, 740, 786]
RKP_01000_00100_3_05.txt|213.0|0.10116320000000023|[2, 5, 23, 24, 29, 31, 46, 57, 86, 100, 108, 144, 163, 172, 183, 460, 630, 661]
RKP_01000_00100_3_06.txt|223.0|0.14885010000000065|[1, 5, 6, 7, 14, 16, 22, 36, 37, 112, 204, 207, 224, 242, 249, 278, 347, 471, 970]
RKP_01000_00100_3_07.txt|273.0|0.1012253999999988|[1, 4, 5, 12, 16, 20, 23, 27, 31, 38, 53, 112, 129, 169, 190, 231, 354, 433, 591, 695, 750, 822, 867, 888]
RKP_01000_00100_3_08.txt|193.0|0.12404549999999936|[1, 2, 11, 35, 71, 89, 97, 129, 131, 179, 198, 266, 303, 340, 524, 591, 636]
RKP_01000_00100_3_09.txt|203.0|0.12165790000000065|[6, 9, 16, 23, 83, 141, 185, 211, 216, 318, 385, 403, 480, 578, 647, 758, 871]
RKP_01000_00100_3_10.txt|243.0|0.09873179999999948|[3, 10, 12, 16, 22, 26, 35, 46, 72, 106, 122, 156, 169, 227, 245, 334, 467, 524, 632, 677, 764]
RKP_01000_00100_4_01.txt|23.0|0.09987259999999942|[42]
RKP_01000_00100_4_02.txt|23.0|0.10010599999999847|[196]
RKP_01000_00100_4_03.txt|23.0|0.10010199999999969|[106]
RKP_01000_00100_4_04.txt|23.0|0.10339400000000154|[452]
RKP_01000_00100_4_05.txt|23.0|0.10144080000000066|[57]
RKP_01000_00100_4_06.txt|23.0|0.10151880000000091|[112]
RKP_01000_00100_4_07.txt|23.0|0.09960830000000165|[105]
RKP_01000_00100_4_08.txt|23.0|0.10248340000000056|[48]
RKP_01000_00100_4_09.txt|23.0|0.10082940000000029|[648]
RKP_01000_00100_4_10.txt|23.0|0.10127459999999999|[605]
RKP_01000_00100_5_01.txt|33.0|0.1005515999999993|[103, 360]
RKP_01000_00100_5_02.txt|33.0|0.09990659999999885|[10, 71, 650, 950]
RKP_01000_00100_5_03.txt|33.0|0.10364200000000068|[92, 113, 765]
RKP_01000_00100_5_04.txt|33.0|0.12841970000000025|[102, 588]
RKP_01000_00100_5_05.txt|33.0|0.10076989999999952|[1, 74]
RKP_01000_00100_5_06.txt|33.0|0.10048579999999951|[700, 1000]
RKP_01000_00100_5_07.txt|33.0|0.10106000000000037|[123, 722]
RKP_01000_00100_5_08.txt|33.0|0.10359289999999888|[76, 106, 600]
RKP_01000_00100_5_09.txt|33.0|0.09976649999999943|[10, 290, 458]
RKP_01000_00100_5_10.txt|33.0|0.10624660000000041|[1, 278]
RKP_05000_00100_1_01.txt|2367.0|0.5175014000000004|[1, 3, 4, 5, 8, 9, 20, 31, 49, 51, 116, 302, 465, 540, 553, 589, 642, 904, 1268, 1275, 1373, 1406, 1485, 1700, 1839, 2091, 2106, 2556, 3411, 3645]
RKP_05000_00100_1_02.txt|2342.0|0.571826699999999|[1, 2, 16, 31, 42, 60, 73, 104, 171, 174, 275, 277, 347, 350, 463, 716, 892, 1201, 1210, 1821, 2337, 2939, 3013, 3415, 3648, 4066, 4311, 4439, 4651]
RKP_05000_00100_1_03.txt|2326.0|0.5520361000000005|[1, 2, 6, 10, 22, 26, 27, 52, 81, 114, 136, 193, 207, 591, 929, 961, 1069, 1355, 1417, 1588, 1880, 2646, 2992, 3127, 3261, 3382, 3471, 4053, 4396, 4798]
RKP_05000_00100_1_04.txt|2174.0|0.50699|[2, 5, 7, 16, 23, 38, 41, 69, 135, 147, 378, 444, 713, 795, 1048, 1521, 1633, 1931, 2030, 2528, 2565, 2594, 2831, 3064, 3198, 3336, 3644, 4280, 4320, 4470]
RKP_05000_00100_1_05.txt|2158.0|0.5468772999999985|[2, 4, 8, 16, 20, 33, 38, 53, 64, 101, 174, 288, 306, 427, 541, 542, 644, 1169, 1309, 1432, 1433, 1759, 2447, 2549, 2850, 2995, 3856, 4588]
RKP_05000_00100_1_06.txt|2195.0|0.5421802000000007|[3, 9, 25, 41, 45, 62, 73, 122, 133, 152, 208, 219, 329, 457, 569, 645, 745, 747, 807, 860, 866, 896, 1279, 1512, 1799, 2608, 3167, 3825]
RKP_05000_00100_1_07.txt|2504.0|0.5211517999999984|[1, 4, 11, 30, 32, 54, 55, 79, 90, 97, 118, 124, 180, 188, 204, 219, 244, 451, 582, 876, 880, 931, 1149, 1222, 1437, 1674, 1758, 1762, 2037, 2883, 3419, 3473]
RKP_05000_00100_1_08.txt|2207.0|0.5585491000000005|[1, 6, 82, 154, 179, 186, 264, 266, 275, 276, 288, 300, 441, 502, 816, 820, 865, 906, 985, 1267, 1318, 1717, 2054, 2248, 2845, 3259, 3876, 4344, 4811]
RKP_05000_00100_1_09.txt|1959.0|0.5255962999999966|[2, 3, 10, 30, 70, 74, 121, 178, 270, 325, 786, 816, 1184, 1363, 1441, 1856, 2596, 2965, 3051, 3572, 3697, 3759, 4135, 4341, 4424]
RKP_05000_00100_1_10.txt|2321.0|0.513126800000002|[25, 43, 48, 83, 111, 143, 176, 189, 230, 321, 352, 429, 437, 482, 564, 780, 952, 1091, 1342, 1350, 1395, 1422, 1804, 2061, 2958, 3065, 3086, 3176, 3373, 4572]
RKP_05000_00100_2_01.txt|212.0|0.5092385999999998|[44, 77, 110, 144, 148, 220, 540, 551, 648, 736, 868, 1057, 1292, 1647, 1741, 2000, 2019, 2210, 2218, 2729, 3020, 3518]
RKP_05000_00100_2_02.txt|255.0|0.47826780000000113|[3, 4, 10, 14, 29, 35, 73, 152, 275, 298, 407, 455, 532, 578, 656, 677, 871, 1014, 1178, 1493, 1570, 1770, 1793, 2707, 3238, 3654, 4063, 4347, 4978]
RKP_05000_00100_2_03.txt|229.0|0.5343102000000002|[4, 5, 17, 39, 242, 388, 442, 710, 769, 826, 895, 1122, 1234, 1463, 1867, 1925, 2550, 3332, 3625, 3969, 4547, 4655, 4806, 4989]
RKP_05000_00100_2_04.txt|217.0|0.4755535000000002|[1, 5, 12, 45, 99, 168, 283, 355, 387, 483, 491, 506, 531, 674, 687, 917, 950, 1415, 1565, 1633, 1864, 2126, 3153, 4139]
RKP_05000_00100_2_05.txt|237.0|0.4750799000000008|[5, 22, 52, 274, 355, 366, 452, 522, 752, 942, 991, 1029, 1224, 1654, 1741, 2083, 2332, 2365, 2545, 2703, 3226, 3238, 3555, 3758]
RKP_05000_00100_2_06.txt|232.0|0.5380317999999988|[6, 23, 62, 135, 136, 324, 326, 356, 437, 466, 758, 816, 1109, 1208, 1288, 1581, 2040, 2118, 2148, 2322, 2408, 2453, 3347, 3682, 4405, 4478]
RKP_05000_00100_2_07.txt|226.0|0.4714337999999998|[1, 2, 3, 7, 43, 58, 71, 79, 141, 180, 235, 260, 333, 396, 516, 595, 938, 1389, 1949, 2246, 2323, 2419, 2528, 2641, 2751]
RKP_05000_00100_2_08.txt|218.0|0.47292850000000186|[2, 11, 14, 24, 25, 41, 48, 98, 99, 152, 199, 342, 636, 792, 953, 1204, 1387, 1617, 1638, 1700, 2068, 2149, 2584, 2915, 3421]
RKP_05000_00100_2_09.txt|253.0|0.508693000000001|[5, 6, 18, 86, 88, 112, 151, 293, 294, 355, 392, 433, 846, 1149, 1331, 1338, 1873, 2179, 2318, 2352, 2520, 2692, 2953, 3113, 4070, 4778]
RKP_05000_00100_2_10.txt|213.0|0.4823184000000005|[74, 113, 120, 250, 275, 326, 477, 502, 918, 1547, 1773, 1932, 2283, 2318, 2345, 2435, 2755, 2768, 2802, 3300, 3321, 4994]
RKP_05000_00100_3_01.txt|363.0|0.44942629999999895|[1, 3, 8, 10, 11, 26, 48, 83, 97, 135, 145, 224, 279, 288, 312, 361, 465, 471, 588, 661, 692, 900, 1006, 1096, 1272, 1725, 1751, 1768, 2039, 2321, 2608, 3674, 3675]
RKP_05000_00100_3_02.txt|363.0|0.48940660000000236|[1, 9, 22, 36, 55, 93, 94, 148, 167, 203, 272, 312, 356, 373, 392, 472, 542, 776, 856, 973, 1092, 1119, 1136, 1335, 1876, 2674, 2722, 2772, 2848, 3287, 4055, 4114, 4912]
RKP_05000_00100_3_03.txt|363.0|0.46043320000000065|[1, 15, 18, 52, 76, 86, 129, 140, 156, 159, 191, 258, 341, 387, 403, 894, 1058, 1109, 1256, 1304, 1409, 1487, 1558, 1941, 2676, 2793, 2858, 2989, 3115, 4520, 4547, 4563, 4874]
RKP_05000_00100_3_04.txt|363.0|0.4484496|[1, 11, 56, 100, 298, 320, 325, 375, 688, 708, 759, 770, 898, 984, 1182, 1193, 1227, 1283, 1338, 1348, 1433, 1570, 1739, 1905, 2156, 2274, 2386, 2433, 2600, 2634, 3111, 3384, 3851]
RKP_05000_00100_3_05.txt|353.0|0.5033507000000021|[7, 32, 52, 79, 122, 238, 292, 295, 362, 480, 485, 486, 513, 573, 638, 669, 905, 909, 936, 950, 973, 1668, 2040, 2337, 2456, 2596, 2714, 2928, 3114, 4073, 4398, 4423]
RKP_05000_00100_3_06.txt|363.0|0.44917230000000075|[1, 2, 10, 27, 32, 35, 58, 68, 79, 103, 119, 179, 244, 248, 452, 492, 564, 838, 956, 1046, 1130, 1148, 1451, 1477, 1698, 1884, 2205, 2528, 2878, 2889, 2978, 3082, 3112]
RKP_05000_00100_3_07.txt|363.0|0.4736520999999989|[1, 2, 10, 16, 18, 30, 77, 89, 98, 99, 114, 119, 189, 206, 222, 356, 372, 495, 500, 817, 883, 980, 1453, 1577, 1960, 2113, 2510, 2632, 2667, 2701, 3416, 3653, 4835]
RKP_05000_00100_3_08.txt|363.0|0.43753610000000265|[6, 13, 17, 28, 47, 100, 101, 129, 161, 169, 238, 343, 346, 382, 428, 491, 645, 700, 1238, 1240, 1502, 1517, 1973, 2091, 2154, 2430, 3001, 3330, 3410, 3716, 4225, 4353, 4735]
RKP_05000_00100_3_09.txt|363.0|0.44899540000000115|[1, 2, 55, 63, 94, 137, 205, 271, 288, 409, 466, 600, 696, 789, 1067, 1161, 1532, 1558, 2048, 2227, 2372, 2595, 2609, 2897, 2925, 3120, 3500, 3562, 3603, 3987, 4348, 4681, 4813]
RKP_05000_00100_3_10.txt|363.0|0.4721043000000016|[19, 22, 30, 47, 63, 119, 173, 216, 252, 383, 438, 627, 775, 787, 860, 1075, 1419, 1426, 1463, 1547, 1938, 1946, 2107, 2195, 2235, 2244, 2312, 2988, 3361, 3877, 3997, 4628, 4783]
RKP_05000_00100_4_01.txt|23.0|0.4497385999999999|[691]
RKP_05000_00100_4_02.txt|23.0|0.43426749999999714|[796]
RKP_05000_00100_4_03.txt|23.0|0.4846282999999971|[729]
RKP_05000_00100_4_04.txt|23.0|0.45070590000000266|[1140]
RKP_05000_00100_4_05.txt|23.0|0.4395787999999996|[2484]
RKP_05000_00100_4_06.txt|23.0|0.5039099|[734]
RKP_05000_00100_4_07.txt|23.0|0.44416900000000226|[856]
RKP_05000_00100_4_08.txt|23.0|0.47583970000000164|[794]
RKP_05000_00100_4_09.txt|23.0|0.43772409999999695|[2454]
RKP_05000_00100_4_10.txt|23.0|0.44938729999999794|[2552]
RKP_05000_00100_5_01.txt|33.0|0.4799591000000021|[212, 239, 1001, 3317]
RKP_05000_00100_5_02.txt|33.0|0.4443355000000011|[169, 217, 974, 1015]
RKP_05000_00100_5_03.txt|33.0|0.48554330000000334|[1108, 3872]
RKP_05000_00100_5_04.txt|33.0|0.4776290000000003|[206, 1023]
RKP_05000_00100_5_05.txt|33.0|0.44620259999999945|[1081, 3741]
RKP_05000_00100_5_06.txt|33.0|0.4410991000000024|[1210, 3128]
RKP_05000_00100_5_07.txt|33.0|0.4747936999999993|[1031, 3627]
RKP_05000_00100_5_08.txt|33.0|0.44286210000000636|[493, 1063]
RKP_05000_00100_5_09.txt|33.0|0.479588200000002|[1117, 4986]
RKP_05000_00100_5_10.txt|33.0|0.44700300000000226|[39, 1299, 2766, 4312]
RKP_05000_01000_1_01.txt|33783.0|0.5438781000000006|[1, 2, 8, 10, 13, 15, 17, 18, 23, 53, 78, 86, 151, 164, 226, 328, 334, 379, 424, 491, 661, 700, 732, 751, 778, 866, 1034, 1214, 1232, 1431, 1591, 1724, 1742, 1756, 1841, 1858, 1919, 1979, 2077, 2254, 2481, 2629, 2777, 3256, 3485, 3534, 3791, 3799, 4223, 4479, 4971]
RKP_05000_01000_1_02.txt|35502.0|0.5631497000000039|[3, 7, 10, 17, 22, 36, 41, 78, 89, 109, 155, 222, 235, 282, 304, 406, 425, 506, 539, 588, 622, 675, 728, 772, 918, 988, 1055, 1205, 1261, 1337, 1403, 1414, 1455, 1590, 1999, 2011, 2379, 2594, 2745, 2769, 2800, 2825, 2832, 3349, 3565, 3875, 4489, 4961]
RKP_05000_01000_1_03.txt|31767.0|0.5374497999999974|[1, 22, 24, 67, 72, 76, 135, 165, 174, 176, 248, 272, 339, 344, 479, 533, 649, 852, 882, 933, 940, 1027, 1039, 1150, 1339, 1364, 1415, 1475, 1483, 1534, 1605, 1614, 1822, 1854, 2016, 2080, 2471, 2688, 3194, 3232, 3276, 3392, 3682, 3835, 3920, 4104]
RKP_05000_01000_1_04.txt|33603.0|0.5473579000000015|[1, 5, 9, 10, 16, 35, 49, 52, 61, 64, 114, 135, 181, 191, 223, 238, 318, 351, 413, 482, 498, 533, 546, 594, 687, 716, 724, 794, 952, 1107, 1142, 1218, 1275, 1450, 1546, 2023, 2060, 2320, 2470, 3023, 3051, 3055, 3926, 4232, 4277, 4397, 4624, 4775]
RKP_05000_01000_1_05.txt|32827.0|0.5423767999999995|[2, 4, 9, 14, 46, 65, 91, 93, 94, 97, 119, 132, 157, 168, 254, 259, 267, 279, 339, 352, 385, 430, 467, 651, 667, 816, 985, 1023, 1093, 1142, 1155, 1162, 1227, 1316, 1320, 1411, 1418, 1474, 1588, 1606, 1607, 1649, 2069, 2271, 2547, 2834, 3067, 3468, 4053, 4118, 4385]
RKP_05000_01000_1_06.txt|30388.0|0.5716489999999936|[2, 3, 6, 8, 10, 48, 51, 52, 80, 107, 150, 159, 188, 217, 269, 288, 297, 336, 399, 498, 503, 691, 697, 736, 894, 943, 998, 1097, 1242, 1368, 1511, 1530, 1689, 1879, 1910, 1916, 2050, 2195, 2517, 2857, 2865, 2967, 3076, 3109, 3846, 4603]
RKP_05000_01000_1_07.txt|29215.0|0.5450413000000012|[1, 2, 15, 21, 23, 44, 46, 65, 77, 84, 91, 130, 161, 188, 198, 204, 213, 226, 386, 421, 522, 523, 568, 577, 616, 628, 753, 795, 957, 1175, 1359, 1449, 1697, 1741, 1764, 1865, 1904, 2087, 2245, 2593, 2669, 3455, 4009]
RKP_05000_01000_1_08.txt|28862.0|0.5981439999999978|[3, 7, 10, 15, 20, 24, 26, 81, 89, 109, 115, 140, 190, 235, 257, 279, 427, 430, 488, 527, 575, 651, 670, 785, 952, 1088, 1138, 1275, 1391, 1487, 1574, 2110, 2356, 2382, 2528, 2585, 2723, 2841, 3244, 3318, 3925, 4497]
RKP_05000_01000_1_09.txt|32728.0|0.5952557000000027|[1, 2, 3, 4, 6, 17, 18, 27, 39, 47, 51, 104, 128, 157, 163, 190, 191, 342, 364, 390, 427, 499, 562, 563, 684, 883, 996, 998, 1242, 1362, 1366, 1434, 1481, 1679, 1714, 1761, 1788, 1854, 2121, 2328, 2364, 2381, 2845, 3179, 3245, 3744, 3964, 4115]
RKP_05000_01000_1_10.txt|35560.0|0.5920591000000002|[1, 2, 9, 11, 38, 47, 49, 100, 103, 104, 129, 180, 245, 261, 286, 359, 384, 461, 486, 500, 528, 740, 785, 807, 839, 844, 888, 1044, 1076, 1095, 1253, 1284, 1313, 1361, 1430, 1479, 1554, 1640, 1680, 1686, 1914, 2153, 2184, 2216, 2309, 2544, 2671, 2698, 2753, 2867, 3836, 4815]
RKP_05000_01000_2_01.txt|2282.0|0.5987919000000019|[2, 28, 88, 103, 176, 265, 309, 339, 413, 483, 541, 761, 947, 951, 1100, 1173, 1282, 1473, 1487, 1641, 1730, 1844, 1898, 2000, 2057, 2281, 2351, 2400, 2671, 3060, 3919, 4166]
RKP_05000_01000_2_02.txt|2470.0|0.5681199000000063|[1, 2, 3, 20, 44, 62, 76, 88, 121, 126, 199, 279, 311, 317, 365, 462, 471, 491, 545, 667, 862, 964, 1045, 1068, 1189, 1294, 1577, 1693, 1812, 1856, 2308, 2581, 2682, 3024, 4977]
RKP_05000_01000_2_03.txt|2650.0|0.6281503000000015|[51, 69, 86, 104, 131, 217, 235, 286, 305, 308, 465, 507, 518, 655, 726, 862, 1002, 1958, 2182, 2340, 2601, 2930, 3087, 3180, 3343, 3351, 3416, 3540, 3938, 4457, 4964]
RKP_05000_01000_2_04.txt|2835.0|0.5931390000000007|[3, 7, 17, 22, 54, 63, 82, 153, 183, 302, 348, 371, 400, 509, 545, 585, 758, 768, 1086, 1672, 1740, 1906, 1989, 2237, 2245, 2249, 2408, 2518, 2928, 2989, 3498, 3530, 3872, 4236, 4424, 4454]
RKP_05000_01000_2_05.txt|2512.0|0.5424569999999989|[3, 4, 5, 8, 12, 33, 34, 70, 201, 204, 260, 273, 344, 360, 420, 427, 526, 734, 876, 1064, 1132, 1158, 1269, 1680, 1762, 1925, 2008, 2513, 2943, 3321, 4215, 4485]
RKP_05000_01000_2_06.txt|2584.0|0.6294943999999987|[1, 2, 27, 30, 36, 59, 61, 105, 138, 152, 154, 242, 282, 344, 386, 403, 464, 473, 672, 683, 707, 793, 900, 925, 1134, 1477, 1569, 1619, 1933, 1948, 1991, 2476, 2638, 3111, 4951]
RKP_05000_01000_2_07.txt|2842.0|0.6055074000000005|[1, 11, 12, 157, 199, 207, 212, 238, 294, 368, 516, 751, 759, 771, 772, 909, 1123, 1265, 1437, 1552, 1593, 1625, 1643, 1811, 1902, 2206, 2233, 2241, 2282, 2461, 2608, 3129, 3147, 3275, 3882, 4279, 4453, 4495]
RKP_05000_01000_2_08.txt|2719.0|0.597998699999998|[4, 6, 17, 30, 44, 59, 78, 108, 213, 236, 242, 264, 298, 312, 371, 385, 580, 634, 658, 677, 747, 846, 972, 1067, 1184, 1314, 1499, 1783, 2399, 2808, 2941, 3148, 3191, 3385]
RKP_05000_01000_2_09.txt|2556.0|0.6317079999999962|[3, 4, 10, 13, 15, 22, 25, 63, 128, 175, 270, 379, 408, 419, 677, 821, 897, 997, 1132, 1226, 1556, 1583, 1786, 1967, 1992, 2140, 2317, 2637, 2789, 2887, 3297, 3478]
RKP_05000_01000_2_10.txt|2468.0|0.6073440999999988|[9, 18, 19, 36, 99, 137, 149, 191, 227, 294, 420, 749, 899, 922, 1491, 1494, 1502, 1619, 1686, 1926, 2034, 2318, 2559, 2998, 3674, 3712, 4015, 4050, 4084, 4267]
RKP_05000_01000_3_01.txt|5533.0|0.5040667999999968|[1, 21, 34, 40, 46, 47, 60, 72, 77, 97, 108, 112, 114, 119, 150, 176, 207, 237, 276, 284, 372, 384, 398, 455, 550, 562, 688, 728, 749, 917, 996, 1038, 1081, 1087, 1198, 1600, 1615, 1698, 1779, 1894, 1958, 2178, 2241, 2250, 2416, 2461, 2748, 2783, 2851, 2874, 3246, 3421]
RKP_05000_01000_3_02.txt|6133.0|0.5372573000000003|[1, 2, 13, 25, 28, 33, 39, 40, 90, 107, 129, 140, 169, 209, 214, 230, 305, 379, 425, 436, 445, 446, 542, 562, 609, 730, 849, 878, 883, 892, 1020, 1041, 1046, 1087, 1161, 1436, 1486, 1499, 1885, 1908, 2067, 2080, 2113, 2215, 2330, 2425, 2565, 2667, 2704, 2772, 2853, 2978, 2989, 3041, 3308, 3546, 3750, 4134]
RKP_05000_01000_3_03.txt|6233.0|0.49394929999999704|[1, 2, 3, 4, 5, 11, 22, 26, 36, 38, 129, 158, 163, 199, 215, 239, 246, 286, 330, 339, 360, 399, 439, 465, 568, 609, 621, 652, 709, 710, 794, 856, 881, 896, 975, 989, 1041, 1164, 1498, 1523, 1533, 1559, 1597, 1663, 2202, 2319, 2386, 2439, 2957, 3166, 3273, 3545, 3910, 4041, 4215, 4529, 4671, 4695, 4813]
RKP_05000_01000_3_04.txt|6333.0|0.5177732999999947|[1, 4, 5, 6, 7, 9, 18, 27, 29, 39, 45, 58, 63, 70, 111, 132, 142, 175, 198, 206, 225, 261, 277, 321, 337, 360, 448, 495, 548, 574, 610, 619, 657, 680, 709, 864, 989, 1049, 1064, 1080, 1276, 1396, 1786, 1872, 1907, 2150, 2372, 2516, 2541, 2568, 2747, 2865, 2868, 3197, 3330, 3448, 3523, 4042, 4440, 4880]
RKP_05000_01000_3_05.txt|5633.0|0.47898749999999524|[1, 7, 11, 16, 19, 26, 29, 32, 34, 37, 48, 49, 56, 143, 162, 184, 219, 285, 344, 501, 513, 555, 620, 638, 768, 912, 985, 1060, 1069, 1305, 1500, 1516, 1552, 1588, 1619, 1759, 1859, 1909, 2123, 2460, 2634, 2744, 2920, 2970, 3055, 3106, 3439, 3440, 3469, 3558, 3584, 3635, 4338]
RKP_05000_01000_3_06.txt|6133.0|0.504535599999997|[1, 3, 4, 6, 7, 12, 41, 45, 46, 55, 76, 85, 94, 184, 206, 213, 227, 276, 286, 287, 288, 368, 418, 469, 488, 573, 603, 623, 665, 734, 760, 801, 813, 889, 931, 1119, 1296, 1359, 1466, 1522, 1551, 1610, 1640, 1917, 1978, 2026, 2251, 2741, 2799, 3214, 3324, 3433, 3533, 4258, 4315, 4322, 4808, 4911]
RKP_05000_01000_3_07.txt|5933.0|0.5341116999999969|[2, 3, 13, 18, 36, 60, 73, 75, 76, 79, 84, 94, 100, 125, 214, 216, 218, 291, 293, 295, 360, 398, 413, 417, 427, 477, 487, 527, 593, 608, 762, 827, 849, 883, 884, 891, 896, 1003, 1055, 1123, 1470, 1783, 1789, 1792, 1998, 2357, 2448, 2587, 2716, 2900, 3085, 3146, 3628, 3731, 3854, 4131, 4233]
RKP_05000_01000_3_08.txt|5933.0|0.501385599999999|[4, 14, 28, 30, 36, 77, 80, 134, 152, 154, 217, 250, 260, 270, 279, 301, 331, 394, 474, 489, 525, 556, 654, 883, 901, 944, 953, 1009, 1036, 1077, 1134, 1135, 1159, 1395, 1513, 1588, 1733, 1967, 1970, 1976, 2019, 2088, 2364, 2402, 2484, 2858, 2977, 3087, 3214, 3237, 3396, 3571, 3808, 4022, 4192, 4463]
RKP_05000_01000_3_09.txt|5533.0|0.49102450000000175|[7, 9, 51, 73, 87, 106, 136, 152, 237, 242, 252, 281, 310, 376, 384, 462, 492, 494, 556, 655, 661, 664, 671, 751, 760, 786, 852, 1148, 1189, 1313, 1322, 1471, 1488, 1684, 1978, 2024, 2051, 2055, 2401, 2486, 2497, 2511, 2621, 2941, 3256, 3392, 3443, 3538, 3572, 3868, 4136, 4292]
RKP_05000_01000_3_10.txt|6133.0|0.541476700000004|[1, 2, 3, 6, 10, 14, 16, 25, 33, 50, 52, 62, 69, 112, 119, 145, 196, 219, 235, 270, 287, 369, 393, 413, 434, 692, 811, 876, 907, 1019, 1093, 1125, 1184, 1329, 1498, 1530, 1785, 1854, 2189, 2224, 2322, 2749, 2764, 2813, 2894, 2915, 2940, 3127, 3150, 3234, 3240, 3251, 3435, 3589, 4052, 4227, 4466, 4747]
RKP_05000_01000_4_01.txt|233.0|0.4587462000000002|[1663]
RKP_05000_01000_4_02.txt|233.0|0.44715069999999457|[1359]
RKP_05000_01000_4_03.txt|233.0|0.4959466999999975|[1700]
RKP_05000_01000_4_04.txt|233.0|0.4483397999999994|[1613]
RKP_05000_01000_4_05.txt|233.0|0.45366570000000195|[1174]
RKP_05000_01000_4_06.txt|233.0|0.5134643000000025|[729]
RKP_05000_01000_4_07.txt|233.0|0.45260170000000244|[2910]
RKP_05000_01000_4_08.txt|233.0|0.48847169999999807|[1723]
RKP_05000_01000_4_09.txt|233.0|0.45497840000000167|[932]
RKP_05000_01000_4_10.txt|233.0|0.4675869000000006|[176]
RKP_05000_01000_5_01.txt|333.0|0.5385445000000004|[1, 862, 1712, 2344]
RKP_05000_01000_5_02.txt|333.0|0.46813370000000276|[10, 164, 192, 289, 859, 1015]
RKP_05000_01000_5_03.txt|333.0|0.4622187000000011|[42, 118, 305, 838, 856, 972, 1005]
RKP_05000_01000_5_04.txt|333.0|0.49681669999999656|[1, 77, 595, 2097, 3859]
RKP_05000_01000_5_05.txt|333.0|0.4645948000000004|[96, 247, 1003, 1649]
RKP_05000_01000_5_06.txt|333.0|0.4555833000000007|[1, 90, 153, 163, 1749]
RKP_05000_01000_5_07.txt|333.0|0.5907026000000002|[58, 920, 1002, 2313]
RKP_05000_01000_5_08.txt|333.0|0.46169619999999867|[783, 1004, 2379]
RKP_05000_01000_5_09.txt|333.0|0.4853424000000075|[886, 1011, 1310, 2826]
RKP_05000_01000_5_10.txt|333.0|0.5073383999999947|[130, 829, 912, 1489]
RKP_05000_05000_1_01.txt|159012.0|0.6179577999999992|[2, 3, 21, 36, 74, 75, 78, 100, 134, 149, 168, 174, 226, 239, 254, 255, 263, 279, 290, 477, 496, 498, 688, 747, 826, 940, 1200, 1201, 1247, 1260, 1416, 1437, 1543, 1595, 1674, 1939, 2195, 2321, 2685, 2687, 2945, 2997, 3721, 4810]
RKP_05000_05000_1_02.txt|195797.0|0.5887139000000019|[1, 2, 4, 8, 10, 21, 24, 45, 55, 104, 113, 117, 238, 240, 269, 297, 310, 334, 361, 378, 396, 444, 470, 474, 537, 712, 785, 787, 805, 903, 1005, 1041, 1044, 1107, 1115, 1152, 1374, 1459, 1855, 1870, 2174, 2177, 2322, 2501, 2667, 2706, 3059, 3754, 3842, 3921, 3940, 4197, 4402, 4712]
RKP_05000_05000_1_03.txt|176124.0|0.5597946999999976|[1, 7, 18, 25, 39, 46, 78, 80, 86, 110, 115, 206, 231, 233, 249, 318, 393, 426, 435, 451, 482, 557, 582, 586, 811, 960, 1098, 1099, 1115, 1261, 1265, 1414, 1441, 1477, 1594, 1775, 2264, 2438, 2630, 2760, 2859, 3247, 3414, 3443, 3490, 3493, 3512, 4284, 4414]
RKP_05000_05000_1_04.txt|195192.0|0.5194273000000038|[1, 3, 5, 9, 25, 34, 75, 76, 81, 85, 90, 145, 148, 189, 222, 240, 291, 332, 368, 376, 390, 408, 422, 484, 557, 559, 675, 787, 814, 831, 1072, 1389, 1417, 1418, 1677, 1753, 1758, 1859, 1938, 2003, 2051, 2061, 2328, 2372, 2581, 2584, 2991, 3260, 3305, 3547, 3651, 3802, 3813, 3850, 4172, 4260, 4668]
RKP_05000_05000_1_05.txt|181619.0|0.6227449000000007|[1, 2, 3, 22, 32, 33, 38, 46, 55, 62, 127, 130, 143, 153, 210, 214, 227, 301, 378, 403, 559, 582, 694, 923, 950, 992, 1088, 1098, 1281, 1432, 1460, 1483, 1662, 1668, 1929, 1993, 2025, 2045, 2118, 2309, 2352, 2411, 2467, 2579, 2657, 2804, 3024, 3175, 3186, 3722, 4208, 4354, 4846]
RKP_05000_05000_1_06.txt|169674.0|0.6376514999999898|[2, 18, 23, 40, 66, 71, 82, 87, 113, 120, 243, 338, 363, 378, 407, 581, 613, 621, 649, 651, 693, 707, 715, 813, 825, 850, 925, 956, 1065, 1154, 1227, 1280, 1730, 1927, 1981, 2048, 2132, 2204, 2210, 2309, 2386, 2509, 2701, 2729, 3361, 3978, 4540, 4561, 4692]
RKP_05000_05000_1_07.txt|166222.0|0.577425599999998|[1, 2, 3, 4, 7, 8, 15, 29, 30, 31, 44, 83, 153, 182, 190, 248, 249, 287, 294, 303, 380, 381, 457, 478, 529, 536, 575, 667, 730, 739, 785, 829, 864, 1228, 1263, 1267, 1315, 1406, 1520, 1616, 1820, 1849, 1894, 2529, 2688, 2725, 2854, 3045, 4149, 4260, 4664]
RKP_05000_05000_1_08.txt|155129.0|0.619379600000002|[3, 16, 30, 38, 91, 95, 97, 122, 124, 156, 171, 232, 253, 280, 342, 371, 402, 451, 471, 523, 560, 596, 674, 764, 836, 984, 1167, 1179, 1247, 1421, 1439, 1546, 1549, 1562, 1941, 2047, 2312, 2428, 2525, 2536, 2600, 3599, 3666, 3744, 3833, 3998, 4080, 4195]
RKP_05000_05000_1_09.txt|173443.0|0.6396397999999976|[1, 3, 5, 6, 42, 55, 66, 77, 113, 126, 139, 160, 170, 196, 221, 234, 299, 325, 339, 438, 448, 460, 492, 537, 542, 565, 632, 682, 701, 820, 871, 921, 1006, 1227, 1245, 1254, 1314, 1350, 1416, 1458, 1592, 1635, 1788, 1917, 2143, 2450, 2593, 2636, 2834, 3197, 4248, 4486, 4489, 4615]
RKP_05000_05000_1_10.txt|139696.0|0.6187827999999911|[7, 38, 60, 89, 92, 144, 153, 185, 278, 286, 380, 414, 467, 472, 659, 746, 756, 803, 909, 959, 981, 1402, 1504, 1609, 1652, 1766, 2050, 2151, 2281, 2580, 2607, 2608, 2629, 2641, 2870, 3067, 3078, 3101, 3261, 4380]
RKP_05000_05000_2_01.txt|11774.0|0.7155810999999943|[18, 93, 235, 250, 293, 411, 475, 515, 748, 750, 866, 953, 986, 1045, 1059, 1308, 1367, 1505, 1665, 1885, 2236, 2251, 2687, 2937, 4544, 4844]
RKP_05000_05000_2_02.txt|11412.0|0.5940118999999981|[5, 14, 15, 56, 79, 91, 161, 208, 220, 530, 563, 582, 707, 710, 1058, 1069, 1172, 1649, 2162, 2244, 2429, 3100, 3641, 3796, 4007, 4564]
RKP_05000_05000_2_03.txt|11141.0|0.6183894999999922|[1, 3, 4, 38, 44, 50, 94, 177, 306, 375, 394, 441, 477, 502, 583, 735, 983, 1207, 1269, 1307, 1422, 1429, 1432, 1481, 2224, 2272, 3090, 3428, 3630, 3839, 3957, 4235, 4565]
RKP_05000_05000_2_04.txt|15798.0|0.6030851000000013|[1, 2, 3, 4, 21, 23, 37, 47, 71, 78, 115, 122, 126, 131, 187, 238, 307, 322, 346, 372, 455, 554, 583, 625, 637, 655, 803, 832, 893, 1124, 1223, 1329, 1335, 1412, 1478, 1508, 1586, 1606, 2308, 2382, 2632, 2705, 2773, 3257]
RKP_05000_05000_2_05.txt|12028.0|0.6208384999999907|[4, 5, 13, 34, 103, 113, 128, 163, 220, 317, 481, 501, 513, 595, 606, 858, 932, 1011, 1022, 1103, 1153, 1232, 1242, 1260, 1394, 1588, 1768, 1813, 4182, 4330, 4410]
RKP_05000_05000_2_06.txt|10287.0|0.6578571000000011|[30, 136, 303, 370, 373, 437, 449, 574, 629, 637, 731, 832, 866, 872, 912, 985, 1070, 1073, 1756, 2245, 2357, 3064, 3105, 3580, 3764]
RKP_05000_05000_2_07.txt|12714.0|0.5908593999999994|[7, 30, 36, 129, 152, 199, 273, 411, 452, 624, 631, 725, 903, 926, 932, 989, 1115, 1137, 1326, 1438, 1460, 1581, 1614, 1730, 1734, 1819, 2045, 2118, 3005, 3180, 3396, 3935, 3995, 4066, 4239]
RKP_05000_05000_2_08.txt|13668.0|0.6330930000000023|[2, 17, 27, 83, 116, 155, 179, 192, 274, 286, 332, 449, 551, 603, 659, 746, 760, 782, 811, 899, 919, 953, 1239, 1262, 1520, 1692, 1834, 1835, 2024, 2598, 2906, 2907, 3039, 3119, 3335, 3356, 3617]
RKP_05000_05000_2_09.txt|14894.0|0.6129363999999953|[1, 2, 3, 7, 36, 61, 82, 83, 105, 128, 129, 137, 157, 164, 180, 327, 385, 394, 413, 423, 519, 634, 893, 899, 973, 1179, 1213, 1231, 1308, 1378, 1478, 1482, 1771, 1802, 2129, 2354, 2555, 2889, 3741, 4959]
RKP_05000_05000_2_10.txt|12572.0|0.582861400000013|[1, 2, 14, 23, 42, 70, 82, 97, 185, 205, 261, 311, 330, 351, 666, 723, 725, 856, 899, 1136, 1230, 1530, 1620, 1908, 2524, 2605, 2732, 2854, 2884, 3467, 3568, 3618]
RKP_05000_05000_3_01.txt|30166.0|0.5190304000000054|[4, 6, 12, 16, 17, 21, 39, 45, 54, 55, 58, 79, 83, 88, 94, 106, 132, 336, 449, 452, 521, 528, 530, 563, 625, 628, 638, 646, 736, 787, 800, 814, 870, 926, 1004, 1075, 1080, 1132, 1290, 1328, 1409, 1410, 1430, 1664, 1846, 1850, 1887, 2024, 2100, 2266, 2454, 2544, 2738, 2831, 2987, 3210, 4143]
RKP_05000_05000_3_02.txt|27666.0|0.570906100000002|[1, 9, 25, 30, 32, 33, 38, 50, 51, 55, 58, 99, 117, 133, 151, 155, 217, 221, 303, 407, 507, 509, 601, 773, 885, 969, 970, 985, 1093, 1198, 1199, 1220, 1232, 1509, 1675, 1763, 1914, 2038, 2259, 2345, 2392, 2529, 2826, 3230, 3779, 3922, 4134, 4175, 4221, 4488, 4553, 4589]
RKP_05000_05000_3_03.txt|31166.0|0.5201483000000025|[1, 2, 3, 4, 12, 13, 25, 46, 58, 67, 79, 90, 127, 185, 194, 219, 223, 281, 323, 366, 489, 523, 542, 636, 682, 763, 826, 856, 950, 963, 970, 1011, 1029, 1061, 1099, 1129, 1187, 1255, 1278, 1505, 1677, 1696, 1703, 1715, 1729, 1777, 1875, 1911, 1960, 2297, 2430, 2585, 2713, 3112, 3385, 3389, 3452, 3819, 3909]
RKP_05000_05000_3_04.txt|29166.0|0.5538820000000015|[1, 4, 12, 14, 27, 51, 61, 71, 101, 156, 173, 177, 183, 208, 229, 249, 256, 304, 343, 404, 412, 454, 476, 479, 505, 585, 642, 779, 843, 868, 936, 1033, 1208, 1276, 1564, 1589, 1800, 2428, 2441, 2704, 2727, 2854, 2915, 3065, 3143, 3391, 3454, 3543, 3625, 3841, 3856, 3870, 3872, 4104, 4678]
RKP_05000_05000_3_05.txt|28666.0|0.5268396999999965|[2, 5, 12, 13, 15, 20, 44, 50, 70, 72, 75, 81, 97, 115, 139, 141, 150, 166, 207, 259, 331, 368, 372, 406, 537, 555, 617, 628, 945, 958, 969, 984, 1004, 1044, 1506, 1519, 1640, 1664, 1680, 1758, 1771, 1843, 1951, 1982, 2428, 2606, 2910, 2994, 3138, 3566, 4138, 4267, 4618, 4707]
RKP_05000_05000_3_06.txt|28666.0|0.5061633000000114|[1, 6, 8, 10, 22, 23, 28, 30, 43, 44, 55, 78, 115, 130, 234, 239, 285, 313, 377, 382, 386, 480, 607, 617, 645, 671, 737, 817, 839, 845, 924, 977, 1005, 1115, 1123, 1191, 1678, 1939, 1989, 2115, 2300, 2334, 2338, 2537, 2626, 2697, 2724, 2793, 3065, 3251, 3441, 4180, 4300, 4383]
RKP_05000_05000_3_07.txt|28166.0|0.5994886999999949|[1, 2, 4, 82, 88, 143, 217, 220, 231, 232, 304, 348, 459, 462, 487, 490, 525, 544, 609, 684, 717, 718, 766, 796, 813, 817, 835, 866, 897, 924, 1049, 1127, 1213, 1279, 1338, 1403, 1420, 1497, 1664, 1721, 1728, 1818, 2093, 2201, 2287, 2345, 2399, 2511, 2643, 2747, 2824, 3347, 3987, 4656]
RKP_05000_05000_3_08.txt|28166.0|0.5733213999999975|[1, 2, 14, 16, 18, 22, 28, 39, 54, 78, 105, 110, 122, 147, 150, 152, 205, 241, 294, 351, 391, 433, 484, 524, 640, 742, 752, 762, 784, 857, 876, 938, 1042, 1104, 1105, 1145, 1311, 1371, 1450, 1613, 1833, 1969, 2221, 2250, 2393, 2413, 2446, 2528, 2750, 4022, 4469, 4731, 4805]
RKP_05000_05000_3_09.txt|29666.0|0.5100813000000102|[1, 8, 13, 17, 19, 42, 43, 111, 133, 233, 252, 259, 313, 317, 345, 354, 387, 406, 431, 609, 629, 643, 660, 767, 789, 851, 877, 913, 929, 932, 1146, 1282, 1328, 1343, 1549, 1667, 1813, 1933, 1945, 2166, 2247, 2427, 2435, 2484, 2838, 2885, 2994, 3338, 3677, 3684, 4052, 4240, 4246, 4313, 4338, 4825]
RKP_05000_05000_3_10.txt|30166.0|0.5422865999999971|[2, 3, 4, 10, 13, 14, 26, 44, 48, 51, 59, 60, 98, 120, 137, 227, 278, 313, 402, 405, 481, 490, 535, 576, 577, 607, 675, 1062, 1075, 1099, 1135, 1202, 1224, 1258, 1284, 1307, 1358, 1405, 1567, 1639, 1653, 1714, 1786, 2521, 2536, 2573, 2643, 2698, 2748, 2923, 3222, 3454, 3468, 3759, 3937, 4381, 4808]
RKP_05000_05000_4_01.txt|1165.9999999999998|0.46584239999999966|[3960]
RKP_05000_05000_4_02.txt|1165.9999999999998|0.4654141000000038|[1120]
RKP_05000_05000_4_03.txt|1165.9999999999998|0.5013924999999944|[3057]
RKP_05000_05000_4_04.txt|1165.9999999999998|0.47932600000000036|[1894]
RKP_05000_05000_4_05.txt|1165.9999999999998|0.4816227000000026|[436]
RKP_05000_05000_4_06.txt|1165.9999999999998|0.4510700000000014|[217]
RKP_05000_05000_4_07.txt|1165.9999999999998|0.4636985000000067|[4018]
RKP_05000_05000_4_08.txt|1165.9999999999998|0.489574300000001|[1925]
RKP_05000_05000_4_09.txt|1165.9999999999998|0.4532780000000116|[165]
RKP_05000_05000_4_10.txt|1165.9999999999998|0.4649935999999997|[1434]
RKP_05000_05000_5_01.txt|1666.0|0.5194026000000065|[1, 111, 993, 1088]
RKP_05000_05000_5_02.txt|1665.9999999999998|0.46898679999999615|[2918]
RKP_05000_05000_5_03.txt|1666.0|0.48373639999999796|[1, 10, 18, 101, 972, 1408, 1955, 3133]
RKP_05000_05000_5_04.txt|1665.9999999999998|0.5193834999999893|[583]
RKP_05000_05000_5_05.txt|1666.0|0.47292509999999766|[73, 75, 246, 390, 1123, 1265, 1418, 1525]
RKP_05000_05000_5_06.txt|1665.9999999999998|0.5030218000000133|[929]
RKP_05000_05000_5_07.txt|1666.0|0.49476729999999236|[131, 223, 407, 941, 1078, 1126, 3508]
RKP_05000_05000_5_08.txt|1666.0|0.4770575000000008|[1, 34, 985]
RKP_05000_05000_5_09.txt|1666.0|0.5215701999999993|[1, 12, 94, 1124, 2620, 3605]
RKP_05000_05000_5_10.txt|1666.0|0.5405475000000024|[366, 678, 817, 1013, 1695]
