RKP_00100_00100_1_01.txt|640.0|0.12400430000000007|[1, 10, 14, 16, 17, 22, 24, 28, 29]
RKP_00100_00100_1_02.txt|820.0|0.0990854000000001|[1, 2, 9, 15, 16, 23, 37, 48, 50, 56, 91]
RKP_00100_00100_1_03.txt|726.0|0.1111759|[1, 2, 4, 6, 10, 12, 14, 34, 58, 63, 70]
RKP_00100_00100_1_04.txt|708.0|0.1110856|[2, 3, 4, 5, 7, 9, 10, 15, 43, 74]
RKP_00100_00100_1_05.txt|649.0|0.11045150000000004|[1, 3, 16, 20, 22, 30, 44, 66, 79]
RKP_00100_00100_1_06.txt|953.0|0.053045199999999904|[5, 12, 16, 17, 20, 31, 47, 48, 50, 55, 57, 83, 97]
RKP_00100_00100_1_07.txt|445.0|0.11157609999999996|[5, 9, 13, 39, 41, 46, 51]
RKP_00100_00100_1_08.txt|850.0|0.08415249999999985|[1, 2, 3, 5, 6, 7, 9, 13, 24, 30, 76, 87, 88, 92]
RKP_00100_00100_1_09.txt|593.0|0.08408119999999997|[2, 4, 5, 16, 18, 23, 24, 42, 52]
RKP_00100_00100_1_10.txt|698.0|0.07913249999999983|[1, 2, 4, 11, 12, 13, 15, 18, 24, 27, 33]
RKP_00100_00100_2_01.txt|158.0|0.08805450000000015|[1, 6, 13, 20, 41, 43, 68, 82]
RKP_00100_00100_2_02.txt|160.0|0.08736749999999982|[4, 5, 11, 26, 28, 30, 36, 40, 80]
RKP_00100_00100_2_03.txt|158.0|0.10457070000000002|[3, 5, 6, 31, 47, 48, 51, 59, 75]
RKP_00100_00100_2_04.txt|153.0|0.09966940000000002|[2, 5, 8, 9, 11, 18, 26, 35]
RKP_00100_00100_2_05.txt|144.0|0.06769619999999987|[32, 34, 36, 64, 82, 96]
RKP_00100_00100_2_06.txt|133.0|0.06751189999999996|[8, 10, 28, 38, 47, 67, 79]
RKP_00100_00100_2_07.txt|153.0|0.08510779999999984|[3, 7, 15, 22, 28, 36, 63]
RKP_00100_00100_2_08.txt|151.0|0.08448199999999995|[1, 2, 4, 6, 14, 16, 28, 29]
RKP_00100_00100_2_09.txt|142.0|0.07193700000000014|[4, 7, 20, 23, 27, 37, 42, 51, 75]
RKP_00100_00100_2_10.txt|142.0|0.08043090000000008|[1, 2, 4, 5, 8, 14, 28, 64, 65]
RKP_00100_00100_3_01.txt|210.0|0.08698179999999978|[1, 2, 3, 6, 8, 10, 21, 22, 29, 44, 47]
RKP_00100_00100_3_02.txt|210.0|0.06804410000000027|[1, 2, 7, 8, 17, 24, 41, 48, 52, 56, 87]
RKP_00100_00100_3_03.txt|222.0|0.07781910000000014|[1, 3, 4, 6, 13, 14, 23, 38, 45, 46, 64, 66, 75]
RKP_00100_00100_3_04.txt|218.0|0.08721360000000011|[4, 5, 6, 8, 9, 14, 21, 26, 31, 34, 48, 50]
RKP_00100_00100_3_05.txt|220.0|0.05534049999999979|[1, 2, 3, 7, 10, 12, 15, 25, 33, 52, 70, 72]
RKP_00100_00100_3_06.txt|240.0|0.08669979999999988|[1, 2, 3, 6, 8, 10, 11, 16, 19, 27, 31, 40, 60, 72]
RKP_00100_00100_3_07.txt|210.0|0.0864995000000004|[2, 6, 7, 12, 13, 14, 55, 72, 83, 88, 89]
RKP_00100_00100_3_08.txt|220.0|0.0744476999999999|[1, 2, 3, 7, 9, 11, 12, 15, 18, 33, 58, 62]
RKP_00100_00100_3_09.txt|200.0|0.08350959999999974|[1, 2, 5, 31, 32, 42, 44, 48, 57, 89]
RKP_00100_00100_3_10.txt|237.0|0.08056419999999997|[1, 5, 6, 20, 34, 45, 46, 47, 54, 60, 61, 62, 67, 93]
RKP_00100_00100_4_01.txt|100.0|0.05517860000000008|[97]
RKP_00100_00100_4_02.txt|100.0|0.055102500000000276|[88]
RKP_00100_00100_4_03.txt|100.0|0.05748400000000009|[84]
RKP_00100_00100_4_04.txt|99.0|0.056725399999999926|[88]
RKP_00100_00100_4_05.txt|100.0|0.05543100000000001|[95]
RKP_00100_00100_4_06.txt|98.0|0.05780110000000027|[93]
RKP_00100_00100_4_07.txt|98.0|0.055567900000000225|[98]
RKP_00100_00100_4_08.txt|98.0|0.055489699999999864|[90]
RKP_00100_00100_4_09.txt|99.0|0.05691580000000007|[90]
RKP_00100_00100_4_10.txt|96.0|0.05465680000000006|[94]
RKP_00100_00100_5_01.txt|100.0|0.059659899999999766|[1, 90]
RKP_00100_00100_5_02.txt|100.0|0.059198799999999885|[14, 63]
RKP_00100_00100_5_03.txt|100.0|0.05789410000000039|[1, 87]
RKP_00100_00100_5_04.txt|100.0|0.05789060000000035|[5, 43, 84]
RKP_00100_00100_5_05.txt|100.0|0.05776690000000029|[1, 84]
RKP_00100_00100_5_06.txt|100.0|0.05918280000000031|[1, 36, 82]
RKP_00100_00100_5_07.txt|100.0|0.0556321999999998|[97]
RKP_00100_00100_5_08.txt|100.0|0.056681199999999876|[10, 94]
RKP_00100_00100_5_09.txt|100.0|0.05815809999999999|[1, 26, 38, 71]
RKP_00100_00100_5_10.txt|100.0|0.059247599999999956|[32, 84]
RKP_00500_00100_1_01.txt|1550.0|0.12506660000000025|[2, 3, 4, 17, 25, 27, 38, 63, 75, 120, 129, 140, 148, 168, 173, 211, 222, 269, 280, 284, 304, 500]
RKP_00500_00100_1_02.txt|1387.0|0.12321749999999998|[4, 13, 14, 30, 77, 87, 88, 102, 109, 170, 175, 288, 289, 325, 351, 376, 388, 394, 433]
RKP_00500_00100_1_03.txt|1299.0|0.12702090000000066|[1, 5, 11, 15, 16, 30, 37, 40, 44, 73, 111, 113, 123, 139, 140, 147, 158, 227, 228, 326, 360, 496]
RKP_00500_00100_1_04.txt|1457.0|0.1320155000000005|[5, 10, 11, 23, 41, 59, 62, 64, 65, 93, 151, 156, 197, 212, 245, 268, 315, 359]
RKP_00500_00100_1_05.txt|1642.0|0.1324386000000004|[1, 2, 5, 10, 11, 13, 17, 23, 24, 26, 31, 60, 72, 76, 104, 116, 136, 192, 203, 215, 292, 363, 402]
RKP_00500_00100_1_06.txt|1860.0|0.13063800000000025|[3, 5, 13, 22, 27, 30, 34, 35, 52, 53, 55, 89, 107, 131, 165, 182, 190, 211, 225, 230, 240, 244, 281, 411, 490]
RKP_00500_00100_1_07.txt|1855.0|0.0914155000000001|[2, 4, 5, 7, 16, 22, 31, 40, 47, 80, 89, 94, 97, 126, 133, 147, 165, 183, 192, 257, 322, 359, 410, 461, 469, 492]
RKP_00500_00100_1_08.txt|1548.0|0.12322710000000026|[1, 2, 3, 4, 10, 16, 23, 29, 35, 63, 106, 146, 156, 165, 167, 185, 254, 258, 332, 357, 378]
RKP_00500_00100_1_09.txt|1578.0|0.12625829999999993|[1, 2, 11, 16, 19, 39, 48, 54, 56, 68, 77, 105, 108, 148, 150, 151, 153, 163, 173, 180, 210, 221, 229, 307, 324, 344]
RKP_00500_00100_1_10.txt|1491.0|0.10772380000000048|[1, 2, 4, 5, 6, 8, 9, 14, 31, 33, 59, 62, 75, 84, 109, 110, 155, 162, 214, 234, 277, 342, 413]
RKP_00500_00100_2_01.txt|244.0|0.18281939999999963|[3, 11, 16, 20, 32, 36, 39, 40, 60, 101, 102, 122, 137, 148, 150, 168, 220, 226, 259, 447, 472]
RKP_00500_00100_2_02.txt|245.0|0.12889710000000054|[4, 6, 13, 21, 59, 65, 72, 97, 112, 131, 141, 142, 156, 159, 167, 186, 195, 314, 336, 441]
RKP_00500_00100_2_03.txt|247.0|0.1411667999999997|[2, 3, 13, 21, 31, 37, 64, 71, 100, 104, 107, 135, 142, 151, 154, 155, 164, 166, 318, 382, 436]
RKP_00500_00100_2_04.txt|214.0|0.11534449999999996|[1, 7, 9, 14, 16, 19, 20, 22, 26, 38, 58, 85, 105, 131, 163, 204, 306]
RKP_00500_00100_2_05.txt|231.0|0.10099040000000059|[2, 4, 5, 25, 38, 48, 52, 58, 77, 87, 109, 143, 218, 240, 260, 275, 294, 322, 417, 426]
RKP_00500_00100_2_06.txt|215.0|0.12364779999999964|[1, 3, 5, 9, 15, 18, 24, 27, 35, 50, 53, 57, 150, 203, 204, 302, 452]
RKP_00500_00100_2_07.txt|214.0|0.12302480000000049|[1, 3, 5, 9, 17, 67, 75, 114, 123, 129, 162, 260, 278, 292, 308, 367, 404, 452]
RKP_00500_00100_2_08.txt|201.0|0.1233095000000004|[1, 3, 6, 15, 23, 42, 46, 50, 87, 96, 184, 339, 384, 495]
RKP_00500_00100_2_09.txt|190.0|0.11736480000000071|[2, 38, 39, 52, 70, 87, 108, 176, 183, 277, 304, 312, 335, 426, 433]
RKP_00500_00100_2_10.txt|195.0|0.12299750000000031|[14, 19, 20, 21, 46, 62, 76, 116, 118, 154, 157, 216, 276, 498]
RKP_00500_00100_3_01.txt|324.0|0.10624449999999985|[1, 2, 3, 5, 8, 11, 31, 33, 36, 38, 43, 55, 77, 96, 143, 148, 158, 225, 227, 248, 260, 344, 401]
RKP_00500_00100_3_02.txt|390.0|0.12073209999999968|[1, 4, 5, 7, 18, 20, 26, 32, 39, 56, 68, 73, 103, 110, 111, 143, 152, 167, 172, 179, 189, 202, 203, 221, 331, 336, 351, 398, 413]
RKP_00500_00100_3_03.txt|380.0|0.10056439999999967|[1, 5, 9, 11, 14, 22, 40, 45, 52, 71, 74, 93, 113, 118, 123, 126, 142, 148, 168, 191, 193, 198, 258, 264, 322, 351, 444, 454]
RKP_00500_00100_3_04.txt|372.0|0.11179230000000029|[1, 2, 4, 8, 9, 11, 20, 31, 50, 66, 68, 72, 104, 119, 142, 146, 156, 159, 163, 168, 209, 217, 278, 280, 282, 312, 345, 350]
RKP_00500_00100_3_05.txt|400.0|0.11073839999999979|[1, 8, 9, 32, 33, 35, 74, 84, 87, 88, 92, 102, 106, 108, 167, 189, 196, 199, 211, 225, 263, 294, 319, 340, 377, 381, 392, 397, 417, 468]
RKP_00500_00100_3_06.txt|350.0|0.11567050000000023|[1, 2, 4, 7, 11, 12, 16, 19, 24, 45, 52, 56, 67, 68, 73, 91, 186, 189, 199, 204, 242, 281, 311, 404, 433]
RKP_00500_00100_3_07.txt|327.0|0.10576259999999937|[1, 2, 3, 5, 24, 30, 37, 76, 77, 102, 111, 141, 157, 193, 196, 200, 216, 228, 244, 287, 302, 308, 430]
RKP_00500_00100_3_08.txt|424.0|0.1075828999999997|[1, 4, 5, 8, 14, 19, 25, 26, 31, 32, 35, 49, 57, 58, 62, 63, 84, 90, 114, 133, 141, 144, 150, 159, 172, 214, 275, 301, 302, 323, 451, 470, 484]
RKP_00500_00100_3_09.txt|359.0|0.1071705000000005|[1, 2, 3, 4, 12, 14, 54, 58, 63, 70, 104, 115, 122, 148, 154, 169, 171, 173, 208, 221, 231, 269, 294, 304, 315, 347, 434]
RKP_00500_00100_3_10.txt|357.0|0.16592899999999933|[3, 7, 10, 13, 18, 25, 28, 36, 38, 40, 48, 57, 60, 99, 101, 102, 159, 165, 183, 189, 193, 305, 322, 325, 388, 392]
RKP_00500_00100_4_01.txt|100.0|0.07799759999999978|[448]
RKP_00500_00100_4_02.txt|100.0|0.07884330000000084|[423]
RKP_00500_00100_4_03.txt|100.0|0.07701199999999986|[457]
RKP_00500_00100_4_04.txt|100.0|0.07678209999999908|[488]
RKP_00500_00100_4_05.txt|100.0|0.07653209999999966|[448]
RKP_00500_00100_4_06.txt|100.0|0.07751520000000056|[431]
RKP_00500_00100_4_07.txt|100.0|0.07726480000000002|[467]
RKP_00500_00100_4_08.txt|100.0|0.07655749999999983|[480]
RKP_00500_00100_4_09.txt|100.0|0.07831529999999987|[469]
RKP_00500_00100_4_10.txt|100.0|0.07591399999999915|[497]
RKP_00500_00100_5_01.txt|100.0|0.07744900000000143|[51, 224, 252, 313, 339]
RKP_00500_00100_5_02.txt|100.0|0.07932049999999968|[1, 111, 436]
RKP_00500_00100_5_03.txt|100.0|0.08161520000000166|[26, 100, 477]
RKP_00500_00100_5_04.txt|100.0|0.10412089999999985|[28, 41, 52, 68, 241]
RKP_00500_00100_5_05.txt|100.0|0.07765419999999956|[1, 499]
RKP_00500_00100_5_06.txt|100.0|0.07974569999999837|[40, 54, 58, 125, 234, 318, 393]
RKP_00500_00100_5_07.txt|100.0|0.07809750000000015|[1, 480]
RKP_00500_00100_5_08.txt|100.0|0.07883400000000051|[121, 445, 480]
RKP_00500_00100_5_09.txt|100.0|0.08182530000000021|[1, 490]
RKP_00500_00100_5_10.txt|100.0|0.07773549999999929|[1, 482]
RKP_01000_00100_1_01.txt|2156.0|0.1418620000000015|[2, 8, 10, 13, 19, 27, 36, 39, 40, 42, 47, 48, 50, 51, 64, 67, 91, 97, 123, 151, 222, 260, 261, 314, 376, 432, 465, 531, 560, 646]
RKP_01000_00100_1_02.txt|2026.0|0.18841589999999897|[1, 8, 9, 16, 18, 30, 38, 49, 50, 58, 64, 72, 89, 171, 182, 193, 195, 292, 294, 337, 359, 486, 519, 527, 557, 584, 599, 694, 696, 754, 872]
RKP_01000_00100_1_03.txt|1991.0|0.16751119999999986|[2, 3, 4, 16, 19, 48, 50, 56, 114, 116, 128, 172, 174, 182, 199, 252, 326, 366, 380, 498, 535, 704, 725, 754, 800, 813, 869]
RKP_01000_00100_1_04.txt|2193.0000000000005|0.18100750000000154|[1, 2, 3, 5, 6, 12, 14, 20, 36, 44, 53, 69, 75, 91, 151, 163, 165, 172, 204, 247, 255, 277, 283, 429, 566, 592, 726, 732, 733, 790, 857]
RKP_01000_00100_1_05.txt|2134.0|0.14411400000000008|[1, 12, 16, 26, 29, 37, 39, 41, 49, 69, 74, 75, 89, 101, 121, 123, 151, 188, 207, 222, 299, 307, 340, 553, 582, 635, 673, 696, 865, 915, 1000]
RKP_01000_00100_1_06.txt|2421.0|0.14682009999999934|[1, 6, 10, 33, 38, 44, 52, 55, 56, 58, 78, 83, 99, 117, 120, 168, 176, 210, 233, 236, 242, 244, 250, 255, 265, 283, 349, 383, 442, 546, 645, 790, 993]
RKP_01000_00100_1_07.txt|2436.0|0.18881620000000154|[2, 3, 7, 12, 18, 19, 37, 42, 49, 80, 86, 90, 96, 108, 127, 128, 129, 130, 146, 147, 170, 190, 204, 226, 342, 372, 382, 436, 440, 484, 556, 778, 874]
RKP_01000_00100_1_08.txt|2145.0|0.2151715000000003|[1, 4, 6, 10, 15, 22, 26, 29, 68, 80, 101, 118, 145, 149, 162, 183, 202, 223, 242, 274, 278, 294, 303, 356, 366, 390, 421, 422, 716, 780, 922]
RKP_01000_00100_1_09.txt|1989.0|0.14243439999999907|[1, 2, 10, 14, 15, 27, 31, 32, 36, 39, 103, 108, 133, 168, 170, 196, 213, 248, 262, 405, 409, 489, 579, 672, 782, 898, 925, 942]
RKP_01000_00100_1_10.txt|2377.0|0.18221050000000005|[1, 4, 8, 11, 19, 37, 43, 50, 55, 69, 76, 104, 111, 158, 198, 221, 253, 286, 295, 331, 399, 428, 466, 491, 534, 618, 663, 669, 724, 748, 754, 785, 805, 825, 968]
RKP_01000_00100_2_01.txt|264.0|0.18971610000000005|[3, 7, 12, 13, 21, 24, 33, 41, 47, 73, 185, 186, 209, 252, 253, 264, 361, 366, 374, 375, 380, 470, 690]
RKP_01000_00100_2_02.txt|251.0|0.1666843|[13, 23, 63, 73, 77, 84, 166, 179, 183, 202, 213, 311, 357, 375, 385, 410, 547, 580, 583, 625, 782, 954]
RKP_01000_00100_2_03.txt|298.0|0.16171820000000103|[5, 33, 55, 58, 64, 84, 87, 97, 123, 124, 141, 149, 171, 186, 187, 256, 330, 335, 340, 371, 394, 404, 416, 417, 420, 454, 854, 897, 928]
RKP_01000_00100_2_04.txt|273.0|0.14825770000000027|[5, 8, 21, 24, 35, 37, 49, 58, 60, 74, 94, 123, 147, 158, 184, 207, 244, 332, 428, 443, 504, 698]
RKP_01000_00100_2_05.txt|255.0|0.15095539999999907|[2, 5, 7, 11, 12, 26, 30, 73, 152, 162, 172, 214, 222, 236, 255, 299, 351, 380, 420, 428, 462, 501, 713, 742, 846]
RKP_01000_00100_2_06.txt|295.0|0.16728949999999898|[1, 6, 8, 9, 16, 26, 48, 52, 57, 122, 138, 152, 154, 185, 187, 233, 258, 259, 289, 290, 322, 399, 647, 805, 858, 876, 894]
RKP_01000_00100_2_07.txt|269.0|0.16190140000000142|[1, 2, 3, 7, 20, 61, 69, 81, 173, 208, 271, 284, 305, 337, 378, 396, 457, 520, 531, 719, 783, 796, 821, 950]
RKP_01000_00100_2_08.txt|302.0|0.13644569999999945|[1, 3, 7, 10, 11, 16, 21, 26, 39, 41, 44, 49, 121, 129, 131, 133, 175, 223, 228, 250, 278, 294, 406, 549, 573, 661, 862]
RKP_01000_00100_2_09.txt|248.0|0.1629971999999995|[6, 13, 25, 30, 31, 118, 127, 175, 191, 205, 225, 235, 348, 382, 414, 436, 470, 573, 656, 759, 982]
RKP_01000_00100_2_10.txt|264.0|0.1557612000000006|[1, 5, 15, 33, 56, 58, 122, 163, 164, 184, 191, 196, 252, 282, 309, 314, 341, 402, 409, 443, 521, 548, 564, 710, 755]
RKP_01000_00100_3_01.txt|508.0|0.13273500000000027|[2, 11, 15, 22, 32, 49, 51, 55, 65, 69, 72, 77, 83, 119, 133, 134, 157, 179, 186, 208, 249, 294, 322, 326, 337, 340, 348, 420, 441, 456, 464, 537, 565, 605, 659, 704, 740, 763, 795, 857, 962]
RKP_01000_00100_3_02.txt|480.0|0.13152670000000022|[1, 2, 3, 4, 7, 9, 16, 18, 19, 24, 25, 31, 37, 47, 53, 56, 69, 79, 94, 110, 121, 126, 137, 138, 176, 178, 295, 300, 318, 377, 381, 386, 533, 567, 586, 644, 654, 978]
RKP_01000_00100_3_03.txt|484.0|0.1340136999999988|[1, 3, 13, 17, 22, 28, 31, 44, 46, 54, 62, 74, 84, 89, 93, 99, 142, 143, 170, 175, 180, 204, 222, 325, 378, 382, 392, 431, 530, 580, 625, 652, 692, 720, 738, 797, 822, 836, 994]
RKP_01000_00100_3_04.txt|467.0|0.14235530000000018|[1, 2, 4, 5, 9, 15, 16, 31, 35, 41, 42, 58, 65, 83, 119, 142, 149, 154, 161, 201, 235, 274, 277, 293, 305, 309, 389, 433, 449, 492, 535, 550, 558, 645, 740, 786, 816]
RKP_01000_00100_3_05.txt|420.0|0.10326350000000062|[1, 5, 10, 23, 24, 31, 37, 46, 50, 57, 76, 85, 86, 100, 107, 128, 141, 144, 145, 151, 163, 183, 192, 204, 308, 355, 460, 630, 661, 674, 739, 876]
RKP_01000_00100_3_06.txt|417.0|0.16388049999999943|[4, 5, 14, 15, 16, 18, 22, 28, 36, 37, 63, 64, 66, 71, 112, 129, 146, 158, 204, 207, 217, 239, 242, 249, 278, 330, 345, 347, 471, 543, 901, 970]
RKP_01000_00100_3_07.txt|485.0|0.1371821999999998|[1, 2, 3, 5, 8, 16, 20, 23, 27, 31, 34, 38, 53, 63, 96, 112, 124, 129, 131, 161, 169, 190, 204, 231, 282, 287, 354, 402, 433, 483, 583, 591, 605, 695, 750, 822, 867, 888, 942]
RKP_01000_00100_3_08.txt|394.0|0.14299359999999872|[1, 2, 7, 9, 11, 13, 33, 35, 53, 71, 74, 118, 129, 131, 145, 152, 154, 179, 198, 233, 250, 257, 266, 340, 342, 528, 591, 600, 703, 883]
RKP_01000_00100_3_09.txt|430.0|0.13011650000000152|[2, 3, 4, 6, 9, 11, 17, 23, 26, 39, 47, 48, 77, 83, 127, 199, 202, 211, 216, 257, 318, 385, 403, 471, 480, 547, 578, 647, 758, 825, 871, 885, 930]
RKP_01000_00100_3_10.txt|457.0|0.10307010000000005|[1, 4, 10, 11, 12, 16, 22, 26, 35, 46, 56, 61, 72, 103, 104, 106, 122, 156, 169, 170, 227, 245, 247, 264, 314, 319, 334, 436, 439, 524, 566, 632, 677, 687, 764, 799]
RKP_01000_00100_4_01.txt|100.0|0.10094750000000019|[866]
RKP_01000_00100_4_02.txt|100.0|0.10176639999999892|[866]
RKP_01000_00100_4_03.txt|100.0|0.1009802999999998|[856]
RKP_01000_00100_4_04.txt|100.0|0.10606649999999895|[828]
RKP_01000_00100_4_05.txt|100.0|0.10017730000000036|[853]
RKP_01000_00100_4_06.txt|100.0|0.10095360000000042|[878]
RKP_01000_00100_4_07.txt|100.0|0.0995303000000014|[887]
RKP_01000_00100_4_08.txt|100.0|0.10319430000000018|[847]
RKP_01000_00100_4_09.txt|100.0|0.10132949999999852|[889]
RKP_01000_00100_4_10.txt|100.0|0.10347639999999991|[843]
RKP_01000_00100_5_01.txt|100.0|0.10539589999999954|[105, 112, 683]
RKP_01000_00100_5_02.txt|100.0|0.10428939999999898|[2, 18, 76, 134, 197, 286, 741]
RKP_01000_00100_5_03.txt|100.0|0.10482730000000018|[16, 134, 688]
RKP_01000_00100_5_04.txt|100.0|0.13781580000000027|[23, 37, 75, 100, 121, 147, 432, 725, 948]
RKP_01000_00100_5_05.txt|100.0|0.10428250000000006|[3, 12, 753, 829]
RKP_01000_00100_5_06.txt|100.0|0.10265690000000127|[33, 85, 114, 631]
RKP_01000_00100_5_07.txt|100.0|0.10269060000000074|[10, 859]
RKP_01000_00100_5_08.txt|100.0|0.1023839000000013|[114, 147, 187, 196, 280, 705]
RKP_01000_00100_5_09.txt|100.0|0.1036135999999992|[93, 100, 703]
RKP_01000_00100_5_10.txt|100.0|0.10769770000000278|[102, 847]
RKP_05000_00100_1_01.txt|4674.0|0.5770118000000011|[1, 3, 4, 5, 7, 8, 9, 13, 16, 20, 21, 22, 24, 31, 49, 89, 99, 115, 116, 150, 155, 213, 302, 343, 465, 540, 553, 589, 642, 801, 847, 852, 904, 1021, 1181, 1207, 1213, 1268, 1275, 1277, 1366, 1373, 1406, 1465, 1482, 1568, 1700, 1723, 1839, 2091, 2106, 2398, 2505, 2548, 2556, 3411, 3645, 3733, 4536, 4545, 4758]
RKP_05000_00100_1_02.txt|4292.0|0.5297184000000001|[1, 2, 16, 28, 31, 42, 44, 51, 57, 60, 73, 75, 99, 135, 171, 174, 235, 275, 277, 301, 304, 338, 347, 350, 357, 374, 420, 448, 463, 601, 716, 794, 892, 1099, 1201, 1210, 1432, 1557, 1585, 1821, 1908, 2337, 2809, 2939, 3013, 3107, 3415, 3648, 4066, 4071, 4311, 4339, 4439, 4651]
RKP_05000_00100_1_03.txt|4265.0|0.4946950999999977|[1, 2, 6, 10, 22, 26, 52, 81, 114, 136, 156, 207, 208, 219, 304, 326, 350, 401, 436, 591, 612, 929, 961, 1020, 1035, 1044, 1066, 1069, 1154, 1179, 1237, 1283, 1355, 1417, 1550, 1588, 1880, 1912, 2382, 2442, 2646, 2797, 2939, 2992, 3005, 3036, 3127, 3382, 3686, 3801, 4053, 4396, 4436, 4693, 4798]
RKP_05000_00100_1_04.txt|4253.0|0.5624067000000004|[2, 5, 7, 9, 16, 20, 23, 26, 38, 41, 69, 78, 135, 147, 233, 337, 378, 444, 455, 557, 579, 651, 713, 792, 795, 868, 936, 979, 1048, 1367, 1521, 1527, 1633, 1675, 1764, 1814, 1931, 2255, 2304, 2565, 2594, 2831, 2859, 2934, 2940, 3006, 3053, 3064, 3085, 3198, 3225, 3336, 3338, 3474, 3484, 3503, 3644, 3703, 4248, 4280, 4320, 4470]
RKP_05000_00100_1_05.txt|4085.0|0.6118459999999999|[2, 4, 5, 8, 14, 16, 20, 23, 30, 33, 38, 53, 60, 64, 81, 96, 119, 158, 174, 270, 306, 356, 386, 427, 428, 507, 527, 541, 542, 608, 644, 667, 977, 1024, 1169, 1249, 1309, 1432, 1433, 1510, 1759, 2097, 2347, 2447, 2549, 2886, 2922, 2995, 3454, 3856, 4002, 4179, 4251, 4588, 4630]
RKP_05000_00100_1_06.txt|4310.0|0.5522601000000016|[2, 3, 6, 7, 8, 11, 17, 18, 21, 25, 41, 44, 45, 62, 71, 73, 108, 111, 115, 122, 133, 147, 152, 155, 208, 219, 238, 329, 377, 455, 457, 569, 645, 652, 694, 701, 745, 747, 807, 860, 866, 888, 896, 1031, 1186, 1259, 1279, 1295, 1319, 1512, 1542, 1606, 1799, 2000, 2608, 3167, 3571, 3825, 4655]
RKP_05000_00100_1_07.txt|4706.0|0.5145488999999976|[1, 3, 4, 5, 11, 13, 30, 32, 35, 54, 55, 60, 79, 90, 97, 104, 118, 155, 180, 188, 192, 204, 219, 244, 362, 451, 453, 457, 494, 551, 582, 646, 811, 876, 880, 931, 991, 1149, 1187, 1199, 1222, 1299, 1401, 1437, 1477, 1674, 1758, 1762, 1827, 2018, 2037, 2438, 2591, 2883, 3111, 3162, 3167, 3370, 3419, 3473, 3484, 3566, 4252, 4639]
RKP_05000_00100_1_08.txt|4265.0|0.6435235999999982|[1, 6, 25, 29, 48, 52, 54, 82, 120, 137, 148, 154, 179, 183, 186, 215, 234, 260, 264, 266, 275, 288, 300, 341, 441, 502, 538, 687, 745, 777, 779, 816, 820, 906, 985, 1029, 1079, 1267, 1318, 1337, 1358, 1632, 1717, 1908, 1984, 2054, 2248, 2250, 2780, 2845, 2899, 2994, 3137, 3259, 3876, 3911, 3927, 4473, 4998]
RKP_05000_00100_1_09.txt|3988.0|0.5807778999999975|[2, 6, 30, 42, 70, 74, 90, 121, 178, 179, 190, 230, 270, 307, 325, 423, 430, 445, 447, 533, 588, 619, 729, 747, 786, 796, 816, 853, 987, 1184, 1260, 1309, 1363, 1387, 1427, 1441, 1736, 1769, 1856, 1869, 1945, 2349, 2596, 2807, 2965, 3051, 3200, 3572, 3697, 3759, 4062, 4135, 4220, 4341, 4378, 4424]
RKP_05000_00100_1_10.txt|4416.0|0.5682566000000016|[2, 8, 14, 20, 21, 25, 26, 43, 48, 60, 83, 90, 111, 134, 143, 153, 176, 180, 189, 230, 304, 321, 352, 363, 385, 429, 437, 445, 482, 484, 564, 629, 654, 662, 714, 780, 795, 805, 930, 952, 956, 1091, 1350, 1395, 1422, 1517, 1804, 2061, 2462, 2616, 2958, 3065, 3086, 3176, 3373, 3734, 4185, 4369, 4572, 4883]
RKP_05000_00100_2_01.txt|440.0|0.47772429999999844|[3, 5, 25, 44, 68, 77, 110, 142, 144, 148, 204, 220, 246, 303, 540, 551, 560, 626, 648, 736, 848, 868, 948, 1057, 1078, 1095, 1187, 1292, 1647, 1741, 1835, 1887, 2000, 2210, 2218, 2367, 2729, 2735, 2913, 3020, 3043, 3393, 3518, 3573, 4039, 4675]
RKP_05000_00100_2_02.txt|474.0|0.4840098000000026|[4, 8, 10, 14, 15, 22, 29, 33, 35, 40, 73, 103, 152, 155, 275, 298, 407, 455, 532, 536, 578, 656, 677, 763, 778, 871, 1014, 1194, 1307, 1493, 1570, 1770, 1793, 1800, 1838, 2263, 2360, 2437, 2439, 2501, 2707, 3004, 3178, 3238, 3654, 3917, 4063, 4347, 4384, 4978]
RKP_05000_00100_2_03.txt|444.0|0.43505409999999856|[1, 4, 5, 6, 9, 12, 22, 39, 113, 202, 242, 260, 388, 442, 524, 543, 608, 710, 769, 798, 826, 839, 840, 842, 895, 1122, 1184, 1234, 1332, 1463, 1469, 1749, 1867, 2550, 2606, 2655, 2844, 3003, 3166, 3332, 3625, 3969, 4206, 4547, 4655, 4806, 4989]
RKP_05000_00100_2_04.txt|448.0|0.5145015999999991|[1, 5, 13, 31, 35, 45, 67, 72, 99, 109, 111, 156, 168, 225, 229, 283, 291, 325, 355, 363, 387, 483, 506, 531, 637, 674, 752, 840, 917, 950, 1107, 1138, 1295, 1415, 1565, 1566, 1671, 1864, 2052, 2100, 2126, 2299, 3028, 3153, 3572, 3838, 4139]
RKP_05000_00100_2_05.txt|466.0|0.4348558000000011|[5, 29, 51, 52, 69, 167, 274, 355, 366, 370, 413, 426, 434, 452, 522, 612, 829, 879, 942, 984, 991, 1029, 1654, 1741, 1823, 1903, 2083, 2208, 2261, 2332, 2365, 2545, 2614, 2703, 2815, 3226, 3238, 3374, 3406, 3481, 3549, 3555, 3573, 3758, 3817]
RKP_05000_00100_2_06.txt|452.0|0.49187219999999954|[6, 8, 23, 33, 62, 135, 136, 210, 222, 324, 326, 327, 356, 367, 369, 437, 466, 502, 639, 758, 816, 853, 1025, 1109, 1193, 1208, 1288, 1433, 1581, 1917, 2039, 2040, 2075, 2118, 2148, 2322, 2408, 2422, 2453, 2974, 3081, 3184, 3682, 4405, 4478]
RKP_05000_00100_2_07.txt|471.0|0.4398489000000012|[1, 2, 3, 7, 11, 15, 43, 49, 55, 58, 71, 74, 79, 103, 105, 141, 169, 177, 180, 183, 194, 216, 235, 244, 260, 261, 373, 396, 429, 516, 595, 649, 689, 744, 1389, 1949, 2164, 2246, 2323, 2419, 2528, 2641, 2751, 3229, 3488, 3555, 3866, 4183, 4327, 4507]
RKP_05000_00100_2_08.txt|440.0|0.4797866000000006|[1, 9, 14, 15, 23, 24, 25, 41, 48, 51, 57, 94, 98, 99, 152, 199, 291, 298, 342, 367, 464, 491, 524, 560, 636, 671, 672, 735, 792, 869, 953, 967, 1204, 1273, 1301, 1330, 1387, 1415, 1617, 1700, 2068, 2149, 2312, 2522, 2584, 2831, 2915, 3246, 3365, 4543]
RKP_05000_00100_2_09.txt|460.0|0.5292544000000028|[5, 6, 15, 18, 20, 61, 75, 86, 88, 110, 112, 142, 151, 218, 238, 244, 293, 294, 315, 355, 362, 392, 433, 678, 796, 846, 955, 1008, 1149, 1203, 1331, 1335, 1338, 1611, 1679, 1818, 1873, 2179, 2196, 2213, 2352, 2520, 2692, 2953, 3113, 3441, 3890, 4070, 4778]
RKP_05000_00100_2_10.txt|435.0|0.47906130000000147|[19, 66, 78, 113, 120, 123, 136, 163, 184, 210, 250, 275, 291, 315, 326, 373, 463, 477, 502, 640, 918, 978, 1253, 1313, 1459, 1547, 1576, 1773, 1932, 2022, 2133, 2249, 2318, 2345, 2435, 2456, 2497, 2755, 2768, 2802, 3077, 3123, 3300, 4012]
RKP_05000_00100_3_01.txt|770.0|0.34215719999999905|[3, 4, 5, 8, 10, 11, 18, 26, 44, 48, 55, 77, 80, 83, 109, 135, 145, 224, 231, 276, 279, 297, 312, 334, 345, 377, 395, 413, 465, 471, 530, 534, 558, 588, 610, 661, 676, 692, 821, 900, 1006, 1037, 1187, 1192, 1232, 1272, 1335, 1636, 1725, 1751, 1768, 2039, 2090, 2190, 2321, 2768, 2908, 3272, 3292, 3323, 3674, 3675, 3743, 4057, 4195, 4471, 4835]
RKP_05000_00100_3_02.txt|870.0|0.38293780000000055|[3, 9, 17, 19, 22, 31, 36, 38, 55, 93, 94, 97, 98, 135, 145, 148, 166, 167, 175, 203, 219, 254, 272, 312, 313, 351, 355, 356, 373, 392, 415, 434, 453, 472, 496, 512, 542, 776, 856, 879, 917, 973, 989, 993, 1092, 1136, 1267, 1326, 1335, 1353, 1407, 1637, 1664, 1689, 1727, 1834, 1876, 2059, 2135, 2362, 2409, 2674, 2689, 2722, 2762, 2772, 2848, 2861, 3234, 3318, 3615, 3645, 3676, 4055, 4114, 4494, 4912]
RKP_05000_00100_3_03.txt|840.0|0.3812895999999988|[1, 3, 5, 14, 18, 20, 21, 24, 27, 73, 76, 86, 96, 124, 140, 155, 156, 159, 165, 191, 192, 205, 258, 283, 341, 380, 397, 403, 446, 520, 690, 698, 714, 721, 780, 820, 914, 945, 977, 979, 1051, 1058, 1109, 1175, 1226, 1256, 1304, 1305, 1347, 1409, 1459, 1487, 1525, 1571, 1712, 1847, 1888, 1890, 1941, 2079, 2351, 2659, 2793, 2858, 2962, 2984, 2989, 3115, 3260, 4254, 4528, 4547, 4563, 4874]
RKP_05000_00100_3_04.txt|810.0|0.35539400000000043|[3, 5, 9, 11, 14, 15, 16, 24, 48, 56, 59, 66, 72, 100, 103, 118, 130, 133, 205, 266, 282, 298, 315, 318, 320, 325, 335, 364, 365, 375, 377, 411, 446, 578, 648, 688, 708, 769, 808, 819, 984, 995, 1024, 1162, 1193, 1227, 1264, 1283, 1338, 1348, 1433, 1455, 1570, 1739, 1788, 1817, 1905, 2231, 2340, 2386, 2433, 2600, 2764, 2992, 3111, 3399, 3639, 3697, 4136, 4679, 4996]
RKP_05000_00100_3_05.txt|730.0|0.4150090000000013|[1, 7, 24, 47, 52, 76, 79, 81, 109, 113, 122, 220, 238, 292, 295, 304, 345, 448, 485, 486, 513, 542, 563, 583, 590, 638, 656, 669, 769, 891, 905, 936, 950, 973, 994, 1259, 1491, 1526, 1668, 1760, 1764, 1858, 2040, 2337, 2456, 2471, 2596, 2671, 2714, 2837, 2859, 2928, 3114, 3492, 3753, 4063, 4073, 4074, 4118, 4182, 4207, 4398, 4423]
RKP_05000_00100_3_06.txt|830.0|0.35425929999999894|[1, 2, 3, 6, 10, 15, 24, 25, 26, 27, 32, 58, 68, 79, 80, 82, 86, 103, 108, 119, 121, 179, 181, 203, 207, 221, 244, 248, 270, 278, 290, 352, 440, 452, 492, 551, 564, 638, 683, 755, 765, 775, 787, 796, 899, 1046, 1081, 1148, 1227, 1347, 1451, 1474, 1477, 1657, 1698, 1735, 1775, 1884, 2159, 2205, 2206, 2412, 2457, 2520, 2528, 2535, 2710, 2738, 2878, 3082, 3112, 3943, 4211]
RKP_05000_00100_3_07.txt|830.0|0.3777916000000019|[1, 2, 10, 14, 16, 18, 20, 26, 29, 30, 32, 68, 77, 89, 93, 96, 98, 99, 114, 166, 167, 169, 178, 185, 189, 206, 213, 355, 372, 416, 485, 500, 523, 549, 583, 607, 719, 729, 750, 799, 812, 817, 865, 876, 883, 890, 894, 913, 980, 1030, 1095, 1116, 1411, 1453, 1577, 1615, 1663, 1833, 1892, 2113, 2232, 2510, 2632, 2667, 2701, 2869, 3416, 3653, 4038, 4083, 4185, 4467, 4835]
RKP_05000_00100_3_08.txt|840.0|0.3617536000000001|[1, 2, 5, 6, 17, 28, 47, 60, 89, 92, 97, 99, 101, 108, 124, 129, 169, 191, 215, 216, 238, 273, 296, 309, 328, 343, 346, 382, 428, 557, 572, 611, 645, 684, 700, 785, 925, 969, 1027, 1106, 1208, 1228, 1238, 1240, 1414, 1478, 1502, 1517, 1589, 1747, 1802, 1914, 1973, 2084, 2154, 2572, 2702, 3001, 3330, 3335, 3410, 3429, 3476, 3642, 3689, 3716, 3794, 3821, 4049, 4062, 4178, 4353, 4604, 4735]
RKP_05000_00100_3_09.txt|820.0|0.3464880999999984|[4, 10, 18, 24, 25, 40, 55, 57, 63, 78, 94, 110, 111, 119, 137, 154, 205, 217, 229, 271, 288, 355, 373, 424, 466, 579, 585, 600, 610, 636, 696, 827, 839, 981, 986, 1004, 1067, 1161, 1163, 1210, 1499, 1532, 1558, 1683, 1818, 2033, 2048, 2227, 2275, 2372, 2453, 2579, 2609, 2618, 2846, 2862, 2885, 2897, 2925, 3071, 3120, 3127, 3283, 3477, 3727, 4348, 4459, 4609, 4681, 4813, 4902, 4948]
RKP_05000_00100_3_10.txt|810.0|0.3971677000000007|[3, 8, 11, 19, 21, 22, 30, 39, 47, 50, 57, 79, 113, 142, 166, 173, 216, 227, 236, 252, 283, 333, 336, 383, 438, 526, 614, 627, 659, 666, 775, 787, 798, 860, 881, 933, 1046, 1075, 1259, 1323, 1396, 1419, 1426, 1457, 1463, 1547, 1639, 1688, 1928, 1946, 2107, 2181, 2195, 2244, 2280, 2312, 2477, 2583, 2816, 2858, 2929, 2988, 2990, 3361, 3415, 3506, 3869, 3997, 4016, 4628, 4783]
RKP_05000_00100_4_01.txt|100.0|0.3484985000000016|[4203]
RKP_05000_00100_4_02.txt|100.0|0.3602646000000007|[4298]
RKP_05000_00100_4_03.txt|100.0|0.38576360000000065|[4228]
RKP_05000_00100_4_04.txt|100.0|0.3409130999999981|[4218]
RKP_05000_00100_4_05.txt|100.0|0.35079100000000096|[4218]
RKP_05000_00100_4_06.txt|100.0|0.37671989999999766|[4207]
RKP_05000_00100_4_07.txt|100.0|0.34666500000000156|[4210]
RKP_05000_00100_4_08.txt|100.0|0.35308599999999757|[4205]
RKP_05000_00100_4_09.txt|100.0|0.40487319999999727|[4209]
RKP_05000_00100_4_10.txt|100.0|0.3648549999999986|[4213]
RKP_05000_00100_5_01.txt|100.0|0.4062930000000051|[72, 305, 533, 1711, 1734, 2106]
RKP_05000_00100_5_02.txt|100.0|0.3547190000000029|[266, 642, 2791, 3109]
RKP_05000_00100_5_03.txt|100.0|0.36848160000000263|[625, 1107, 1677, 2130, 2734, 3294, 3825, 4144]
RKP_05000_00100_5_04.txt|100.0|0.39308119999999747|[3, 17, 66, 70, 457, 503, 732, 1030, 1042, 3123, 3944]
RKP_05000_00100_5_05.txt|100.0|0.35632280000000094|[1008, 4068]
RKP_05000_00100_5_06.txt|100.0|0.3506557999999984|[16, 856, 1046, 2001]
RKP_05000_00100_5_07.txt|100.0|0.3860376999999957|[90, 225, 750, 963, 1019, 1387, 2819, 2826, 3122, 4144, 4503]
RKP_05000_00100_5_08.txt|100.0|0.35886750000000234|[67, 99, 147, 1521, 2055, 2423, 4178]
RKP_05000_00100_5_09.txt|100.0|0.3583726000000027|[1044, 4295]
RKP_05000_00100_5_10.txt|100.0|0.39121619999999524|[312, 730, 887, 1417]
RKP_05000_01000_1_01.txt|57324.0|0.646086099999998|[1, 2, 5, 8, 10, 13, 15, 16, 17, 18, 22, 23, 30, 33, 35, 53, 59, 78, 82, 86, 96, 118, 123, 151, 164, 212, 226, 252, 271, 328, 334, 368, 379, 399, 424, 491, 551, 661, 684, 700, 732, 751, 778, 866, 921, 969, 974, 991, 1034, 1196, 1214, 1232, 1233, 1387, 1431, 1591, 1724, 1742, 1756, 1775, 1810, 1841, 1858, 1919, 1928, 1979, 2077, 2254, 2266, 2481, 2567, 2629, 2777, 2814, 2874, 3144, 3256, 3485, 3534, 3791, 4223, 4479, 4971]
RKP_05000_01000_1_02.txt|57836.0|0.661537200000005|[1, 3, 7, 10, 17, 22, 36, 39, 41, 78, 84, 89, 96, 109, 130, 155, 165, 222, 235, 236, 282, 304, 337, 368, 406, 425, 464, 506, 539, 588, 622, 646, 675, 694, 728, 772, 790, 917, 918, 988, 1055, 1205, 1261, 1277, 1329, 1337, 1343, 1403, 1414, 1455, 1590, 1604, 1677, 1683, 1999, 2011, 2041, 2093, 2120, 2198, 2229, 2379, 2594, 2727, 2745, 2750, 2769, 2800, 2825, 2832, 2973, 3095, 3349, 3565, 3585, 3628, 3668, 3795, 3875, 4489, 4961]
RKP_05000_01000_1_03.txt|53760.99999999541|0.6861409999999992|[1, 3, 13, 20, 22, 24, 33, 60, 62, 67, 72, 76, 94, 114, 129, 135, 165, 174, 176, 186, 192, 272, 339, 344, 441, 479, 515, 533, 649, 749, 810, 852, 882, 933, 940, 988, 1027, 1039, 1146, 1150, 1219, 1262, 1364, 1384, 1415, 1475, 1478, 1483, 1534, 1605, 1614, 1719, 1815, 1822, 1854, 1945, 1979, 2016, 2080, 2125, 2161, 2201, 2314, 2468, 2471, 2688, 2848, 3194, 3232, 3276, 3392, 3920, 4104, 4191, 4193, 4216, 4283, 4640]
RKP_05000_01000_1_04.txt|54712.0|0.6687274000000016|[1, 2, 5, 6, 9, 10, 16, 17, 24, 25, 33, 35, 49, 52, 61, 64, 71, 103, 105, 114, 132, 133, 135, 181, 189, 191, 223, 238, 270, 318, 351, 413, 465, 482, 498, 522, 533, 546, 547, 594, 683, 687, 716, 724, 792, 794, 886, 952, 1021, 1074, 1107, 1142, 1174, 1218, 1275, 1311, 1395, 1416, 1450, 1546, 1597, 1689, 1916, 2023, 2047, 2060, 2177, 2269, 2470, 2550, 2649, 2922, 3023, 3051, 3055, 3271, 3926, 4232, 4277, 4397, 4624, 4775]
RKP_05000_01000_1_05.txt|54205.0000000002|0.6999159999999947|[2, 4, 5, 8, 9, 14, 16, 19, 25, 27, 48, 65, 69, 72, 73, 91, 93, 94, 97, 120, 130, 132, 157, 168, 201, 231, 254, 259, 267, 279, 330, 339, 349, 352, 385, 430, 467, 580, 584, 592, 593, 651, 667, 711, 816, 838, 903, 943, 985, 1012, 1049, 1093, 1142, 1155, 1162, 1227, 1316, 1320, 1321, 1411, 1418, 1474, 1588, 1606, 1607, 1649, 1883, 2004, 2069, 2256, 2263, 2271, 2350, 2360, 2547, 2819, 2834, 3067, 3468, 4053, 4096, 4118, 4385]
RKP_05000_01000_1_06.txt|54427.0|0.683244700000003|[2, 3, 4, 6, 8, 9, 13, 37, 48, 51, 52, 60, 80, 90, 107, 150, 157, 159, 163, 188, 217, 269, 288, 292, 297, 336, 337, 343, 399, 429, 498, 503, 601, 612, 646, 656, 684, 687, 688, 691, 697, 721, 736, 883, 894, 943, 998, 1040, 1062, 1097, 1145, 1192, 1242, 1305, 1368, 1511, 1530, 1689, 1720, 1812, 1879, 1910, 1916, 2012, 2025, 2048, 2050, 2168, 2195, 2442, 2483, 2517, 2633, 2857, 2861, 2865, 2925, 2967, 3076, 3109, 3846, 4183, 4196, 4603, 4793]
RKP_05000_01000_1_07.txt|49842.0|0.6832011999999992|[1, 2, 15, 27, 38, 44, 65, 77, 84, 91, 130, 161, 188, 198, 204, 213, 226, 241, 363, 386, 393, 421, 424, 453, 522, 523, 568, 569, 577, 608, 616, 628, 637, 640, 651, 666, 731, 753, 848, 957, 993, 1047, 1052, 1175, 1178, 1346, 1359, 1367, 1378, 1433, 1449, 1489, 1605, 1645, 1659, 1666, 1697, 1741, 1764, 1865, 1904, 2001, 2087, 2235, 2245, 2593, 2669, 2984, 3438, 3455, 4009, 4078, 4242, 4471]
RKP_05000_01000_1_08.txt|50918.0|0.7970904000000019|[1, 3, 7, 8, 10, 12, 15, 20, 24, 26, 32, 39, 43, 66, 75, 79, 81, 89, 109, 115, 117, 118, 140, 151, 190, 207, 217, 235, 244, 257, 279, 389, 411, 427, 430, 488, 527, 529, 534, 548, 575, 651, 670, 738, 785, 952, 1065, 1088, 1138, 1275, 1344, 1391, 1485, 1487, 1537, 1574, 2070, 2110, 2356, 2382, 2528, 2585, 2723, 2841, 3083, 3170, 3288, 3318, 3788, 3908, 3925, 3937, 4070, 4497, 4666]
RKP_05000_01000_1_09.txt|54770.0|0.697336700000001|[1, 2, 3, 4, 6, 7, 8, 18, 25, 27, 29, 32, 39, 47, 49, 51, 73, 91, 104, 128, 136, 153, 157, 163, 190, 191, 302, 320, 342, 359, 364, 390, 427, 473, 562, 563, 684, 714, 844, 883, 996, 998, 1113, 1242, 1337, 1362, 1366, 1401, 1414, 1434, 1481, 1495, 1579, 1679, 1699, 1714, 1788, 1854, 1911, 2034, 2121, 2239, 2246, 2328, 2364, 2381, 2399, 2651, 2844, 3156, 3179, 3245, 3448, 3556, 3644, 3744, 3900, 3964, 4115]
RKP_05000_01000_1_10.txt|58852.0|0.6592495999999954|[1, 2, 9, 11, 28, 33, 47, 49, 80, 100, 103, 104, 124, 129, 152, 161, 180, 187, 193, 198, 212, 220, 245, 255, 261, 286, 359, 384, 461, 472, 486, 495, 500, 528, 582, 604, 634, 740, 785, 807, 813, 839, 844, 888, 1044, 1076, 1095, 1253, 1313, 1350, 1361, 1413, 1430, 1476, 1479, 1553, 1554, 1636, 1640, 1641, 1680, 1686, 1731, 1817, 1914, 1934, 2153, 2184, 2216, 2309, 2541, 2544, 2560, 2608, 2671, 2698, 2753, 2768, 2867, 3309, 3687, 3836, 4036, 4698, 4815]
RKP_05000_01000_2_01.txt|4379.0|0.9223308999999986|[2, 22, 23, 26, 28, 32, 34, 38, 81, 88, 103, 115, 147, 153, 176, 265, 309, 339, 395, 413, 478, 483, 541, 604, 687, 716, 724, 761, 947, 951, 979, 997, 1046, 1100, 1154, 1473, 1487, 1641, 1730, 1844, 1898, 2000, 2168, 2281, 2400, 2569, 2581, 2671, 3060, 3395, 3919, 4166, 4493, 4598]
RKP_05000_01000_2_02.txt|4753.0|0.8663608000000025|[1, 2, 3, 44, 62, 76, 78, 88, 94, 121, 139, 214, 279, 299, 311, 317, 338, 365, 379, 462, 471, 491, 545, 653, 667, 820, 862, 946, 964, 1000, 1045, 1049, 1068, 1159, 1189, 1196, 1294, 1503, 1577, 1693, 1812, 1856, 2213, 2259, 2308, 2419, 2537, 2581, 2682, 2933, 3024, 3342, 3498]
RKP_05000_01000_2_03.txt|4643.0|0.9017882999999998|[7, 51, 69, 86, 104, 106, 118, 155, 171, 177, 216, 217, 235, 286, 305, 308, 341, 350, 375, 414, 465, 477, 507, 589, 655, 726, 862, 942, 1002, 1132, 1256, 1354, 1483, 1550, 1676, 1958, 2164, 2548, 2601, 2754, 2930, 3087, 3180, 3321, 3343, 3351, 3416, 3540, 3822, 3938, 4457, 4964]
RKP_05000_01000_2_04.txt|4980.0|0.9228961000000027|[1, 3, 7, 17, 22, 23, 51, 59, 63, 82, 153, 163, 183, 247, 302, 348, 371, 400, 509, 545, 557, 585, 662, 667, 703, 758, 768, 916, 1065, 1086, 1100, 1136, 1209, 1319, 1398, 1412, 1539, 1672, 1740, 1799, 1906, 1989, 2237, 2245, 2249, 2408, 2518, 2928, 2989, 3183, 3498, 3530, 3767, 3872, 4236, 4424, 4454]
RKP_05000_01000_2_05.txt|4550.0|0.9194536999999983|[3, 5, 8, 9, 12, 23, 33, 34, 43, 70, 80, 93, 156, 187, 201, 204, 208, 260, 273, 306, 324, 344, 360, 390, 420, 427, 478, 526, 734, 737, 775, 784, 876, 1052, 1064, 1132, 1158, 1223, 1335, 1424, 1576, 1622, 1672, 1680, 1839, 1925, 2179, 2513, 2548, 2943, 3321, 4215, 4333, 4485]
RKP_05000_01000_2_06.txt|4631.0|0.9952091000000038|[1, 2, 5, 27, 30, 36, 59, 61, 63, 78, 94, 105, 114, 138, 152, 154, 159, 242, 252, 328, 336, 344, 464, 470, 473, 672, 683, 739, 790, 793, 900, 925, 1064, 1134, 1317, 1477, 1569, 1746, 1852, 1898, 1933, 1948, 1991, 2201, 2282, 2287, 2446, 2476, 2484, 2638, 2690, 3111, 4131, 4407, 4545, 4951]
RKP_05000_01000_2_07.txt|4923.0|0.9203791999999993|[1, 5, 11, 12, 33, 44, 157, 199, 207, 212, 228, 238, 257, 294, 368, 387, 516, 751, 759, 771, 772, 909, 997, 1139, 1231, 1425, 1437, 1461, 1552, 1593, 1625, 1643, 1702, 1811, 1886, 1902, 1935, 1976, 2206, 2282, 2341, 2446, 2461, 2608, 2843, 2864, 3031, 3085, 3129, 3147, 3196, 3275, 3507, 3882, 3974, 4279, 4429, 4453, 4495]
RKP_05000_01000_2_08.txt|4838.0|0.8346889000000033|[4, 6, 17, 44, 59, 78, 108, 114, 137, 200, 213, 236, 242, 264, 278, 298, 312, 362, 371, 385, 413, 473, 580, 634, 658, 660, 677, 720, 747, 823, 833, 846, 955, 972, 1016, 1067, 1184, 1499, 1664, 1783, 1802, 1924, 2399, 2632, 2683, 2808, 2941, 3148, 3191, 3385, 3623, 3857, 4386]
RKP_05000_01000_2_09.txt|4563.0|0.9560016000000005|[3, 4, 9, 10, 13, 15, 22, 25, 36, 44, 77, 116, 118, 128, 130, 175, 310, 377, 379, 408, 536, 561, 579, 677, 784, 821, 897, 997, 1132, 1226, 1259, 1428, 1556, 1583, 1587, 1627, 1786, 1844, 1967, 1992, 2005, 2094, 2140, 2317, 2637, 2789, 3113, 3478, 3583, 3974, 4669, 4691]
RKP_05000_01000_2_10.txt|4416.0|0.8678615000000036|[9, 15, 18, 25, 29, 36, 55, 74, 82, 95, 99, 137, 149, 191, 227, 294, 312, 351, 420, 555, 587, 749, 880, 899, 922, 939, 941, 1011, 1049, 1175, 1176, 1303, 1314, 1416, 1491, 1494, 1502, 1523, 1619, 1686, 1745, 1926, 2034, 2292, 2318, 2559, 2998, 3163, 3584, 3674, 3712, 4015, 4050, 4084, 4267, 4809]
RKP_05000_01000_3_01.txt|9561.0|0.5077765000000056|[1, 2, 15, 16, 21, 23, 34, 40, 45, 46, 47, 53, 60, 72, 77, 87, 97, 108, 109, 112, 114, 119, 132, 140, 150, 176, 193, 207, 237, 241, 274, 276, 284, 372, 381, 384, 398, 455, 527, 539, 550, 560, 562, 586, 604, 623, 632, 688, 728, 749, 757, 917, 951, 996, 1021, 1038, 1047, 1081, 1139, 1140, 1190, 1198, 1382, 1615, 1698, 1779, 1894, 1958, 2056, 2178, 2241, 2416, 2461, 2640, 2748, 2783, 2851, 2874, 3246, 3421, 3545, 3591, 3683, 4101, 4452, 4476]
RKP_05000_01000_3_02.txt|10043.0|0.6327294999999964|[1, 2, 4, 13, 25, 28, 33, 39, 41, 68, 71, 90, 107, 116, 129, 130, 140, 169, 209, 214, 230, 263, 295, 303, 304, 305, 345, 379, 425, 445, 446, 448, 542, 562, 595, 609, 646, 652, 718, 727, 730, 759, 801, 849, 878, 883, 892, 931, 953, 1022, 1041, 1046, 1083, 1087, 1117, 1161, 1174, 1193, 1240, 1243, 1334, 1365, 1436, 1484, 1486, 1488, 1499, 1885, 1908, 2067, 2080, 2113, 2215, 2330, 2425, 2667, 2704, 2772, 2853, 2933, 2953, 2978, 2998, 3041, 3171, 3308, 3546, 3750, 3832, 4419, 4507]
RKP_05000_01000_3_03.txt|10678.0|0.6021552000000057|[1, 2, 3, 4, 5, 6, 11, 16, 22, 26, 36, 38, 115, 129, 153, 156, 158, 163, 199, 200, 214, 215, 221, 239, 246, 286, 308, 330, 339, 360, 377, 399, 439, 465, 480, 544, 568, 592, 621, 652, 669, 710, 765, 770, 794, 839, 856, 879, 881, 896, 907, 952, 975, 989, 1022, 1041, 1077, 1082, 1157, 1164, 1169, 1231, 1360, 1465, 1498, 1523, 1533, 1559, 1597, 1663, 1688, 1733, 1767, 1874, 2034, 2087, 2202, 2280, 2298, 2319, 2386, 2439, 3166, 3239, 3273, 3477, 3545, 3697, 3722, 3910, 4041, 4084, 4149, 4215, 4338, 4695, 4813]
RKP_05000_01000_3_04.txt|10665.0|0.5838151000000025|[1, 3, 4, 5, 6, 7, 9, 13, 17, 18, 29, 39, 45, 58, 63, 70, 82, 89, 94, 111, 132, 175, 198, 205, 206, 225, 258, 261, 270, 277, 306, 321, 337, 360, 362, 400, 437, 448, 472, 495, 548, 568, 574, 610, 619, 648, 650, 657, 680, 709, 730, 747, 769, 835, 864, 962, 977, 989, 1049, 1064, 1080, 1165, 1226, 1276, 1309, 1322, 1396, 1398, 1493, 1589, 1768, 1786, 1872, 1907, 1912, 1996, 2115, 2150, 2372, 2394, 2516, 2541, 2568, 2593, 2601, 2747, 2868, 2871, 3197, 3274, 3330, 3448, 3612, 4042, 4324, 4440, 4880]
RKP_05000_01000_3_05.txt|9883.0|0.6368542000000019|[1, 2, 3, 4, 6, 7, 8, 10, 11, 16, 19, 25, 26, 29, 32, 34, 37, 48, 49, 112, 122, 143, 162, 169, 184, 212, 219, 256, 283, 344, 348, 358, 386, 491, 501, 513, 555, 620, 632, 658, 692, 708, 748, 768, 777, 830, 912, 985, 998, 1033, 1060, 1069, 1090, 1259, 1292, 1305, 1500, 1502, 1516, 1552, 1588, 1619, 1759, 1770, 1859, 1909, 2123, 2180, 2447, 2460, 2610, 2615, 2723, 2744, 2920, 2970, 3055, 3068, 3106, 3167, 3258, 3370, 3439, 3469, 3558, 3584, 3635, 4338, 4405]
RKP_05000_01000_3_06.txt|10285.0|0.5648975999999948|[1, 2, 4, 6, 7, 12, 16, 37, 39, 45, 46, 55, 71, 76, 82, 84, 85, 86, 94, 102, 106, 124, 126, 135, 141, 184, 193, 206, 213, 214, 227, 249, 265, 276, 286, 288, 350, 368, 404, 418, 431, 469, 488, 490, 573, 603, 607, 623, 665, 686, 702, 734, 760, 767, 801, 813, 839, 859, 931, 1119, 1212, 1281, 1296, 1359, 1466, 1522, 1551, 1610, 1697, 1917, 1991, 2026, 2138, 2251, 2623, 2741, 2756, 2799, 3214, 3239, 3264, 3324, 3390, 3533, 3851, 4000, 4258, 4315, 4322, 4424, 4582, 4808, 4911]
RKP_05000_01000_3_07.txt|10391.0|0.5930622999999997|[1, 2, 3, 5, 6, 11, 13, 29, 31, 33, 36, 60, 73, 75, 76, 79, 84, 94, 100, 113, 125, 214, 218, 220, 221, 251, 265, 291, 293, 295, 319, 360, 393, 398, 413, 417, 427, 462, 477, 487, 527, 593, 608, 640, 714, 762, 827, 849, 883, 884, 891, 896, 919, 991, 1003, 1055, 1066, 1090, 1123, 1173, 1179, 1407, 1470, 1544, 1564, 1709, 1783, 1789, 1792, 1825, 1998, 2043, 2104, 2111, 2360, 2448, 2587, 2716, 2900, 2966, 3085, 3135, 3146, 3438, 3609, 3628, 3716, 3731, 3836, 3854, 4131, 4233, 4456, 4659]
RKP_05000_01000_3_08.txt|10462.0|0.5625684999999976|[1, 2, 3, 4, 6, 7, 14, 20, 22, 28, 30, 34, 35, 73, 77, 80, 82, 122, 134, 152, 154, 162, 213, 217, 226, 250, 260, 264, 270, 279, 295, 301, 331, 394, 474, 489, 525, 556, 654, 656, 686, 707, 725, 883, 895, 901, 944, 953, 1009, 1014, 1036, 1050, 1077, 1117, 1134, 1135, 1159, 1273, 1395, 1502, 1513, 1588, 1636, 1733, 1770, 1810, 1967, 1970, 1976, 2019, 2025, 2088, 2364, 2402, 2484, 2808, 2858, 2977, 3017, 3087, 3214, 3237, 3284, 3346, 3445, 3557, 3571, 3808, 3939, 4022, 4192, 4463, 4487, 4767, 4779]
RKP_05000_01000_3_09.txt|9471.0|0.5888522999999992|[1, 2, 4, 9, 13, 26, 40, 46, 51, 61, 73, 77, 83, 87, 99, 100, 106, 111, 136, 152, 159, 207, 237, 242, 290, 354, 376, 384, 412, 426, 444, 453, 462, 492, 494, 516, 556, 564, 655, 661, 664, 671, 751, 760, 786, 797, 830, 852, 886, 921, 931, 1148, 1153, 1189, 1313, 1322, 1420, 1468, 1471, 1488, 1684, 1872, 1978, 2024, 2051, 2055, 2287, 2401, 2486, 2497, 2511, 2577, 2621, 2657, 2706, 2941, 3256, 3392, 3443, 3538, 3572, 3618, 4136, 4292, 4818]
RKP_05000_01000_3_10.txt|10183.0|0.6309408999999988|[1, 2, 3, 5, 6, 10, 14, 16, 25, 33, 37, 50, 52, 62, 69, 73, 89, 112, 119, 145, 194, 196, 218, 219, 223, 235, 270, 272, 275, 287, 305, 308, 312, 343, 353, 360, 369, 389, 393, 413, 417, 456, 458, 627, 692, 781, 789, 811, 876, 907, 944, 1019, 1093, 1097, 1125, 1184, 1279, 1317, 1329, 1343, 1498, 1530, 1785, 1803, 1847, 1854, 2030, 2139, 2189, 2224, 2322, 2458, 2611, 2764, 2813, 2894, 2915, 2940, 3064, 3119, 3150, 3240, 3251, 3435, 3589, 3788, 3879, 4052, 4227, 4466, 4631, 4788]
RKP_05000_01000_4_01.txt|1000.0|0.46682500000000005|[4615]
RKP_05000_01000_4_02.txt|1000.0|0.5038136000000009|[4655]
RKP_05000_01000_4_03.txt|1000.0|0.5082549000000043|[4639]
RKP_05000_01000_4_04.txt|1000.0|0.4576319999999967|[4573]
RKP_05000_01000_4_05.txt|1000.0|0.4747831999999974|[4575]
RKP_05000_01000_4_06.txt|1000.0|0.5122302999999988|[4580]
RKP_05000_01000_4_07.txt|1000.0|0.4651664000000011|[4493]
RKP_05000_01000_4_08.txt|1000.0|0.4653172000000012|[4472]
RKP_05000_01000_4_09.txt|1000.0|0.5102213000000049|[4528]
RKP_05000_01000_4_10.txt|1000.0|0.4652995999999945|[4560]
RKP_05000_01000_5_01.txt|1000.0|0.5719970999999902|[10, 24, 730, 923, 935, 1197, 1391, 4538, 4914]
RKP_05000_01000_5_02.txt|1000.0|0.5302529000000078|[7, 10, 52, 90, 150, 390, 698, 961, 1002, 1090, 3547]
RKP_05000_01000_5_03.txt|1000.0|0.5415524000000005|[1, 100, 103, 191, 192, 373, 1005, 1019, 1029, 1189, 1449, 1459, 1978, 2574, 3162, 3308]
RKP_05000_01000_5_04.txt|1000.0|0.557700699999998|[603, 957, 1004, 1127, 1474, 1572]
RKP_05000_01000_5_05.txt|1000.0|0.548434400000005|[15, 21, 89, 96, 154, 345, 1006, 1652, 1899]
RKP_05000_01000_5_06.txt|1000.0|0.5473929000000055|[2, 188, 259, 1531, 3472, 3803, 3855]
RKP_05000_01000_5_07.txt|1000.0|0.547918700000011|[1, 352, 953, 1795]
RKP_05000_01000_5_08.txt|1000.0|0.5331124000000074|[10, 30, 614, 707, 1314, 1434, 2103]
RKP_05000_01000_5_09.txt|1000.0|0.5545185000000004|[2416, 3453]
RKP_05000_01000_5_10.txt|1000.0|0.5641778000000102|[275, 532, 1449, 2232, 3051]
RKP_05000_05000_1_01.txt|254385.0|0.7335564999999917|[2, 4, 8, 21, 30, 36, 40, 41, 47, 74, 75, 96, 100, 127, 134, 149, 168, 174, 203, 206, 226, 234, 239, 248, 254, 255, 263, 274, 279, 290, 358, 477, 496, 562, 601, 604, 688, 747, 798, 826, 901, 981, 1034, 1200, 1201, 1231, 1235, 1247, 1260, 1270, 1293, 1305, 1416, 1437, 1543, 1595, 1674, 1850, 1939, 1999, 2002, 2195, 2321, 2489, 2685, 2945, 2997, 3113, 3721, 3813, 4077, 4777, 4810]
RKP_05000_05000_1_02.txt|310430.0|0.6867494999999906|[1, 2, 4, 8, 9, 10, 14, 18, 21, 24, 38, 45, 55, 57, 59, 104, 113, 117, 141, 231, 235, 238, 240, 258, 269, 297, 310, 334, 341, 349, 361, 365, 378, 396, 444, 470, 474, 537, 574, 668, 712, 787, 805, 814, 903, 1005, 1041, 1044, 1089, 1107, 1115, 1152, 1203, 1266, 1309, 1374, 1434, 1459, 1556, 1722, 1786, 1855, 1870, 2039, 2089, 2174, 2177, 2306, 2322, 2403, 2501, 2667, 2706, 3059, 3588, 3696, 3754, 3842, 3886, 3921, 3940, 4013, 4197, 4382, 4402, 4712, 4832]
RKP_05000_05000_1_03.txt|290086.0|0.7822909000000067|[1, 5, 7, 8, 18, 22, 25, 31, 39, 46, 62, 78, 80, 86, 110, 115, 133, 206, 231, 233, 246, 249, 297, 318, 339, 353, 393, 426, 429, 435, 451, 481, 482, 488, 504, 557, 582, 586, 645, 651, 779, 811, 872, 908, 960, 1083, 1098, 1099, 1108, 1115, 1212, 1235, 1236, 1261, 1265, 1290, 1374, 1414, 1441, 1477, 1594, 1775, 2264, 2426, 2438, 2615, 2630, 2760, 2859, 3154, 3247, 3414, 3417, 3443, 3493, 3512, 3843, 4284, 4414]
RKP_05000_05000_1_04.txt|304781.0|0.6948498000000001|[1, 3, 5, 9, 12, 18, 24, 25, 34, 38, 48, 68, 75, 76, 85, 90, 105, 135, 145, 148, 169, 173, 189, 202, 222, 226, 240, 291, 299, 318, 326, 332, 333, 368, 376, 387, 390, 408, 422, 484, 557, 559, 675, 710, 778, 787, 809, 814, 831, 935, 1072, 1389, 1417, 1418, 1675, 1677, 1753, 1758, 1859, 1875, 1938, 2003, 2013, 2051, 2061, 2283, 2312, 2328, 2372, 2581, 2584, 2813, 2991, 3260, 3305, 3410, 3547, 3568, 3651, 3652, 3802, 3813, 3850, 4172, 4260, 4286, 4384, 4668, 4715]
RKP_05000_05000_1_05.txt|291279.0|0.7715294999999998|[1, 2, 3, 7, 8, 12, 17, 22, 23, 26, 32, 33, 38, 46, 55, 62, 127, 130, 131, 139, 143, 146, 148, 153, 156, 167, 210, 214, 227, 245, 261, 301, 378, 403, 459, 463, 518, 555, 559, 582, 663, 694, 838, 950, 1098, 1281, 1372, 1432, 1460, 1483, 1492, 1642, 1662, 1668, 1887, 1929, 1993, 2025, 2045, 2118, 2215, 2223, 2309, 2352, 2411, 2427, 2467, 2579, 2657, 2732, 2804, 2910, 3024, 3175, 3186, 3722, 3813, 3873, 4108, 4208, 4354, 4374, 4789, 4846]
RKP_05000_05000_1_06.txt|270746.0|0.6698123999999979|[2, 7, 8, 9, 18, 20, 23, 40, 64, 71, 76, 79, 82, 85, 87, 120, 236, 243, 274, 275, 338, 347, 363, 378, 407, 427, 445, 514, 523, 538, 581, 608, 613, 621, 649, 651, 693, 707, 715, 754, 813, 825, 830, 850, 925, 956, 1041, 1054, 1065, 1125, 1154, 1227, 1280, 1305, 1308, 1578, 1641, 1671, 1730, 1855, 1927, 1981, 2011, 2048, 2132, 2204, 2210, 2228, 2309, 2386, 2509, 2640, 2701, 2729, 2949, 3104, 3361, 3613, 3938, 3978, 4540, 4561, 4692]
RKP_05000_05000_1_07.txt|258040.0|0.7694417000000016|[1, 2, 3, 4, 6, 7, 8, 15, 16, 29, 30, 31, 44, 79, 83, 109, 119, 121, 153, 175, 182, 190, 215, 230, 233, 248, 249, 266, 287, 294, 303, 346, 380, 381, 457, 463, 478, 507, 529, 536, 575, 667, 690, 730, 739, 745, 768, 785, 829, 864, 916, 1228, 1246, 1263, 1267, 1315, 1375, 1406, 1520, 1525, 1616, 1804, 1820, 1849, 1894, 1897, 2162, 2273, 2529, 2688, 2725, 2846, 2854, 3045, 3888, 3965, 4149, 4225, 4260, 4664, 4751]
RKP_05000_05000_1_08.txt|252443.0|0.7593707000000052|[3, 5, 16, 30, 38, 41, 91, 95, 97, 115, 122, 124, 137, 138, 156, 171, 232, 253, 275, 280, 342, 363, 367, 371, 402, 451, 453, 471, 478, 512, 523, 528, 560, 596, 669, 674, 706, 764, 836, 878, 902, 949, 984, 1167, 1179, 1247, 1421, 1439, 1506, 1546, 1549, 1552, 1678, 1737, 1919, 1941, 2042, 2047, 2285, 2312, 2428, 2525, 2536, 2600, 2643, 2676, 2681, 2805, 3166, 3599, 3666, 3744, 3792, 3833, 3998, 4080, 4195, 4393, 4527, 4596]
RKP_05000_05000_1_09.txt|263147.0|0.734098000000003|[1, 3, 5, 12, 14, 17, 42, 52, 66, 76, 77, 99, 104, 113, 114, 126, 139, 151, 156, 170, 176, 179, 196, 234, 243, 282, 299, 312, 325, 339, 355, 376, 380, 404, 438, 448, 460, 475, 537, 542, 563, 565, 682, 701, 726, 820, 847, 871, 1006, 1064, 1126, 1227, 1245, 1314, 1350, 1355, 1416, 1458, 1466, 1504, 1510, 1592, 1594, 1596, 1635, 1788, 1808, 1917, 1979, 2228, 2450, 2497, 2554, 2557, 2593, 2636, 2834, 3197, 4248, 4486, 4489, 4615]
RKP_05000_05000_1_10.txt|249627.0|0.5711504000000076|[2, 7, 10, 14, 18, 24, 38, 60, 92, 131, 144, 153, 185, 278, 286, 302, 380, 414, 428, 467, 472, 659, 724, 746, 756, 803, 862, 863, 867, 909, 959, 981, 1015, 1340, 1402, 1479, 1504, 1609, 1652, 1725, 1766, 1930, 1998, 2050, 2082, 2151, 2281, 2306, 2498, 2580, 2607, 2608, 2629, 2786, 2810, 2870, 2942, 3028, 3060, 3067, 3078, 3101, 3198, 3229, 3261, 3450, 3471, 4380, 4532]
RKP_05000_05000_2_01.txt|24009.0|0.8995673999999951|[1, 8, 18, 19, 20, 21, 32, 49, 52, 65, 70, 93, 98, 157, 235, 250, 279, 293, 319, 335, 383, 411, 475, 515, 579, 690, 748, 750, 866, 953, 986, 1045, 1059, 1308, 1367, 1482, 1497, 1505, 1635, 1665, 1885, 1937, 2113, 2236, 2251, 2458, 2687, 3403, 3667, 3722, 3808, 3883, 4544, 4844]
RKP_05000_05000_2_02.txt|20743.0|0.9309125000000051|[5, 14, 15, 28, 56, 79, 91, 96, 106, 131, 161, 191, 220, 294, 530, 563, 582, 598, 677, 707, 710, 722, 762, 836, 857, 997, 1058, 1069, 1172, 1592, 1649, 1714, 2060, 2069, 2244, 2272, 2429, 2839, 3100, 3515, 3641, 3796, 3813, 3984, 4007, 4564]
RKP_05000_05000_2_03.txt|20095.0|0.9971879000000001|[1, 3, 4, 5, 13, 38, 41, 44, 45, 49, 64, 94, 146, 177, 306, 338, 375, 394, 441, 465, 477, 502, 544, 582, 659, 783, 812, 966, 983, 1207, 1212, 1269, 1307, 1422, 1429, 1432, 1536, 1998, 2224, 2272, 2790, 2868, 2869, 3090, 3368, 3630, 3757, 3839, 3957, 4565, 4939]
RKP_05000_05000_2_04.txt|26475.999999996748|0.8833672999999891|[1, 2, 3, 4, 19, 20, 21, 23, 37, 43, 47, 49, 60, 71, 78, 82, 122, 126, 131, 147, 154, 165, 187, 206, 262, 264, 307, 322, 346, 406, 422, 455, 491, 547, 583, 637, 655, 803, 832, 893, 1068, 1124, 1187, 1223, 1329, 1335, 1412, 1478, 1508, 1586, 1606, 1748, 1770, 2093, 2308, 2318, 2319, 2343, 2382, 2632, 2705, 2773, 3212, 3257, 3288, 3593, 3704]
RKP_05000_05000_2_05.txt|24205.0|0.8980585000000048|[5, 8, 9, 13, 34, 66, 70, 96, 103, 113, 128, 145, 163, 167, 220, 312, 317, 350, 370, 481, 501, 513, 551, 595, 606, 626, 662, 734, 856, 932, 962, 976, 1011, 1022, 1034, 1103, 1153, 1175, 1232, 1242, 1260, 1394, 1588, 1768, 1813, 2493, 2569, 2678, 2694, 2906, 3623, 3798, 4092, 4182, 4330, 4410, 4902]
RKP_05000_05000_2_06.txt|21061.0|0.9505747999999983|[8, 27, 30, 43, 74, 106, 136, 281, 303, 326, 356, 373, 411, 437, 523, 526, 574, 629, 637, 689, 726, 731, 832, 866, 872, 912, 976, 985, 1070, 1073, 1342, 1461, 1638, 1756, 1805, 1807, 1814, 2245, 2357, 3064, 3105, 3248, 3371, 3437, 3580, 3746, 3749, 3764]
RKP_05000_05000_2_07.txt|23940.0|0.9080674000000073|[7, 12, 16, 26, 30, 36, 72, 75, 129, 152, 169, 199, 253, 383, 411, 421, 428, 452, 461, 528, 624, 631, 667, 713, 725, 903, 926, 932, 989, 1115, 1137, 1326, 1435, 1438, 1460, 1581, 1614, 1730, 1734, 1988, 2037, 2045, 2118, 2664, 2838, 3005, 3180, 3189, 3396, 3690, 3704, 3747, 3935, 3995, 4066, 4239, 4779]
RKP_05000_05000_2_08.txt|24654.0|0.9372541999999981|[2, 9, 17, 20, 27, 30, 34, 83, 116, 125, 155, 160, 179, 192, 245, 259, 274, 286, 315, 332, 409, 449, 461, 551, 603, 659, 724, 746, 760, 782, 811, 899, 944, 953, 1064, 1239, 1262, 1464, 1520, 1597, 1683, 1692, 1714, 1822, 1834, 1835, 2024, 2078, 2350, 2598, 2814, 2856, 2906, 2907, 3039, 3119, 3274, 3335, 3356, 3617, 3691]
RKP_05000_05000_2_09.txt|24945.0|0.996168400000002|[1, 2, 3, 4, 7, 19, 26, 33, 36, 61, 74, 82, 83, 105, 128, 129, 152, 157, 164, 173, 178, 180, 181, 221, 251, 279, 327, 360, 385, 394, 413, 423, 519, 574, 632, 634, 829, 893, 899, 920, 973, 1012, 1177, 1179, 1184, 1213, 1231, 1308, 1378, 1555, 1687, 1802, 1812, 2129, 2382, 2555, 2584, 3741, 4230, 4702, 4959]
RKP_05000_05000_2_10.txt|23907.0|0.8384791000000007|[1, 2, 14, 23, 24, 42, 70, 82, 97, 117, 133, 153, 175, 205, 233, 261, 268, 294, 311, 317, 330, 351, 424, 452, 465, 586, 657, 666, 725, 728, 856, 899, 1060, 1078, 1136, 1230, 1530, 1620, 1742, 1757, 1908, 2102, 2124, 2264, 2524, 2594, 2605, 2854, 2884, 3018, 3271, 3272, 3467, 3568, 3618, 4367, 4670]
RKP_05000_05000_3_01.txt|50824.0|0.676036400000001|[1, 4, 6, 9, 10, 12, 16, 21, 26, 39, 45, 54, 55, 58, 79, 83, 88, 94, 96, 106, 122, 137, 157, 164, 169, 171, 198, 284, 289, 336, 449, 452, 480, 499, 510, 528, 563, 595, 625, 628, 634, 638, 646, 731, 736, 787, 800, 801, 814, 833, 870, 926, 1004, 1013, 1075, 1080, 1132, 1180, 1223, 1290, 1291, 1328, 1409, 1410, 1430, 1664, 1846, 1850, 1887, 2024, 2025, 2100, 2122, 2145, 2266, 2296, 2312, 2454, 2544, 2738, 2781, 2831, 2987, 3020, 3210, 3361, 3715, 3941, 4085, 4348, 4483, 4523]
RKP_05000_05000_3_02.txt|48323.0|0.6966431000000028|[1, 2, 5, 8, 9, 16, 25, 30, 32, 33, 37, 38, 42, 50, 55, 58, 59, 85, 92, 99, 115, 117, 133, 151, 155, 205, 217, 221, 303, 360, 365, 384, 389, 405, 407, 409, 493, 507, 509, 597, 598, 601, 607, 747, 769, 773, 869, 885, 967, 969, 985, 1093, 1132, 1198, 1199, 1200, 1229, 1232, 1457, 1509, 1675, 1814, 1914, 1970, 2025, 2038, 2118, 2259, 2345, 2392, 2501, 2529, 2556, 2589, 2826, 3092, 3230, 3282, 3743, 3779, 3922, 4134, 4175, 4338, 4488, 4553, 4589]
RKP_05000_05000_3_03.txt|51874.0|0.649075400000001|[1, 2, 3, 4, 5, 6, 8, 9, 10, 12, 13, 15, 21, 25, 38, 46, 58, 67, 79, 88, 90, 113, 116, 127, 128, 183, 185, 186, 194, 219, 223, 281, 323, 366, 433, 471, 489, 523, 553, 554, 592, 618, 636, 682, 703, 742, 763, 764, 826, 856, 950, 963, 970, 1011, 1029, 1061, 1099, 1128, 1129, 1187, 1238, 1255, 1278, 1495, 1516, 1547, 1613, 1677, 1691, 1696, 1729, 1777, 1800, 1855, 1875, 1960, 2147, 2274, 2297, 2420, 2430, 2439, 2585, 2657, 2713, 2750, 2768, 3112, 3385, 3389, 3452, 3819, 3909, 4032]
RKP_05000_05000_3_04.txt|52384.0|0.6788078000000013|[1, 4, 6, 9, 11, 12, 14, 19, 27, 31, 32, 34, 47, 51, 61, 71, 83, 93, 94, 101, 102, 141, 156, 169, 173, 177, 183, 198, 208, 229, 236, 249, 256, 274, 282, 284, 304, 343, 375, 404, 412, 454, 455, 476, 479, 505, 585, 640, 648, 718, 720, 779, 843, 868, 888, 907, 936, 1033, 1119, 1130, 1304, 1433, 1564, 1589, 1746, 1793, 1800, 1804, 2018, 2081, 2146, 2428, 2441, 2551, 2704, 2727, 2854, 2915, 2979, 3065, 3143, 3330, 3391, 3454, 3497, 3523, 3543, 3625, 3841, 3856, 3870, 4104, 4170, 4343, 4713]
RKP_05000_05000_3_05.txt|48357.0|0.7681828999999993|[1, 2, 4, 5, 8, 10, 12, 13, 15, 17, 18, 24, 28, 32, 34, 44, 50, 58, 62, 70, 72, 81, 95, 97, 139, 150, 166, 207, 242, 247, 259, 268, 271, 317, 331, 368, 372, 375, 406, 441, 442, 533, 537, 555, 616, 617, 652, 729, 743, 779, 814, 839, 945, 958, 969, 984, 1044, 1073, 1182, 1313, 1506, 1640, 1655, 1664, 1680, 1686, 1696, 1745, 1771, 1852, 1951, 1982, 2222, 2428, 2606, 2910, 2994, 3119, 3138, 3442, 3566, 3569, 3993, 4138, 4267, 4618, 4707]
RKP_05000_05000_3_06.txt|52254.0|0.6465708000000063|[1, 2, 3, 6, 7, 8, 9, 10, 18, 22, 23, 28, 30, 43, 44, 48, 55, 78, 93, 97, 101, 115, 125, 130, 132, 141, 165, 190, 233, 234, 239, 242, 262, 285, 313, 377, 382, 386, 403, 430, 480, 542, 607, 616, 617, 623, 645, 671, 692, 737, 817, 839, 845, 909, 924, 934, 977, 985, 1005, 1115, 1123, 1191, 1248, 1379, 1678, 1939, 1967, 1989, 2100, 2115, 2169, 2300, 2334, 2338, 2412, 2537, 2540, 2626, 2697, 2724, 2793, 2868, 3065, 3251, 3325, 3359, 3441, 3448, 3857, 3871, 3946, 4129, 4180, 4300, 4383]
RKP_05000_05000_3_07.txt|47856.0|0.6733215999999942|[1, 2, 4, 10, 12, 13, 46, 61, 82, 88, 119, 124, 130, 143, 169, 192, 217, 220, 224, 231, 232, 283, 304, 348, 395, 412, 459, 462, 476, 487, 490, 525, 544, 599, 609, 652, 656, 684, 717, 718, 723, 739, 766, 796, 813, 817, 835, 866, 897, 924, 1005, 1090, 1102, 1127, 1213, 1323, 1338, 1403, 1405, 1420, 1497, 1579, 1588, 1664, 1728, 1818, 1854, 1939, 2093, 2201, 2255, 2287, 2348, 2379, 2399, 2551, 2643, 2655, 2747, 2824, 3347, 3890, 3987, 4288, 4656, 4796]
RKP_05000_05000_3_08.txt|47853.0|0.6570044000000053|[1, 3, 4, 6, 14, 16, 18, 22, 28, 39, 43, 53, 54, 60, 73, 78, 89, 91, 105, 122, 147, 150, 152, 192, 205, 237, 241, 251, 254, 280, 289, 294, 351, 391, 430, 433, 454, 484, 524, 640, 692, 731, 742, 752, 762, 784, 828, 857, 876, 938, 1104, 1105, 1145, 1185, 1224, 1266, 1311, 1371, 1405, 1450, 1520, 1613, 1778, 1833, 1856, 1969, 2150, 2221, 2250, 2393, 2413, 2418, 2446, 2528, 2636, 2750, 2859, 2945, 2988, 3102, 3512, 3967, 4022, 4469, 4510, 4805]
RKP_05000_05000_3_09.txt|51790.0|0.6417596000000003|[1, 2, 3, 4, 10, 13, 17, 19, 25, 26, 35, 42, 43, 54, 75, 96, 111, 112, 123, 133, 150, 165, 184, 233, 252, 259, 299, 317, 345, 354, 356, 387, 406, 413, 431, 512, 532, 533, 593, 609, 629, 642, 643, 679, 693, 767, 814, 830, 851, 877, 913, 929, 932, 1146, 1162, 1282, 1328, 1343, 1469, 1479, 1549, 1555, 1562, 1563, 1667, 1727, 1746, 1813, 1933, 1945, 2111, 2247, 2427, 2435, 2484, 2525, 2746, 2748, 2773, 2885, 2926, 2994, 3009, 3338, 3677, 3684, 3864, 4077, 4240, 4246, 4313, 4338, 4789, 4825]
RKP_05000_05000_3_10.txt|50879.0|0.7505176000000091|[3, 4, 5, 9, 10, 13, 14, 18, 23, 24, 25, 26, 41, 44, 48, 51, 57, 59, 60, 67, 98, 102, 120, 137, 170, 190, 227, 243, 261, 306, 309, 313, 319, 371, 394, 402, 405, 481, 490, 535, 576, 577, 605, 607, 616, 664, 665, 668, 675, 716, 722, 848, 893, 988, 1062, 1075, 1099, 1135, 1159, 1202, 1224, 1258, 1284, 1307, 1358, 1405, 1444, 1567, 1639, 1714, 1891, 1969, 2536, 2562, 2573, 2643, 2698, 2748, 2923, 2978, 3046, 3218, 3222, 3301, 3454, 3459, 3468, 3640, 3759, 3824, 4391, 4808]
RKP_05000_05000_4_01.txt|5000.0|0.5619379999999978|[4658]
RKP_05000_05000_4_02.txt|5000.0|0.5551166999999992|[4978]
RKP_05000_05000_4_03.txt|5000.0|0.6183345000000031|[4795]
RKP_05000_05000_4_04.txt|4998.0|0.584434200000004|[4737]
RKP_05000_05000_4_05.txt|5000.0|0.552400899999995|[4783]
RKP_05000_05000_4_06.txt|5000.0|0.5891700999999898|[4625]
RKP_05000_05000_4_07.txt|5000.0|0.5789839000000114|[4778]
RKP_05000_05000_4_08.txt|5000.0|0.6052772999999974|[4910]
RKP_05000_05000_4_09.txt|5000.0|0.5846157000000005|[4770]
RKP_05000_05000_4_10.txt|4999.0|0.5560700000000054|[4786]
RKP_05000_05000_5_01.txt|5000.0|0.7413083999999941|[273, 1566, 2112, 2134, 2173, 2359, 3485, 4363]
RKP_05000_05000_5_02.txt|5000.0|0.711336799999998|[28, 112, 257, 312, 807, 1232, 1445, 1761, 2181]
RKP_05000_05000_5_03.txt|5000.0|0.6028766999999959|[1, 10, 101, 116, 927, 971, 1408, 2402]
RKP_05000_05000_5_04.txt|5000.0|0.623571400000003|[1, 100, 805, 936, 973, 1002, 1274]
RKP_05000_05000_5_05.txt|5000.0|0.6851575000000025|[136, 292, 1562, 1909, 2137, 2655]
RKP_05000_05000_5_06.txt|5000.0|0.5769133000000011|[1, 24, 82, 100, 924, 987, 1026, 3079]
RKP_05000_05000_5_07.txt|5000.0|0.6791302999999971|[10, 407, 797, 1012, 1050, 1617, 1851, 2238]
RKP_05000_05000_5_08.txt|5000.0|0.7127309999999909|[246, 264, 1009, 2202]
RKP_05000_05000_5_09.txt|5000.0|0.6149836999999962|[1, 955, 966, 1014, 1104, 1207, 1315, 1400, 3859]
RKP_05000_05000_5_10.txt|5000.0|0.628858699999995|[92, 817, 1241, 2308, 2328]
