RKP_00100_00100_1_01.txt|477.0|0.11307860000000003|[1, 3, 17, 22, 28, 31]
RKP_00100_00100_1_02.txt|595.0|0.0816735999999999|[1, 9, 37, 44, 47, 48, 50, 56, 91]
RKP_00100_00100_1_03.txt|486.0|0.050485300000000066|[1, 2, 4, 10, 14, 34, 63]
RKP_00100_00100_1_04.txt|424.0|0.07422689999999998|[3, 7, 9, 15, 43, 74]
RKP_00100_00100_1_05.txt|474.0|0.1080738|[11, 16, 20, 22, 30, 66, 79]
RKP_00100_00100_1_06.txt|702.0|0.10708350000000011|[5, 16, 17, 31, 47, 48, 55, 57, 83, 97]
RKP_00100_00100_1_07.txt|326.0|0.0712670999999998|[13, 33, 39, 46, 51, 60]
RKP_00100_00100_1_08.txt|675.0|0.07255999999999996|[1, 2, 5, 6, 7, 13, 24, 30, 76, 87, 92]
RKP_00100_00100_1_09.txt|378.0|0.06681120000000007|[5, 16, 18, 23, 24, 52]
RKP_00100_00100_1_10.txt|489.0|0.08469520000000008|[1, 2, 4, 11, 13, 20, 27, 33]
RKP_00100_00100_2_01.txt|99.0|0.12074160000000012|[1, 2, 6, 20, 22, 41, 43, 57]
RKP_00100_00100_2_02.txt|98.0|0.048291799999999885|[4, 5, 8, 28, 30, 40, 80]
RKP_00100_00100_2_03.txt|100.0|0.06809010000000004|[1, 5, 31, 41, 48, 51, 59, 75]
RKP_00100_00100_2_04.txt|91.0|0.06780699999999995|[2, 8, 11, 18, 26, 50]
RKP_00100_00100_2_05.txt|74.0|0.06480969999999986|[30, 34, 64, 96]
RKP_00100_00100_2_06.txt|69.0|0.059089600000000075|[2, 3, 47, 67, 79]
RKP_00100_00100_2_07.txt|87.0|0.06518950000000001|[3, 7, 13, 15, 22, 28]
RKP_00100_00100_2_08.txt|79.0|0.07230960000000008|[1, 2, 12, 16, 28, 48]
RKP_00100_00100_2_09.txt|76.0|0.06551299999999993|[4, 9, 20, 37, 75]
RKP_00100_00100_2_10.txt|84.0|0.08919090000000018|[1, 2, 4, 5, 40, 64, 65]
RKP_00100_00100_3_01.txt|117.0|0.05481349999999985|[2, 3, 5, 6, 8, 29, 44]
RKP_00100_00100_3_02.txt|127.0|0.05638370000000004|[1, 2, 3, 8, 17, 24, 25, 52]
RKP_00100_00100_3_03.txt|147.0|0.058203400000000016|[3, 4, 6, 12, 14, 23, 45, 46, 49, 75]
RKP_00100_00100_3_04.txt|127.0|0.12049429999999983|[6, 8, 9, 14, 21, 26, 34, 48]
RKP_00100_00100_3_05.txt|117.0|0.08205839999999975|[1, 2, 7, 10, 12, 25, 52]
RKP_00100_00100_3_06.txt|156.0|0.06439150000000016|[2, 3, 4, 6, 8, 11, 27, 31, 40, 66, 72]
RKP_00100_00100_3_07.txt|127.0|0.06714660000000006|[2, 7, 13, 14, 27, 72, 83, 89]
RKP_00100_00100_3_08.txt|127.0|0.061432299999999884|[1, 3, 7, 9, 12, 18, 33, 62]
RKP_00100_00100_3_09.txt|117.0|0.08466059999999986|[1, 32, 42, 44, 48, 57, 89]
RKP_00100_00100_3_10.txt|137.0|0.06547999999999998|[5, 6, 20, 60, 62, 66, 67, 69, 93]
RKP_00100_00100_4_01.txt|36.00000000000001|0.04798379999999991|[24]
RKP_00100_00100_4_02.txt|35.0|0.05488060000000017|[15]
RKP_00100_00100_4_03.txt|36.00000000000001|0.05426259999999994|[26]
RKP_00100_00100_4_04.txt|37.0|0.045478600000000036|[17]
RKP_00100_00100_4_05.txt|36.00000000000001|0.054508199999999896|[9]
RKP_00100_00100_4_06.txt|36.00000000000001|0.05456400000000006|[9]
RKP_00100_00100_4_07.txt|37.0|0.05582700000000029|[14]
RKP_00100_00100_4_08.txt|37.0|0.05415709999999985|[15]
RKP_00100_00100_4_09.txt|37.0|0.055892300000000006|[56]
RKP_00100_00100_4_10.txt|36.00000000000001|0.054534900000000164|[44]
RKP_00100_00100_5_01.txt|47.0|0.05652770000000018|[1, 37]
RKP_00100_00100_5_02.txt|47.0|0.05715619999999966|[1, 55]
RKP_00100_00100_5_03.txt|47.0|0.05594929999999998|[1, 28]
RKP_00100_00100_5_04.txt|47.0|0.05596739999999967|[31]
RKP_00100_00100_5_05.txt|47.0|0.04811209999999999|[1, 30]
RKP_00100_00100_5_06.txt|47.0|0.05301409999999995|[11]
RKP_00100_00100_5_07.txt|47.0|0.05544830000000012|[1, 5, 65]
RKP_00100_00100_5_08.txt|47.0|0.05581809999999976|[1, 30]
RKP_00100_00100_5_09.txt|47.0|0.056619399999999764|[1, 47]
RKP_00100_00100_5_10.txt|47.0|0.057784399999999625|[10, 47]
RKP_00500_00100_1_01.txt|1088.0|0.08325320000000014|[2, 3, 6, 25, 27, 40, 75, 120, 140, 148, 173, 211, 222, 269, 284, 304, 500]
RKP_00500_00100_1_02.txt|956.0|0.10472839999999994|[4, 13, 77, 87, 89, 102, 109, 132, 175, 205, 288, 289, 325, 351, 388]
RKP_00500_00100_1_03.txt|911.0|0.0979523999999996|[1, 5, 11, 16, 30, 40, 111, 113, 123, 139, 140, 147, 158, 228, 360, 496]
RKP_00500_00100_1_04.txt|1149.0|0.11308910000000072|[11, 41, 48, 59, 64, 65, 93, 94, 121, 156, 197, 245, 315, 359]
RKP_00500_00100_1_05.txt|1158.0|0.1127406999999998|[2, 10, 11, 17, 18, 23, 24, 26, 72, 116, 136, 192, 203, 215, 363, 402]
RKP_00500_00100_1_06.txt|1260.0|0.10849930000000008|[3, 5, 13, 22, 34, 35, 50, 52, 89, 165, 182, 190, 211, 230, 240, 411, 490]
RKP_00500_00100_1_07.txt|1293.0|0.11842419999999976|[2, 21, 22, 31, 40, 47, 80, 97, 126, 165, 192, 206, 257, 322, 410, 461, 469, 492]
RKP_00500_00100_1_08.txt|1183.0|0.08016169999999967|[1, 2, 3, 4, 10, 16, 29, 106, 146, 156, 165, 185, 225, 258, 332, 378, 450]
RKP_00500_00100_1_09.txt|1067.0|0.10483870000000017|[16, 19, 39, 54, 77, 108, 148, 151, 153, 163, 180, 221, 307, 324, 344, 496]
RKP_00500_00100_1_10.txt|1001.0|0.10649670000000011|[1, 3, 4, 5, 6, 14, 30, 62, 75, 84, 162, 214, 234, 277, 413]
RKP_00500_00100_2_01.txt|157.0|0.09018680000000057|[3, 11, 16, 32, 39, 50, 60, 102, 137, 148, 168, 226, 259, 441, 447]
RKP_00500_00100_2_02.txt|152.0|0.0940196000000002|[4, 6, 59, 65, 72, 97, 112, 131, 142, 156, 167, 195, 314, 336, 441]
RKP_00500_00100_2_03.txt|151.0|0.11543120000000062|[3, 21, 31, 64, 71, 100, 107, 135, 142, 154, 155, 164, 166, 382, 436]
RKP_00500_00100_2_04.txt|144.0|0.08028570000000013|[7, 11, 14, 26, 55, 58, 105, 112, 125, 163, 204, 216, 306, 429]
RKP_00500_00100_2_05.txt|138.0|0.10265880000000038|[2, 4, 5, 10, 16, 38, 48, 77, 87, 218, 260, 294, 426]
RKP_00500_00100_2_06.txt|138.0|0.0905996|[1, 3, 9, 18, 27, 35, 57, 70, 150, 155]
RKP_00500_00100_2_07.txt|128.0|0.0993271999999994|[1, 3, 5, 17, 53, 75, 83, 114, 260, 292, 308, 372, 452]
RKP_00500_00100_2_08.txt|115.0|0.08575330000000037|[1, 3, 6, 7, 15, 45, 50, 87, 96, 123, 495]
RKP_00500_00100_2_09.txt|100.0|0.10730269999999997|[2, 38, 70, 87, 108, 277, 304, 335, 426, 433]
RKP_00500_00100_2_10.txt|130.0|0.0833655000000002|[2, 9, 14, 19, 20, 21, 40, 116, 118, 166, 276, 372]
RKP_00500_00100_3_01.txt|217.0|0.09636400000000034|[1, 2, 3, 5, 11, 31, 33, 38, 43, 64, 96, 143, 148, 158, 240, 260, 344, 401]
RKP_00500_00100_3_02.txt|257.0|0.09627789999999958|[1, 4, 5, 20, 26, 32, 38, 39, 56, 64, 73, 103, 110, 111, 152, 160, 167, 172, 189, 202, 203, 221]
RKP_00500_00100_3_03.txt|237.0|0.10945469999999968|[1, 9, 11, 52, 71, 93, 113, 123, 142, 148, 193, 198, 258, 264, 266, 292, 351, 444, 454]
RKP_00500_00100_3_04.txt|247.0|0.09804179999999985|[1, 2, 31, 66, 68, 72, 103, 104, 142, 146, 156, 168, 209, 278, 280, 282, 312, 328, 345, 350]
RKP_00500_00100_3_05.txt|247.0|0.12475769999999997|[1, 5, 8, 12, 33, 74, 84, 87, 92, 106, 108, 143, 211, 225, 294, 319, 377, 381, 382, 417]
RKP_00500_00100_3_06.txt|217.0|0.0989665999999998|[5, 12, 16, 24, 45, 52, 56, 70, 91, 186, 189, 204, 242, 281, 283, 311, 433]
RKP_00500_00100_3_07.txt|207.0|0.10357639999999968|[1, 2, 3, 4, 5, 17, 24, 30, 33, 76, 141, 157, 196, 200, 308, 326]
RKP_00500_00100_3_08.txt|287.0|0.07598500000000019|[8, 14, 19, 25, 31, 49, 57, 58, 62, 63, 84, 90, 114, 133, 144, 150, 159, 172, 275, 301, 302, 323, 451, 484]
RKP_00500_00100_3_09.txt|247.0|0.09643870000000021|[2, 3, 4, 12, 14, 24, 58, 59, 70, 104, 108, 115, 148, 154, 169, 171, 221, 231, 294, 347, 434]
RKP_00500_00100_3_10.txt|227.0|0.11293059999999944|[1, 3, 7, 10, 13, 18, 25, 32, 123, 153, 159, 165, 183, 189, 305, 322, 325, 388]
RKP_00500_00100_4_01.txt|37.0|0.07293329999999987|[316]
RKP_00500_00100_4_02.txt|37.0|0.08050820000000058|[305]
RKP_00500_00100_4_03.txt|37.0|0.07407909999999962|[148]
RKP_00500_00100_4_04.txt|37.0|0.07527819999999963|[173]
RKP_00500_00100_4_05.txt|37.0|0.07458270000000056|[122]
RKP_00500_00100_4_06.txt|36.00000000000001|0.07618840000000038|[70]
RKP_00500_00100_4_07.txt|37.0|0.07553400000000021|[242]
RKP_00500_00100_4_08.txt|37.0|0.07507470000000005|[339]
RKP_00500_00100_4_09.txt|37.0|0.07521440000000013|[49]
RKP_00500_00100_4_10.txt|37.0|0.07363729999999968|[166]
RKP_00500_00100_5_01.txt|47.0|0.07755179999999928|[9, 71, 105, 194]
RKP_00500_00100_5_02.txt|47.0|0.07716380000000012|[1, 106]
RKP_00500_00100_5_03.txt|47.0|0.0762577999999996|[1, 92]
RKP_00500_00100_5_04.txt|47.0|0.07512459999999965|[1, 159]
RKP_00500_00100_5_05.txt|47.0|0.07564999999999955|[1, 98]
RKP_00500_00100_5_06.txt|47.0|0.08321100000000037|[4, 104]
RKP_00500_00100_5_07.txt|47.0|0.0750320999999996|[1, 334]
RKP_00500_00100_5_08.txt|47.0|0.074600199999999|[61, 316]
RKP_00500_00100_5_09.txt|47.0|0.07764300000000013|[1, 4, 75]
RKP_00500_00100_5_10.txt|47.0|0.08990469999999995|[1, 24, 78]
RKP_01000_00100_1_01.txt|1373.0|0.11874159999999989|[2, 13, 27, 39, 42, 47, 50, 51, 64, 67, 91, 97, 123, 151, 260, 261, 314, 432, 465]
RKP_01000_00100_1_02.txt|1371.0|0.1471821000000002|[1, 2, 8, 9, 16, 30, 38, 72, 171, 182, 193, 195, 292, 294, 359, 486, 527, 557, 584, 696, 754]
RKP_01000_00100_1_03.txt|1349.0|0.14912990000000015|[1, 2, 3, 4, 32, 48, 50, 56, 114, 116, 128, 172, 174, 199, 326, 498, 535, 800, 869]
RKP_01000_00100_1_04.txt|1682.0|0.14940269999999956|[1, 2, 3, 5, 12, 14, 20, 42, 44, 75, 151, 163, 165, 184, 247, 255, 277, 283, 429, 566, 726, 732, 733, 790, 857]
RKP_01000_00100_1_05.txt|1484.0|0.14903810000000028|[1, 12, 16, 37, 39, 41, 49, 75, 89, 121, 123, 207, 307, 553, 582, 635, 673, 696, 776, 915, 1000]
RKP_01000_00100_1_06.txt|1670.0|0.1601455999999999|[1, 4, 6, 10, 33, 38, 44, 52, 58, 78, 99, 120, 168, 176, 242, 250, 349, 383, 442, 632, 645, 790, 993]
RKP_01000_00100_1_07.txt|1701.0|0.14833690000000033|[3, 7, 19, 37, 86, 90, 127, 128, 129, 130, 170, 190, 204, 226, 342, 382, 436, 440, 476, 556, 778, 874]
RKP_01000_00100_1_08.txt|1473.0|0.1692505999999998|[1, 4, 6, 10, 15, 22, 26, 68, 80, 145, 149, 223, 242, 274, 303, 356, 366, 421, 422, 716, 922]
RKP_01000_00100_1_09.txt|1447.0|0.14916440000000009|[1, 14, 17, 25, 27, 31, 32, 36, 48, 103, 168, 196, 213, 262, 290, 489, 513, 579, 672, 691, 782, 898]
RKP_01000_00100_1_10.txt|1747.0|0.11972809999999967|[1, 8, 19, 37, 43, 50, 55, 76, 104, 111, 159, 253, 331, 466, 480, 491, 534, 618, 669, 748, 785, 805, 813, 931, 968]
RKP_01000_00100_2_01.txt|164.0|0.1408731999999997|[3, 7, 12, 13, 16, 21, 24, 47, 73, 111, 209, 253, 264, 366, 374, 375, 380, 690]
RKP_01000_00100_2_02.txt|152.0|0.14665980000000012|[3, 63, 69, 73, 84, 179, 202, 213, 311, 357, 375, 385, 410, 547, 583, 782]
RKP_01000_00100_2_03.txt|196.0|0.12496559999999945|[5, 33, 58, 64, 81, 84, 87, 97, 123, 124, 141, 171, 187, 330, 335, 394, 416, 417, 746, 897]
RKP_01000_00100_2_04.txt|163.0|0.1430340000000001|[8, 21, 35, 37, 49, 58, 60, 94, 123, 184, 428, 443, 504, 698, 782]
RKP_01000_00100_2_05.txt|170.0|0.1135622999999999|[2, 7, 11, 26, 30, 73, 84, 152, 162, 222, 236, 299, 380, 409, 420, 428, 501, 512, 742]
RKP_01000_00100_2_06.txt|193.0|0.1252765|[1, 6, 9, 16, 24, 33, 122, 138, 152, 154, 187, 255, 259, 590, 602, 647, 805, 858, 876]
RKP_01000_00100_2_07.txt|163.0|0.13958530000000025|[2, 3, 7, 61, 81, 173, 208, 284, 378, 396, 444, 457, 531, 719, 796, 950]
RKP_01000_00100_2_08.txt|186.0|0.13942090000000107|[1, 3, 7, 9, 10, 11, 16, 26, 39, 41, 44, 121, 129, 250, 406, 573, 609, 661, 862]
RKP_01000_00100_2_09.txt|164.0|0.12430640000000004|[1, 13, 18, 31, 127, 191, 205, 235, 348, 382, 417, 436, 651, 656, 904, 982]
RKP_01000_00100_2_10.txt|186.0|0.14194129999999916|[1, 4, 5, 15, 30, 56, 78, 89, 122, 163, 164, 191, 252, 282, 309, 341, 409, 521, 548, 564, 579, 710]
RKP_01000_00100_3_01.txt|317.00000000000006|0.13479500000000044|[1, 11, 15, 32, 49, 51, 55, 65, 119, 133, 134, 186, 208, 249, 337, 340, 348, 441, 456, 464, 537, 659, 704, 740, 763, 795, 857, 962]
RKP_01000_00100_3_02.txt|287.0|0.12747019999999942|[3, 9, 16, 18, 19, 25, 31, 37, 56, 69, 79, 94, 120, 126, 137, 176, 216, 295, 300, 318, 533, 600, 644, 654]
RKP_01000_00100_3_03.txt|317.0|0.12179200000000101|[1, 3, 13, 17, 31, 46, 54, 84, 93, 99, 143, 170, 175, 204, 222, 270, 325, 378, 392, 431, 443, 530, 652, 692, 738, 836, 994]
RKP_01000_00100_3_04.txt|317.0|0.12649329999999992|[1, 2, 3, 4, 5, 9, 10, 16, 29, 42, 44, 65, 142, 149, 161, 235, 274, 277, 293, 389, 449, 550, 558, 639, 645, 740, 786]
RKP_01000_00100_3_05.txt|267.0|0.1288853000000003|[2, 5, 10, 23, 24, 29, 31, 46, 57, 86, 100, 141, 144, 151, 163, 172, 183, 460, 480, 630, 661, 910]
RKP_01000_00100_3_06.txt|287.0|0.12841889999999978|[1, 5, 6, 7, 14, 16, 22, 28, 36, 37, 63, 112, 129, 204, 207, 217, 224, 242, 249, 278, 347, 471, 886, 970]
RKP_01000_00100_3_07.txt|337.0|0.1063439000000006|[1, 4, 5, 12, 16, 20, 23, 27, 31, 38, 53, 62, 112, 129, 169, 190, 231, 282, 354, 402, 407, 433, 591, 605, 695, 750, 822, 867, 888]
RKP_01000_00100_3_08.txt|257.0|0.1259926|[2, 7, 11, 35, 53, 71, 89, 97, 129, 130, 131, 145, 179, 198, 252, 266, 292, 303, 340, 636, 703]
RKP_01000_00100_3_09.txt|267.0|0.10956350000000015|[1, 6, 9, 16, 17, 23, 26, 48, 77, 83, 141, 211, 216, 257, 318, 385, 403, 480, 578, 647, 758, 871]
RKP_01000_00100_3_10.txt|307.0|0.10086909999999882|[3, 10, 12, 16, 18, 22, 26, 35, 46, 56, 72, 104, 106, 122, 156, 169, 227, 245, 319, 334, 439, 467, 524, 632, 677, 764]
RKP_01000_00100_4_01.txt|37.0|0.09928310000000096|[393]
RKP_01000_00100_4_02.txt|37.0|0.1016432000000016|[158]
RKP_01000_00100_4_03.txt|37.0|0.10014119999999949|[174]
RKP_01000_00100_4_04.txt|37.0|0.1007593|[881]
RKP_01000_00100_4_05.txt|37.0|0.09732649999999943|[623]
RKP_01000_00100_4_06.txt|37.0|0.10034920000000014|[444]
RKP_01000_00100_4_07.txt|37.0|0.09871470000000038|[300]
RKP_01000_00100_4_08.txt|37.0|0.09959669999999932|[624]
RKP_01000_00100_4_09.txt|37.0|0.09945300000000046|[802]
RKP_01000_00100_4_10.txt|37.0|0.10421540000000107|[322]
RKP_01000_00100_5_01.txt|47.0|0.10127819999999943|[88, 101, 759]
RKP_01000_00100_5_02.txt|47.0|0.10031160000000128|[106, 384, 619]
RKP_01000_00100_5_03.txt|47.0|0.10658190000000012|[55, 103, 845]
RKP_01000_00100_5_04.txt|47.0|0.13017210000000112|[68, 120]
RKP_01000_00100_5_05.txt|47.0|0.11074009999999923|[1, 56, 97]
RKP_01000_00100_5_06.txt|47.0|0.10168449999999929|[684, 1000]
RKP_01000_00100_5_07.txt|47.0|0.11001940000000054|[104, 167, 675, 777]
RKP_01000_00100_5_08.txt|47.0|0.10321099999999994|[1, 138, 190]
RKP_01000_00100_5_09.txt|47.0|0.10351529999999975|[84, 105]
RKP_01000_00100_5_10.txt|47.0|0.10655080000000083|[1, 437, 749]
RKP_05000_00100_1_01.txt|3009.0|0.5251674000000008|[1, 3, 4, 5, 8, 9, 20, 31, 49, 51, 59, 68, 89, 116, 150, 302, 465, 540, 553, 589, 642, 904, 1268, 1275, 1366, 1373, 1406, 1482, 1485, 1700, 1839, 2091, 2106, 2398, 2556, 3411, 3645, 3733, 4536]
RKP_05000_00100_1_02.txt|2968.0|0.5213169000000004|[1, 2, 16, 18, 31, 42, 60, 73, 104, 135, 171, 174, 235, 275, 277, 304, 338, 347, 350, 374, 463, 501, 601, 716, 892, 1201, 1210, 1821, 2337, 2939, 3013, 3415, 3648, 4066, 4311, 4439, 4651]
RKP_05000_00100_1_03.txt|2930.0|0.5102497999999986|[1, 2, 6, 10, 22, 26, 27, 52, 81, 114, 136, 193, 207, 591, 612, 929, 961, 1069, 1171, 1355, 1417, 1588, 1634, 1880, 2646, 2992, 3036, 3127, 3261, 3382, 3471, 3686, 3801, 4053, 4396, 4436, 4798]
RKP_05000_00100_1_04.txt|2748.0|0.5088748999999986|[2, 5, 7, 16, 23, 38, 41, 69, 78, 131, 135, 147, 233, 378, 444, 579, 713, 795, 868, 1048, 1367, 1521, 1633, 1931, 2030, 2528, 2565, 2594, 2831, 2859, 3064, 3198, 3336, 3338, 3644, 4280, 4320, 4470]
RKP_05000_00100_1_05.txt|2743.0|0.5646743999999977|[2, 4, 8, 16, 20, 33, 38, 44, 53, 60, 64, 92, 96, 101, 119, 174, 288, 306, 427, 507, 527, 541, 542, 644, 1169, 1309, 1432, 1433, 1759, 2447, 2549, 2850, 2995, 3856, 4179, 4588, 4969]
RKP_05000_00100_1_06.txt|2822.0|0.5074582000000021|[3, 8, 9, 11, 14, 17, 21, 25, 41, 45, 62, 73, 122, 133, 152, 208, 219, 329, 435, 457, 569, 645, 701, 745, 747, 807, 860, 866, 896, 1279, 1319, 1512, 1606, 1799, 2608, 3167, 3825]
RKP_05000_00100_1_07.txt|3173.0|0.4959251000000009|[1, 3, 4, 11, 13, 30, 32, 54, 55, 79, 90, 97, 118, 124, 180, 188, 204, 219, 244, 451, 453, 582, 876, 880, 931, 991, 1149, 1222, 1401, 1437, 1674, 1758, 1762, 2037, 2591, 2883, 3111, 3370, 3419, 3473]
RKP_05000_00100_1_08.txt|2828.0|0.5331471000000008|[1, 6, 48, 52, 82, 120, 148, 154, 179, 186, 264, 266, 275, 276, 288, 300, 441, 502, 687, 739, 816, 820, 865, 906, 985, 1267, 1318, 1717, 2054, 2248, 2780, 2845, 3137, 3226, 3259, 3876, 4344, 4473, 4811]
RKP_05000_00100_1_09.txt|2534.0|0.5472308000000012|[2, 3, 6, 10, 30, 42, 70, 74, 121, 178, 230, 270, 325, 423, 463, 729, 786, 816, 853, 1184, 1363, 1441, 1856, 2349, 2596, 2807, 2965, 3051, 3572, 3697, 3759, 4135, 4341, 4424]
RKP_05000_00100_1_10.txt|2946.0|0.5225387000000019|[1, 2, 8, 25, 43, 48, 60, 83, 111, 143, 153, 176, 189, 230, 321, 352, 429, 437, 482, 564, 780, 952, 1091, 1342, 1350, 1395, 1422, 1804, 2061, 2616, 2958, 3065, 3086, 3176, 3373, 4369, 4572, 4883]
RKP_05000_00100_2_01.txt|270.0|0.5289341000000007|[44, 68, 77, 110, 144, 148, 220, 540, 551, 626, 648, 736, 848, 868, 1057, 1078, 1238, 1292, 1647, 1741, 2000, 2019, 2210, 2218, 2729, 2735, 3020, 3518]
RKP_05000_00100_2_02.txt|317.0|0.4807775999999997|[3, 4, 10, 14, 29, 35, 73, 152, 275, 298, 407, 455, 532, 578, 656, 677, 763, 778, 871, 1014, 1178, 1194, 1493, 1570, 1770, 1793, 1800, 2437, 2707, 3178, 3238, 3654, 4063, 4347, 4978]
RKP_05000_00100_2_03.txt|297.0|0.5314200000000007|[4, 5, 6, 9, 17, 39, 242, 388, 442, 710, 769, 826, 840, 842, 895, 1122, 1234, 1463, 1867, 1925, 2550, 2606, 2844, 3332, 3625, 3890, 3969, 4206, 4547, 4655, 4806, 4989]
RKP_05000_00100_2_04.txt|278.0|0.47787600000000197|[1, 5, 12, 35, 45, 67, 99, 168, 283, 355, 387, 483, 491, 506, 531, 674, 687, 752, 917, 950, 1107, 1415, 1551, 1565, 1633, 1671, 1864, 2126, 3153, 4139]
RKP_05000_00100_2_05.txt|304.0|0.5182414000000009|[5, 22, 52, 69, 274, 355, 366, 452, 522, 752, 879, 942, 984, 991, 1029, 1076, 1224, 1654, 1741, 2083, 2332, 2365, 2545, 2703, 2785, 3226, 3238, 3374, 3383, 3406, 3555, 3758]
RKP_05000_00100_2_06.txt|293.0|0.5250860000000017|[6, 23, 62, 129, 135, 136, 324, 326, 356, 369, 437, 466, 639, 758, 816, 1109, 1208, 1288, 1581, 1688, 2040, 2044, 2118, 2148, 2322, 2408, 2453, 3081, 3347, 3682, 4405, 4478]
RKP_05000_00100_2_07.txt|292.0|0.48114160000000084|[1, 2, 3, 7, 15, 43, 58, 71, 79, 105, 141, 180, 183, 235, 260, 333, 373, 396, 516, 595, 689, 938, 1389, 1949, 2108, 2246, 2323, 2419, 2528, 2641, 2751, 3866, 4183]
RKP_05000_00100_2_08.txt|278.0|0.49568610000000035|[2, 11, 14, 23, 24, 25, 41, 48, 98, 99, 152, 199, 342, 524, 621, 636, 735, 792, 953, 1204, 1387, 1617, 1638, 1700, 2068, 2149, 2584, 2915, 3421, 4332, 4658]
RKP_05000_00100_2_09.txt|322.0|0.5164455999999973|[5, 6, 18, 75, 86, 88, 110, 112, 142, 151, 218, 293, 294, 355, 392, 433, 755, 846, 1149, 1331, 1338, 1818, 1873, 2179, 2196, 2318, 2352, 2365, 2520, 2692, 2953, 3113, 4070, 4778]
RKP_05000_00100_2_10.txt|278.0|0.5066519000000014|[19, 74, 113, 120, 136, 163, 184, 250, 275, 291, 315, 326, 477, 502, 918, 1547, 1773, 1932, 2133, 2283, 2318, 2345, 2435, 2755, 2768, 2802, 3300, 3321, 4994]
RKP_05000_00100_3_01.txt|487.0|0.47398070000000203|[1, 3, 8, 10, 11, 26, 28, 44, 48, 83, 97, 135, 145, 224, 231, 279, 288, 312, 334, 349, 361, 465, 471, 588, 661, 692, 900, 1006, 1096, 1192, 1272, 1725, 1733, 1751, 1768, 2039, 2321, 2608, 3252, 3272, 3292, 3674, 3675, 4195]
RKP_05000_00100_3_02.txt|517.0|0.4785844000000026|[1, 9, 36, 55, 93, 94, 98, 145, 148, 167, 203, 219, 254, 301, 312, 351, 373, 415, 434, 472, 496, 512, 542, 776, 856, 989, 1047, 1092, 1119, 1136, 1335, 1664, 2362, 2409, 2674, 2689, 2722, 2762, 2772, 2848, 3287, 3344, 3615, 3645, 4055, 4494, 4912]
RKP_05000_00100_3_03.txt|517.0|0.4615840999999996|[1, 5, 6, 15, 18, 20, 21, 27, 52, 76, 96, 140, 156, 159, 205, 258, 283, 341, 387, 520, 820, 894, 945, 977, 1058, 1109, 1226, 1256, 1304, 1305, 1459, 1487, 1571, 1712, 1847, 1888, 2676, 2793, 2858, 2962, 2984, 2989, 3115, 4254, 4520, 4528, 4563]
RKP_05000_00100_3_04.txt|517.0|0.4577928999999976|[1, 5, 9, 11, 16, 48, 56, 100, 298, 318, 320, 325, 335, 365, 375, 446, 578, 688, 708, 759, 770, 898, 1024, 1227, 1264, 1283, 1348, 1433, 1570, 1739, 1757, 1788, 1905, 2156, 2274, 2340, 2386, 2433, 2600, 2634, 2810, 3111, 3384, 3639, 3851, 4679, 4996]
RKP_05000_00100_3_05.txt|437.0|0.5101765|[7, 32, 47, 76, 79, 122, 238, 292, 295, 362, 448, 480, 485, 486, 513, 573, 590, 638, 656, 669, 905, 909, 936, 950, 973, 1668, 1810, 2040, 2337, 2456, 2596, 2671, 2714, 2928, 3114, 3135, 4073, 4398, 4423]
RKP_05000_00100_3_06.txt|517.0|0.46140120000000096|[1, 2, 10, 15, 24, 25, 26, 27, 32, 35, 58, 68, 79, 103, 113, 119, 121, 203, 244, 248, 270, 352, 452, 564, 638, 683, 755, 796, 838, 956, 1130, 1376, 1451, 1477, 1657, 1698, 1860, 1884, 2205, 2457, 2528, 2710, 2738, 2878, 2978, 3082, 3112]
RKP_05000_00100_3_07.txt|517.0|0.4935021999999982|[2, 10, 14, 18, 20, 77, 89, 93, 98, 114, 119, 169, 189, 206, 213, 222, 281, 304, 356, 372, 416, 495, 500, 507, 523, 550, 699, 750, 817, 876, 883, 980, 1030, 1095, 1453, 1577, 1615, 1892, 2113, 2510, 2667, 2701, 2869, 3232, 3416, 3653, 4835]
RKP_05000_00100_3_08.txt|517.0|0.44923319999999833|[6, 13, 17, 28, 97, 100, 101, 129, 161, 169, 215, 227, 238, 328, 428, 491, 557, 563, 572, 645, 700, 925, 969, 1076, 1208, 1244, 1355, 1414, 1478, 1502, 1517, 1589, 1973, 2091, 2154, 2276, 2572, 3330, 3335, 3410, 3821, 4062, 4178, 4225, 4353, 4604, 4735]
RKP_05000_00100_3_09.txt|517.0|0.45451329999999857|[1, 2, 4, 24, 40, 63, 94, 111, 137, 205, 217, 262, 271, 288, 409, 466, 600, 636, 662, 789, 827, 839, 981, 986, 1067, 1161, 1558, 1683, 2033, 2048, 2227, 2372, 2453, 2609, 2846, 2897, 2925, 3120, 3562, 3603, 3727, 3987, 4348, 4681, 4813, 4902, 4948]
RKP_05000_00100_3_10.txt|517.0|0.49455899999999886|[3, 8, 21, 22, 30, 47, 52, 63, 119, 173, 216, 236, 252, 283, 383, 438, 627, 659, 666, 775, 787, 881, 1046, 1075, 1166, 1419, 1426, 1547, 1938, 1946, 2107, 2181, 2195, 2235, 2244, 2312, 2567, 2929, 2988, 2990, 3361, 3869, 3877, 3997, 4448, 4628, 4783]
RKP_05000_00100_4_01.txt|37.0|0.5048163999999993|[1388]
RKP_05000_00100_4_02.txt|37.0|0.4479696000000004|[3275]
RKP_05000_00100_4_03.txt|37.0|0.4811607000000002|[1868]
RKP_05000_00100_4_04.txt|37.0|0.4520803999999998|[1360]
RKP_05000_00100_4_05.txt|37.0|0.44080999999999904|[1958]
RKP_05000_00100_4_06.txt|37.0|0.48924630000000136|[1433]
RKP_05000_00100_4_07.txt|37.0|0.44962699999999955|[1093]
RKP_05000_00100_4_08.txt|37.0|0.47345419999999905|[3254]
RKP_05000_00100_4_09.txt|37.0|0.4385585000000063|[3085]
RKP_05000_00100_4_10.txt|37.0|0.449245899999994|[1871]
RKP_05000_00100_5_01.txt|47.0|0.48199799999999726|[749, 1312, 1692]
RKP_05000_00100_5_02.txt|47.0|0.44481830000000144|[1073, 1715]
RKP_05000_00100_5_03.txt|47.0|0.45878670000000454|[706, 1031]
RKP_05000_00100_5_04.txt|47.0|0.4860262999999989|[740, 1023]
RKP_05000_00100_5_05.txt|47.0|0.44582379999999944|[658, 706, 1020]
RKP_05000_00100_5_06.txt|47.0|0.4866430000000008|[1141, 2694]
RKP_05000_00100_5_07.txt|47.0|0.4795525999999981|[632, 1154]
RKP_05000_00100_5_08.txt|47.0|0.4468740000000011|[739, 1156]
RKP_05000_00100_5_09.txt|47.0|0.4791506000000041|[71, 80, 105, 703, 1720]
RKP_05000_00100_5_10.txt|47.0|0.44659659999999946|[605, 1061]
RKP_05000_01000_1_01.txt|40655.0|0.6448919999999987|[1, 2, 8, 10, 13, 15, 16, 17, 18, 23, 33, 53, 78, 86, 96, 151, 164, 226, 328, 334, 368, 379, 399, 424, 491, 661, 684, 700, 732, 751, 778, 866, 1034, 1214, 1232, 1233, 1431, 1591, 1724, 1742, 1756, 1841, 1858, 1919, 1979, 2077, 2254, 2266, 2481, 2567, 2629, 2777, 3187, 3256, 3485, 3534, 3791, 3799, 4223, 4479, 4971]
RKP_05000_01000_1_02.txt|42743.0|0.6271260000000041|[3, 7, 10, 17, 22, 36, 39, 41, 78, 89, 109, 155, 222, 235, 236, 282, 304, 337, 368, 406, 425, 506, 539, 588, 622, 675, 728, 772, 837, 918, 965, 988, 1055, 1205, 1261, 1329, 1337, 1403, 1414, 1455, 1590, 1677, 1999, 2011, 2379, 2594, 2745, 2769, 2800, 2825, 2832, 3349, 3565, 3628, 3795, 3875, 4489, 4961]
RKP_05000_01000_1_03.txt|38309.0|0.634369300000003|[1, 3, 22, 24, 60, 67, 72, 76, 114, 135, 165, 174, 176, 248, 272, 339, 344, 479, 533, 649, 749, 852, 882, 933, 940, 1027, 1039, 1150, 1339, 1364, 1415, 1475, 1478, 1483, 1534, 1605, 1614, 1719, 1822, 1854, 2016, 2080, 2125, 2201, 2314, 2471, 2688, 2848, 3194, 3232, 3276, 3392, 3682, 3835, 3920, 4104]
RKP_05000_01000_1_04.txt|40499.0|0.6049152000000007|[1, 5, 9, 10, 16, 25, 33, 35, 49, 50, 52, 61, 64, 114, 133, 135, 181, 189, 191, 223, 238, 318, 351, 413, 482, 498, 533, 546, 594, 687, 716, 724, 794, 952, 1021, 1107, 1142, 1174, 1218, 1275, 1311, 1416, 1450, 1546, 1916, 2023, 2060, 2320, 2470, 2999, 3023, 3051, 3055, 3926, 4232, 4277, 4397, 4624, 4775]
RKP_05000_01000_1_05.txt|39366.0|0.6314056000000008|[2, 4, 8, 9, 14, 46, 65, 73, 85, 91, 93, 94, 97, 119, 132, 157, 168, 254, 259, 267, 279, 339, 352, 385, 430, 467, 580, 651, 667, 711, 816, 943, 985, 1023, 1049, 1093, 1142, 1155, 1162, 1227, 1316, 1320, 1321, 1411, 1418, 1474, 1588, 1606, 1607, 1649, 1883, 2069, 2271, 2547, 2834, 3067, 3468, 4053, 4096, 4118, 4385]
RKP_05000_01000_1_06.txt|37834.0|0.5395577000000031|[2, 3, 6, 8, 9, 10, 13, 42, 48, 51, 52, 80, 90, 107, 150, 159, 188, 217, 269, 288, 297, 336, 343, 399, 498, 503, 612, 616, 691, 697, 736, 894, 943, 998, 1002, 1097, 1192, 1242, 1368, 1511, 1530, 1689, 1879, 1910, 1916, 2050, 2195, 2483, 2517, 2857, 2865, 2925, 2967, 3076, 3109, 3846, 4603]
RKP_05000_01000_1_07.txt|35448.0|0.6324894000000043|[1, 2, 8, 15, 21, 23, 44, 46, 65, 77, 84, 91, 130, 161, 188, 198, 204, 213, 226, 386, 421, 522, 523, 568, 569, 577, 616, 628, 651, 731, 753, 795, 848, 957, 1175, 1359, 1449, 1607, 1697, 1741, 1764, 1865, 1904, 2001, 2087, 2245, 2593, 2669, 3455, 4009, 4242, 4471]
RKP_05000_01000_1_08.txt|35934.0|0.626267900000002|[3, 7, 10, 12, 15, 20, 24, 26, 66, 81, 89, 109, 115, 140, 151, 190, 235, 257, 279, 419, 427, 430, 488, 527, 575, 651, 670, 738, 785, 849, 890, 952, 1088, 1138, 1275, 1391, 1487, 1574, 2110, 2356, 2382, 2528, 2585, 2723, 2841, 3318, 3925, 3937, 4497, 4666]
RKP_05000_01000_1_09.txt|39378.0|0.6047524999999965|[1, 2, 3, 4, 6, 7, 17, 18, 27, 29, 39, 47, 51, 104, 128, 157, 163, 190, 191, 302, 342, 364, 390, 427, 473, 499, 562, 563, 684, 714, 883, 996, 998, 1113, 1242, 1362, 1366, 1414, 1434, 1481, 1579, 1679, 1714, 1761, 1788, 1854, 2012, 2121, 2328, 2364, 2381, 2399, 2845, 3179, 3245, 3556, 3744, 3964, 4115]
RKP_05000_01000_1_10.txt|43198.0|0.628043599999998|[1, 2, 9, 11, 33, 38, 43, 47, 49, 100, 103, 104, 129, 180, 187, 212, 245, 261, 286, 359, 384, 461, 472, 486, 500, 528, 652, 740, 785, 807, 839, 844, 888, 1044, 1076, 1095, 1253, 1284, 1313, 1361, 1430, 1476, 1479, 1554, 1640, 1680, 1686, 1914, 2153, 2184, 2216, 2309, 2541, 2544, 2560, 2671, 2698, 2753, 2867, 3137, 3309, 3836, 4815]
RKP_05000_01000_2_01.txt|2828.0|0.6938796999999965|[2, 7, 28, 32, 88, 103, 176, 265, 309, 339, 395, 413, 483, 541, 761, 947, 951, 1046, 1100, 1173, 1473, 1487, 1641, 1730, 1844, 1898, 2000, 2057, 2281, 2351, 2400, 2671, 3060, 3764, 3919, 4166, 4493]
RKP_05000_01000_2_02.txt|3069.0|0.6641435000000016|[1, 2, 3, 44, 62, 76, 78, 88, 121, 126, 279, 311, 317, 365, 462, 471, 491, 545, 653, 667, 862, 946, 964, 1045, 1049, 1068, 1189, 1196, 1294, 1577, 1693, 1739, 1812, 1856, 2308, 2581, 2682, 2983, 3024, 4977]
RKP_05000_01000_2_03.txt|3249.0|0.7108024999999998|[51, 69, 86, 104, 118, 131, 177, 217, 235, 286, 305, 308, 465, 507, 518, 655, 726, 862, 942, 1002, 1354, 1550, 1732, 1958, 2182, 2340, 2548, 2930, 3087, 3180, 3343, 3351, 3416, 3540, 3938, 4457, 4964]
RKP_05000_01000_2_04.txt|3436.0|0.724219699999999|[1, 3, 7, 17, 22, 54, 63, 82, 153, 183, 302, 348, 371, 400, 509, 545, 567, 585, 662, 758, 768, 916, 1086, 1210, 1319, 1398, 1672, 1740, 1906, 1989, 2237, 2245, 2249, 2408, 2518, 2928, 2989, 3498, 3530, 3872, 4236, 4424, 4454]
RKP_05000_01000_2_05.txt|3064.0|0.6535201000000015|[3, 4, 5, 8, 12, 16, 23, 33, 34, 70, 80, 201, 204, 260, 273, 344, 360, 390, 420, 427, 453, 526, 734, 876, 1064, 1132, 1158, 1269, 1680, 1762, 1925, 2008, 2513, 2548, 2943, 3321, 4215, 4485]
RKP_05000_01000_2_06.txt|3181.0|0.6975208999999936|[1, 2, 27, 30, 36, 59, 61, 105, 138, 152, 154, 242, 282, 344, 386, 403, 464, 473, 672, 683, 707, 714, 739, 793, 900, 925, 1064, 1134, 1477, 1569, 1619, 1898, 1933, 1948, 1991, 2282, 2287, 2446, 2476, 2638, 3111, 4951]
RKP_05000_01000_2_07.txt|3436.0|0.6890544999999975|[1, 5, 11, 12, 44, 157, 199, 207, 212, 238, 294, 368, 516, 751, 759, 771, 772, 909, 1123, 1265, 1437, 1552, 1625, 1643, 1811, 1902, 1935, 1945, 2206, 2233, 2241, 2282, 2446, 2461, 2608, 2843, 3129, 3147, 3275, 3882, 4279, 4453, 4495]
RKP_05000_01000_2_08.txt|3325.0000000000005|0.6796289999999985|[4, 6, 17, 30, 44, 59, 78, 108, 200, 213, 236, 242, 264, 298, 312, 371, 385, 580, 634, 658, 660, 677, 747, 846, 972, 1067, 1114, 1156, 1184, 1314, 1499, 1664, 1783, 2399, 2632, 2808, 2941, 3148, 3191, 3385]
RKP_05000_01000_2_09.txt|3165.0|0.6902719000000062|[3, 4, 10, 13, 15, 22, 25, 36, 63, 118, 128, 130, 175, 270, 379, 408, 419, 536, 677, 784, 821, 897, 997, 1132, 1226, 1259, 1556, 1583, 1627, 1786, 1967, 1992, 2140, 2317, 2637, 2789, 2887, 3297, 3478]
RKP_05000_01000_2_10.txt|3083.0|0.6628611000000006|[9, 18, 19, 36, 99, 137, 149, 191, 227, 294, 420, 749, 880, 899, 922, 1011, 1049, 1303, 1491, 1494, 1502, 1523, 1619, 1686, 1858, 1926, 2034, 2318, 2559, 2998, 3584, 3674, 3712, 4015, 4050, 4084, 4267, 4809]
RKP_05000_01000_3_01.txt|6676.0|0.5357135|[1, 9, 12, 21, 34, 40, 46, 47, 60, 72, 77, 87, 97, 108, 112, 114, 119, 132, 150, 176, 193, 207, 237, 276, 284, 372, 384, 398, 455, 550, 562, 688, 728, 749, 757, 917, 996, 1038, 1081, 1198, 1382, 1600, 1615, 1698, 1779, 1894, 1958, 2056, 2178, 2241, 2250, 2416, 2429, 2461, 2748, 2783, 2851, 2874, 3188, 3246, 3421, 3683]
RKP_05000_01000_3_02.txt|7376.0|0.5550764000000044|[1, 2, 4, 13, 25, 28, 33, 39, 40, 41, 66, 90, 107, 129, 140, 169, 209, 214, 230, 305, 379, 425, 436, 445, 446, 542, 562, 609, 730, 801, 849, 878, 883, 892, 1020, 1022, 1041, 1046, 1087, 1117, 1161, 1174, 1334, 1436, 1486, 1499, 1885, 1908, 2067, 2113, 2136, 2215, 2330, 2425, 2667, 2704, 2772, 2853, 2933, 2978, 2989, 3041, 3171, 3308, 3393, 3546, 3750, 4134, 4507]
RKP_05000_01000_3_03.txt|7576.0|0.492016900000003|[1, 2, 3, 4, 5, 11, 22, 26, 36, 38, 115, 129, 156, 158, 163, 199, 200, 214, 215, 221, 239, 246, 286, 330, 339, 360, 399, 439, 465, 568, 609, 621, 652, 709, 710, 763, 794, 856, 881, 896, 952, 975, 989, 1022, 1041, 1082, 1164, 1465, 1498, 1523, 1533, 1559, 1597, 1663, 2202, 2319, 2386, 2957, 3166, 3273, 3545, 3910, 3928, 4041, 4084, 4215, 4338, 4529, 4671, 4695, 4813]
RKP_05000_01000_3_04.txt|7576.0|0.5338108999999989|[1, 4, 6, 7, 9, 15, 18, 27, 29, 45, 58, 63, 70, 82, 111, 132, 142, 175, 198, 205, 206, 225, 261, 277, 306, 321, 337, 360, 448, 495, 548, 574, 610, 619, 657, 680, 709, 747, 769, 864, 962, 977, 989, 1049, 1064, 1080, 1165, 1226, 1276, 1322, 1396, 1768, 1786, 1872, 1907, 2150, 2372, 2516, 2541, 2568, 2593, 2747, 2865, 2868, 3197, 3330, 3448, 3523, 4042, 4440, 4880]
RKP_05000_01000_3_05.txt|6776.0|0.5112352000000016|[1, 7, 11, 16, 19, 26, 29, 32, 34, 37, 48, 49, 112, 143, 162, 169, 184, 219, 285, 344, 348, 372, 501, 513, 555, 620, 638, 658, 708, 748, 768, 912, 985, 998, 1033, 1060, 1069, 1090, 1305, 1500, 1516, 1552, 1588, 1619, 1759, 1859, 1909, 2123, 2460, 2634, 2744, 2920, 2970, 3055, 3106, 3167, 3439, 3440, 3469, 3558, 3584, 3635, 4338]
RKP_05000_01000_3_06.txt|7376.0|0.4958722000000009|[1, 3, 4, 6, 7, 12, 41, 45, 46, 55, 76, 82, 85, 86, 94, 102, 124, 126, 184, 206, 213, 227, 276, 286, 287, 288, 368, 404, 418, 431, 469, 488, 573, 603, 623, 665, 734, 760, 801, 813, 859, 889, 931, 946, 1030, 1119, 1296, 1359, 1466, 1522, 1551, 1610, 1640, 1917, 1978, 2026, 2251, 2741, 2799, 3214, 3264, 3324, 3433, 3533, 4000, 4258, 4315, 4322, 4808]
RKP_05000_01000_3_07.txt|7176.0|0.5423574000000002|[2, 3, 5, 11, 13, 18, 36, 60, 73, 75, 76, 79, 84, 94, 100, 125, 214, 216, 218, 220, 291, 293, 295, 370, 398, 413, 417, 427, 477, 487, 527, 593, 608, 658, 714, 762, 827, 849, 883, 884, 891, 896, 1003, 1044, 1055, 1066, 1123, 1470, 1783, 1789, 1792, 1998, 2104, 2357, 2448, 2587, 2716, 2900, 2966, 3085, 3146, 3438, 3628, 3731, 3854, 4131, 4233]
RKP_05000_01000_3_08.txt|7176.0|0.4953726999999972|[4, 6, 7, 14, 22, 28, 30, 36, 77, 80, 134, 152, 154, 162, 217, 250, 260, 270, 279, 301, 331, 394, 474, 489, 525, 556, 654, 686, 725, 883, 901, 911, 944, 953, 1009, 1036, 1077, 1117, 1134, 1135, 1159, 1395, 1513, 1588, 1636, 1733, 1967, 1970, 1976, 2019, 2025, 2088, 2364, 2402, 2484, 2858, 2977, 3087, 3214, 3237, 3346, 3396, 3571, 3808, 4022, 4192, 4463]
RKP_05000_01000_3_09.txt|6776.0|0.5149802999999977|[2, 7, 9, 14, 51, 73, 77, 83, 87, 99, 106, 111, 136, 152, 159, 207, 237, 242, 252, 281, 310, 376, 384, 453, 462, 492, 494, 556, 655, 661, 664, 671, 751, 760, 786, 852, 886, 1148, 1189, 1313, 1322, 1471, 1684, 1978, 2024, 2051, 2055, 2287, 2401, 2486, 2497, 2511, 2621, 2941, 3256, 3392, 3443, 3538, 3572, 3618, 3868, 4136, 4292]
RKP_05000_01000_3_10.txt|7376.0|0.5249336999999983|[1, 2, 3, 6, 14, 16, 25, 33, 50, 52, 62, 69, 112, 119, 145, 196, 219, 223, 235, 270, 287, 343, 344, 369, 393, 413, 434, 692, 789, 808, 811, 876, 907, 1019, 1093, 1125, 1184, 1329, 1498, 1530, 1621, 1635, 1785, 1803, 1847, 1854, 2139, 2189, 2224, 2322, 2749, 2764, 2813, 2877, 2894, 2915, 2940, 3127, 3150, 3234, 3240, 3251, 3435, 3589, 4052, 4227, 4466, 4631, 4747, 4788]
RKP_05000_01000_4_01.txt|376.0|0.46968440000000555|[1907]
RKP_05000_01000_4_02.txt|376.0|0.47062200000000587|[1005]
RKP_05000_01000_4_03.txt|376.0|0.5188477999999961|[3708]
RKP_05000_01000_4_04.txt|376.0|0.4660884999999979|[3484]
RKP_05000_01000_4_05.txt|376.0|0.48261020000000343|[3145]
RKP_05000_01000_4_06.txt|376.0|0.5228741000000028|[1178]
RKP_05000_01000_4_07.txt|376.0|0.45363470000000206|[1763]
RKP_05000_01000_4_08.txt|376.0|0.496552599999994|[3320]
RKP_05000_01000_4_09.txt|376.0|0.5667952000000014|[757]
RKP_05000_01000_4_10.txt|376.0|0.4759376999999958|[1381]
RKP_05000_01000_5_01.txt|476.0|0.5075092000000012|[958, 1002, 1451, 1561]
RKP_05000_01000_5_02.txt|476.0|0.46511539999999485|[100, 164, 984, 996, 3734]
RKP_05000_01000_5_03.txt|476.0|0.46530369999999976|[1, 949, 1164]
RKP_05000_01000_5_04.txt|476.0|0.4960734000000002|[2, 999, 1001]
RKP_05000_01000_5_05.txt|476.0|0.47132369999999923|[1, 136, 944, 3257]
RKP_05000_01000_5_06.txt|476.0|0.46580529999999953|[10, 14, 55, 99, 1564, 1916, 2375, 3803]
RKP_05000_01000_5_07.txt|476.0|0.5084488999999905|[1001, 1445, 2046, 3918]
RKP_05000_01000_5_08.txt|476.0|0.46937090000000126|[1, 1109, 1976, 2798]
RKP_05000_01000_5_09.txt|476.0|0.49410699999999963|[99, 399, 1003, 1479]
RKP_05000_01000_5_10.txt|476.0|0.4759200000000021|[1, 582, 889, 970]
RKP_05000_05000_1_01.txt|189638.0|0.636371699999998|[2, 3, 4, 8, 21, 36, 74, 75, 78, 100, 127, 134, 149, 168, 174, 206, 226, 239, 254, 255, 263, 279, 290, 358, 477, 496, 498, 522, 601, 688, 747, 826, 940, 1200, 1201, 1231, 1247, 1260, 1305, 1416, 1437, 1543, 1595, 1674, 1939, 2195, 2321, 2685, 2687, 2945, 2997, 3721, 3813, 4810]
RKP_05000_05000_1_02.txt|231563.0|0.6719354000000095|[1, 2, 4, 8, 10, 20, 21, 24, 45, 55, 104, 113, 117, 238, 240, 269, 297, 310, 334, 361, 378, 396, 444, 470, 474, 537, 668, 712, 785, 787, 805, 903, 1005, 1041, 1044, 1069, 1107, 1115, 1152, 1374, 1459, 1556, 1855, 1870, 2174, 2177, 2306, 2322, 2501, 2667, 2706, 3059, 3588, 3754, 3842, 3921, 3940, 4197, 4382, 4402, 4712, 4832]
RKP_05000_05000_1_03.txt|207342.0|0.6289270000000045|[1, 7, 8, 18, 25, 39, 46, 62, 78, 80, 86, 110, 115, 206, 231, 233, 249, 318, 339, 393, 426, 429, 435, 451, 482, 557, 582, 586, 811, 1098, 1099, 1115, 1235, 1236, 1261, 1265, 1309, 1414, 1441, 1477, 1594, 1775, 2264, 2438, 2630, 2760, 2859, 3247, 3414, 3443, 3490, 3493, 3512, 3593, 4284, 4374, 4414]
RKP_05000_05000_1_04.txt|227508.0|0.6936236999999892|[1, 3, 5, 9, 25, 34, 38, 48, 75, 76, 81, 85, 90, 135, 145, 148, 169, 189, 222, 240, 291, 318, 332, 368, 376, 390, 408, 422, 484, 557, 559, 675, 787, 814, 831, 1072, 1389, 1417, 1418, 1675, 1677, 1753, 1758, 1859, 1938, 2003, 2051, 2061, 2328, 2372, 2581, 2584, 2813, 2991, 3260, 3305, 3547, 3651, 3802, 3813, 3850, 4172, 4260, 4384, 4668, 4715]
RKP_05000_05000_1_05.txt|216584.0|0.6957828000000035|[1, 2, 3, 12, 22, 32, 33, 38, 46, 55, 62, 127, 130, 143, 153, 210, 214, 227, 245, 301, 348, 378, 403, 459, 463, 559, 582, 694, 923, 950, 992, 1088, 1098, 1281, 1432, 1460, 1483, 1492, 1662, 1668, 1887, 1929, 1993, 2025, 2045, 2118, 2138, 2309, 2352, 2411, 2467, 2579, 2657, 2804, 2910, 3024, 3175, 3186, 3722, 3873, 4208, 4354, 4846]
RKP_05000_05000_1_06.txt|201597.0|0.6885222000000084|[2, 18, 23, 40, 43, 64, 66, 71, 82, 85, 87, 113, 120, 243, 338, 363, 378, 407, 514, 568, 581, 608, 613, 621, 649, 651, 693, 707, 715, 813, 825, 850, 925, 956, 1065, 1154, 1227, 1280, 1308, 1730, 1927, 1981, 2048, 2132, 2204, 2210, 2240, 2309, 2386, 2509, 2646, 2701, 2729, 3361, 3613, 3938, 3978, 4076, 4540, 4561, 4692]
RKP_05000_05000_1_07.txt|193413.0|0.5817104000000057|[1, 2, 3, 4, 7, 8, 15, 29, 30, 31, 44, 83, 121, 153, 175, 182, 187, 190, 215, 230, 248, 249, 287, 294, 303, 380, 381, 457, 478, 529, 536, 575, 667, 730, 739, 785, 829, 864, 1228, 1263, 1267, 1315, 1406, 1520, 1616, 1820, 1849, 1894, 1897, 2273, 2529, 2688, 2725, 2854, 3045, 3888, 4149, 4225, 4260, 4664, 4751]
RKP_05000_05000_1_08.txt|187710.0|0.6093973000000119|[2, 3, 16, 30, 38, 91, 95, 97, 122, 124, 138, 140, 156, 171, 192, 232, 253, 275, 280, 303, 342, 367, 371, 402, 451, 471, 523, 560, 596, 674, 764, 836, 984, 1167, 1179, 1247, 1421, 1439, 1546, 1549, 1562, 1678, 1737, 1941, 2047, 2312, 2428, 2525, 2536, 2600, 3599, 3666, 3744, 3792, 3833, 3998, 4080, 4195]
RKP_05000_05000_1_09.txt|203685.0|0.5899708999999973|[1, 2, 3, 5, 6, 42, 52, 55, 66, 77, 113, 114, 126, 139, 160, 170, 196, 221, 234, 299, 312, 325, 339, 382, 438, 448, 460, 492, 537, 542, 565, 632, 682, 701, 820, 871, 921, 1006, 1227, 1245, 1254, 1314, 1350, 1416, 1458, 1592, 1635, 1788, 1808, 1917, 1979, 2016, 2143, 2450, 2497, 2593, 2636, 3197, 4248, 4486, 4489, 4615]
RKP_05000_05000_1_10.txt|170475.0|0.6848787999999928|[2, 7, 18, 24, 38, 60, 89, 92, 144, 153, 185, 278, 286, 380, 414, 428, 467, 472, 659, 746, 756, 803, 813, 909, 959, 981, 1402, 1479, 1504, 1609, 1652, 1766, 2050, 2151, 2281, 2306, 2580, 2608, 2629, 2641, 2786, 2870, 3067, 3078, 3101, 3261, 4380]
RKP_05000_05000_2_01.txt|15274.0|0.6852799999999917|[18, 20, 21, 93, 235, 250, 279, 293, 411, 475, 515, 690, 748, 866, 953, 986, 1045, 1059, 1308, 1367, 1505, 1635, 1665, 1784, 1885, 1937, 2236, 2251, 2687, 2937, 3883, 4544, 4844]
RKP_05000_05000_2_02.txt|13962.0|0.6567781999999909|[5, 14, 15, 56, 79, 91, 96, 161, 208, 220, 530, 563, 582, 677, 707, 710, 762, 836, 1058, 1069, 1172, 1287, 1649, 2060, 2162, 2244, 2429, 3100, 3641, 3796, 4007, 4564]
RKP_05000_05000_2_03.txt|13793.0|0.688686699999991|[1, 4, 21, 38, 44, 50, 94, 177, 306, 375, 394, 441, 477, 502, 583, 783, 812, 983, 1207, 1269, 1289, 1307, 1422, 1429, 1432, 1481, 2224, 2272, 3090, 3368, 3428, 3630, 3839, 3957, 4235, 4565, 4939]
RKP_05000_05000_2_04.txt|19226.0|0.6928391000000005|[1, 2, 3, 4, 21, 23, 37, 47, 49, 71, 78, 82, 115, 122, 126, 131, 147, 165, 187, 238, 307, 322, 346, 372, 455, 491, 554, 583, 625, 637, 655, 803, 832, 893, 1124, 1223, 1329, 1335, 1412, 1478, 1508, 1586, 1606, 2093, 2308, 2382, 2632, 2705, 2773, 3212, 3257, 3288, 3593]
RKP_05000_05000_2_05.txt|15241.0|0.6383352000000002|[4, 5, 13, 34, 70, 103, 113, 128, 163, 220, 317, 481, 501, 513, 595, 606, 858, 874, 932, 962, 1011, 1022, 1103, 1153, 1175, 1232, 1242, 1260, 1289, 1394, 1588, 1768, 1813, 2678, 2694, 3623, 4182, 4330, 4410]
RKP_05000_05000_2_06.txt|13099.0|0.6888222000000042|[30, 74, 136, 303, 370, 373, 411, 437, 449, 574, 629, 637, 689, 726, 731, 832, 866, 912, 985, 1070, 1073, 1342, 1756, 1805, 1814, 2245, 2357, 3064, 3105, 3580, 3764]
RKP_05000_05000_2_07.txt|15698.0|0.6773259999999937|[7, 26, 30, 36, 72, 129, 152, 199, 273, 411, 421, 452, 461, 624, 725, 903, 926, 932, 989, 1115, 1137, 1326, 1438, 1460, 1581, 1614, 1730, 1734, 1819, 2045, 2118, 2838, 3005, 3180, 3396, 3704, 3935, 3995, 4066, 4239, 4779]
RKP_05000_05000_2_08.txt|16715.0|0.6934533000000016|[2, 9, 17, 20, 30, 83, 116, 155, 160, 179, 192, 274, 286, 332, 449, 551, 603, 659, 724, 746, 760, 782, 811, 899, 919, 953, 1064, 1239, 1262, 1520, 1597, 1692, 1834, 1835, 2024, 2598, 2856, 2907, 3039, 3119, 3335, 3356, 3617]
RKP_05000_05000_2_09.txt|18021.0|0.6843855999999988|[1, 2, 3, 4, 7, 36, 60, 61, 82, 83, 105, 128, 129, 137, 157, 164, 173, 180, 279, 327, 385, 394, 413, 423, 519, 634, 893, 899, 920, 973, 1179, 1213, 1231, 1308, 1378, 1462, 1478, 1482, 1687, 1771, 1802, 2129, 2555, 2889, 3741, 4959]
RKP_05000_05000_2_10.txt|15662.0|0.8048663999999945|[1, 2, 14, 23, 24, 35, 42, 70, 82, 97, 175, 185, 205, 261, 311, 330, 351, 481, 666, 723, 725, 856, 899, 1078, 1136, 1230, 1530, 1620, 1908, 1960, 2264, 2524, 2605, 2732, 2854, 2884, 3271, 3467, 3568, 3618]
RKP_05000_05000_3_01.txt|36380.0|0.5542332999999928|[4, 6, 13, 16, 17, 21, 39, 45, 54, 55, 58, 79, 83, 88, 94, 106, 132, 164, 171, 198, 336, 449, 452, 480, 510, 521, 528, 530, 563, 625, 628, 638, 646, 736, 787, 800, 814, 833, 870, 926, 1004, 1075, 1080, 1132, 1158, 1290, 1328, 1409, 1410, 1430, 1664, 1758, 1846, 1850, 1887, 2024, 2100, 2266, 2454, 2544, 2831, 2987, 3210, 3361, 3715, 3941, 4143, 4483]
RKP_05000_05000_3_02.txt|33880.0|0.559569499999995|[5, 9, 25, 30, 32, 33, 38, 50, 51, 55, 58, 59, 99, 106, 115, 117, 133, 151, 155, 217, 221, 227, 303, 407, 507, 509, 601, 773, 869, 885, 969, 985, 1093, 1151, 1198, 1199, 1220, 1232, 1509, 1675, 1763, 1793, 1914, 1970, 2025, 2038, 2259, 2345, 2392, 2529, 2826, 3096, 3230, 3282, 3743, 3779, 3922, 4134, 4175, 4221, 4488, 4553, 4589]
RKP_05000_05000_3_03.txt|37380.0|0.5395149000000004|[1, 2, 3, 4, 6, 12, 13, 21, 25, 46, 67, 79, 88, 90, 127, 185, 194, 219, 223, 281, 323, 366, 433, 471, 489, 523, 542, 618, 636, 682, 763, 777, 826, 856, 950, 963, 970, 1011, 1029, 1061, 1099, 1129, 1187, 1238, 1255, 1278, 1495, 1505, 1516, 1677, 1696, 1703, 1715, 1729, 1777, 1875, 1911, 1960, 2297, 2420, 2430, 2585, 2713, 2750, 3112, 3385, 3389, 3452, 3819, 3909]
RKP_05000_05000_3_04.txt|35880.0|0.5774106000000074|[1, 4, 12, 14, 27, 51, 61, 71, 94, 101, 102, 109, 156, 169, 173, 177, 183, 198, 229, 241, 249, 256, 304, 343, 404, 412, 454, 455, 476, 479, 505, 547, 585, 642, 718, 779, 868, 936, 965, 1033, 1130, 1208, 1276, 1564, 1589, 1800, 2018, 2428, 2441, 2704, 2727, 2854, 2915, 3065, 3143, 3391, 3454, 3543, 3625, 3841, 3856, 3870, 3872, 4104, 4170, 4343, 4678]
RKP_05000_05000_3_05.txt|34880.0|0.5398442999999986|[2, 5, 12, 13, 15, 17, 20, 24, 28, 34, 44, 50, 70, 72, 75, 81, 97, 115, 139, 141, 150, 166, 202, 207, 259, 331, 368, 372, 406, 537, 555, 617, 628, 779, 945, 958, 969, 984, 1004, 1044, 1313, 1506, 1519, 1640, 1664, 1680, 1686, 1696, 1758, 1771, 1843, 1951, 1960, 1982, 2428, 2606, 2910, 2994, 3138, 3566, 3569, 4138, 4267, 4618, 4707]
RKP_05000_05000_3_06.txt|35380.0|0.5430091000000061|[1, 6, 8, 10, 22, 23, 28, 30, 43, 44, 48, 55, 78, 101, 115, 125, 130, 234, 239, 242, 262, 285, 313, 377, 382, 386, 480, 607, 617, 623, 645, 671, 737, 817, 839, 845, 909, 924, 934, 977, 1005, 1115, 1123, 1191, 1379, 1678, 1967, 1989, 2100, 2115, 2169, 2300, 2334, 2338, 2537, 2626, 2697, 2724, 2793, 3065, 3251, 3441, 4129, 4180, 4300, 4383]
RKP_05000_05000_3_07.txt|33880.0|0.5988278999999892|[1, 2, 3, 4, 13, 82, 88, 119, 130, 143, 217, 220, 231, 232, 304, 348, 459, 462, 487, 490, 525, 544, 599, 609, 684, 717, 718, 723, 766, 796, 813, 817, 835, 866, 897, 924, 1005, 1049, 1127, 1213, 1279, 1338, 1403, 1405, 1420, 1497, 1664, 1721, 1728, 1818, 1854, 2093, 2201, 2287, 2345, 2399, 2511, 2643, 2747, 2824, 3347, 3987, 4656]
RKP_05000_05000_3_08.txt|33880.0|0.5221133000000009|[1, 2, 14, 16, 18, 22, 28, 39, 43, 53, 54, 73, 78, 89, 105, 110, 122, 128, 147, 150, 152, 205, 241, 294, 351, 391, 430, 433, 484, 524, 640, 742, 752, 762, 784, 828, 857, 876, 938, 1042, 1104, 1105, 1145, 1224, 1311, 1450, 1520, 1613, 1833, 1856, 1969, 2150, 2221, 2250, 2393, 2413, 2446, 2528, 2636, 2750, 4022, 4469, 4731, 4805]
RKP_05000_05000_3_09.txt|36880.0|0.5361402000000055|[4, 8, 13, 17, 19, 42, 43, 96, 111, 123, 133, 150, 233, 252, 259, 299, 313, 317, 345, 354, 387, 406, 431, 512, 532, 593, 609, 629, 643, 660, 693, 767, 789, 851, 877, 913, 929, 932, 1146, 1282, 1328, 1343, 1489, 1549, 1667, 1727, 1813, 1933, 1945, 2166, 2247, 2427, 2435, 2484, 2838, 2885, 2926, 2994, 3338, 3453, 3677, 3684, 3864, 4192, 4240, 4246, 4313, 4338, 4825]
RKP_05000_05000_3_10.txt|36880.0|0.5693352999999917|[1, 2, 3, 4, 10, 13, 14, 18, 26, 44, 48, 51, 59, 60, 120, 137, 172, 227, 243, 278, 313, 402, 405, 481, 490, 535, 576, 577, 607, 664, 675, 716, 988, 1062, 1075, 1099, 1135, 1202, 1224, 1258, 1284, 1307, 1358, 1405, 1444, 1567, 1639, 1653, 1714, 1786, 1891, 2521, 2536, 2573, 2643, 2698, 2748, 2923, 3046, 3222, 3454, 3468, 3531, 3640, 3759, 3937, 4381, 4391, 4808]
RKP_05000_05000_4_01.txt|1880.0|0.46967659999999967|[2658]
RKP_05000_05000_4_02.txt|1879.0000000000005|0.4989721999999972|[2276]
RKP_05000_05000_4_03.txt|1880.0|0.5029748999999981|[2620]
RKP_05000_05000_4_04.txt|1879.0000000000005|0.4812311999999963|[1674]
RKP_05000_05000_4_05.txt|1880.0|0.5123688999999985|[698]
RKP_05000_05000_4_06.txt|1879.0000000000005|0.4737418000000133|[2074]
RKP_05000_05000_4_07.txt|1880.0|0.4663744000000065|[2674]
RKP_05000_05000_4_08.txt|1880.0|0.5189196999999979|[2610]
RKP_05000_05000_4_09.txt|1880.0|0.47575980000000584|[786]
RKP_05000_05000_4_10.txt|1880.0|0.4678272000000021|[2566]
RKP_05000_05000_5_01.txt|2380.0|0.5276540999999924|[10, 67, 111, 992, 1088, 1283, 3011, 3485]
RKP_05000_05000_5_02.txt|2380.0|0.4990800000000064|[20, 79, 101, 112, 417, 1232, 1445, 1757, 2132, 2392, 3149]
RKP_05000_05000_5_03.txt|2380.0|0.5018950000000046|[1, 101, 451, 995, 1264, 1955]
RKP_05000_05000_5_04.txt|2380.0|0.523131499999991|[1, 137, 997, 1190, 1274]
RKP_05000_05000_5_05.txt|2380.0|0.488372499999997|[1528]
RKP_05000_05000_5_06.txt|2380.0|0.5253168999999929|[1, 97, 297, 990, 1032]
RKP_05000_05000_5_07.txt|2380.0|0.5054429000000056|[1, 101, 144, 223, 407, 964, 1126]
RKP_05000_05000_5_08.txt|2380.0|0.48570130000000233|[1, 34, 971]
RKP_05000_05000_5_09.txt|2380.0|0.5292070999999936|[1, 109, 993, 1014, 1104, 2360, 4917]
RKP_05000_05000_5_10.txt|2380.0|0.49684929999999383|[10, 999, 1241]
