RKP_00100_00100_1_01.txt|389.0|0.14226669999999997|[1, 3, 17, 22, 28, 67]
RKP_00100_00100_1_02.txt|519.0|0.06693519999999997|[1, 15, 37, 47, 48, 50, 56, 91]
RKP_00100_00100_1_03.txt|405.0|0.06835199999999997|[1, 2, 4, 10, 14, 34]
RKP_00100_00100_1_04.txt|332.0|0.05923489999999998|[3, 7, 9, 15, 74]
RKP_00100_00100_1_05.txt|396.0|0.18333219999999995|[11, 20, 22, 30, 66, 79]
RKP_00100_00100_1_06.txt|618.0|0.09154200000000001|[16, 17, 31, 47, 48, 55, 57, 97]
RKP_00100_00100_1_07.txt|274.0|0.05891089999999988|[9, 33, 39, 46, 60]
RKP_00100_00100_1_08.txt|639.0|0.0554593000000001|[1, 2, 6, 7, 13, 24, 30, 76, 87, 92]
RKP_00100_00100_1_09.txt|320.0|0.056110400000000116|[5, 18, 23, 24, 52]
RKP_00100_00100_1_10.txt|432.0|0.055776099999999884|[1, 2, 3, 4, 11, 13, 27, 33]
RKP_00100_00100_2_01.txt|85.0|0.05627110000000002|[1, 2, 6, 20, 22, 41, 43]
RKP_00100_00100_2_02.txt|80.0|0.055995100000000075|[4, 5, 8, 28, 30, 80]
RKP_00100_00100_2_03.txt|84.0|0.05686229999999992|[1, 5, 31, 51, 59, 75]
RKP_00100_00100_2_04.txt|73.0|0.057519099999999934|[2, 11, 18, 26, 50]
RKP_00100_00100_2_05.txt|57.0|0.05487069999999994|[13, 34, 64, 96]
RKP_00100_00100_2_06.txt|53.0|0.05659460000000016|[10, 47, 67, 79]
RKP_00100_00100_2_07.txt|70.0|0.05615199999999998|[7, 13, 15, 22, 28]
RKP_00100_00100_2_08.txt|65.0|0.05601250000000002|[1, 2, 6, 12, 16, 28]
RKP_00100_00100_2_09.txt|60.0|0.05782149999999997|[1, 4, 9, 37, 51, 75]
RKP_00100_00100_2_10.txt|71.0|0.055190800000000095|[1, 2, 5, 40, 64, 65]
RKP_00100_00100_3_01.txt|86.0|0.054814200000000035|[2, 3, 6, 29, 44]
RKP_00100_00100_3_02.txt|106.0|0.05537079999999994|[1, 2, 17, 24, 52, 56, 59]
RKP_00100_00100_3_03.txt|116.0|0.05472260000000029|[3, 4, 6, 14, 15, 46, 49, 75]
RKP_00100_00100_3_04.txt|106.0|0.0553596999999999|[6, 8, 21, 26, 34, 48, 50]
RKP_00100_00100_3_05.txt|96.0|0.05537880000000017|[1, 3, 7, 12, 25, 52]
RKP_00100_00100_3_06.txt|126.0|0.05677029999999972|[1, 2, 3, 8, 11, 27, 31, 40, 72]
RKP_00100_00100_3_07.txt|106.0|0.056771499999999975|[2, 14, 27, 72, 83, 88, 89]
RKP_00100_00100_3_08.txt|96.0|0.0672079000000001|[3, 7, 9, 12, 18, 33]
RKP_00100_00100_3_09.txt|96.0|0.1365063000000002|[1, 32, 48, 57, 82, 89]
RKP_00100_00100_3_10.txt|116.0|0.1397929999999996|[1, 5, 20, 60, 62, 66, 67, 69]
RKP_00100_00100_4_01.txt|26.0|0.05421429999999994|[11]
RKP_00100_00100_4_02.txt|25.00000000000001|0.05400129999999992|[44]
RKP_00100_00100_4_03.txt|26.0|0.05377579999999993|[17]
RKP_00100_00100_4_04.txt|26.0|0.054646400000000206|[18]
RKP_00100_00100_4_05.txt|25.00000000000001|0.05283250000000006|[7]
RKP_00100_00100_4_06.txt|25.00000000000001|0.05332199999999965|[43]
RKP_00100_00100_4_07.txt|26.0|0.05330749999999984|[21]
RKP_00100_00100_4_08.txt|26.0|0.05310639999999989|[46]
RKP_00100_00100_4_09.txt|25.00000000000001|0.05422360000000026|[18]
RKP_00100_00100_4_10.txt|26.0|0.054467299999999774|[64]
RKP_00100_00100_5_01.txt|36.0|0.05600559999999977|[1, 22, 39]
RKP_00100_00100_5_02.txt|36.0|0.05419229999999997|[2, 46]
RKP_00100_00100_5_03.txt|36.0|0.054971199999999776|[1, 14, 16, 96]
RKP_00100_00100_5_04.txt|36.0|0.055933800000000033|[1, 47]
RKP_00100_00100_5_05.txt|36.0|0.05415559999999964|[1, 7]
RKP_00100_00100_5_06.txt|36.0|0.05768210000000007|[1, 14, 36]
RKP_00100_00100_5_07.txt|36.0|0.05533600000000005|[1, 2, 5, 7, 14, 28, 36, 46]
RKP_00100_00100_5_08.txt|36.0|0.054224599999999956|[42, 100]
RKP_00100_00100_5_09.txt|36.0|0.05488990000000005|[1, 43]
RKP_00100_00100_5_10.txt|36.0|0.05467399999999989|[1, 97]
RKP_00500_00100_1_01.txt|915.0|0.08191330000000008|[2, 3, 25, 27, 40, 75, 120, 140, 148, 211, 222, 284, 304, 500]
RKP_00500_00100_1_02.txt|817.0|0.15874319999999997|[13, 77, 87, 89, 102, 132, 175, 205, 288, 289, 325, 351]
RKP_00500_00100_1_03.txt|783.0|0.07804150000000032|[1, 5, 11, 16, 30, 40, 111, 113, 123, 139, 147, 228, 360, 496]
RKP_00500_00100_1_04.txt|1025.0|0.0791460000000006|[11, 41, 59, 64, 65, 93, 94, 156, 197, 245, 315, 359]
RKP_00500_00100_1_05.txt|999.0|0.09194770000000041|[2, 10, 11, 17, 18, 23, 24, 26, 72, 192, 203, 215, 363, 402]
RKP_00500_00100_1_06.txt|1067.0|0.09935830000000045|[3, 13, 22, 34, 35, 52, 89, 165, 182, 189, 190, 211, 230, 240, 411]
RKP_00500_00100_1_07.txt|1091.0|0.13359909999999964|[2, 22, 31, 40, 47, 80, 97, 126, 206, 257, 322, 410, 461, 469, 492]
RKP_00500_00100_1_08.txt|1036.0|0.09233709999999995|[1, 3, 4, 10, 16, 29, 106, 146, 156, 165, 185, 258, 332, 378, 450]
RKP_00500_00100_1_09.txt|898.0|0.0824145999999999|[16, 19, 39, 77, 108, 148, 151, 153, 163, 180, 221, 307, 496]
RKP_00500_00100_1_10.txt|844.0|0.10177980000000009|[3, 4, 5, 6, 14, 62, 75, 162, 214, 234, 277, 413]
RKP_00500_00100_2_01.txt|133.0|0.12085200000000018|[3, 11, 16, 32, 39, 40, 60, 137, 148, 168, 226, 259, 441, 447]
RKP_00500_00100_2_02.txt|129.0|0.07935689999999962|[6, 13, 65, 72, 97, 112, 131, 142, 156, 167, 195, 314, 336]
RKP_00500_00100_2_03.txt|126.0|0.11767150000000015|[2, 21, 24, 31, 71, 100, 107, 135, 142, 154, 155, 164, 166, 382, 436]
RKP_00500_00100_2_04.txt|120.0|0.10673400000000033|[11, 14, 26, 55, 58, 80, 105, 112, 163, 204, 216, 429]
RKP_00500_00100_2_05.txt|115.0|0.1010624|[4, 5, 10, 38, 48, 87, 218, 260, 294, 423, 426]
RKP_00500_00100_2_06.txt|113.0|0.10269840000000041|[1, 3, 9, 15, 18, 27, 35, 70, 155]
RKP_00500_00100_2_07.txt|106.0|0.1019496000000002|[1, 5, 17, 53, 75, 83, 114, 260, 292, 308, 367, 452]
RKP_00500_00100_2_08.txt|92.0|0.10266030000000015|[1, 3, 6, 15, 45, 50, 87, 96, 175, 495]
RKP_00500_00100_2_09.txt|79.0|0.10300689999999957|[38, 70, 87, 108, 277, 304, 335, 433]
RKP_00500_00100_2_10.txt|106.0|0.0783523000000006|[2, 9, 14, 20, 21, 40, 116, 118, 372]
RKP_00500_00100_3_01.txt|176.0|0.08448060000000002|[1, 3, 5, 11, 24, 31, 33, 43, 96, 143, 148, 158, 260, 401]
RKP_00500_00100_3_02.txt|216.0|0.09745769999999965|[1, 5, 20, 26, 32, 39, 56, 73, 103, 110, 152, 160, 167, 172, 189, 202, 203, 221]
RKP_00500_00100_3_03.txt|206.0|0.07309859999999979|[1, 9, 11, 22, 52, 71, 93, 113, 142, 148, 193, 258, 264, 292, 351, 444, 454]
RKP_00500_00100_3_04.txt|206.0|0.09904880000000027|[1, 2, 31, 66, 68, 104, 142, 159, 163, 168, 209, 278, 280, 282, 312, 345, 350]
RKP_00500_00100_3_05.txt|206.0|0.09714310000000026|[1, 12, 74, 84, 87, 92, 106, 108, 143, 211, 225, 294, 319, 377, 381, 382, 417]
RKP_00500_00100_3_06.txt|186.0|0.0832512000000003|[1, 5, 16, 24, 45, 52, 56, 186, 189, 204, 242, 281, 283, 311, 433]
RKP_00500_00100_3_07.txt|166.0|0.08580590000000043|[1, 2, 3, 4, 5, 17, 30, 33, 157, 196, 200, 244, 308]
RKP_00500_00100_3_08.txt|236.0|0.08932440000000064|[8, 14, 19, 31, 49, 57, 58, 62, 63, 84, 90, 114, 133, 144, 150, 159, 172, 301, 302, 451]
RKP_00500_00100_3_09.txt|216.0|0.07255669999999981|[2, 4, 12, 54, 58, 70, 104, 108, 115, 148, 154, 169, 171, 221, 231, 294, 347, 434]
RKP_00500_00100_3_10.txt|186.0|0.11714760000000002|[1, 10, 13, 18, 40, 47, 123, 153, 159, 165, 183, 189, 305, 322, 325]
RKP_00500_00100_4_01.txt|26.0|0.07380440000000021|[55]
RKP_00500_00100_4_02.txt|26.0|0.07284609999999958|[140]
RKP_00500_00100_4_03.txt|26.0|0.07268590000000064|[111]
RKP_00500_00100_4_04.txt|26.0|0.0741303000000002|[336]
RKP_00500_00100_4_05.txt|26.0|0.07260130000000053|[294]
RKP_00500_00100_4_06.txt|26.0|0.07607159999999968|[390]
RKP_00500_00100_4_07.txt|26.0|0.07299450000000007|[26]
RKP_00500_00100_4_08.txt|26.0|0.07257050000000032|[211]
RKP_00500_00100_4_09.txt|26.0|0.0726116999999995|[86]
RKP_00500_00100_4_10.txt|26.0|0.07247450000000022|[262]
RKP_00500_00100_5_01.txt|36.0|0.07470549999999943|[1, 13, 57]
RKP_00500_00100_5_02.txt|36.0|0.07565859999999969|[2, 101, 111, 303]
RKP_00500_00100_5_03.txt|36.0|0.08108160000000009|[1, 91]
RKP_00500_00100_5_04.txt|36.0|0.07675699999999974|[1, 22, 73, 104]
RKP_00500_00100_5_05.txt|36.0|0.07917659999999938|[1, 58]
RKP_00500_00100_5_06.txt|36.0|0.07509350000000037|[6, 10, 32, 51, 429]
RKP_00500_00100_5_07.txt|36.0|0.07529830000000004|[1, 17, 114, 412]
RKP_00500_00100_5_08.txt|36.0|0.0772491999999998|[53, 104]
RKP_00500_00100_5_09.txt|36.0|0.11399489999999979|[1, 244]
RKP_00500_00100_5_10.txt|36.0|0.07593010000000078|[1, 28, 30]
RKP_01000_00100_1_01.txt|1135.0|0.1447371999999998|[2, 13, 42, 47, 50, 51, 64, 67, 91, 97, 123, 151, 260, 261, 314, 432]
RKP_01000_00100_1_02.txt|1165.0|0.14652710000000013|[1, 9, 16, 30, 38, 49, 72, 171, 182, 193, 195, 292, 294, 486, 557, 584, 696, 754]
RKP_01000_00100_1_03.txt|1140.0|0.12860859999999974|[2, 4, 32, 48, 50, 56, 114, 116, 128, 172, 174, 199, 535, 800, 869]
RKP_01000_00100_1_04.txt|1472.0|0.1434571000000009|[1, 2, 3, 5, 12, 14, 44, 75, 151, 163, 165, 247, 255, 277, 283, 429, 566, 726, 732, 733]
RKP_01000_00100_1_05.txt|1291.0|0.14361869999999932|[1, 37, 39, 41, 49, 75, 89, 121, 123, 207, 222, 307, 582, 635, 673, 696, 776, 915, 1000]
RKP_01000_00100_1_06.txt|1425.0|0.1706296000000016|[1, 6, 10, 33, 38, 52, 58, 78, 99, 168, 242, 250, 349, 383, 442, 632, 645, 790, 993]
RKP_01000_00100_1_07.txt|1476.0|0.11577850000000112|[3, 7, 37, 49, 86, 90, 127, 128, 129, 130, 190, 204, 226, 382, 436, 440, 476, 556, 778, 874]
RKP_01000_00100_1_08.txt|1240.0|0.22828909999999958|[1, 4, 6, 22, 26, 68, 80, 145, 149, 223, 242, 303, 356, 366, 421, 422, 716, 922]
RKP_01000_00100_1_09.txt|1234.0|0.11662570000000017|[1, 14, 17, 27, 31, 36, 48, 103, 168, 196, 213, 290, 513, 672, 691, 782, 898]
RKP_01000_00100_1_10.txt|1513.0|0.1255569999999988|[1, 8, 19, 37, 43, 55, 76, 104, 111, 159, 253, 331, 466, 480, 491, 534, 618, 669, 748, 785, 968]
RKP_01000_00100_2_01.txt|138.0|0.12097979999999886|[3, 7, 12, 13, 16, 21, 24, 47, 73, 111, 209, 253, 264, 366, 374, 380]
RKP_01000_00100_2_02.txt|124.0|0.14165599999999934|[3, 63, 73, 84, 179, 202, 213, 311, 357, 375, 385, 410, 547, 782]
RKP_01000_00100_2_03.txt|166.0|0.12015270000000022|[5, 33, 58, 81, 84, 87, 97, 123, 124, 141, 171, 187, 330, 335, 394, 416, 417, 897]
RKP_01000_00100_2_04.txt|140.0|0.11107379999999978|[21, 35, 37, 58, 60, 94, 123, 147, 184, 428, 443, 504, 698]
RKP_01000_00100_2_05.txt|146.0|0.12415529999999997|[7, 26, 30, 73, 84, 152, 162, 214, 222, 236, 299, 380, 409, 420, 428, 501, 742]
RKP_01000_00100_2_06.txt|163.0|0.1306484999999995|[1, 6, 16, 24, 33, 52, 122, 138, 154, 255, 259, 590, 602, 647, 805, 858, 876]
RKP_01000_00100_2_07.txt|136.0|0.15702029999999922|[2, 3, 7, 38, 81, 173, 208, 284, 378, 396, 457, 531, 796, 950]
RKP_01000_00100_2_08.txt|156.0|0.15109619999999957|[1, 3, 7, 9, 10, 11, 16, 26, 39, 44, 121, 129, 406, 573, 609, 661, 862]
RKP_01000_00100_2_09.txt|138.0|0.11987549999999914|[1, 13, 18, 127, 191, 205, 235, 348, 382, 417, 436, 651, 656, 904]
RKP_01000_00100_2_10.txt|157.0|0.1493664999999993|[1, 4, 5, 15, 56, 122, 163, 191, 252, 282, 309, 341, 521, 548, 564, 579, 710]
RKP_01000_00100_3_01.txt|276.0|0.10187089999999976|[1, 11, 15, 32, 49, 51, 55, 65, 119, 133, 186, 249, 337, 340, 348, 456, 464, 537, 659, 704, 740, 763, 795, 857]
RKP_01000_00100_3_02.txt|246.0|0.10111709999999974|[1, 3, 9, 18, 24, 25, 37, 69, 79, 94, 120, 126, 137, 138, 176, 295, 300, 318, 533, 644, 654]
RKP_01000_00100_3_03.txt|266.0|0.1288829000000007|[1, 3, 13, 17, 31, 84, 93, 143, 170, 175, 204, 222, 270, 325, 378, 392, 431, 530, 580, 652, 692, 836, 994]
RKP_01000_00100_3_04.txt|276.0|0.11029760000000088|[1, 3, 4, 5, 9, 10, 16, 42, 44, 65, 83, 142, 149, 235, 274, 277, 305, 389, 449, 558, 639, 645, 740, 786]
RKP_01000_00100_3_05.txt|226.0|0.10241509999999998|[2, 5, 23, 24, 29, 31, 46, 57, 100, 108, 141, 144, 151, 163, 172, 183, 460, 630, 661]
RKP_01000_00100_3_06.txt|236.0|0.14922910000000122|[1, 5, 6, 7, 14, 16, 22, 36, 37, 63, 112, 204, 217, 224, 242, 249, 347, 543, 886, 970]
RKP_01000_00100_3_07.txt|286.0|0.12309659999999845|[1, 4, 12, 16, 20, 23, 27, 31, 38, 53, 112, 129, 169, 190, 231, 337, 354, 433, 591, 605, 695, 750, 822, 867, 888]
RKP_01000_00100_3_08.txt|206.0|0.1267668999999998|[1, 2, 7, 35, 53, 71, 89, 97, 129, 130, 131, 145, 179, 198, 266, 303, 636]
RKP_01000_00100_3_09.txt|216.0|0.11655829999999945|[6, 16, 17, 23, 26, 83, 141, 202, 211, 216, 257, 318, 403, 480, 578, 647, 758, 871]
RKP_01000_00100_3_10.txt|256.0|0.1258714999999988|[3, 10, 12, 16, 18, 22, 26, 35, 72, 106, 122, 156, 169, 227, 245, 319, 334, 467, 524, 632, 677, 764]
RKP_01000_00100_4_01.txt|26.0|0.10058270000000036|[280]
RKP_01000_00100_4_02.txt|26.0|0.0965113000000013|[486]
RKP_01000_00100_4_03.txt|26.0|0.09861469999999883|[859]
RKP_01000_00100_4_04.txt|26.0|0.10168510000000097|[372]
RKP_01000_00100_4_05.txt|26.0|0.09772659999999966|[299]
RKP_01000_00100_4_06.txt|26.0|0.10024379999999944|[51]
RKP_01000_00100_4_07.txt|26.0|0.10157229999999906|[299]
RKP_01000_00100_4_08.txt|26.0|0.09943930000000023|[669]
RKP_01000_00100_4_09.txt|26.0|0.10112939999999959|[100]
RKP_01000_00100_4_10.txt|26.0|0.10124520000000103|[125]
RKP_01000_00100_5_01.txt|36.0|0.10316639999999921|[103, 434]
RKP_01000_00100_5_02.txt|36.0|0.10409240000000075|[1, 549]
RKP_01000_00100_5_03.txt|36.0|0.1043529999999997|[1, 89]
RKP_01000_00100_5_04.txt|36.0|0.12855719999999948|[106, 154]
RKP_01000_00100_5_05.txt|36.0|0.10037129999999905|[1, 693]
RKP_01000_00100_5_06.txt|36.0|0.10398810000000047|[135, 441]
RKP_01000_00100_5_07.txt|36.0|0.10414729999999928|[101, 557]
RKP_01000_00100_5_08.txt|36.0|0.10371170000000163|[1, 948]
RKP_01000_00100_5_09.txt|36.0|0.1017393000000002|[76, 109, 588]
RKP_01000_00100_5_10.txt|36.0|0.10496659999999913|[1, 142, 176, 468, 578, 658]
RKP_05000_00100_1_01.txt|2510.0|0.5448956999999996|[1, 3, 4, 5, 8, 9, 20, 31, 49, 51, 68, 116, 150, 302, 465, 540, 553, 589, 642, 904, 1268, 1275, 1373, 1406, 1485, 1700, 1839, 2091, 2106, 2556, 3411, 3645]
RKP_05000_00100_1_02.txt|2489.0|0.5308089000000002|[1, 2, 16, 31, 42, 60, 73, 104, 171, 174, 275, 277, 338, 347, 350, 463, 501, 716, 892, 1201, 1210, 1821, 2337, 2939, 3013, 3415, 3648, 4066, 4311, 4439, 4651]
RKP_05000_00100_1_03.txt|2465.0|0.5106857999999992|[1, 2, 6, 10, 22, 26, 27, 52, 81, 136, 193, 207, 591, 929, 961, 1069, 1355, 1417, 1588, 1880, 2646, 2992, 3127, 3261, 3382, 3471, 3686, 3801, 4053, 4396, 4798]
RKP_05000_00100_1_04.txt|2305.0|0.5296038999999997|[2, 5, 7, 16, 23, 38, 41, 69, 135, 147, 378, 444, 713, 795, 868, 1048, 1367, 1521, 1633, 1931, 2030, 2528, 2565, 2594, 2831, 3064, 3198, 3336, 3644, 4280, 4320, 4470]
RKP_05000_00100_1_05.txt|2288.0|0.5987315000000031|[2, 4, 8, 16, 20, 33, 38, 53, 60, 64, 174, 288, 306, 427, 541, 542, 644, 1169, 1309, 1432, 1433, 1759, 2447, 2549, 2850, 2995, 3856, 4588, 4969]
RKP_05000_00100_1_06.txt|2339.0|0.523053700000002|[3, 8, 9, 25, 41, 45, 62, 73, 122, 133, 152, 208, 219, 329, 457, 569, 645, 745, 747, 807, 860, 866, 896, 1279, 1319, 1512, 1799, 2608, 3167, 3825]
RKP_05000_00100_1_07.txt|2652.0|0.5334097|[1, 4, 11, 30, 32, 54, 55, 79, 90, 97, 118, 124, 180, 188, 204, 219, 244, 451, 582, 876, 880, 931, 991, 1149, 1222, 1437, 1674, 1758, 1762, 2037, 2591, 2883, 3419, 3473]
RKP_05000_00100_1_08.txt|2351.0|0.5603573999999973|[1, 6, 82, 148, 154, 179, 186, 264, 266, 275, 276, 288, 300, 441, 502, 687, 816, 820, 865, 906, 985, 1267, 1318, 1717, 2054, 2248, 2845, 3259, 3876, 4344, 4811]
RKP_05000_00100_1_09.txt|2087.0|0.5402422000000016|[2, 3, 10, 30, 70, 74, 121, 178, 270, 325, 423, 463, 786, 816, 1184, 1363, 1441, 2596, 2965, 3051, 3572, 3697, 3759, 4135, 4341, 4424]
RKP_05000_00100_1_10.txt|2458.0|0.5471917000000026|[2, 8, 25, 43, 48, 83, 111, 143, 176, 189, 230, 321, 352, 429, 437, 482, 564, 780, 952, 1091, 1342, 1350, 1395, 1422, 1804, 2061, 2958, 3065, 3086, 3176, 3373, 4572]
RKP_05000_00100_2_01.txt|225.0|0.5505459999999971|[44, 68, 77, 110, 144, 148, 220, 540, 551, 648, 736, 868, 1057, 1292, 1647, 1741, 2000, 2019, 2210, 2218, 2729, 3020, 3518]
RKP_05000_00100_2_02.txt|269.0|0.49391819999999953|[3, 4, 10, 14, 29, 35, 40, 73, 152, 275, 298, 407, 455, 532, 578, 656, 677, 871, 1014, 1178, 1493, 1570, 1770, 1793, 2707, 3178, 3238, 3654, 4063, 4347, 4978]
RKP_05000_00100_2_03.txt|246.0|0.49287330000000296|[4, 5, 17, 39, 242, 388, 442, 710, 769, 826, 840, 895, 1122, 1234, 1463, 1867, 1925, 2550, 2844, 3332, 3625, 3969, 4547, 4655, 4806, 4989]
RKP_05000_00100_2_04.txt|230.0|0.5034938000000011|[1, 5, 12, 45, 99, 168, 283, 355, 387, 483, 491, 506, 531, 674, 687, 752, 917, 950, 1551, 1565, 1633, 1864, 2126, 3153, 4139]
RKP_05000_00100_2_05.txt|253.0|0.49397599999999997|[5, 22, 52, 274, 355, 366, 452, 522, 752, 942, 991, 1029, 1224, 1654, 1741, 2083, 2332, 2365, 2545, 2703, 3226, 3238, 3383, 3406, 3555, 3758]
RKP_05000_00100_2_06.txt|245.0|0.5208630000000021|[6, 23, 62, 129, 135, 136, 324, 326, 356, 437, 466, 758, 816, 1109, 1288, 1581, 2040, 2044, 2118, 2148, 2322, 2408, 2453, 3347, 3682, 4405, 4478]
RKP_05000_00100_2_07.txt|241.0|0.47593550000000207|[1, 2, 3, 7, 43, 58, 71, 79, 105, 141, 180, 235, 260, 333, 373, 396, 516, 595, 938, 1389, 1949, 2246, 2323, 2419, 2528, 2641, 2751]
RKP_05000_00100_2_08.txt|231.0|0.4688952000000022|[2, 11, 14, 24, 25, 41, 48, 98, 99, 152, 199, 342, 636, 792, 953, 1204, 1387, 1617, 1638, 1700, 2068, 2149, 2584, 2915, 3421, 4332]
RKP_05000_00100_2_09.txt|269.0|0.5426578999999982|[5, 6, 18, 86, 110, 112, 142, 151, 293, 294, 355, 392, 433, 846, 1149, 1331, 1338, 1873, 2179, 2318, 2352, 2520, 2692, 2953, 3113, 4070, 4778]
RKP_05000_00100_2_10.txt|228.0|0.4767602999999987|[19, 113, 120, 136, 250, 275, 326, 477, 502, 918, 1547, 1773, 1932, 2283, 2318, 2345, 2435, 2755, 2768, 2802, 3300, 3321, 4994]
RKP_05000_00100_3_01.txt|396.0|0.44341950000000097|[1, 3, 8, 11, 26, 48, 83, 97, 135, 145, 224, 231, 279, 288, 312, 334, 361, 465, 588, 610, 692, 900, 1006, 1096, 1272, 1751, 1768, 2039, 2321, 2608, 3252, 3272, 3292, 3674, 3675, 4195]
RKP_05000_00100_3_02.txt|396.0|0.48657690000000287|[22, 36, 38, 55, 93, 94, 132, 148, 167, 203, 219, 254, 272, 301, 351, 356, 373, 434, 472, 512, 856, 1047, 1092, 1267, 1271, 1335, 1664, 1876, 2674, 2762, 3287, 3615, 3645, 4055, 4114, 4494]
RKP_05000_00100_3_03.txt|396.0|0.453861100000001|[1, 5, 15, 20, 21, 86, 129, 140, 156, 159, 191, 283, 341, 387, 403, 520, 820, 894, 914, 1256, 1305, 1459, 1487, 1558, 1571, 1712, 1847, 1888, 1941, 2793, 2962, 2984, 2989, 4254, 4547, 4563]
RKP_05000_00100_3_04.txt|396.0|0.44968110000000294|[1, 5, 9, 11, 16, 48, 59, 298, 318, 320, 325, 365, 446, 578, 688, 769, 770, 898, 984, 1024, 1193, 1348, 1433, 1570, 1739, 1757, 1788, 1905, 2156, 2274, 2340, 2386, 2433, 3384, 3639, 4679]
RKP_05000_00100_3_05.txt|376.0|0.4713005999999993|[7, 32, 52, 79, 122, 238, 292, 295, 362, 448, 480, 485, 513, 573, 638, 669, 905, 909, 936, 950, 973, 1668, 2040, 2337, 2456, 2596, 2714, 2928, 3114, 3135, 4073, 4182, 4398, 4423]
RKP_05000_00100_3_06.txt|396.0|0.44491299999999967|[1, 2, 10, 15, 25, 27, 32, 35, 58, 68, 79, 119, 121, 203, 248, 270, 352, 452, 564, 638, 683, 838, 1046, 1130, 1148, 1451, 1477, 1698, 1735, 1860, 1884, 2205, 2878, 2978, 3112, 4282]
RKP_05000_00100_3_07.txt|396.0|0.4798241999999995|[2, 10, 16, 30, 89, 93, 98, 99, 114, 189, 206, 222, 281, 304, 495, 500, 550, 699, 729, 750, 812, 876, 883, 890, 1030, 1095, 1453, 1577, 1615, 1833, 1892, 1960, 2510, 2632, 2667, 2869]
RKP_05000_00100_3_08.txt|396.0|0.45567649999999915|[6, 13, 17, 28, 92, 97, 100, 169, 227, 238, 328, 428, 563, 572, 645, 700, 925, 1076, 1244, 1414, 1478, 1502, 1517, 1802, 1973, 2154, 2702, 3330, 3410, 3716, 4062, 4178, 4225, 4353, 4604, 4735]
RKP_05000_00100_3_09.txt|396.0|0.4670051999999991|[4, 40, 94, 111, 137, 205, 217, 262, 271, 288, 409, 585, 662, 696, 789, 839, 1067, 1161, 1558, 2033, 2048, 2227, 2372, 2453, 2862, 2897, 2925, 3120, 3500, 3603, 3727, 4348, 4681, 4813, 4902, 4948]
RKP_05000_00100_3_10.txt|396.0|0.4838413999999993|[19, 21, 22, 27, 30, 52, 119, 173, 216, 236, 252, 383, 627, 666, 775, 860, 881, 1046, 1430, 1547, 1938, 1946, 2181, 2195, 2235, 2312, 2477, 2929, 2988, 2990, 3361, 3877, 3997, 4448, 4628, 4783]
RKP_05000_00100_4_01.txt|26.0|0.4435674000000027|[524]
RKP_05000_00100_4_02.txt|26.0|0.45825160000000054|[558]
RKP_05000_00100_4_03.txt|26.0|0.4799900000000008|[521]
RKP_05000_00100_4_04.txt|26.0|0.45078949999999907|[2301]
RKP_05000_00100_4_05.txt|26.0|0.44387199999999893|[2311]
RKP_05000_00100_4_06.txt|26.0|0.479240199999996|[2347]
RKP_05000_00100_4_07.txt|26.0|0.44608029999999843|[606]
RKP_05000_00100_4_08.txt|26.0|0.47286159999999455|[525]
RKP_05000_00100_4_09.txt|26.0|0.44737479999999863|[490]
RKP_05000_00100_4_10.txt|26.0|0.4590123999999989|[2360]
RKP_05000_00100_5_01.txt|36.0|0.47543319999999767|[1126, 3457, 3504]
RKP_05000_00100_5_02.txt|36.0|0.44962389999999886|[723, 1028]
RKP_05000_00100_5_03.txt|36.0|0.45463160000000613|[240, 1054]
RKP_05000_00100_5_04.txt|36.0|0.4906792999999965|[1049, 1450]
RKP_05000_00100_5_05.txt|36.0|0.4446602000000013|[74, 194, 208, 334, 1031, 4166]
RKP_05000_00100_5_06.txt|36.0|0.46573889999999807|[10, 16, 59, 373, 2464, 3257]
RKP_05000_00100_5_07.txt|36.0|0.4800107000000011|[45, 820, 1025, 1099, 2819, 2824]
RKP_05000_00100_5_08.txt|36.0|0.47024569999999954|[1167, 3558]
RKP_05000_00100_5_09.txt|36.0|0.47485220000000083|[341, 1109]
RKP_05000_00100_5_10.txt|36.0|0.4516512000000006|[1178, 3541]
RKP_05000_01000_1_01.txt|35303.0|0.5791056000000054|[1, 2, 8, 10, 13, 15, 16, 17, 18, 23, 53, 78, 86, 96, 151, 164, 226, 328, 334, 368, 379, 424, 491, 661, 700, 732, 751, 778, 866, 1034, 1214, 1232, 1431, 1591, 1724, 1742, 1756, 1841, 1858, 1919, 1979, 2077, 2254, 2481, 2629, 2777, 2874, 3256, 3485, 3534, 3791, 3799, 4223, 4479, 4971]
RKP_05000_01000_1_02.txt|37135.0|0.5939120000000031|[3, 7, 10, 17, 22, 36, 39, 41, 78, 89, 109, 222, 235, 282, 304, 406, 425, 506, 539, 588, 622, 675, 728, 772, 837, 918, 988, 1055, 1205, 1261, 1337, 1403, 1414, 1455, 1590, 1677, 1999, 2011, 2379, 2594, 2745, 2769, 2800, 2825, 2832, 3349, 3565, 3875, 4489, 4961]
RKP_05000_01000_1_03.txt|33231.0|0.5489420000000038|[1, 22, 24, 67, 72, 76, 114, 135, 165, 174, 176, 248, 272, 339, 344, 479, 533, 649, 852, 882, 933, 940, 1027, 1039, 1150, 1339, 1364, 1415, 1475, 1483, 1534, 1605, 1614, 1822, 1854, 2016, 2080, 2125, 2201, 2471, 2688, 3194, 3232, 3276, 3392, 3682, 3920, 4104]
RKP_05000_01000_1_04.txt|35151.0|0.5729740999999962|[1, 5, 9, 10, 16, 33, 35, 49, 52, 61, 64, 114, 135, 181, 191, 223, 238, 318, 351, 465, 482, 498, 533, 546, 594, 687, 716, 724, 794, 952, 1107, 1142, 1174, 1218, 1275, 1450, 1546, 1916, 2023, 2060, 2320, 2470, 3023, 3051, 3055, 3926, 4232, 4277, 4397, 4624, 4775]
RKP_05000_01000_1_05.txt|34256.0|0.6240868000000006|[2, 4, 8, 9, 14, 46, 65, 85, 91, 93, 94, 97, 119, 132, 157, 168, 254, 259, 267, 279, 339, 352, 385, 430, 467, 580, 651, 667, 816, 985, 1023, 1093, 1142, 1155, 1162, 1227, 1316, 1320, 1411, 1418, 1474, 1588, 1606, 1607, 1649, 2069, 2271, 2547, 2834, 3067, 3468, 4053, 4118, 4385]
RKP_05000_01000_1_06.txt|31989.0|0.5695296999999968|[2, 3, 6, 8, 10, 48, 51, 52, 80, 90, 107, 159, 188, 217, 269, 288, 297, 336, 343, 399, 498, 503, 691, 697, 736, 894, 943, 998, 1097, 1242, 1368, 1511, 1530, 1689, 1879, 1910, 1916, 2050, 2195, 2517, 2857, 2865, 2967, 3076, 3109, 3846, 4603]
RKP_05000_01000_1_07.txt|30627.0|0.5823176000000032|[1, 2, 15, 21, 23, 44, 46, 65, 77, 84, 91, 130, 161, 188, 198, 204, 213, 226, 386, 421, 522, 523, 568, 577, 616, 628, 651, 753, 795, 957, 1175, 1359, 1449, 1697, 1741, 1764, 1865, 1904, 2001, 2087, 2245, 2593, 2669, 4009, 4242]
RKP_05000_01000_1_08.txt|30439.0|0.6076612000000026|[3, 7, 10, 15, 20, 24, 26, 81, 89, 109, 115, 140, 151, 190, 235, 279, 427, 430, 488, 527, 575, 651, 670, 738, 785, 952, 1088, 1138, 1275, 1391, 1487, 1574, 2110, 2356, 2382, 2528, 2585, 2723, 2841, 3318, 3925, 4497]
RKP_05000_01000_1_09.txt|34166.0|0.5817739000000017|[1, 2, 3, 4, 6, 17, 18, 29, 39, 47, 51, 104, 128, 157, 163, 190, 191, 364, 390, 427, 473, 499, 562, 563, 684, 883, 996, 998, 1242, 1362, 1366, 1434, 1481, 1579, 1679, 1714, 1761, 1788, 1854, 2121, 2328, 2364, 2381, 2845, 3179, 3245, 3744, 3964, 4115]
RKP_05000_01000_1_10.txt|37263.0|0.5902619000000016|[1, 2, 9, 11, 38, 43, 47, 49, 100, 103, 104, 129, 180, 212, 245, 261, 286, 359, 384, 461, 486, 500, 528, 740, 785, 807, 839, 844, 888, 1044, 1076, 1095, 1253, 1284, 1313, 1361, 1430, 1479, 1554, 1640, 1680, 1914, 2153, 2184, 2216, 2309, 2544, 2671, 2698, 2753, 2867, 3137, 3836, 4815]
RKP_05000_01000_2_01.txt|2407.0|0.6069294999999997|[2, 7, 28, 88, 103, 176, 265, 309, 339, 413, 483, 541, 761, 947, 951, 1100, 1173, 1473, 1487, 1641, 1730, 1844, 1898, 2000, 2057, 2281, 2351, 2400, 2671, 3060, 3764, 3919, 4166]
RKP_05000_01000_2_02.txt|2604.0|0.6230519999999942|[1, 2, 3, 44, 62, 76, 88, 121, 279, 311, 317, 365, 462, 471, 491, 545, 653, 667, 862, 964, 1045, 1068, 1189, 1294, 1577, 1693, 1739, 1812, 1856, 2308, 2581, 2682, 2983, 4977]
RKP_05000_01000_2_03.txt|2778.0|0.6655298000000016|[51, 69, 86, 104, 131, 217, 235, 286, 305, 308, 465, 507, 518, 655, 726, 862, 942, 1002, 1550, 1958, 2182, 2340, 2548, 2930, 3180, 3343, 3351, 3416, 3540, 3938, 4457, 4964]
RKP_05000_01000_2_04.txt|2969.0|0.6057733999999968|[1, 3, 7, 17, 22, 54, 63, 82, 153, 183, 302, 348, 371, 400, 473, 509, 527, 545, 567, 585, 758, 768, 1086, 1672, 1740, 1906, 1989, 2237, 2245, 2249, 2408, 2518, 2928, 2989, 3498, 3530, 3872, 4236, 4424, 4454]
RKP_05000_01000_2_05.txt|2627.0|0.6042820000000049|[3, 4, 5, 8, 12, 33, 34, 70, 187, 201, 204, 260, 273, 344, 360, 420, 427, 453, 526, 734, 876, 1064, 1132, 1158, 1269, 1680, 1762, 1925, 2008, 2513, 2943, 3321, 4215, 4485]
RKP_05000_01000_2_06.txt|2712.0|0.6605862999999985|[1, 2, 27, 30, 36, 59, 61, 105, 138, 152, 154, 242, 282, 344, 386, 403, 464, 473, 672, 683, 707, 739, 793, 900, 925, 1134, 1477, 1569, 1619, 1933, 1948, 1991, 2282, 2446, 2476, 2638, 4951]
RKP_05000_01000_2_07.txt|2972.0|0.5981736999999967|[1, 11, 12, 157, 199, 207, 212, 238, 294, 368, 516, 751, 759, 771, 772, 909, 1123, 1265, 1437, 1552, 1593, 1625, 1643, 1811, 1902, 2206, 2233, 2241, 2282, 2461, 2608, 2843, 3129, 3147, 3275, 3882, 4279, 4453, 4495]
RKP_05000_01000_2_08.txt|2850.0|0.6001626999999985|[4, 6, 17, 30, 44, 59, 78, 108, 213, 236, 242, 264, 298, 312, 371, 385, 580, 634, 658, 677, 747, 846, 972, 1067, 1156, 1184, 1256, 1314, 1499, 1783, 2133, 2399, 2808, 2941, 3148, 3191, 3385]
RKP_05000_01000_2_09.txt|2694.0|0.6323484999999991|[3, 4, 10, 13, 15, 22, 25, 36, 63, 128, 130, 175, 270, 379, 408, 419, 536, 677, 821, 897, 997, 1132, 1226, 1556, 1583, 1786, 1967, 1992, 2140, 2317, 2599, 2637, 2789, 3297, 3478]
RKP_05000_01000_2_10.txt|2604.0|0.6122821000000016|[9, 18, 19, 36, 99, 137, 149, 191, 227, 294, 420, 749, 922, 1011, 1049, 1494, 1502, 1523, 1619, 1686, 1926, 2034, 2318, 2559, 2998, 3674, 3712, 4015, 4050, 4084, 4267]
RKP_05000_01000_3_01.txt|5763.000000000013|0.511811299999998|[1, 9, 21, 34, 40, 46, 47, 60, 72, 77, 87, 97, 108, 112, 114, 119, 150, 176, 207, 237, 276, 284, 372, 384, 398, 455, 550, 562, 688, 728, 749, 917, 996, 1038, 1081, 1198, 1600, 1615, 1698, 1779, 1894, 1958, 2056, 2178, 2241, 2250, 2416, 2461, 2748, 2783, 2794, 2851, 2874, 3246, 3421]
RKP_05000_01000_3_02.txt|6363.0|0.5311759000000009|[1, 2, 13, 25, 28, 33, 39, 40, 90, 107, 129, 140, 169, 209, 214, 230, 305, 379, 425, 436, 445, 446, 542, 562, 609, 730, 849, 878, 883, 892, 1020, 1022, 1041, 1046, 1087, 1117, 1161, 1436, 1486, 1499, 1885, 1908, 2067, 2113, 2136, 2330, 2425, 2565, 2667, 2704, 2772, 2853, 2978, 3041, 3171, 3308, 3546, 3750, 4134, 4507]
RKP_05000_01000_3_03.txt|6563.0|0.5012217999999962|[1, 2, 3, 4, 5, 11, 22, 26, 36, 38, 129, 156, 158, 163, 199, 215, 239, 246, 286, 330, 339, 360, 399, 439, 465, 568, 609, 621, 652, 709, 710, 763, 794, 856, 881, 896, 975, 989, 1022, 1041, 1082, 1164, 1498, 1523, 1559, 1597, 1663, 2202, 2319, 2386, 2439, 2957, 3166, 3273, 3545, 3910, 4041, 4215, 4529, 4671, 4695, 4813]
RKP_05000_01000_3_04.txt|6663.0|0.5198956000000052|[1, 4, 5, 6, 7, 9, 13, 15, 18, 27, 29, 45, 58, 63, 70, 111, 132, 142, 175, 198, 206, 261, 277, 306, 321, 337, 360, 448, 495, 548, 574, 610, 619, 657, 680, 709, 747, 769, 864, 989, 1049, 1064, 1080, 1226, 1276, 1396, 1786, 1872, 2150, 2372, 2516, 2541, 2568, 2747, 2865, 2868, 3197, 3330, 3448, 3523, 4042, 4440, 4880]
RKP_05000_01000_3_05.txt|5863.0|0.490466099999999|[1, 7, 11, 16, 19, 26, 29, 32, 34, 37, 48, 49, 56, 70, 143, 162, 184, 219, 285, 344, 348, 501, 513, 620, 638, 768, 912, 985, 1033, 1060, 1069, 1305, 1500, 1516, 1552, 1588, 1619, 1759, 1859, 1909, 2123, 2460, 2634, 2744, 2920, 2970, 3055, 3106, 3439, 3440, 3469, 3558, 3584, 3635, 4338]
RKP_05000_01000_3_06.txt|6363.0|0.5119593000000009|[1, 3, 4, 6, 7, 12, 41, 45, 46, 55, 76, 85, 86, 94, 124, 206, 213, 227, 249, 276, 286, 287, 288, 368, 418, 469, 488, 573, 603, 623, 734, 760, 801, 813, 889, 931, 1030, 1119, 1296, 1359, 1466, 1522, 1551, 1610, 1917, 1978, 2026, 2251, 2741, 2799, 3214, 3264, 3324, 3433, 3533, 4000, 4258, 4322, 4808, 4911]
RKP_05000_01000_3_07.txt|6163.0|0.5335489000000067|[2, 13, 18, 36, 60, 73, 75, 76, 79, 84, 94, 100, 125, 214, 216, 218, 291, 293, 295, 360, 398, 413, 417, 427, 477, 487, 527, 593, 714, 762, 827, 849, 883, 884, 891, 896, 1003, 1055, 1123, 1470, 1564, 1783, 1789, 1792, 1998, 2357, 2448, 2587, 2716, 2900, 3085, 3146, 3628, 3716, 3731, 3854, 4131, 4233]
RKP_05000_01000_3_08.txt|6163.0|0.5229362000000037|[4, 6, 14, 28, 30, 36, 77, 80, 134, 152, 154, 217, 250, 260, 270, 279, 301, 394, 474, 489, 525, 556, 654, 686, 883, 901, 944, 953, 1009, 1036, 1077, 1135, 1159, 1395, 1513, 1588, 1636, 1733, 1967, 1970, 1976, 2019, 2088, 2364, 2402, 2484, 2858, 2977, 3087, 3214, 3237, 3396, 3571, 3808, 4022, 4192, 4463, 4487]
RKP_05000_01000_3_09.txt|5863.0|0.4740182000000033|[7, 9, 14, 26, 51, 73, 83, 87, 106, 136, 152, 159, 237, 242, 252, 281, 310, 376, 384, 462, 492, 556, 655, 661, 664, 671, 751, 760, 786, 852, 995, 1148, 1189, 1313, 1322, 1471, 1684, 1978, 2024, 2051, 2055, 2401, 2486, 2497, 2511, 2621, 2941, 3256, 3392, 3443, 3538, 3572, 3868, 4136, 4292]
RKP_05000_01000_3_10.txt|6363.0|0.5276619000000053|[1, 2, 3, 6, 14, 16, 25, 33, 50, 52, 62, 69, 112, 119, 145, 191, 196, 219, 235, 270, 287, 369, 393, 413, 434, 692, 808, 811, 876, 907, 1019, 1093, 1125, 1184, 1329, 1498, 1530, 1621, 1785, 1854, 2189, 2224, 2322, 2749, 2764, 2813, 2894, 2915, 2940, 3127, 3150, 3234, 3240, 3435, 3589, 4052, 4227, 4466, 4747, 4788]
RKP_05000_01000_4_01.txt|263.0|0.44589810000000085|[559]
RKP_05000_01000_4_02.txt|263.0|0.4506341999999961|[666]
RKP_05000_01000_4_03.txt|263.0|0.4810482000000036|[868]
RKP_05000_01000_4_04.txt|263.0|0.4627527000000029|[300]
RKP_05000_01000_4_05.txt|263.0|0.4576008000000016|[704]
RKP_05000_01000_4_06.txt|263.0|0.49186799999999664|[445]
RKP_05000_01000_4_07.txt|263.0|0.4453774999999993|[524]
RKP_05000_01000_4_08.txt|263.0|0.49444640000000106|[1703]
RKP_05000_01000_4_09.txt|263.0|0.4550641000000013|[399]
RKP_05000_01000_4_10.txt|263.0|0.457295000000002|[578]
RKP_05000_01000_5_01.txt|363.0|0.5192659000000006|[1, 870, 1279, 2787]
RKP_05000_01000_5_02.txt|363.0|0.47125770000000244|[150, 226, 911, 1011, 3125, 4660]
RKP_05000_01000_5_03.txt|363.0|0.4771479999999997|[104, 363, 682, 880, 1014, 2840]
RKP_05000_01000_5_04.txt|363.0|0.5119455999999971|[68, 595, 642, 802, 1006, 1572]
RKP_05000_01000_5_05.txt|363.0|0.4712654999999941|[877, 1003, 1181, 2053, 2365, 2374]
RKP_05000_01000_5_06.txt|363.0|0.4758060999999998|[8, 179, 1003, 1008, 1514]
RKP_05000_01000_5_07.txt|363.0|0.49353789999999975|[100, 553, 903, 1445, 1496, 3485]
RKP_05000_01000_5_08.txt|363.0|0.46361549999999596|[1, 473, 689, 728, 2319]
RKP_05000_01000_5_09.txt|363.0|0.5086403999999902|[742, 1011, 1082, 1470, 3766]
RKP_05000_01000_5_10.txt|363.0|0.46358709999999803|[976, 1005, 1239, 1826, 4634]
RKP_05000_05000_1_01.txt|165983.0|0.5905997999999926|[2, 3, 21, 36, 74, 75, 78, 100, 127, 134, 149, 168, 174, 226, 239, 254, 255, 263, 279, 290, 477, 496, 498, 688, 747, 826, 940, 1200, 1201, 1231, 1247, 1260, 1305, 1416, 1437, 1543, 1595, 1674, 1939, 2195, 2321, 2685, 2687, 2945, 2997, 3721, 4810]
RKP_05000_05000_1_02.txt|203909.0|0.6605071000000038|[1, 2, 4, 8, 10, 20, 21, 24, 45, 55, 104, 113, 117, 238, 240, 269, 297, 310, 334, 361, 378, 396, 444, 470, 474, 537, 712, 785, 787, 805, 903, 1005, 1041, 1044, 1107, 1115, 1152, 1374, 1459, 1855, 1870, 2174, 2177, 2322, 2501, 2667, 2706, 3059, 3754, 3842, 3921, 3940, 4197, 4402, 4712, 4832]
RKP_05000_05000_1_03.txt|183455.0|0.5273707999999999|[1, 7, 8, 18, 25, 39, 46, 62, 78, 80, 86, 110, 115, 231, 233, 249, 318, 393, 426, 435, 451, 482, 557, 582, 586, 811, 1098, 1099, 1115, 1261, 1265, 1309, 1414, 1441, 1477, 1594, 1775, 2264, 2438, 2630, 2760, 2859, 3247, 3414, 3443, 3490, 3493, 3512, 4284, 4414]
RKP_05000_05000_1_04.txt|202361.0|0.6735405999999955|[1, 3, 5, 9, 25, 34, 38, 48, 75, 76, 81, 85, 90, 145, 148, 189, 222, 240, 291, 332, 368, 376, 390, 408, 422, 484, 557, 559, 675, 787, 814, 831, 1072, 1389, 1417, 1418, 1677, 1753, 1758, 1859, 1938, 2003, 2051, 2061, 2328, 2372, 2581, 2584, 2991, 3260, 3305, 3547, 3651, 3802, 3813, 3850, 4172, 4260, 4384, 4668]
RKP_05000_05000_1_05.txt|189638.0|0.6168808000000041|[1, 2, 3, 12, 22, 32, 33, 38, 46, 55, 62, 127, 130, 143, 153, 210, 214, 227, 301, 348, 378, 403, 463, 559, 582, 694, 923, 950, 992, 1088, 1098, 1432, 1460, 1483, 1662, 1668, 1929, 1993, 2025, 2045, 2118, 2309, 2352, 2411, 2467, 2579, 2657, 2804, 3024, 3175, 3186, 3722, 4208, 4354, 4846]
RKP_05000_05000_1_06.txt|176992.0|0.5775363999999996|[2, 18, 23, 40, 66, 71, 82, 87, 113, 120, 243, 363, 378, 407, 581, 608, 613, 621, 649, 651, 693, 707, 715, 813, 825, 850, 925, 956, 1065, 1154, 1227, 1280, 1730, 1927, 1981, 2048, 2132, 2204, 2210, 2240, 2309, 2386, 2509, 2701, 2729, 3361, 3978, 4076, 4540, 4561, 4692]
RKP_05000_05000_1_07.txt|172744.0|0.5662775999999923|[1, 2, 3, 4, 7, 8, 15, 29, 30, 31, 44, 83, 153, 175, 182, 187, 190, 215, 248, 249, 287, 294, 303, 380, 381, 457, 478, 529, 536, 575, 730, 739, 785, 829, 864, 1228, 1263, 1267, 1315, 1406, 1520, 1616, 1820, 1849, 1894, 1897, 2529, 2688, 2725, 2854, 3045, 4149, 4225, 4260, 4664]
RKP_05000_05000_1_08.txt|162596.0|0.7069969000000071|[2, 3, 16, 30, 38, 91, 95, 97, 122, 124, 156, 171, 232, 253, 280, 303, 342, 371, 402, 451, 471, 523, 560, 596, 674, 764, 836, 984, 1167, 1179, 1247, 1421, 1439, 1546, 1549, 1562, 1941, 2047, 2312, 2428, 2525, 2536, 2600, 3599, 3666, 3744, 3833, 3998, 4080, 4195]
RKP_05000_05000_1_09.txt|180123.0|0.6595998000000094|[1, 2, 3, 5, 6, 12, 42, 55, 66, 77, 113, 114, 126, 139, 160, 170, 196, 221, 234, 299, 325, 339, 438, 448, 460, 492, 537, 542, 565, 632, 682, 701, 820, 871, 921, 1006, 1227, 1245, 1254, 1314, 1350, 1416, 1458, 1592, 1635, 1917, 2016, 2143, 2450, 2593, 2636, 2834, 3197, 4248, 4486, 4489, 4615]
RKP_05000_05000_1_10.txt|146703.0|0.6439335999999969|[7, 38, 60, 89, 92, 144, 153, 185, 286, 380, 414, 428, 467, 472, 659, 746, 756, 803, 813, 909, 959, 981, 1402, 1504, 1609, 1652, 1766, 2050, 2151, 2281, 2580, 2608, 2629, 2641, 2786, 2870, 3067, 3078, 3101, 3261, 4380]
RKP_05000_05000_2_01.txt|12535.0|0.6684628000000004|[18, 20, 93, 235, 279, 293, 411, 475, 515, 748, 866, 953, 1045, 1059, 1308, 1367, 1505, 1635, 1665, 1885, 2236, 2251, 2687, 2937, 3883, 4544, 4844]
RKP_05000_05000_2_02.txt|11947.0|0.629872000000006|[5, 14, 15, 56, 79, 96, 161, 208, 220, 530, 563, 582, 677, 707, 710, 1058, 1069, 1172, 1649, 2162, 2244, 2429, 3100, 3641, 3796, 4007, 4564]
RKP_05000_05000_2_03.txt|11756.0|0.6425988000000018|[1, 4, 21, 38, 44, 94, 177, 306, 375, 394, 441, 477, 502, 583, 783, 983, 1207, 1269, 1422, 1429, 1432, 1481, 2224, 2272, 3090, 3428, 3630, 3839, 3957, 4235, 4565]
RKP_05000_05000_2_04.txt|16592.0|0.6323412999999931|[1, 2, 3, 4, 21, 23, 37, 47, 49, 71, 78, 115, 122, 126, 131, 165, 187, 238, 307, 322, 346, 372, 455, 554, 583, 625, 637, 655, 803, 832, 893, 1124, 1223, 1329, 1335, 1412, 1478, 1508, 1586, 1606, 2308, 2382, 2632, 2705, 2773, 3257]
RKP_05000_05000_2_05.txt|12741.0|0.7176449999999903|[5, 13, 34, 70, 103, 113, 128, 163, 220, 317, 481, 501, 513, 595, 606, 858, 874, 932, 1011, 1022, 1103, 1153, 1175, 1232, 1242, 1260, 1588, 1768, 1813, 2678, 4182, 4330, 4410]
RKP_05000_05000_2_06.txt|10916.0|0.7004019000000028|[30, 136, 303, 370, 373, 437, 449, 574, 629, 637, 726, 731, 832, 866, 872, 912, 985, 1070, 1073, 1756, 1805, 2245, 2357, 3064, 3105, 3580, 3764]
RKP_05000_05000_2_07.txt|13364.0|0.6180398000000054|[7, 30, 36, 129, 152, 199, 273, 411, 452, 624, 631, 725, 903, 926, 932, 989, 1115, 1137, 1326, 1438, 1460, 1581, 1614, 1730, 1734, 1819, 2045, 2118, 2838, 3005, 3396, 3704, 3935, 3995, 4066, 4239]
RKP_05000_05000_2_08.txt|14351.0|0.5882609999999886|[2, 17, 20, 83, 116, 155, 160, 179, 192, 274, 286, 332, 449, 551, 603, 659, 724, 746, 760, 782, 811, 899, 919, 953, 1064, 1239, 1262, 1520, 1692, 1834, 1835, 2024, 2598, 3039, 3119, 3335, 3356, 3617]
RKP_05000_05000_2_09.txt|15640.0|0.6313493999999906|[1, 2, 3, 7, 36, 60, 61, 82, 83, 105, 128, 129, 137, 157, 164, 180, 279, 327, 385, 394, 413, 423, 519, 634, 893, 899, 973, 1179, 1213, 1231, 1308, 1378, 1478, 1482, 1771, 1802, 2129, 2555, 3741, 4959]
RKP_05000_05000_2_10.txt|13268.0|0.5785984000000042|[1, 2, 14, 23, 42, 70, 82, 97, 185, 205, 261, 311, 330, 351, 557, 666, 723, 725, 856, 899, 1078, 1136, 1230, 1530, 1620, 1908, 1960, 2524, 2605, 2732, 2854, 2884, 3271, 3467, 3568, 3618]
RKP_05000_05000_3_01.txt|31818.0|0.5264753000000013|[4, 6, 16, 17, 21, 39, 45, 54, 55, 58, 79, 83, 88, 94, 106, 132, 336, 449, 452, 480, 510, 521, 528, 530, 563, 625, 628, 638, 646, 736, 787, 800, 814, 870, 926, 1004, 1075, 1080, 1132, 1158, 1290, 1328, 1409, 1410, 1430, 1664, 1846, 1850, 1887, 2024, 2100, 2266, 2454, 2544, 2738, 2831, 2987, 3210, 3715, 4143]
RKP_05000_05000_3_02.txt|28818.0|0.588740400000006|[9, 10, 25, 30, 32, 33, 38, 50, 51, 55, 58, 99, 117, 133, 151, 155, 217, 221, 227, 303, 407, 507, 509, 601, 773, 885, 969, 985, 1093, 1151, 1198, 1199, 1220, 1232, 1509, 1675, 1763, 1914, 2038, 2259, 2345, 2392, 2529, 2826, 3096, 3230, 3779, 3922, 4134, 4175, 4221, 4488, 4553, 4589]
RKP_05000_05000_3_03.txt|32818.0|0.5213648999999947|[1, 2, 3, 4, 12, 13, 21, 25, 46, 67, 79, 88, 90, 127, 185, 194, 219, 223, 281, 323, 366, 471, 489, 523, 542, 636, 682, 763, 826, 856, 950, 963, 970, 1011, 1029, 1061, 1099, 1129, 1187, 1255, 1278, 1505, 1516, 1677, 1696, 1703, 1715, 1729, 1777, 1875, 1911, 1960, 2297, 2430, 2585, 2713, 3112, 3385, 3389, 3452, 3819, 3909]
RKP_05000_05000_3_04.txt|30817.0|0.5463248000000078|[1, 4, 12, 14, 27, 51, 61, 71, 101, 102, 109, 156, 173, 177, 183, 198, 249, 256, 304, 343, 404, 412, 454, 455, 476, 479, 505, 585, 642, 779, 843, 868, 936, 965, 1033, 1208, 1276, 1564, 1589, 1800, 2428, 2441, 2704, 2727, 2854, 2915, 3065, 3143, 3391, 3454, 3543, 3625, 3856, 3870, 3872, 4104, 4170, 4678]
RKP_05000_05000_3_05.txt|29818.0|0.5143403000000006|[2, 5, 12, 13, 15, 20, 24, 44, 50, 70, 72, 75, 81, 97, 115, 139, 141, 150, 259, 331, 368, 372, 406, 537, 555, 617, 628, 945, 958, 969, 984, 1004, 1044, 1506, 1519, 1640, 1664, 1680, 1686, 1758, 1771, 1843, 1951, 1960, 1982, 2428, 2606, 2910, 2994, 3138, 3566, 3569, 4138, 4267, 4618, 4707]
RKP_05000_05000_3_06.txt|29818.0|0.5306700999999947|[1, 6, 8, 22, 23, 28, 30, 43, 44, 55, 78, 97, 115, 130, 234, 239, 262, 285, 313, 377, 382, 386, 480, 607, 617, 645, 671, 737, 817, 839, 845, 924, 934, 977, 1005, 1115, 1123, 1191, 1678, 1939, 2100, 2115, 2300, 2334, 2338, 2537, 2626, 2697, 2724, 2793, 3065, 3251, 3441, 4129, 4180, 4300]
RKP_05000_05000_3_07.txt|29318.0|0.5611300000000057|[1, 2, 4, 82, 88, 143, 217, 220, 231, 232, 304, 348, 459, 462, 487, 490, 525, 544, 609, 684, 717, 718, 766, 796, 813, 817, 835, 866, 897, 924, 1049, 1127, 1213, 1279, 1338, 1403, 1420, 1497, 1664, 1721, 1728, 1818, 1953, 2093, 2201, 2287, 2345, 2399, 2511, 2643, 2747, 2824, 3347, 3987, 4656]
RKP_05000_05000_3_08.txt|29318.0|0.5624257000000057|[1, 14, 16, 18, 22, 28, 39, 43, 53, 54, 73, 78, 110, 122, 147, 150, 205, 241, 294, 351, 391, 433, 484, 524, 640, 742, 752, 762, 784, 857, 876, 938, 1042, 1104, 1105, 1145, 1224, 1311, 1371, 1450, 1613, 1833, 1856, 1969, 2221, 2250, 2393, 2413, 2446, 2528, 2750, 4022, 4469, 4731, 4805]
RKP_05000_05000_3_09.txt|31318.0|0.5262142999999924|[4, 8, 13, 17, 19, 42, 43, 111, 123, 133, 233, 259, 313, 317, 345, 387, 406, 431, 512, 532, 534, 609, 629, 643, 660, 767, 789, 851, 877, 913, 929, 932, 1146, 1282, 1328, 1343, 1469, 1549, 1667, 1727, 1813, 1933, 1945, 2166, 2427, 2435, 2484, 2838, 2885, 2926, 2994, 3338, 3677, 3684, 4240, 4246, 4313, 4338, 4825]
RKP_05000_05000_3_10.txt|31818.0|0.5679143000000124|[1, 2, 3, 4, 10, 13, 14, 26, 44, 48, 51, 59, 60, 120, 137, 172, 227, 278, 313, 402, 405, 481, 490, 535, 576, 577, 607, 675, 716, 1062, 1075, 1099, 1135, 1202, 1224, 1258, 1284, 1307, 1358, 1567, 1639, 1653, 1714, 1786, 2521, 2536, 2573, 2643, 2698, 2748, 2923, 3046, 3222, 3454, 3468, 3531, 3759, 3937, 4381, 4808]
RKP_05000_05000_4_01.txt|1318.0|0.4664550000000105|[333]
RKP_05000_05000_4_02.txt|1318.0|0.4922617999999943|[276]
RKP_05000_05000_4_03.txt|1317.0000000000007|0.5060666000000111|[1869]
RKP_05000_05000_4_04.txt|1317.0000000000007|0.4610124999999954|[631]
RKP_05000_05000_4_05.txt|1318.0|0.49696480000000065|[249]
RKP_05000_05000_4_06.txt|1318.0|0.47582479999999805|[3073]
RKP_05000_05000_4_07.txt|1318.0|0.46446949999999276|[725]
RKP_05000_05000_4_08.txt|1318.0|0.5059511999999984|[1547]
RKP_05000_05000_4_09.txt|1318.0|0.45843910000000676|[2512]
RKP_05000_05000_4_10.txt|1315.0000000000007|0.47260880000000327|[296]
RKP_05000_05000_5_01.txt|1818.0|0.5282715999999965|[1, 111, 941, 1088, 3011]
RKP_05000_05000_5_02.txt|1818.0|0.49459579999999903|[1, 10, 112, 985, 1232, 1374, 2132]
RKP_05000_05000_5_03.txt|1818.0|0.4750588999999934|[1, 18, 101, 955, 1031, 4408]
RKP_05000_05000_5_04.txt|1818.0|0.5276606000000044|[82, 137, 263, 492, 994, 1007, 2153, 2977, 2997, 3341, 4609]
RKP_05000_05000_5_05.txt|1818.0|0.49156320000000164|[1, 948]
RKP_05000_05000_5_06.txt|1818.0|0.510248500000003|[1, 24, 963, 1381]
RKP_05000_05000_5_07.txt|1818.0|0.5128942000000052|[1, 950, 1421]
RKP_05000_05000_5_08.txt|1818.0|0.4854740000000106|[1, 164, 963, 1121]
RKP_05000_05000_5_09.txt|1818.0|0.518459699999994|[1, 934]
RKP_05000_05000_5_10.txt|1818.0|0.48109849999998744|[166, 1742]
