RKP_00100_00100_1_01.txt|424.0|0.07706739999999995|[1, 3, 10, 17, 22, 28]
RKP_00100_00100_1_02.txt|566.0|0.04640869999999997|[1, 9, 15, 37, 48, 50, 56, 91]
RKP_00100_00100_1_03.txt|426.0|0.12113639999999992|[1, 2, 4, 6, 10, 34]
RKP_00100_00100_1_04.txt|365.0|0.11281150000000006|[7, 9, 10, 15, 74]
RKP_00100_00100_1_05.txt|435.0|0.08894520000000006|[11, 16, 20, 22, 44, 79]
RKP_00100_00100_1_06.txt|654.0|0.0835999999999999|[5, 16, 17, 31, 47, 48, 55, 57, 97]
RKP_00100_00100_1_07.txt|308.0|0.09277509999999989|[13, 39, 46, 51, 60]
RKP_00100_00100_1_08.txt|650.0|0.06819299999999995|[1, 2, 6, 7, 12, 13, 24, 30, 76, 87, 92]
RKP_00100_00100_1_09.txt|341.0|0.06542979999999998|[2, 5, 16, 18, 23, 24]
RKP_00100_00100_1_10.txt|452.0|0.06745350000000006|[1, 2, 4, 11, 13, 18, 27]
RKP_00100_00100_2_01.txt|90.0|0.06658900000000001|[1, 2, 6, 13, 20, 43]
RKP_00100_00100_2_02.txt|83.0|0.05937769999999998|[4, 8, 27, 28, 30, 40, 80]
RKP_00100_00100_2_03.txt|95.0|0.06348249999999989|[1, 5, 31, 48, 51, 59, 75]
RKP_00100_00100_2_04.txt|77.0|0.09796930000000015|[2, 8, 11, 18, 26]
RKP_00100_00100_2_05.txt|61.0|0.06702120000000011|[30, 34, 64]
RKP_00100_00100_2_06.txt|58.0|0.06543609999999989|[2, 33, 47, 67, 79]
RKP_00100_00100_2_07.txt|76.0|0.06626810000000005|[3, 7, 15, 22, 28]
RKP_00100_00100_2_08.txt|66.0|0.058705700000000194|[1, 2, 6, 12, 14, 16, 28]
RKP_00100_00100_2_09.txt|66.0|0.0658150999999998|[4, 9, 23, 37, 75]
RKP_00100_00100_2_10.txt|72.0|0.08596500000000007|[2, 5, 27, 40, 64, 65]
RKP_00100_00100_3_01.txt|100.0|0.06514260000000016|[2, 3, 5, 6, 8, 44]
RKP_00100_00100_3_02.txt|110.0|0.07882750000000005|[1, 2, 17, 24, 25, 52, 56]
RKP_00100_00100_3_03.txt|130.0|0.08022149999999995|[2, 3, 4, 6, 14, 45, 46, 49, 75]
RKP_00100_00100_3_04.txt|110.0|0.13089450000000014|[6, 8, 15, 21, 26, 34, 42]
RKP_00100_00100_3_05.txt|100.0|0.11685029999999985|[1, 7, 12, 18, 25, 52]
RKP_00100_00100_3_06.txt|140.0|0.056909600000000005|[2, 3, 4, 6, 8, 11, 27, 31, 40, 72]
RKP_00100_00100_3_07.txt|110.0|0.09049999999999958|[2, 7, 8, 14, 27, 72, 89]
RKP_00100_00100_3_08.txt|110.0|0.06157780000000024|[1, 3, 7, 9, 12, 18, 62]
RKP_00100_00100_3_09.txt|100.0|0.059208700000000114|[1, 3, 8, 32, 57, 89]
RKP_00100_00100_3_10.txt|120.0|0.06641360000000018|[5, 20, 45, 60, 61, 62, 66, 67]
RKP_00100_00100_4_01.txt|30.0|0.05405890000000024|[30]
RKP_00100_00100_4_02.txt|29.000000000000014|0.053610100000000216|[54]
RKP_00100_00100_4_03.txt|26.00000000000001|0.061819899999999706|[17]
RKP_00100_00100_4_04.txt|30.0|0.04609780000000008|[16]
RKP_00100_00100_4_05.txt|30.0|0.045445599999999864|[6]
RKP_00100_00100_4_06.txt|29.000000000000014|0.053837500000000205|[18]
RKP_00100_00100_4_07.txt|30.0|0.05132110000000001|[41]
RKP_00100_00100_4_08.txt|28.0|0.06020689999999984|[11]
RKP_00100_00100_4_09.txt|30.0|0.04760799999999987|[40]
RKP_00100_00100_4_10.txt|29.000000000000014|0.052929900000000085|[8]
RKP_00100_00100_5_01.txt|40.0|0.06203469999999989|[1, 22, 30]
RKP_00100_00100_5_02.txt|40.0|0.05801079999999992|[1, 15]
RKP_00100_00100_5_03.txt|40.0|0.05509649999999988|[1, 14, 47]
RKP_00100_00100_5_04.txt|40.0|0.05602799999999997|[11, 15, 82]
RKP_00100_00100_5_05.txt|40.0|0.05797870000000005|[1, 28]
RKP_00100_00100_5_06.txt|40.0|0.05636550000000007|[1, 18]
RKP_00100_00100_5_07.txt|40.0|0.05584359999999977|[1, 4, 6]
RKP_00100_00100_5_08.txt|40.0|0.05669069999999987|[1, 6, 64]
RKP_00100_00100_5_09.txt|40.0|0.05292859999999999|[11]
RKP_00100_00100_5_10.txt|40.0|0.04746139999999999|[10, 37]
RKP_00500_00100_1_01.txt|978.0|0.12534690000000026|[2, 3, 6, 25, 27, 40, 75, 140, 148, 173, 211, 222, 284, 304, 500]
RKP_00500_00100_1_02.txt|862.0|0.14042490000000019|[13, 77, 87, 89, 102, 109, 132, 175, 205, 288, 289, 325, 351]
RKP_00500_00100_1_03.txt|826.0|0.1043914000000008|[1, 5, 11, 16, 30, 40, 111, 113, 123, 139, 147, 158, 228, 496]
RKP_00500_00100_1_04.txt|1062.0|0.10011879999999973|[11, 41, 48, 59, 64, 65, 93, 94, 156, 197, 245, 252, 315, 359]
RKP_00500_00100_1_05.txt|1055.0|0.11374610000000018|[2, 10, 11, 13, 17, 18, 23, 24, 26, 72, 192, 203, 215, 363, 402]
RKP_00500_00100_1_06.txt|1137.0|0.11481779999999997|[3, 5, 13, 22, 34, 35, 52, 89, 165, 182, 190, 230, 240, 411, 490]
RKP_00500_00100_1_07.txt|1173.0|0.08011689999999927|[2, 7, 21, 22, 31, 40, 47, 80, 97, 126, 206, 257, 322, 410, 461, 469, 492]
RKP_00500_00100_1_08.txt|1087.0|0.10373500000000035|[1, 3, 4, 10, 16, 29, 106, 146, 156, 165, 185, 225, 258, 332, 378]
RKP_00500_00100_1_09.txt|960.0|0.12528939999999977|[16, 19, 39, 77, 108, 148, 151, 153, 163, 180, 221, 307, 344, 496]
RKP_00500_00100_1_10.txt|908.0|0.07654389999999989|[1, 3, 4, 5, 6, 14, 62, 75, 162, 214, 234, 277, 413]
RKP_00500_00100_2_01.txt|141.0|0.10746140000000004|[11, 16, 32, 39, 40, 50, 60, 137, 148, 168, 226, 259, 441, 447]
RKP_00500_00100_2_02.txt|137.0|0.0916326999999999|[4, 6, 65, 72, 97, 112, 131, 142, 156, 167, 195, 314, 336]
RKP_00500_00100_2_03.txt|136.0|0.07787209999999956|[2, 31, 64, 71, 100, 107, 135, 142, 154, 155, 164, 166, 382, 436]
RKP_00500_00100_2_04.txt|129.0|0.1109884000000001|[7, 11, 14, 26, 55, 58, 105, 112, 125, 163, 204, 216, 429]
RKP_00500_00100_2_05.txt|124.0|0.07927190000000017|[2, 4, 5, 10, 38, 48, 87, 218, 260, 294, 417, 426]
RKP_00500_00100_2_06.txt|123.0|0.10419169999999944|[1, 3, 9, 18, 27, 35, 47, 70, 150, 155, 302]
RKP_00500_00100_2_07.txt|114.0|0.14156060000000004|[1, 5, 6, 17, 53, 75, 83, 114, 260, 292, 308, 452]
RKP_00500_00100_2_08.txt|101.0|0.08004609999999968|[1, 3, 6, 15, 45, 50, 87, 96, 123, 495]
RKP_00500_00100_2_09.txt|88.0|0.08761200000000002|[2, 3, 38, 70, 87, 108, 277, 304, 335, 433]
RKP_00500_00100_2_10.txt|114.0|0.10563600000000051|[2, 9, 14, 19, 20, 21, 40, 116, 118, 276, 372]
RKP_00500_00100_3_01.txt|190.0|0.10324169999999988|[1, 2, 3, 5, 11, 24, 31, 33, 38, 43, 96, 143, 148, 260, 401]
RKP_00500_00100_3_02.txt|230.0|0.10100019999999965|[1, 4, 5, 20, 26, 32, 39, 56, 73, 103, 110, 152, 160, 162, 167, 172, 189, 202, 221]
RKP_00500_00100_3_03.txt|220.0|0.07498110000000047|[1, 9, 11, 22, 52, 71, 93, 113, 142, 148, 193, 258, 264, 266, 292, 351, 444, 454]
RKP_00500_00100_3_04.txt|220.0|0.10403520000000022|[1, 2, 66, 68, 103, 104, 119, 142, 159, 163, 168, 209, 278, 280, 282, 312, 345, 350]
RKP_00500_00100_3_05.txt|230.0|0.07345699999999944|[1, 8, 12, 33, 74, 84, 87, 92, 106, 108, 143, 211, 225, 294, 319, 377, 381, 382, 417]
RKP_00500_00100_3_06.txt|200.0|0.0840532000000005|[5, 7, 16, 24, 45, 52, 56, 91, 186, 189, 204, 242, 281, 283, 311, 433]
RKP_00500_00100_3_07.txt|180.0|0.10646549999999966|[1, 4, 5, 17, 24, 30, 33, 76, 141, 157, 196, 200, 308, 326]
RKP_00500_00100_3_08.txt|260.0|0.07398520000000008|[8, 14, 19, 25, 31, 49, 57, 58, 62, 63, 84, 90, 114, 144, 150, 159, 172, 275, 301, 302, 323, 451]
RKP_00500_00100_3_09.txt|230.0|0.07360330000000026|[1, 2, 4, 12, 24, 54, 58, 70, 104, 115, 148, 154, 169, 171, 221, 231, 294, 347, 434]
RKP_00500_00100_3_10.txt|200.0|0.1156183000000004|[1, 7, 13, 18, 32, 40, 47, 123, 153, 159, 165, 183, 189, 305, 322, 325]
RKP_00500_00100_4_01.txt|30.0|0.07178240000000002|[79]
RKP_00500_00100_4_02.txt|30.0|0.07180059999999955|[80]
RKP_00500_00100_4_03.txt|30.0|0.07371060000000007|[66]
RKP_00500_00100_4_04.txt|30.0|0.07141339999999996|[94]
RKP_00500_00100_4_05.txt|30.0|0.07460369999999994|[41]
RKP_00500_00100_4_06.txt|30.0|0.07655600000000007|[29]
RKP_00500_00100_4_07.txt|30.0|0.07260760000000044|[290]
RKP_00500_00100_4_08.txt|30.0|0.07138929999999988|[342]
RKP_00500_00100_4_09.txt|30.0|0.07336530000000074|[32]
RKP_00500_00100_4_10.txt|30.0|0.07272120000000015|[127]
RKP_00500_00100_5_01.txt|40.0|0.07606529999999978|[2, 100, 129]
RKP_00500_00100_5_02.txt|40.0|0.07737060000000007|[107, 113, 418]
RKP_00500_00100_5_03.txt|40.0|0.07954400000000028|[1, 395]
RKP_00500_00100_5_04.txt|40.0|0.07474749999999997|[1, 86]
RKP_00500_00100_5_05.txt|40.0|0.07309689999999947|[101]
RKP_00500_00100_5_06.txt|40.0|0.07710069999999902|[34, 100]
RKP_00500_00100_5_07.txt|40.0|0.07518010000000075|[1, 205]
RKP_00500_00100_5_08.txt|40.0|0.07629969999999986|[1, 252]
RKP_00500_00100_5_09.txt|40.0|0.07849620000000002|[1, 68]
RKP_00500_00100_5_10.txt|40.0|0.07496560000000052|[1, 8, 60, 69]
RKP_01000_00100_1_01.txt|1220.0|0.15305760000000035|[2, 13, 42, 47, 50, 51, 64, 67, 91, 97, 123, 151, 222, 260, 261, 432, 465]
RKP_01000_00100_1_02.txt|1248.0|0.11578210000000055|[1, 9, 16, 30, 38, 49, 72, 171, 182, 193, 195, 292, 294, 359, 486, 557, 584, 696, 754]
RKP_01000_00100_1_03.txt|1223.0|0.14181060000000123|[2, 4, 32, 48, 50, 56, 114, 116, 128, 172, 174, 199, 326, 498, 535, 800, 869]
RKP_01000_00100_1_04.txt|1556.0|0.14481240000000106|[1, 2, 3, 5, 12, 14, 20, 44, 75, 151, 163, 165, 184, 247, 255, 277, 283, 429, 566, 726, 732, 733]
RKP_01000_00100_1_05.txt|1365.0|0.15102510000000002|[1, 16, 37, 39, 41, 49, 75, 89, 121, 123, 207, 222, 307, 582, 635, 673, 696, 776, 915, 1000]
RKP_01000_00100_1_06.txt|1524.0|0.1213280000000001|[1, 6, 10, 33, 38, 44, 52, 58, 78, 99, 120, 168, 242, 250, 349, 383, 442, 632, 645, 790, 993]
RKP_01000_00100_1_07.txt|1565.0|0.12226919999999986|[3, 7, 37, 49, 86, 90, 127, 128, 129, 130, 190, 204, 226, 342, 382, 436, 440, 476, 556, 778, 874]
RKP_01000_00100_1_08.txt|1328.0|0.16243309999999944|[1, 4, 6, 22, 26, 68, 80, 118, 145, 149, 223, 242, 274, 303, 356, 366, 421, 422, 922]
RKP_01000_00100_1_09.txt|1318.0|0.11820369999999869|[1, 14, 17, 27, 31, 36, 48, 103, 168, 196, 213, 262, 290, 513, 672, 691, 782, 898]
RKP_01000_00100_1_10.txt|1601.0|0.11811369999999854|[1, 8, 19, 37, 43, 55, 76, 104, 111, 159, 253, 331, 466, 480, 491, 534, 618, 669, 748, 785, 813, 968]
RKP_01000_00100_2_01.txt|147.0|0.14562209999999887|[3, 7, 12, 13, 16, 24, 47, 73, 111, 207, 209, 253, 264, 366, 374, 380, 690]
RKP_01000_00100_2_02.txt|135.0|0.1462255999999993|[3, 63, 73, 84, 179, 202, 213, 311, 357, 375, 385, 410, 547, 583, 782]
RKP_01000_00100_2_03.txt|178.0|0.11236449999999998|[5, 33, 58, 64, 81, 84, 87, 97, 123, 124, 141, 171, 330, 335, 394, 416, 417, 897]
RKP_01000_00100_2_04.txt|147.0|0.13716810000000024|[1, 21, 35, 37, 58, 60, 94, 123, 147, 184, 428, 443, 504, 698]
RKP_01000_00100_2_05.txt|155.0|0.1289353000000002|[7, 26, 30, 73, 84, 152, 162, 222, 236, 299, 380, 409, 420, 428, 501, 512, 742]
RKP_01000_00100_2_06.txt|174.0|0.1259136999999999|[1, 6, 16, 24, 33, 122, 138, 154, 187, 255, 259, 590, 602, 647, 805, 858, 876]
RKP_01000_00100_2_07.txt|146.0|0.1302462000000002|[2, 3, 7, 38, 61, 81, 173, 208, 284, 378, 396, 457, 531, 796, 950]
RKP_01000_00100_2_08.txt|168.0|0.1157408999999987|[1, 3, 7, 9, 10, 11, 26, 39, 44, 121, 129, 250, 406, 573, 609, 661, 862]
RKP_01000_00100_2_09.txt|148.0|0.12315899999999935|[13, 18, 127, 191, 205, 235, 348, 382, 417, 436, 651, 656, 904, 982]
RKP_01000_00100_2_10.txt|169.0|0.11333070000000056|[1, 4, 5, 15, 30, 56, 122, 163, 164, 191, 252, 282, 309, 341, 521, 548, 564, 579, 710]
RKP_01000_00100_3_01.txt|290.0|0.12465869999999946|[1, 11, 15, 32, 49, 51, 65, 119, 133, 186, 208, 249, 337, 340, 348, 456, 464, 537, 567, 659, 704, 740, 763, 795, 857]
RKP_01000_00100_3_02.txt|260.0|0.12374229999999997|[3, 9, 18, 24, 25, 37, 53, 69, 70, 79, 94, 120, 121, 126, 137, 138, 295, 300, 318, 533, 644, 654]
RKP_01000_00100_3_03.txt|290.0|0.10142749999999978|[1, 3, 13, 17, 31, 54, 74, 84, 93, 143, 170, 175, 204, 222, 270, 325, 378, 392, 431, 530, 580, 652, 692, 836, 994]
RKP_01000_00100_3_04.txt|290.0|0.12361310000000003|[1, 3, 4, 5, 9, 10, 16, 29, 41, 42, 44, 65, 142, 149, 161, 274, 277, 305, 389, 449, 558, 639, 645, 740, 786]
RKP_01000_00100_3_05.txt|240.0|0.12170669999999895|[2, 5, 10, 24, 29, 31, 46, 57, 86, 100, 108, 141, 144, 151, 163, 172, 183, 460, 630, 661]
RKP_01000_00100_3_06.txt|250.0|0.14881150000000076|[1, 5, 6, 7, 14, 15, 16, 22, 36, 37, 71, 112, 129, 204, 224, 242, 249, 347, 471, 543, 886, 970]
RKP_01000_00100_3_07.txt|300.0|0.12967409999999902|[1, 4, 5, 12, 16, 20, 23, 27, 31, 38, 53, 56, 62, 112, 129, 169, 190, 231, 354, 433, 591, 605, 695, 750, 822, 867]
RKP_01000_00100_3_08.txt|230.0|0.10095470000000084|[1, 2, 7, 11, 35, 71, 89, 97, 129, 130, 131, 179, 198, 266, 292, 303, 340, 524, 703]
RKP_01000_00100_3_09.txt|230.0|0.12638309999999997|[1, 6, 9, 16, 17, 23, 48, 83, 185, 211, 216, 318, 385, 403, 480, 578, 647, 758, 871]
RKP_01000_00100_3_10.txt|270.0|0.1322214000000006|[3, 10, 12, 16, 18, 22, 26, 35, 37, 46, 72, 106, 122, 156, 169, 187, 227, 245, 334, 467, 524, 632, 677]
RKP_01000_00100_4_01.txt|30.0|0.10228410000000032|[615]
RKP_01000_00100_4_02.txt|30.0|0.09981270000000109|[381]
RKP_01000_00100_4_03.txt|30.0|0.09834049999999905|[163]
RKP_01000_00100_4_04.txt|30.0|0.09898379999999918|[59]
RKP_01000_00100_4_05.txt|30.0|0.09915379999999985|[405]
RKP_01000_00100_4_06.txt|30.0|0.09964029999999902|[133]
RKP_01000_00100_4_07.txt|30.0|0.09833369999999952|[743]
RKP_01000_00100_4_08.txt|30.0|0.0985427000000012|[663]
RKP_01000_00100_4_09.txt|30.0|0.09935729999999943|[488]
RKP_01000_00100_4_10.txt|30.0|0.09657110000000024|[100]
RKP_01000_00100_5_01.txt|40.0|0.10277410000000131|[1, 958]
RKP_01000_00100_5_02.txt|40.0|0.10353229999999947|[91, 100]
RKP_01000_00100_5_03.txt|40.0|0.10552900000000065|[2, 114, 602]
RKP_01000_00100_5_04.txt|40.0|0.12648619999999866|[100, 593]
RKP_01000_00100_5_05.txt|40.0|0.10133590000000048|[1, 395, 468, 829]
RKP_01000_00100_5_06.txt|40.0|0.10829999999999984|[105, 161, 177, 179, 982]
RKP_01000_00100_5_07.txt|40.0|0.10084479999999907|[11, 98, 167, 777]
RKP_01000_00100_5_08.txt|40.0|0.10140759999999993|[10, 889]
RKP_01000_00100_5_09.txt|40.0|0.10413840000000008|[439]
RKP_01000_00100_5_10.txt|40.0|0.1078151000000016|[1, 228, 643]
RKP_05000_00100_1_01.txt|2696.0|0.5261452000000002|[1, 3, 4, 5, 8, 9, 20, 31, 49, 51, 68, 116, 150, 302, 465, 540, 553, 589, 642, 904, 1268, 1275, 1373, 1406, 1482, 1485, 1700, 1839, 2091, 2106, 2398, 2556, 3411, 3645]
RKP_05000_00100_1_02.txt|2669.0|0.5381751999999995|[1, 2, 16, 31, 42, 60, 73, 104, 171, 174, 275, 277, 338, 347, 350, 374, 463, 501, 601, 716, 892, 1201, 1210, 1821, 2337, 2939, 3013, 3415, 3648, 4066, 4311, 4439, 4651]
RKP_05000_00100_1_03.txt|2638.0|0.5039345999999991|[1, 2, 6, 10, 22, 26, 27, 52, 81, 136, 193, 207, 591, 929, 961, 1069, 1355, 1417, 1588, 1634, 1880, 2646, 2992, 3127, 3261, 3382, 3471, 3686, 3801, 4053, 4396, 4436, 4798]
RKP_05000_00100_1_04.txt|2469.0|0.5095037000000016|[2, 5, 7, 16, 23, 38, 41, 69, 135, 147, 378, 444, 579, 713, 795, 868, 1048, 1367, 1521, 1633, 1931, 2030, 2528, 2565, 2594, 2831, 3064, 3198, 3336, 3338, 3644, 4280, 4320, 4470]
RKP_05000_00100_1_05.txt|2460.0|0.5778584999999978|[2, 4, 8, 16, 20, 33, 38, 53, 60, 64, 92, 101, 119, 174, 288, 306, 427, 541, 542, 644, 1169, 1309, 1432, 1433, 1759, 2447, 2549, 2850, 2995, 3856, 4588, 4969]
RKP_05000_00100_1_06.txt|2523.0|0.5518217000000014|[3, 8, 9, 14, 21, 25, 41, 45, 62, 73, 122, 133, 152, 208, 219, 329, 435, 457, 569, 645, 745, 747, 807, 860, 866, 896, 1279, 1319, 1512, 1799, 2608, 3167, 3825]
RKP_05000_00100_1_07.txt|2845.0|0.5123731000000014|[1, 4, 11, 30, 32, 54, 55, 79, 90, 97, 118, 124, 180, 188, 204, 219, 244, 451, 453, 582, 876, 880, 931, 991, 1149, 1222, 1401, 1437, 1674, 1758, 1762, 2037, 2591, 2883, 3419, 3473]
RKP_05000_00100_1_08.txt|2530.0|0.5765722999999987|[1, 6, 48, 52, 82, 148, 154, 179, 186, 264, 266, 275, 276, 288, 300, 441, 502, 687, 739, 816, 820, 865, 906, 985, 1267, 1318, 1717, 2054, 2248, 2845, 3226, 3259, 3876, 4344, 4811]
RKP_05000_00100_1_09.txt|2256.0|0.5186217000000006|[2, 3, 6, 10, 30, 70, 74, 121, 178, 270, 325, 423, 463, 786, 816, 853, 1184, 1363, 1441, 1856, 2596, 2965, 3051, 3572, 3697, 3759, 4135, 4341, 4424]
RKP_05000_00100_1_10.txt|2642.0|0.526879000000001|[2, 8, 25, 43, 48, 83, 111, 143, 176, 189, 230, 321, 352, 429, 437, 482, 564, 780, 952, 1091, 1342, 1350, 1395, 1422, 1804, 2061, 2616, 2958, 3065, 3086, 3176, 3373, 4369, 4572]
RKP_05000_00100_2_01.txt|242.0|0.5212073000000004|[44, 68, 77, 110, 144, 148, 220, 540, 551, 648, 736, 868, 1057, 1078, 1292, 1647, 1741, 2000, 2019, 2210, 2218, 2729, 2735, 3020, 3518]
RKP_05000_00100_2_02.txt|287.0|0.5015560000000008|[3, 4, 10, 14, 29, 35, 73, 152, 275, 298, 407, 455, 532, 578, 656, 677, 763, 778, 871, 1014, 1178, 1493, 1570, 1770, 1793, 2707, 3178, 3238, 3654, 4063, 4347, 4978]
RKP_05000_00100_2_03.txt|266.0|0.5126515999999981|[4, 5, 17, 39, 242, 388, 442, 710, 769, 826, 840, 842, 895, 1122, 1234, 1463, 1867, 1925, 2550, 2606, 2844, 3332, 3625, 3969, 4547, 4655, 4806, 4989]
RKP_05000_00100_2_04.txt|248.0|0.4775078000000015|[1, 5, 12, 35, 45, 99, 168, 283, 355, 387, 483, 491, 506, 531, 674, 687, 752, 917, 950, 1415, 1551, 1565, 1633, 1864, 2126, 3153, 4139]
RKP_05000_00100_2_05.txt|273.0|0.48134310000000013|[5, 22, 52, 274, 355, 366, 452, 522, 752, 879, 942, 991, 1029, 1076, 1224, 1654, 1741, 2083, 2332, 2365, 2545, 2703, 2785, 3226, 3238, 3383, 3406, 3555, 3758]
RKP_05000_00100_2_06.txt|263.0|0.5429971000000009|[6, 23, 62, 129, 135, 136, 324, 326, 356, 369, 437, 466, 758, 816, 1109, 1208, 1288, 1581, 2040, 2044, 2118, 2148, 2322, 2408, 2453, 3081, 3347, 3682, 4405]
RKP_05000_00100_2_07.txt|260.0|0.48971389999999815|[1, 2, 3, 7, 15, 43, 58, 71, 79, 105, 141, 180, 235, 260, 261, 333, 373, 396, 516, 595, 938, 1389, 1949, 2246, 2323, 2419, 2528, 2641, 2751]
RKP_05000_00100_2_08.txt|248.0|0.5045810999999993|[2, 11, 14, 23, 24, 25, 41, 48, 98, 99, 152, 199, 342, 524, 636, 792, 953, 1204, 1387, 1617, 1638, 1700, 2068, 2149, 2584, 2915, 3421, 4332]
RKP_05000_00100_2_09.txt|290.0|0.5079494000000011|[5, 6, 18, 86, 88, 110, 112, 142, 151, 293, 294, 355, 392, 433, 846, 1149, 1331, 1338, 1873, 2179, 2196, 2318, 2352, 2365, 2520, 2692, 2953, 3113, 4070, 4778]
RKP_05000_00100_2_10.txt|247.0|0.5254677000000001|[19, 74, 113, 120, 136, 163, 250, 275, 326, 477, 502, 918, 1547, 1773, 1932, 2133, 2283, 2318, 2345, 2435, 2755, 2768, 2802, 3300, 3321, 4994]
RKP_05000_00100_3_01.txt|440.0|0.44221119999999914|[1, 3, 8, 10, 11, 26, 48, 83, 97, 135, 145, 224, 231, 279, 288, 312, 334, 349, 361, 465, 471, 588, 610, 661, 692, 900, 1006, 1096, 1192, 1272, 1725, 1751, 1768, 2039, 2321, 3252, 3272, 3292, 3674, 4195]
RKP_05000_00100_3_02.txt|440.0|0.5005680999999989|[1, 9, 22, 36, 55, 93, 132, 135, 148, 167, 203, 219, 272, 351, 373, 392, 434, 512, 542, 776, 856, 989, 1119, 1136, 1267, 1271, 1335, 1664, 1834, 1876, 2362, 2409, 2689, 2762, 2848, 3318, 3344, 3615, 4055, 4494]
RKP_05000_00100_3_03.txt|440.0|0.44895950000000084|[1, 5, 6, 15, 18, 20, 21, 27, 52, 96, 140, 156, 159, 283, 341, 387, 403, 520, 820, 894, 945, 977, 1058, 1226, 1256, 1304, 1305, 1409, 1558, 1571, 1712, 1847, 1941, 2962, 3115, 4440, 4520, 4528, 4563, 4874]
RKP_05000_00100_3_04.txt|440.0|0.4503661000000001|[1, 5, 9, 11, 48, 59, 100, 298, 318, 320, 335, 365, 375, 446, 578, 688, 708, 759, 769, 770, 808, 898, 984, 1182, 1193, 1264, 1283, 1433, 1570, 1739, 1757, 1788, 1905, 2156, 2274, 2386, 2433, 3384, 3639, 4996]
RKP_05000_00100_3_05.txt|400.0|0.4882300999999991|[7, 32, 52, 60, 79, 122, 238, 292, 295, 362, 480, 485, 513, 563, 573, 638, 669, 905, 909, 936, 950, 973, 1668, 2040, 2337, 2456, 2596, 2671, 2714, 2928, 3114, 3135, 3492, 4073, 4398, 4423]
RKP_05000_00100_3_06.txt|440.0|0.4514138999999986|[1, 15, 26, 27, 32, 35, 58, 103, 113, 119, 179, 248, 270, 352, 452, 551, 564, 683, 796, 838, 1046, 1130, 1376, 1451, 1477, 1698, 1735, 1860, 2159, 2205, 2457, 2528, 2710, 2738, 2878, 2889, 2978, 3082, 3112, 4282]
RKP_05000_00100_3_07.txt|440.0|0.47967929999999726|[1, 2, 10, 20, 30, 77, 89, 93, 99, 114, 119, 169, 206, 213, 222, 281, 356, 362, 372, 416, 500, 550, 699, 729, 750, 876, 883, 890, 980, 1030, 1577, 1833, 1892, 2113, 2632, 2701, 2869, 3232, 3653, 4835]
RKP_05000_00100_3_08.txt|440.0|0.46011829999999776|[1, 47, 100, 101, 129, 161, 215, 227, 238, 343, 346, 382, 428, 491, 557, 563, 572, 925, 1076, 1238, 1240, 1502, 1517, 1589, 1802, 1973, 2091, 2154, 2430, 2572, 2702, 3001, 3330, 3716, 3821, 4178, 4225, 4353, 4604, 4735]
RKP_05000_00100_3_09.txt|440.0|0.44634650000000065|[1, 2, 24, 40, 55, 94, 137, 205, 217, 262, 355, 409, 466, 585, 600, 636, 789, 827, 986, 1067, 1161, 1532, 1558, 1913, 2033, 2048, 2227, 2453, 2595, 2846, 2862, 2897, 3500, 3562, 3727, 3987, 4348, 4681, 4813, 4948]
RKP_05000_00100_3_10.txt|440.0|0.47478909999999885|[8, 19, 21, 22, 27, 30, 52, 63, 119, 173, 216, 236, 283, 383, 438, 627, 659, 775, 860, 881, 1046, 1075, 1166, 1419, 1426, 1463, 1938, 1946, 2107, 2181, 2195, 2235, 2477, 2567, 2929, 2990, 3997, 4448, 4628, 4783]
RKP_05000_00100_4_01.txt|30.0|0.4505847000000003|[4174]
RKP_05000_00100_4_02.txt|30.0|0.4586939000000001|[1524]
RKP_05000_00100_4_03.txt|30.0|0.4923832000000026|[3912]
RKP_05000_00100_4_04.txt|30.0|0.4494253999999991|[370]
RKP_05000_00100_4_05.txt|30.0|0.46515529999999927|[408]
RKP_05000_00100_4_06.txt|30.0|0.48716449999999867|[3968]
RKP_05000_00100_4_07.txt|30.0|0.46519630000000234|[2336]
RKP_05000_00100_4_08.txt|30.0|0.47880809999999485|[407]
RKP_05000_00100_4_09.txt|30.0|0.4392256999999944|[381]
RKP_05000_00100_4_10.txt|30.0|0.4506040999999996|[1508]
RKP_05000_00100_5_01.txt|40.0|0.47662890000000147|[1081, 3080]
RKP_05000_00100_5_02.txt|40.0|0.4522250999999997|[1093, 1203, 2547]
RKP_05000_00100_5_03.txt|40.0|0.446942700000001|[430, 1084]
RKP_05000_00100_5_04.txt|40.0|0.4809924000000052|[1089, 3123, 4552]
RKP_05000_00100_5_05.txt|40.0|0.4451012000000034|[1083, 1903]
RKP_05000_00100_5_06.txt|40.0|0.44498919999999487|[303, 1037]
RKP_05000_00100_5_07.txt|40.0|0.4695711999999972|[1000]
RKP_05000_00100_5_08.txt|40.0|0.4476316999999952|[1046, 3164]
RKP_05000_00100_5_09.txt|40.0|0.5084415999999976|[1098, 3049]
RKP_05000_00100_5_10.txt|40.0|0.45411330000000305|[30, 35, 50, 100, 259]
RKP_05000_01000_1_01.txt|37125.0|0.5774815999999987|[1, 2, 8, 10, 13, 15, 16, 17, 18, 23, 53, 78, 86, 96, 151, 164, 226, 328, 334, 368, 379, 399, 424, 491, 661, 700, 732, 751, 778, 866, 1034, 1214, 1232, 1431, 1591, 1724, 1742, 1756, 1841, 1858, 1919, 1979, 2077, 2254, 2266, 2481, 2629, 2777, 3187, 3256, 3485, 3534, 3791, 3799, 4223, 4479, 4971]
RKP_05000_01000_1_02.txt|39081.0|0.5981277000000063|[3, 7, 10, 17, 22, 36, 39, 41, 78, 89, 109, 155, 222, 235, 282, 304, 337, 406, 425, 506, 539, 588, 622, 675, 728, 772, 837, 918, 988, 1055, 1205, 1261, 1329, 1337, 1414, 1455, 1590, 1677, 1999, 2011, 2379, 2594, 2745, 2769, 2800, 2825, 2832, 3349, 3565, 3875, 4489, 4961]
RKP_05000_01000_1_03.txt|34957.0|0.6195999999999984|[1, 22, 24, 60, 67, 72, 76, 135, 165, 174, 176, 248, 272, 339, 344, 479, 533, 649, 852, 882, 933, 940, 1027, 1039, 1150, 1339, 1364, 1415, 1475, 1478, 1483, 1534, 1605, 1614, 1822, 1854, 2016, 2125, 2201, 2471, 2688, 2848, 3194, 3232, 3276, 3392, 3682, 3835, 3920, 4104]
RKP_05000_01000_1_04.txt|37019.0|0.579151600000003|[1, 5, 9, 10, 16, 25, 33, 35, 49, 50, 52, 61, 64, 114, 135, 181, 191, 223, 238, 318, 351, 413, 465, 482, 498, 533, 546, 594, 687, 716, 724, 794, 952, 1107, 1142, 1174, 1218, 1275, 1450, 1546, 1916, 2023, 2060, 2320, 2470, 2999, 3023, 3051, 3055, 3926, 4232, 4277, 4397, 4624, 4775]
RKP_05000_01000_1_05.txt|35986.0|0.6157004999999955|[2, 4, 8, 9, 14, 46, 65, 91, 93, 94, 97, 119, 132, 157, 168, 254, 259, 267, 279, 339, 352, 385, 430, 467, 580, 651, 667, 711, 816, 985, 1023, 1049, 1093, 1142, 1155, 1162, 1227, 1316, 1320, 1411, 1418, 1474, 1588, 1606, 1607, 1649, 1883, 2069, 2271, 2547, 2834, 3067, 3468, 4053, 4118, 4385]
RKP_05000_01000_1_06.txt|33972.0|0.561555300000002|[1, 2, 3, 6, 8, 9, 10, 48, 51, 52, 80, 90, 107, 150, 159, 188, 217, 269, 288, 297, 336, 343, 399, 498, 503, 616, 691, 697, 736, 894, 943, 998, 1097, 1242, 1368, 1511, 1530, 1689, 1879, 1910, 1916, 2050, 2195, 2517, 2857, 2865, 2925, 2967, 3076, 3109, 3846, 4603]
RKP_05000_01000_1_07.txt|32261.0|0.5640315999999999|[1, 2, 8, 15, 21, 23, 44, 46, 65, 77, 84, 91, 130, 161, 188, 198, 204, 213, 226, 386, 522, 523, 568, 569, 577, 616, 628, 651, 753, 795, 957, 1175, 1359, 1449, 1697, 1741, 1764, 1865, 1904, 2087, 2245, 2593, 2669, 3455, 4009, 4242]
RKP_05000_01000_1_08.txt|32245.999999999993|0.6782285999999971|[3, 7, 10, 15, 20, 24, 26, 79, 81, 89, 109, 115, 140, 151, 190, 235, 257, 279, 427, 430, 488, 527, 575, 651, 670, 738, 785, 849, 952, 1088, 1138, 1275, 1391, 1487, 1574, 2110, 2356, 2382, 2528, 2585, 2723, 2841, 3318, 3925, 4497, 4666]
RKP_05000_01000_1_09.txt|35922.0|0.564748299999998|[1, 2, 3, 4, 6, 17, 18, 29, 39, 47, 51, 104, 128, 157, 163, 190, 191, 302, 364, 390, 427, 499, 562, 563, 684, 714, 883, 996, 998, 1242, 1362, 1366, 1434, 1481, 1579, 1679, 1714, 1761, 1788, 1854, 2121, 2328, 2364, 2381, 2845, 3179, 3245, 3744, 3964, 4115]
RKP_05000_01000_1_10.txt|39293.0|0.6093395999999984|[1, 2, 9, 11, 33, 38, 43, 47, 49, 100, 103, 104, 129, 180, 212, 245, 261, 286, 359, 384, 461, 486, 500, 528, 740, 785, 807, 839, 844, 888, 1044, 1076, 1095, 1253, 1284, 1313, 1361, 1430, 1479, 1554, 1640, 1680, 1686, 1914, 2153, 2184, 2216, 2309, 2544, 2671, 2698, 2753, 2867, 3137, 3309, 3836, 4815]
RKP_05000_01000_2_01.txt|2551.0|0.6250990999999999|[2, 28, 32, 88, 103, 176, 265, 309, 339, 413, 483, 541, 604, 761, 947, 951, 1046, 1100, 1173, 1473, 1487, 1641, 1730, 1844, 1898, 2000, 2057, 2281, 2351, 2400, 2671, 3060, 3764, 3919, 4166]
RKP_05000_01000_2_02.txt|2771.0|0.5677365999999964|[1, 2, 3, 44, 62, 76, 78, 88, 121, 126, 279, 311, 317, 365, 462, 471, 491, 545, 653, 667, 862, 964, 1045, 1068, 1189, 1294, 1577, 1693, 1739, 1812, 1856, 2308, 2581, 2682, 2983, 3024, 4977]
RKP_05000_01000_2_03.txt|2939.0|0.6453710999999984|[6, 51, 69, 86, 104, 118, 131, 217, 235, 286, 305, 308, 465, 507, 518, 655, 726, 862, 942, 1002, 1354, 1958, 2182, 2340, 2601, 2930, 3087, 3180, 3343, 3351, 3416, 3540, 3938, 4457, 4964]
RKP_05000_01000_2_04.txt|3124.0|0.6400215999999972|[1, 3, 7, 17, 22, 42, 54, 63, 82, 153, 183, 302, 348, 371, 400, 509, 527, 545, 567, 585, 758, 768, 1086, 1136, 1398, 1672, 1740, 1906, 1989, 2237, 2245, 2249, 2408, 2518, 2928, 2989, 3498, 3530, 3872, 4236, 4424, 4454]
RKP_05000_01000_2_05.txt|2772.0|0.6354438999999985|[3, 4, 5, 8, 12, 16, 33, 34, 70, 187, 201, 204, 260, 273, 344, 360, 420, 427, 526, 734, 876, 1064, 1132, 1158, 1256, 1269, 1680, 1762, 1925, 2008, 2513, 2548, 2943, 3321, 4215, 4485]
RKP_05000_01000_2_06.txt|2869.0|0.6794267000000005|[1, 2, 27, 30, 36, 59, 61, 105, 138, 152, 154, 242, 282, 344, 386, 403, 464, 473, 672, 683, 707, 739, 793, 900, 925, 1134, 1477, 1569, 1619, 1898, 1933, 1948, 1991, 2282, 2287, 2446, 2476, 2638, 4951]
RKP_05000_01000_2_07.txt|3130.0|0.6308177000000015|[1, 5, 11, 12, 157, 199, 207, 212, 238, 294, 368, 516, 751, 759, 771, 772, 909, 1123, 1265, 1437, 1552, 1593, 1625, 1643, 1811, 1902, 1935, 2206, 2233, 2282, 2446, 2461, 2608, 2843, 3129, 3147, 3275, 3882, 4279, 4453, 4495]
RKP_05000_01000_2_08.txt|3009.0|0.6567059999999998|[4, 6, 17, 30, 44, 59, 78, 108, 213, 236, 242, 264, 298, 312, 371, 385, 580, 634, 658, 660, 677, 747, 846, 972, 1067, 1114, 1184, 1314, 1499, 1783, 2399, 2941, 3148, 3191, 3385]
RKP_05000_01000_2_09.txt|2854.0|0.6675615999999991|[3, 4, 10, 13, 15, 22, 25, 63, 118, 128, 175, 270, 379, 408, 419, 536, 677, 821, 897, 997, 1132, 1226, 1259, 1556, 1583, 1786, 1967, 1992, 2140, 2317, 2637, 2789, 2887, 3297, 3478]
RKP_05000_01000_2_10.txt|2766.0|0.6170508000000012|[9, 18, 19, 36, 99, 137, 149, 191, 227, 294, 420, 555, 749, 922, 1011, 1049, 1303, 1491, 1494, 1502, 1619, 1686, 1926, 2034, 2318, 2559, 2998, 3674, 3712, 4015, 4050, 4084, 4267]
RKP_05000_01000_3_01.txt|6100.0|0.5049631999999988|[1, 9, 21, 34, 40, 46, 47, 60, 72, 77, 87, 97, 108, 112, 114, 119, 150, 176, 207, 237, 276, 284, 372, 384, 398, 455, 550, 562, 688, 728, 749, 757, 917, 996, 1081, 1087, 1198, 1382, 1600, 1615, 1698, 1779, 1894, 1958, 2056, 2178, 2241, 2250, 2416, 2461, 2748, 2783, 2851, 2874, 3246, 3421, 3683]
RKP_05000_01000_3_02.txt|6700.0|0.5177511999999993|[1, 2, 13, 25, 28, 33, 39, 40, 41, 66, 90, 107, 129, 140, 169, 209, 214, 230, 305, 379, 425, 436, 445, 446, 448, 542, 562, 609, 730, 801, 849, 878, 883, 892, 1020, 1041, 1046, 1087, 1117, 1161, 1174, 1436, 1486, 1499, 1885, 1908, 2067, 2113, 2136, 2215, 2330, 2425, 2667, 2704, 2772, 2853, 2978, 3041, 3308, 3546, 3750, 4134, 4507]
RKP_05000_01000_3_03.txt|6900.0|0.49107010000000173|[1, 2, 3, 4, 5, 11, 22, 26, 36, 38, 115, 129, 156, 158, 163, 199, 215, 221, 239, 246, 286, 330, 339, 360, 399, 439, 465, 568, 609, 621, 652, 709, 710, 763, 794, 856, 881, 896, 952, 975, 989, 1022, 1041, 1164, 1498, 1523, 1559, 1597, 1663, 2202, 2319, 2386, 2439, 2957, 3166, 3273, 3545, 3910, 3928, 4041, 4215, 4338, 4529, 4695, 4813]
RKP_05000_01000_3_04.txt|7000.0|0.5310952999999969|[1, 4, 5, 6, 7, 9, 15, 18, 27, 29, 45, 58, 63, 70, 94, 111, 132, 142, 175, 198, 206, 225, 261, 277, 306, 321, 337, 360, 448, 495, 548, 574, 610, 619, 657, 680, 709, 747, 769, 864, 962, 989, 1049, 1064, 1080, 1226, 1276, 1322, 1396, 1786, 1872, 1907, 2150, 2372, 2516, 2541, 2568, 2747, 2868, 3197, 3330, 3448, 3523, 4042, 4440, 4880]
RKP_05000_01000_3_05.txt|6200.0|0.492933800000003|[1, 7, 11, 16, 19, 26, 29, 32, 34, 37, 48, 49, 56, 70, 143, 162, 184, 219, 285, 344, 501, 513, 555, 620, 638, 708, 748, 768, 912, 985, 998, 1060, 1069, 1263, 1305, 1500, 1516, 1552, 1588, 1619, 1759, 1859, 1909, 2123, 2460, 2634, 2744, 2920, 2970, 3055, 3106, 3439, 3440, 3469, 3558, 3584, 3635, 4338]
RKP_05000_01000_3_06.txt|6700.0|0.49804890000000057|[1, 3, 4, 6, 7, 12, 41, 45, 46, 55, 76, 85, 86, 94, 106, 124, 184, 206, 213, 227, 276, 286, 287, 288, 368, 418, 469, 488, 573, 603, 623, 665, 734, 760, 801, 813, 889, 931, 946, 1030, 1119, 1296, 1359, 1466, 1522, 1551, 1610, 1640, 1917, 1978, 2026, 2251, 2741, 2799, 3214, 3324, 3433, 3533, 4258, 4315, 4322, 4808, 4911]
RKP_05000_01000_3_07.txt|6500.0|0.5561505000000011|[2, 3, 11, 13, 36, 60, 73, 75, 76, 79, 84, 94, 100, 125, 214, 216, 218, 291, 293, 295, 360, 370, 398, 413, 417, 427, 477, 487, 527, 593, 714, 762, 827, 849, 883, 884, 891, 896, 1003, 1055, 1066, 1123, 1470, 1783, 1789, 1792, 1998, 2104, 2357, 2448, 2587, 2716, 2900, 3085, 3146, 3438, 3628, 3731, 3854, 4131, 4233]
RKP_05000_01000_3_08.txt|6500.0|0.48770350000000207|[4, 6, 14, 28, 30, 36, 77, 80, 134, 152, 154, 217, 250, 260, 270, 279, 301, 331, 394, 474, 489, 525, 556, 654, 686, 883, 901, 944, 953, 1009, 1036, 1077, 1135, 1159, 1273, 1395, 1513, 1588, 1636, 1733, 1967, 1970, 1976, 2019, 2088, 2236, 2364, 2402, 2484, 2858, 2977, 3087, 3214, 3237, 3396, 3571, 3808, 4022, 4192, 4463, 4779]
RKP_05000_01000_3_09.txt|6100.0|0.5144637000000003|[1, 7, 9, 14, 26, 40, 51, 73, 77, 87, 106, 136, 152, 237, 242, 281, 310, 376, 384, 453, 462, 492, 556, 655, 661, 664, 671, 751, 760, 797, 852, 995, 1148, 1189, 1313, 1322, 1471, 1684, 1978, 2024, 2051, 2055, 2401, 2486, 2497, 2511, 2577, 2621, 2941, 3256, 3392, 3443, 3538, 3572, 3868, 4136, 4292]
RKP_05000_01000_3_10.txt|6700.0|0.5397316000000032|[1, 2, 3, 6, 10, 14, 16, 25, 33, 50, 52, 69, 119, 145, 196, 219, 223, 235, 270, 287, 369, 393, 413, 434, 692, 789, 808, 811, 876, 907, 1019, 1093, 1125, 1184, 1329, 1498, 1530, 1621, 1635, 1785, 1854, 2189, 2224, 2322, 2749, 2764, 2813, 2894, 2915, 2940, 3119, 3127, 3150, 3234, 3240, 3251, 3435, 3589, 4052, 4227, 4466, 4747, 4788]
RKP_05000_01000_4_01.txt|300.0|0.468088299999998|[1504]
RKP_05000_01000_4_02.txt|300.0|0.46500890000000084|[641]
RKP_05000_01000_4_03.txt|300.0|0.5396993000000023|[769]
RKP_05000_01000_4_04.txt|300.0|0.4672823000000008|[2195]
RKP_05000_01000_4_05.txt|300.0|0.46322250000000054|[4131]
RKP_05000_01000_4_06.txt|300.0|0.49232709999999713|[3769]
RKP_05000_01000_4_07.txt|300.0|0.45209579999999505|[543]
RKP_05000_01000_4_08.txt|300.0|0.5076695000000058|[730]
RKP_05000_01000_4_09.txt|300.0|0.45262089999999944|[637]
RKP_05000_01000_4_10.txt|300.0|0.4583367000000038|[2193]
RKP_05000_01000_5_01.txt|400.0|0.5092013000000009|[95, 100, 127, 141, 496]
RKP_05000_01000_5_02.txt|400.0|0.4639635999999996|[2, 10, 80, 287, 430, 835, 1930, 3537, 4361]
RKP_05000_01000_5_03.txt|400.0|0.465950399999997|[102, 104, 118, 406, 867, 1425]
RKP_05000_01000_5_04.txt|400.0|0.4988225999999969|[1001, 3240]
RKP_05000_01000_5_05.txt|400.0|0.4578528999999989|[10, 97, 198, 758, 1274]
RKP_05000_01000_5_06.txt|400.0|0.4660398999999984|[66, 100, 266, 524, 935]
RKP_05000_01000_5_07.txt|400.0|0.5277876999999975|[1, 58, 101, 135, 345, 920, 1235, 1445, 2313]
RKP_05000_01000_5_08.txt|400.0|0.45726420000001156|[417, 916, 1003, 1578, 2368, 2506]
RKP_05000_01000_5_09.txt|400.0|0.4868670999999978|[14, 91, 964, 1011, 1231, 3322]
RKP_05000_01000_5_10.txt|400.0|0.4726514999999978|[1, 97, 433, 1274, 1293, 2645, 3535]
RKP_05000_05000_1_01.txt|173950.0|0.573800200000008|[2, 3, 8, 21, 36, 74, 75, 78, 100, 127, 134, 149, 168, 174, 226, 239, 254, 255, 263, 279, 290, 358, 477, 496, 498, 688, 747, 826, 940, 1083, 1200, 1201, 1231, 1247, 1260, 1305, 1416, 1437, 1543, 1595, 1674, 1939, 2195, 2321, 2685, 2687, 2945, 2997, 3721, 4810]
RKP_05000_05000_1_02.txt|213206.0|0.6639940000000024|[1, 2, 4, 8, 10, 20, 21, 24, 45, 55, 104, 113, 117, 238, 240, 269, 297, 310, 334, 361, 378, 396, 444, 470, 474, 537, 712, 785, 787, 805, 903, 1005, 1041, 1044, 1069, 1107, 1115, 1152, 1374, 1459, 1855, 1870, 2174, 2177, 2322, 2501, 2667, 2706, 3059, 3754, 3842, 3921, 3940, 4197, 4382, 4402, 4712, 4832]
RKP_05000_05000_1_03.txt|191500.0|0.5555165000000102|[1, 7, 8, 18, 25, 39, 46, 62, 78, 80, 86, 110, 115, 206, 231, 233, 249, 318, 393, 426, 435, 451, 482, 557, 582, 586, 811, 1098, 1099, 1115, 1235, 1261, 1265, 1309, 1414, 1441, 1477, 1594, 1775, 2264, 2438, 2630, 2760, 2859, 3247, 3414, 3443, 3490, 3493, 3512, 4284, 4414]
RKP_05000_05000_1_04.txt|211031.0|0.5845731000000001|[1, 3, 5, 9, 25, 34, 38, 48, 75, 76, 81, 85, 90, 135, 145, 148, 189, 222, 240, 291, 332, 368, 376, 390, 408, 422, 484, 557, 559, 675, 787, 814, 831, 1072, 1389, 1417, 1418, 1677, 1753, 1758, 1859, 1938, 2003, 2051, 2061, 2328, 2372, 2581, 2584, 2813, 2991, 3260, 3305, 3547, 3651, 3802, 3813, 3850, 4172, 4260, 4668]
RKP_05000_05000_1_05.txt|198683.0|0.6494680999999929|[1, 2, 3, 12, 22, 33, 38, 46, 55, 62, 127, 130, 143, 153, 210, 214, 227, 301, 348, 378, 403, 459, 463, 559, 582, 694, 923, 950, 992, 1088, 1098, 1281, 1432, 1460, 1483, 1662, 1668, 1929, 1993, 2025, 2045, 2118, 2138, 2309, 2352, 2411, 2467, 2579, 2657, 2804, 3024, 3175, 3186, 3722, 4208, 4354, 4846]
RKP_05000_05000_1_06.txt|185358.0|0.5349292000000077|[2, 18, 23, 40, 43, 66, 71, 82, 87, 113, 120, 243, 338, 363, 378, 407, 514, 581, 608, 613, 621, 649, 651, 693, 707, 715, 813, 825, 850, 925, 956, 1065, 1154, 1227, 1280, 1730, 1927, 1981, 2048, 2132, 2204, 2210, 2240, 2309, 2386, 2509, 2701, 2729, 3361, 3978, 4076, 4540, 4561, 4692]
RKP_05000_05000_1_07.txt|179348.0|0.8041386999999958|[1, 2, 3, 4, 7, 8, 15, 29, 30, 31, 44, 83, 153, 175, 182, 187, 190, 215, 248, 249, 287, 294, 303, 380, 381, 457, 478, 529, 536, 575, 730, 739, 785, 829, 864, 1228, 1263, 1267, 1315, 1406, 1520, 1616, 1820, 1849, 1894, 2529, 2688, 2725, 2854, 3045, 3888, 4149, 4225, 4260, 4664, 4751]
RKP_05000_05000_1_08.txt|171270.0|0.5908775999999989|[2, 3, 16, 30, 38, 91, 95, 97, 122, 124, 138, 156, 171, 232, 253, 275, 280, 342, 371, 402, 451, 471, 523, 560, 596, 674, 764, 836, 984, 1167, 1179, 1247, 1421, 1439, 1546, 1549, 1562, 1737, 1941, 2047, 2312, 2428, 2525, 2536, 2600, 3599, 3666, 3744, 3833, 3998, 4080, 4195]
RKP_05000_05000_1_09.txt|187937.0|0.6680175999999989|[1, 3, 5, 6, 42, 55, 66, 77, 113, 114, 126, 139, 160, 170, 196, 221, 234, 299, 325, 339, 382, 438, 448, 460, 492, 537, 542, 565, 632, 682, 701, 820, 871, 921, 1006, 1227, 1245, 1254, 1314, 1350, 1416, 1458, 1592, 1635, 1808, 1917, 1979, 2016, 2143, 2450, 2593, 2636, 2834, 3197, 4248, 4486, 4489, 4615]
RKP_05000_05000_1_10.txt|154890.0|0.6056813999999946|[2, 7, 38, 60, 89, 92, 144, 153, 185, 278, 286, 380, 414, 428, 467, 472, 659, 746, 756, 803, 813, 909, 959, 981, 1402, 1504, 1609, 1652, 1766, 2050, 2151, 2281, 2306, 2580, 2607, 2608, 2629, 2641, 2870, 3067, 3078, 3101, 3261, 4380]
RKP_05000_05000_2_01.txt|13438.0|0.7024962999999929|[18, 20, 93, 235, 250, 279, 293, 411, 475, 515, 748, 866, 953, 986, 1045, 1059, 1308, 1367, 1505, 1665, 1885, 2236, 2251, 2687, 2937, 3403, 3883, 4544, 4844]
RKP_05000_05000_2_02.txt|12614.9999999978|0.7090024999999969|[5, 14, 15, 56, 79, 91, 161, 208, 220, 294, 530, 563, 582, 707, 710, 1058, 1069, 1172, 1287, 1649, 2060, 2162, 2244, 2429, 3100, 3641, 3796, 4007, 4564]
RKP_05000_05000_2_03.txt|12436.0|0.6484399999999937|[1, 3, 4, 38, 44, 50, 94, 177, 306, 375, 394, 441, 477, 502, 583, 783, 983, 1207, 1269, 1289, 1307, 1422, 1429, 1432, 1481, 2224, 2272, 3090, 3368, 3428, 3630, 3839, 3860, 3957, 4235, 4565]
RKP_05000_05000_2_04.txt|17483.0|0.6664528000000018|[1, 2, 3, 4, 21, 23, 37, 47, 71, 78, 82, 115, 122, 126, 131, 147, 165, 187, 238, 307, 322, 346, 372, 455, 554, 583, 625, 637, 655, 832, 893, 1124, 1223, 1329, 1335, 1412, 1478, 1508, 1586, 1606, 2308, 2318, 2382, 2632, 2705, 2773, 3257, 3288]
RKP_05000_05000_2_05.txt|13562.0|0.6415777999999932|[4, 5, 34, 70, 103, 113, 128, 163, 220, 317, 481, 501, 513, 595, 606, 858, 874, 932, 1011, 1022, 1103, 1153, 1175, 1232, 1242, 1260, 1588, 1768, 1813, 2678, 3623, 4182, 4330, 4410]
RKP_05000_05000_2_06.txt|11654.0|0.6979145999999901|[30, 43, 74, 136, 303, 370, 373, 411, 437, 449, 574, 629, 637, 726, 731, 832, 866, 872, 912, 985, 1070, 1073, 1756, 1805, 2245, 2357, 3064, 3105, 3580, 3764]
RKP_05000_05000_2_07.txt|14142.0|0.6758026999999913|[7, 26, 30, 36, 129, 152, 199, 273, 411, 421, 428, 452, 624, 631, 725, 903, 926, 932, 989, 1115, 1137, 1326, 1438, 1460, 1581, 1614, 1730, 1734, 1819, 2045, 2118, 2838, 3005, 3180, 3396, 3704, 3935, 3995, 4066, 4239]
RKP_05000_05000_2_08.txt|15112.0|0.6667601999999988|[2, 17, 116, 155, 179, 192, 274, 286, 332, 449, 551, 603, 659, 724, 746, 760, 782, 811, 899, 919, 953, 1064, 1239, 1262, 1520, 1597, 1692, 1834, 1835, 2024, 2598, 2856, 2907, 3039, 3119, 3335, 3356, 3617]
RKP_05000_05000_2_09.txt|16407.0|0.677675899999997|[1, 2, 3, 7, 10, 36, 60, 61, 82, 83, 105, 128, 129, 137, 157, 164, 180, 327, 385, 394, 413, 423, 519, 634, 893, 899, 920, 973, 1179, 1213, 1231, 1308, 1378, 1462, 1478, 1482, 1771, 1802, 2129, 2555, 2889, 3741, 4959]
RKP_05000_05000_2_10.txt|14061.0|0.6203265000000044|[1, 2, 14, 23, 42, 70, 82, 97, 185, 205, 261, 311, 330, 351, 481, 666, 723, 725, 856, 899, 1060, 1078, 1136, 1230, 1530, 1620, 1908, 2264, 2524, 2605, 2732, 2854, 2884, 3467, 3568, 3618]
RKP_05000_05000_3_01.txt|33500.0|0.5037821999999892|[4, 6, 13, 16, 17, 21, 39, 45, 54, 55, 58, 79, 83, 88, 94, 106, 132, 164, 171, 198, 336, 449, 452, 480, 521, 528, 530, 563, 625, 628, 638, 646, 736, 787, 800, 814, 870, 926, 1004, 1075, 1080, 1132, 1290, 1328, 1409, 1410, 1430, 1664, 1846, 1850, 1887, 2024, 2100, 2266, 2454, 2544, 2738, 2831, 2987, 3210, 3361, 3715, 4143]
RKP_05000_05000_3_02.txt|30500.0|0.5952599999999961|[1, 5, 9, 25, 30, 32, 33, 38, 50, 51, 55, 58, 99, 133, 151, 155, 217, 221, 227, 303, 407, 409, 507, 509, 601, 773, 885, 969, 970, 985, 1093, 1151, 1198, 1220, 1232, 1457, 1509, 1763, 1914, 1970, 2025, 2038, 2259, 2345, 2392, 2529, 2826, 3096, 3230, 3779, 3922, 4134, 4175, 4221, 4488, 4553, 4589]
RKP_05000_05000_3_03.txt|34000.0|0.5257627999999954|[1, 2, 3, 4, 6, 12, 13, 21, 25, 46, 67, 79, 88, 90, 127, 185, 194, 219, 223, 281, 323, 366, 471, 489, 523, 542, 592, 636, 682, 763, 826, 856, 950, 963, 970, 1011, 1029, 1061, 1099, 1129, 1187, 1255, 1278, 1505, 1516, 1677, 1696, 1703, 1715, 1729, 1777, 1911, 1960, 2297, 2430, 2585, 2713, 2750, 3112, 3385, 3389, 3452, 3819, 3909]
RKP_05000_05000_3_04.txt|32500.0|0.5630845999999963|[1, 12, 14, 27, 51, 61, 71, 101, 102, 109, 156, 169, 173, 177, 183, 198, 229, 249, 256, 304, 343, 404, 412, 454, 455, 476, 479, 505, 585, 642, 779, 843, 868, 936, 965, 1033, 1208, 1276, 1564, 1589, 1800, 2428, 2441, 2704, 2727, 2854, 2915, 3065, 3143, 3391, 3454, 3497, 3543, 3625, 3841, 3856, 3870, 3872, 4104, 4170, 4678]
RKP_05000_05000_3_05.txt|31500.0|0.5263901000000004|[2, 5, 12, 13, 15, 17, 20, 24, 34, 44, 50, 70, 72, 75, 81, 97, 115, 139, 141, 150, 202, 207, 259, 331, 368, 372, 406, 537, 555, 617, 628, 945, 958, 969, 984, 1004, 1044, 1506, 1519, 1640, 1664, 1680, 1686, 1771, 1843, 1951, 1960, 1982, 2428, 2606, 2910, 2994, 3138, 3566, 3569, 4138, 4267, 4618, 4707]
RKP_05000_05000_3_06.txt|32000.0|0.5149602000000044|[1, 6, 8, 22, 23, 28, 30, 43, 44, 55, 78, 101, 115, 125, 130, 234, 239, 242, 262, 285, 313, 377, 382, 386, 480, 607, 617, 623, 645, 671, 737, 817, 839, 845, 909, 924, 977, 1005, 1115, 1123, 1191, 1678, 1939, 1989, 2100, 2115, 2300, 2334, 2338, 2537, 2626, 2697, 2724, 2793, 3065, 3251, 3441, 4129, 4180, 4300]
RKP_05000_05000_3_07.txt|31000.0|0.547565899999995|[1, 2, 3, 4, 82, 88, 119, 130, 143, 217, 220, 231, 232, 304, 348, 459, 462, 487, 490, 525, 544, 609, 684, 718, 723, 766, 796, 813, 817, 835, 866, 897, 924, 1005, 1049, 1127, 1213, 1279, 1338, 1403, 1420, 1497, 1664, 1721, 1728, 1818, 2093, 2201, 2287, 2345, 2399, 2511, 2643, 2747, 2824, 3347, 3987, 4656]
RKP_05000_05000_3_08.txt|31000.0|0.5326893000000013|[1, 2, 14, 16, 18, 22, 28, 39, 43, 53, 54, 73, 78, 105, 110, 122, 147, 150, 205, 241, 294, 351, 391, 433, 484, 524, 640, 752, 762, 784, 828, 857, 876, 938, 1042, 1104, 1105, 1145, 1224, 1311, 1371, 1450, 1613, 1833, 1969, 2150, 2221, 2250, 2393, 2413, 2446, 2528, 2636, 2750, 4022, 4469, 4731, 4805]
RKP_05000_05000_3_09.txt|33500.0|0.5135567000000094|[7, 8, 13, 17, 19, 42, 43, 96, 111, 123, 133, 233, 252, 259, 313, 317, 345, 387, 406, 431, 512, 532, 609, 629, 643, 660, 693, 767, 789, 851, 877, 913, 929, 932, 1146, 1282, 1328, 1343, 1549, 1667, 1727, 1813, 1933, 1945, 2166, 2247, 2427, 2435, 2484, 2838, 2885, 2926, 2994, 3338, 3677, 3684, 4052, 4240, 4246, 4313, 4338, 4789, 4825]
RKP_05000_05000_3_10.txt|33500.0|0.5607887000000034|[1, 2, 3, 4, 5, 10, 13, 14, 18, 26, 44, 48, 51, 59, 60, 120, 137, 172, 227, 278, 313, 402, 405, 481, 490, 535, 576, 577, 607, 665, 675, 716, 1062, 1075, 1099, 1135, 1202, 1224, 1258, 1284, 1307, 1358, 1405, 1567, 1639, 1653, 1714, 1786, 2521, 2536, 2573, 2643, 2698, 2748, 2923, 3046, 3222, 3454, 3468, 3531, 3759, 3937, 4808]
RKP_05000_05000_4_01.txt|1500.0|0.4720379000000037|[1622]
RKP_05000_05000_4_02.txt|1498.0000000000002|0.4726380999999975|[2122]
RKP_05000_05000_4_03.txt|1500.0|0.5079755999999946|[528]
RKP_05000_05000_4_04.txt|1499.0000000000002|0.4742565999999897|[3047]
RKP_05000_05000_4_05.txt|1499.0000000000002|0.4980001999999928|[2312]
RKP_05000_05000_4_06.txt|1499.0000000000002|0.4711687000000069|[713]
RKP_05000_05000_4_07.txt|1500.0|0.4677506999999963|[352]
RKP_05000_05000_4_08.txt|1500.0|0.49390280000000075|[775]
RKP_05000_05000_4_09.txt|1500.0|0.4622968000000043|[1143]
RKP_05000_05000_4_10.txt|1497.0000000000002|0.4586055999999985|[1420]
RKP_05000_05000_5_01.txt|2000.0|0.5133856000000065|[111, 987, 1615, 1796, 1931, 3011, 3485]
RKP_05000_05000_5_02.txt|2000.0|0.47136449999999286|[10, 112, 1006, 1038]
RKP_05000_05000_5_03.txt|2000.0|0.49789630000000784|[1, 18, 101, 958, 1955]
RKP_05000_05000_5_04.txt|2000.0|0.5277028000000001|[97, 847, 970, 1274, 1835]
RKP_05000_05000_5_05.txt|2000.0|0.4895725000000084|[98, 390, 859, 995, 1001, 2920]
RKP_05000_05000_5_06.txt|2000.0|0.5054892999999936|[1, 10, 82, 945, 1757]
RKP_05000_05000_5_07.txt|2000.0|0.48003789999999924|[1, 10, 894, 982, 1126]
RKP_05000_05000_5_08.txt|2000.0|0.47868730000000426|[1, 264, 963, 1027]
RKP_05000_05000_5_09.txt|2000.0|0.5555861999999934|[1, 12, 976, 1369]
RKP_05000_05000_5_10.txt|2000.0|0.4764203000000009|[1144]
RKP_00100_00100_1_01.txt|424.0|0.07706739999999995|[1, 3, 10, 17, 22, 28]
RKP_00100_00100_1_02.txt|566.0|0.04640869999999997|[1, 9, 15, 37, 48, 50, 56, 91]
RKP_00100_00100_1_03.txt|426.0|0.12113639999999992|[1, 2, 4, 6, 10, 34]
RKP_00100_00100_1_04.txt|365.0|0.11281150000000006|[7, 9, 10, 15, 74]
RKP_00100_00100_1_05.txt|435.0|0.08894520000000006|[11, 16, 20, 22, 44, 79]
RKP_00100_00100_1_06.txt|654.0|0.0835999999999999|[5, 16, 17, 31, 47, 48, 55, 57, 97]
RKP_00100_00100_1_07.txt|308.0|0.09277509999999989|[13, 39, 46, 51, 60]
RKP_00100_00100_1_08.txt|650.0|0.06819299999999995|[1, 2, 6, 7, 12, 13, 24, 30, 76, 87, 92]
RKP_00100_00100_1_09.txt|341.0|0.06542979999999998|[2, 5, 16, 18, 23, 24]
RKP_00100_00100_1_10.txt|452.0|0.06745350000000006|[1, 2, 4, 11, 13, 18, 27]
RKP_00100_00100_2_01.txt|90.0|0.06658900000000001|[1, 2, 6, 13, 20, 43]
RKP_00100_00100_2_02.txt|83.0|0.05937769999999998|[4, 8, 27, 28, 30, 40, 80]
RKP_00100_00100_2_03.txt|95.0|0.06348249999999989|[1, 5, 31, 48, 51, 59, 75]
RKP_00100_00100_2_04.txt|77.0|0.09796930000000015|[2, 8, 11, 18, 26]
RKP_00100_00100_2_05.txt|61.0|0.06702120000000011|[30, 34, 64]
RKP_00100_00100_2_06.txt|58.0|0.06543609999999989|[2, 33, 47, 67, 79]
RKP_00100_00100_2_07.txt|76.0|0.06626810000000005|[3, 7, 15, 22, 28]
RKP_00100_00100_2_08.txt|66.0|0.058705700000000194|[1, 2, 6, 12, 14, 16, 28]
RKP_00100_00100_2_09.txt|66.0|0.0658150999999998|[4, 9, 23, 37, 75]
RKP_00100_00100_2_10.txt|72.0|0.08596500000000007|[2, 5, 27, 40, 64, 65]
RKP_00100_00100_3_01.txt|100.0|0.06514260000000016|[2, 3, 5, 6, 8, 44]
RKP_00100_00100_3_02.txt|110.0|0.07882750000000005|[1, 2, 17, 24, 25, 52, 56]
RKP_00100_00100_3_03.txt|130.0|0.08022149999999995|[2, 3, 4, 6, 14, 45, 46, 49, 75]
RKP_00100_00100_3_04.txt|110.0|0.13089450000000014|[6, 8, 15, 21, 26, 34, 42]
RKP_00100_00100_3_05.txt|100.0|0.11685029999999985|[1, 7, 12, 18, 25, 52]
RKP_00100_00100_3_06.txt|140.0|0.056909600000000005|[2, 3, 4, 6, 8, 11, 27, 31, 40, 72]
RKP_00100_00100_3_07.txt|110.0|0.09049999999999958|[2, 7, 8, 14, 27, 72, 89]
RKP_00100_00100_3_08.txt|110.0|0.06157780000000024|[1, 3, 7, 9, 12, 18, 62]
RKP_00100_00100_3_09.txt|100.0|0.059208700000000114|[1, 3, 8, 32, 57, 89]
RKP_00100_00100_3_10.txt|120.0|0.06641360000000018|[5, 20, 45, 60, 61, 62, 66, 67]
RKP_00100_00100_4_01.txt|30.0|0.05405890000000024|[30]
RKP_00100_00100_4_02.txt|29.000000000000014|0.053610100000000216|[54]
RKP_00100_00100_4_03.txt|26.00000000000001|0.061819899999999706|[17]
RKP_00100_00100_4_04.txt|30.0|0.04609780000000008|[16]
RKP_00100_00100_4_05.txt|30.0|0.045445599999999864|[6]
RKP_00100_00100_4_06.txt|29.000000000000014|0.053837500000000205|[18]
RKP_00100_00100_4_07.txt|30.0|0.05132110000000001|[41]
RKP_00100_00100_4_08.txt|28.0|0.06020689999999984|[11]
RKP_00100_00100_4_09.txt|30.0|0.04760799999999987|[40]
RKP_00100_00100_4_10.txt|29.000000000000014|0.052929900000000085|[8]
RKP_00100_00100_5_01.txt|40.0|0.06203469999999989|[1, 22, 30]
RKP_00100_00100_5_02.txt|40.0|0.05801079999999992|[1, 15]
RKP_00100_00100_5_03.txt|40.0|0.05509649999999988|[1, 14, 47]
RKP_00100_00100_5_04.txt|40.0|0.05602799999999997|[11, 15, 82]
RKP_00100_00100_5_05.txt|40.0|0.05797870000000005|[1, 28]
RKP_00100_00100_5_06.txt|40.0|0.05636550000000007|[1, 18]
RKP_00100_00100_5_07.txt|40.0|0.05584359999999977|[1, 4, 6]
RKP_00100_00100_5_08.txt|40.0|0.05669069999999987|[1, 6, 64]
RKP_00100_00100_5_09.txt|40.0|0.05292859999999999|[11]
RKP_00100_00100_5_10.txt|40.0|0.04746139999999999|[10, 37]
RKP_00500_00100_1_01.txt|978.0|0.12534690000000026|[2, 3, 6, 25, 27, 40, 75, 140, 148, 173, 211, 222, 284, 304, 500]
RKP_00500_00100_1_02.txt|862.0|0.14042490000000019|[13, 77, 87, 89, 102, 109, 132, 175, 205, 288, 289, 325, 351]
RKP_00500_00100_1_03.txt|826.0|0.1043914000000008|[1, 5, 11, 16, 30, 40, 111, 113, 123, 139, 147, 158, 228, 496]
RKP_00500_00100_1_04.txt|1062.0|0.10011879999999973|[11, 41, 48, 59, 64, 65, 93, 94, 156, 197, 245, 252, 315, 359]
RKP_00500_00100_1_05.txt|1055.0|0.11374610000000018|[2, 10, 11, 13, 17, 18, 23, 24, 26, 72, 192, 203, 215, 363, 402]
RKP_00500_00100_1_06.txt|1137.0|0.11481779999999997|[3, 5, 13, 22, 34, 35, 52, 89, 165, 182, 190, 230, 240, 411, 490]
RKP_00500_00100_1_07.txt|1173.0|0.08011689999999927|[2, 7, 21, 22, 31, 40, 47, 80, 97, 126, 206, 257, 322, 410, 461, 469, 492]
RKP_00500_00100_1_08.txt|1087.0|0.10373500000000035|[1, 3, 4, 10, 16, 29, 106, 146, 156, 165, 185, 225, 258, 332, 378]
RKP_00500_00100_1_09.txt|960.0|0.12528939999999977|[16, 19, 39, 77, 108, 148, 151, 153, 163, 180, 221, 307, 344, 496]
RKP_00500_00100_1_10.txt|908.0|0.07654389999999989|[1, 3, 4, 5, 6, 14, 62, 75, 162, 214, 234, 277, 413]
RKP_00500_00100_2_01.txt|141.0|0.10746140000000004|[11, 16, 32, 39, 40, 50, 60, 137, 148, 168, 226, 259, 441, 447]
RKP_00500_00100_2_02.txt|137.0|0.0916326999999999|[4, 6, 65, 72, 97, 112, 131, 142, 156, 167, 195, 314, 336]
RKP_00500_00100_2_03.txt|136.0|0.07787209999999956|[2, 31, 64, 71, 100, 107, 135, 142, 154, 155, 164, 166, 382, 436]
RKP_00500_00100_2_04.txt|129.0|0.1109884000000001|[7, 11, 14, 26, 55, 58, 105, 112, 125, 163, 204, 216, 429]
RKP_00500_00100_2_05.txt|124.0|0.07927190000000017|[2, 4, 5, 10, 38, 48, 87, 218, 260, 294, 417, 426]
RKP_00500_00100_2_06.txt|123.0|0.10419169999999944|[1, 3, 9, 18, 27, 35, 47, 70, 150, 155, 302]
RKP_00500_00100_2_07.txt|114.0|0.14156060000000004|[1, 5, 6, 17, 53, 75, 83, 114, 260, 292, 308, 452]
RKP_00500_00100_2_08.txt|101.0|0.08004609999999968|[1, 3, 6, 15, 45, 50, 87, 96, 123, 495]
RKP_00500_00100_2_09.txt|88.0|0.08761200000000002|[2, 3, 38, 70, 87, 108, 277, 304, 335, 433]
RKP_00500_00100_2_10.txt|114.0|0.10563600000000051|[2, 9, 14, 19, 20, 21, 40, 116, 118, 276, 372]
RKP_00500_00100_3_01.txt|190.0|0.10324169999999988|[1, 2, 3, 5, 11, 24, 31, 33, 38, 43, 96, 143, 148, 260, 401]
RKP_00500_00100_3_02.txt|230.0|0.10100019999999965|[1, 4, 5, 20, 26, 32, 39, 56, 73, 103, 110, 152, 160, 162, 167, 172, 189, 202, 221]
RKP_00500_00100_3_03.txt|220.0|0.07498110000000047|[1, 9, 11, 22, 52, 71, 93, 113, 142, 148, 193, 258, 264, 266, 292, 351, 444, 454]
RKP_00500_00100_3_04.txt|220.0|0.10403520000000022|[1, 2, 66, 68, 103, 104, 119, 142, 159, 163, 168, 209, 278, 280, 282, 312, 345, 350]
RKP_00500_00100_3_05.txt|230.0|0.07345699999999944|[1, 8, 12, 33, 74, 84, 87, 92, 106, 108, 143, 211, 225, 294, 319, 377, 381, 382, 417]
RKP_00500_00100_3_06.txt|200.0|0.0840532000000005|[5, 7, 16, 24, 45, 52, 56, 91, 186, 189, 204, 242, 281, 283, 311, 433]
RKP_00500_00100_3_07.txt|180.0|0.10646549999999966|[1, 4, 5, 17, 24, 30, 33, 76, 141, 157, 196, 200, 308, 326]
RKP_00500_00100_3_08.txt|260.0|0.07398520000000008|[8, 14, 19, 25, 31, 49, 57, 58, 62, 63, 84, 90, 114, 144, 150, 159, 172, 275, 301, 302, 323, 451]
RKP_00500_00100_3_09.txt|230.0|0.07360330000000026|[1, 2, 4, 12, 24, 54, 58, 70, 104, 115, 148, 154, 169, 171, 221, 231, 294, 347, 434]
RKP_00500_00100_3_10.txt|200.0|0.1156183000000004|[1, 7, 13, 18, 32, 40, 47, 123, 153, 159, 165, 183, 189, 305, 322, 325]
RKP_00500_00100_4_01.txt|30.0|0.07178240000000002|[79]
RKP_00500_00100_4_02.txt|30.0|0.07180059999999955|[80]
RKP_00500_00100_4_03.txt|30.0|0.07371060000000007|[66]
RKP_00500_00100_4_04.txt|30.0|0.07141339999999996|[94]
RKP_00500_00100_4_05.txt|30.0|0.07460369999999994|[41]
RKP_00500_00100_4_06.txt|30.0|0.07655600000000007|[29]
RKP_00500_00100_4_07.txt|30.0|0.07260760000000044|[290]
RKP_00500_00100_4_08.txt|30.0|0.07138929999999988|[342]
RKP_00500_00100_4_09.txt|30.0|0.07336530000000074|[32]
RKP_00500_00100_4_10.txt|30.0|0.07272120000000015|[127]
RKP_00500_00100_5_01.txt|40.0|0.07606529999999978|[2, 100, 129]
RKP_00500_00100_5_02.txt|40.0|0.07737060000000007|[107, 113, 418]
RKP_00500_00100_5_03.txt|40.0|0.07954400000000028|[1, 395]
RKP_00500_00100_5_04.txt|40.0|0.07474749999999997|[1, 86]
RKP_00500_00100_5_05.txt|40.0|0.07309689999999947|[101]
RKP_00500_00100_5_06.txt|40.0|0.07710069999999902|[34, 100]
RKP_00500_00100_5_07.txt|40.0|0.07518010000000075|[1, 205]
RKP_00500_00100_5_08.txt|40.0|0.07629969999999986|[1, 252]
RKP_00500_00100_5_09.txt|40.0|0.07849620000000002|[1, 68]
RKP_00500_00100_5_10.txt|40.0|0.07496560000000052|[1, 8, 60, 69]
RKP_01000_00100_1_01.txt|1220.0|0.15305760000000035|[2, 13, 42, 47, 50, 51, 64, 67, 91, 97, 123, 151, 222, 260, 261, 432, 465]
RKP_01000_00100_1_02.txt|1248.0|0.11578210000000055|[1, 9, 16, 30, 38, 49, 72, 171, 182, 193, 195, 292, 294, 359, 486, 557, 584, 696, 754]
RKP_01000_00100_1_03.txt|1223.0|0.14181060000000123|[2, 4, 32, 48, 50, 56, 114, 116, 128, 172, 174, 199, 326, 498, 535, 800, 869]
RKP_01000_00100_1_04.txt|1556.0|0.14481240000000106|[1, 2, 3, 5, 12, 14, 20, 44, 75, 151, 163, 165, 184, 247, 255, 277, 283, 429, 566, 726, 732, 733]
RKP_01000_00100_1_05.txt|1365.0|0.15102510000000002|[1, 16, 37, 39, 41, 49, 75, 89, 121, 123, 207, 222, 307, 582, 635, 673, 696, 776, 915, 1000]
RKP_01000_00100_1_06.txt|1524.0|0.1213280000000001|[1, 6, 10, 33, 38, 44, 52, 58, 78, 99, 120, 168, 242, 250, 349, 383, 442, 632, 645, 790, 993]
RKP_01000_00100_1_07.txt|1565.0|0.12226919999999986|[3, 7, 37, 49, 86, 90, 127, 128, 129, 130, 190, 204, 226, 342, 382, 436, 440, 476, 556, 778, 874]
RKP_01000_00100_1_08.txt|1328.0|0.16243309999999944|[1, 4, 6, 22, 26, 68, 80, 118, 145, 149, 223, 242, 274, 303, 356, 366, 421, 422, 922]
RKP_01000_00100_1_09.txt|1318.0|0.11820369999999869|[1, 14, 17, 27, 31, 36, 48, 103, 168, 196, 213, 262, 290, 513, 672, 691, 782, 898]
RKP_01000_00100_1_10.txt|1601.0|0.11811369999999854|[1, 8, 19, 37, 43, 55, 76, 104, 111, 159, 253, 331, 466, 480, 491, 534, 618, 669, 748, 785, 813, 968]
RKP_01000_00100_2_01.txt|147.0|0.14562209999999887|[3, 7, 12, 13, 16, 24, 47, 73, 111, 207, 209, 253, 264, 366, 374, 380, 690]
RKP_01000_00100_2_02.txt|135.0|0.1462255999999993|[3, 63, 73, 84, 179, 202, 213, 311, 357, 375, 385, 410, 547, 583, 782]
RKP_01000_00100_2_03.txt|178.0|0.11236449999999998|[5, 33, 58, 64, 81, 84, 87, 97, 123, 124, 141, 171, 330, 335, 394, 416, 417, 897]
RKP_01000_00100_2_04.txt|147.0|0.13716810000000024|[1, 21, 35, 37, 58, 60, 94, 123, 147, 184, 428, 443, 504, 698]
RKP_01000_00100_2_05.txt|155.0|0.1289353000000002|[7, 26, 30, 73, 84, 152, 162, 222, 236, 299, 380, 409, 420, 428, 501, 512, 742]
RKP_01000_00100_2_06.txt|174.0|0.1259136999999999|[1, 6, 16, 24, 33, 122, 138, 154, 187, 255, 259, 590, 602, 647, 805, 858, 876]
RKP_01000_00100_2_07.txt|146.0|0.1302462000000002|[2, 3, 7, 38, 61, 81, 173, 208, 284, 378, 396, 457, 531, 796, 950]
RKP_01000_00100_2_08.txt|168.0|0.1157408999999987|[1, 3, 7, 9, 10, 11, 26, 39, 44, 121, 129, 250, 406, 573, 609, 661, 862]
RKP_01000_00100_2_09.txt|148.0|0.12315899999999935|[13, 18, 127, 191, 205, 235, 348, 382, 417, 436, 651, 656, 904, 982]
RKP_01000_00100_2_10.txt|169.0|0.11333070000000056|[1, 4, 5, 15, 30, 56, 122, 163, 164, 191, 252, 282, 309, 341, 521, 548, 564, 579, 710]
RKP_01000_00100_3_01.txt|290.0|0.12465869999999946|[1, 11, 15, 32, 49, 51, 65, 119, 133, 186, 208, 249, 337, 340, 348, 456, 464, 537, 567, 659, 704, 740, 763, 795, 857]
RKP_01000_00100_3_02.txt|260.0|0.12374229999999997|[3, 9, 18, 24, 25, 37, 53, 69, 70, 79, 94, 120, 121, 126, 137, 138, 295, 300, 318, 533, 644, 654]
RKP_01000_00100_3_03.txt|290.0|0.10142749999999978|[1, 3, 13, 17, 31, 54, 74, 84, 93, 143, 170, 175, 204, 222, 270, 325, 378, 392, 431, 530, 580, 652, 692, 836, 994]
RKP_01000_00100_3_04.txt|290.0|0.12361310000000003|[1, 3, 4, 5, 9, 10, 16, 29, 41, 42, 44, 65, 142, 149, 161, 274, 277, 305, 389, 449, 558, 639, 645, 740, 786]
RKP_01000_00100_3_05.txt|240.0|0.12170669999999895|[2, 5, 10, 24, 29, 31, 46, 57, 86, 100, 108, 141, 144, 151, 163, 172, 183, 460, 630, 661]
RKP_01000_00100_3_06.txt|250.0|0.14881150000000076|[1, 5, 6, 7, 14, 15, 16, 22, 36, 37, 71, 112, 129, 204, 224, 242, 249, 347, 471, 543, 886, 970]
RKP_01000_00100_3_07.txt|300.0|0.12967409999999902|[1, 4, 5, 12, 16, 20, 23, 27, 31, 38, 53, 56, 62, 112, 129, 169, 190, 231, 354, 433, 591, 605, 695, 750, 822, 867]
RKP_01000_00100_3_08.txt|230.0|0.10095470000000084|[1, 2, 7, 11, 35, 71, 89, 97, 129, 130, 131, 179, 198, 266, 292, 303, 340, 524, 703]
RKP_01000_00100_3_09.txt|230.0|0.12638309999999997|[1, 6, 9, 16, 17, 23, 48, 83, 185, 211, 216, 318, 385, 403, 480, 578, 647, 758, 871]
RKP_01000_00100_3_10.txt|270.0|0.1322214000000006|[3, 10, 12, 16, 18, 22, 26, 35, 37, 46, 72, 106, 122, 156, 169, 187, 227, 245, 334, 467, 524, 632, 677]
RKP_01000_00100_4_01.txt|30.0|0.10228410000000032|[615]
RKP_01000_00100_4_02.txt|30.0|0.09981270000000109|[381]
RKP_01000_00100_4_03.txt|30.0|0.09834049999999905|[163]
RKP_01000_00100_4_04.txt|30.0|0.09898379999999918|[59]
RKP_01000_00100_4_05.txt|30.0|0.09915379999999985|[405]
RKP_01000_00100_4_06.txt|30.0|0.09964029999999902|[133]
RKP_01000_00100_4_07.txt|30.0|0.09833369999999952|[743]
RKP_01000_00100_4_08.txt|30.0|0.0985427000000012|[663]
RKP_01000_00100_4_09.txt|30.0|0.09935729999999943|[488]
RKP_01000_00100_4_10.txt|30.0|0.09657110000000024|[100]
RKP_01000_00100_5_01.txt|40.0|0.10277410000000131|[1, 958]
RKP_01000_00100_5_02.txt|40.0|0.10353229999999947|[91, 100]
RKP_01000_00100_5_03.txt|40.0|0.10552900000000065|[2, 114, 602]
RKP_01000_00100_5_04.txt|40.0|0.12648619999999866|[100, 593]
RKP_01000_00100_5_05.txt|40.0|0.10133590000000048|[1, 395, 468, 829]
RKP_01000_00100_5_06.txt|40.0|0.10829999999999984|[105, 161, 177, 179, 982]
RKP_01000_00100_5_07.txt|40.0|0.10084479999999907|[11, 98, 167, 777]
RKP_01000_00100_5_08.txt|40.0|0.10140759999999993|[10, 889]
RKP_01000_00100_5_09.txt|40.0|0.10413840000000008|[439]
RKP_01000_00100_5_10.txt|40.0|0.1078151000000016|[1, 228, 643]
RKP_05000_00100_1_01.txt|2696.0|0.5261452000000002|[1, 3, 4, 5, 8, 9, 20, 31, 49, 51, 68, 116, 150, 302, 465, 540, 553, 589, 642, 904, 1268, 1275, 1373, 1406, 1482, 1485, 1700, 1839, 2091, 2106, 2398, 2556, 3411, 3645]
RKP_05000_00100_1_02.txt|2669.0|0.5381751999999995|[1, 2, 16, 31, 42, 60, 73, 104, 171, 174, 275, 277, 338, 347, 350, 374, 463, 501, 601, 716, 892, 1201, 1210, 1821, 2337, 2939, 3013, 3415, 3648, 4066, 4311, 4439, 4651]
RKP_05000_00100_1_03.txt|2638.0|0.5039345999999991|[1, 2, 6, 10, 22, 26, 27, 52, 81, 136, 193, 207, 591, 929, 961, 1069, 1355, 1417, 1588, 1634, 1880, 2646, 2992, 3127, 3261, 3382, 3471, 3686, 3801, 4053, 4396, 4436, 4798]
RKP_05000_00100_1_04.txt|2469.0|0.5095037000000016|[2, 5, 7, 16, 23, 38, 41, 69, 135, 147, 378, 444, 579, 713, 795, 868, 1048, 1367, 1521, 1633, 1931, 2030, 2528, 2565, 2594, 2831, 3064, 3198, 3336, 3338, 3644, 4280, 4320, 4470]
RKP_05000_00100_1_05.txt|2460.0|0.5778584999999978|[2, 4, 8, 16, 20, 33, 38, 53, 60, 64, 92, 101, 119, 174, 288, 306, 427, 541, 542, 644, 1169, 1309, 1432, 1433, 1759, 2447, 2549, 2850, 2995, 3856, 4588, 4969]
RKP_05000_00100_1_06.txt|2523.0|0.5518217000000014|[3, 8, 9, 14, 21, 25, 41, 45, 62, 73, 122, 133, 152, 208, 219, 329, 435, 457, 569, 645, 745, 747, 807, 860, 866, 896, 1279, 1319, 1512, 1799, 2608, 3167, 3825]
RKP_05000_00100_1_07.txt|2845.0|0.5123731000000014|[1, 4, 11, 30, 32, 54, 55, 79, 90, 97, 118, 124, 180, 188, 204, 219, 244, 451, 453, 582, 876, 880, 931, 991, 1149, 1222, 1401, 1437, 1674, 1758, 1762, 2037, 2591, 2883, 3419, 3473]
RKP_05000_00100_1_08.txt|2530.0|0.5765722999999987|[1, 6, 48, 52, 82, 148, 154, 179, 186, 264, 266, 275, 276, 288, 300, 441, 502, 687, 739, 816, 820, 865, 906, 985, 1267, 1318, 1717, 2054, 2248, 2845, 3226, 3259, 3876, 4344, 4811]
RKP_05000_00100_1_09.txt|2256.0|0.5186217000000006|[2, 3, 6, 10, 30, 70, 74, 121, 178, 270, 325, 423, 463, 786, 816, 853, 1184, 1363, 1441, 1856, 2596, 2965, 3051, 3572, 3697, 3759, 4135, 4341, 4424]
RKP_05000_00100_1_10.txt|2642.0|0.526879000000001|[2, 8, 25, 43, 48, 83, 111, 143, 176, 189, 230, 321, 352, 429, 437, 482, 564, 780, 952, 1091, 1342, 1350, 1395, 1422, 1804, 2061, 2616, 2958, 3065, 3086, 3176, 3373, 4369, 4572]
RKP_05000_00100_2_01.txt|242.0|0.5212073000000004|[44, 68, 77, 110, 144, 148, 220, 540, 551, 648, 736, 868, 1057, 1078, 1292, 1647, 1741, 2000, 2019, 2210, 2218, 2729, 2735, 3020, 3518]
RKP_05000_00100_2_02.txt|287.0|0.5015560000000008|[3, 4, 10, 14, 29, 35, 73, 152, 275, 298, 407, 455, 532, 578, 656, 677, 763, 778, 871, 1014, 1178, 1493, 1570, 1770, 1793, 2707, 3178, 3238, 3654, 4063, 4347, 4978]
RKP_05000_00100_2_03.txt|266.0|0.5126515999999981|[4, 5, 17, 39, 242, 388, 442, 710, 769, 826, 840, 842, 895, 1122, 1234, 1463, 1867, 1925, 2550, 2606, 2844, 3332, 3625, 3969, 4547, 4655, 4806, 4989]
RKP_05000_00100_2_04.txt|248.0|0.4775078000000015|[1, 5, 12, 35, 45, 99, 168, 283, 355, 387, 483, 491, 506, 531, 674, 687, 752, 917, 950, 1415, 1551, 1565, 1633, 1864, 2126, 3153, 4139]
RKP_05000_00100_2_05.txt|273.0|0.48134310000000013|[5, 22, 52, 274, 355, 366, 452, 522, 752, 879, 942, 991, 1029, 1076, 1224, 1654, 1741, 2083, 2332, 2365, 2545, 2703, 2785, 3226, 3238, 3383, 3406, 3555, 3758]
RKP_05000_00100_2_06.txt|263.0|0.5429971000000009|[6, 23, 62, 129, 135, 136, 324, 326, 356, 369, 437, 466, 758, 816, 1109, 1208, 1288, 1581, 2040, 2044, 2118, 2148, 2322, 2408, 2453, 3081, 3347, 3682, 4405]
RKP_05000_00100_2_07.txt|260.0|0.48971389999999815|[1, 2, 3, 7, 15, 43, 58, 71, 79, 105, 141, 180, 235, 260, 261, 333, 373, 396, 516, 595, 938, 1389, 1949, 2246, 2323, 2419, 2528, 2641, 2751]
RKP_05000_00100_2_08.txt|248.0|0.5045810999999993|[2, 11, 14, 23, 24, 25, 41, 48, 98, 99, 152, 199, 342, 524, 636, 792, 953, 1204, 1387, 1617, 1638, 1700, 2068, 2149, 2584, 2915, 3421, 4332]
RKP_05000_00100_2_09.txt|290.0|0.5079494000000011|[5, 6, 18, 86, 88, 110, 112, 142, 151, 293, 294, 355, 392, 433, 846, 1149, 1331, 1338, 1873, 2179, 2196, 2318, 2352, 2365, 2520, 2692, 2953, 3113, 4070, 4778]
RKP_05000_00100_2_10.txt|247.0|0.5254677000000001|[19, 74, 113, 120, 136, 163, 250, 275, 326, 477, 502, 918, 1547, 1773, 1932, 2133, 2283, 2318, 2345, 2435, 2755, 2768, 2802, 3300, 3321, 4994]
RKP_05000_00100_3_01.txt|440.0|0.44221119999999914|[1, 3, 8, 10, 11, 26, 48, 83, 97, 135, 145, 224, 231, 279, 288, 312, 334, 349, 361, 465, 471, 588, 610, 661, 692, 900, 1006, 1096, 1192, 1272, 1725, 1751, 1768, 2039, 2321, 3252, 3272, 3292, 3674, 4195]
RKP_05000_00100_3_02.txt|440.0|0.5005680999999989|[1, 9, 22, 36, 55, 93, 132, 135, 148, 167, 203, 219, 272, 351, 373, 392, 434, 512, 542, 776, 856, 989, 1119, 1136, 1267, 1271, 1335, 1664, 1834, 1876, 2362, 2409, 2689, 2762, 2848, 3318, 3344, 3615, 4055, 4494]
RKP_05000_00100_3_03.txt|440.0|0.44895950000000084|[1, 5, 6, 15, 18, 20, 21, 27, 52, 96, 140, 156, 159, 283, 341, 387, 403, 520, 820, 894, 945, 977, 1058, 1226, 1256, 1304, 1305, 1409, 1558, 1571, 1712, 1847, 1941, 2962, 3115, 4440, 4520, 4528, 4563, 4874]
RKP_05000_00100_3_04.txt|440.0|0.4503661000000001|[1, 5, 9, 11, 48, 59, 100, 298, 318, 320, 335, 365, 375, 446, 578, 688, 708, 759, 769, 770, 808, 898, 984, 1182, 1193, 1264, 1283, 1433, 1570, 1739, 1757, 1788, 1905, 2156, 2274, 2386, 2433, 3384, 3639, 4996]
RKP_05000_00100_3_05.txt|400.0|0.4882300999999991|[7, 32, 52, 60, 79, 122, 238, 292, 295, 362, 480, 485, 513, 563, 573, 638, 669, 905, 909, 936, 950, 973, 1668, 2040, 2337, 2456, 2596, 2671, 2714, 2928, 3114, 3135, 3492, 4073, 4398, 4423]
RKP_05000_00100_3_06.txt|440.0|0.4514138999999986|[1, 15, 26, 27, 32, 35, 58, 103, 113, 119, 179, 248, 270, 352, 452, 551, 564, 683, 796, 838, 1046, 1130, 1376, 1451, 1477, 1698, 1735, 1860, 2159, 2205, 2457, 2528, 2710, 2738, 2878, 2889, 2978, 3082, 3112, 4282]
RKP_05000_00100_3_07.txt|440.0|0.47967929999999726|[1, 2, 10, 20, 30, 77, 89, 93, 99, 114, 119, 169, 206, 213, 222, 281, 356, 362, 372, 416, 500, 550, 699, 729, 750, 876, 883, 890, 980, 1030, 1577, 1833, 1892, 2113, 2632, 2701, 2869, 3232, 3653, 4835]
RKP_05000_00100_3_08.txt|440.0|0.46011829999999776|[1, 47, 100, 101, 129, 161, 215, 227, 238, 343, 346, 382, 428, 491, 557, 563, 572, 925, 1076, 1238, 1240, 1502, 1517, 1589, 1802, 1973, 2091, 2154, 2430, 2572, 2702, 3001, 3330, 3716, 3821, 4178, 4225, 4353, 4604, 4735]
RKP_05000_00100_3_09.txt|440.0|0.44634650000000065|[1, 2, 24, 40, 55, 94, 137, 205, 217, 262, 355, 409, 466, 585, 600, 636, 789, 827, 986, 1067, 1161, 1532, 1558, 1913, 2033, 2048, 2227, 2453, 2595, 2846, 2862, 2897, 3500, 3562, 3727, 3987, 4348, 4681, 4813, 4948]
RKP_05000_00100_3_10.txt|440.0|0.47478909999999885|[8, 19, 21, 22, 27, 30, 52, 63, 119, 173, 216, 236, 283, 383, 438, 627, 659, 775, 860, 881, 1046, 1075, 1166, 1419, 1426, 1463, 1938, 1946, 2107, 2181, 2195, 2235, 2477, 2567, 2929, 2990, 3997, 4448, 4628, 4783]
RKP_05000_00100_4_01.txt|30.0|0.4505847000000003|[4174]
RKP_05000_00100_4_02.txt|30.0|0.4586939000000001|[1524]
RKP_05000_00100_4_03.txt|30.0|0.4923832000000026|[3912]
RKP_05000_00100_4_04.txt|30.0|0.4494253999999991|[370]
RKP_05000_00100_4_05.txt|30.0|0.46515529999999927|[408]
RKP_05000_00100_4_06.txt|30.0|0.48716449999999867|[3968]
RKP_05000_00100_4_07.txt|30.0|0.46519630000000234|[2336]
RKP_05000_00100_4_08.txt|30.0|0.47880809999999485|[407]
RKP_05000_00100_4_09.txt|30.0|0.4392256999999944|[381]
RKP_05000_00100_4_10.txt|30.0|0.4506040999999996|[1508]
RKP_05000_00100_5_01.txt|40.0|0.47662890000000147|[1081, 3080]
RKP_05000_00100_5_02.txt|40.0|0.4522250999999997|[1093, 1203, 2547]
RKP_05000_00100_5_03.txt|40.0|0.446942700000001|[430, 1084]
RKP_05000_00100_5_04.txt|40.0|0.4809924000000052|[1089, 3123, 4552]
RKP_05000_00100_5_05.txt|40.0|0.4451012000000034|[1083, 1903]
RKP_05000_00100_5_06.txt|40.0|0.44498919999999487|[303, 1037]
RKP_05000_00100_5_07.txt|40.0|0.4695711999999972|[1000]
RKP_05000_00100_5_08.txt|40.0|0.4476316999999952|[1046, 3164]
RKP_05000_00100_5_09.txt|40.0|0.5084415999999976|[1098, 3049]
RKP_05000_00100_5_10.txt|40.0|0.45411330000000305|[30, 35, 50, 100, 259]
RKP_05000_01000_1_01.txt|37125.0|0.5774815999999987|[1, 2, 8, 10, 13, 15, 16, 17, 18, 23, 53, 78, 86, 96, 151, 164, 226, 328, 334, 368, 379, 399, 424, 491, 661, 700, 732, 751, 778, 866, 1034, 1214, 1232, 1431, 1591, 1724, 1742, 1756, 1841, 1858, 1919, 1979, 2077, 2254, 2266, 2481, 2629, 2777, 3187, 3256, 3485, 3534, 3791, 3799, 4223, 4479, 4971]
RKP_05000_01000_1_02.txt|39081.0|0.5981277000000063|[3, 7, 10, 17, 22, 36, 39, 41, 78, 89, 109, 155, 222, 235, 282, 304, 337, 406, 425, 506, 539, 588, 622, 675, 728, 772, 837, 918, 988, 1055, 1205, 1261, 1329, 1337, 1414, 1455, 1590, 1677, 1999, 2011, 2379, 2594, 2745, 2769, 2800, 2825, 2832, 3349, 3565, 3875, 4489, 4961]
RKP_05000_01000_1_03.txt|34957.0|0.6195999999999984|[1, 22, 24, 60, 67, 72, 76, 135, 165, 174, 176, 248, 272, 339, 344, 479, 533, 649, 852, 882, 933, 940, 1027, 1039, 1150, 1339, 1364, 1415, 1475, 1478, 1483, 1534, 1605, 1614, 1822, 1854, 2016, 2125, 2201, 2471, 2688, 2848, 3194, 3232, 3276, 3392, 3682, 3835, 3920, 4104]
RKP_05000_01000_1_04.txt|37019.0|0.579151600000003|[1, 5, 9, 10, 16, 25, 33, 35, 49, 50, 52, 61, 64, 114, 135, 181, 191, 223, 238, 318, 351, 413, 465, 482, 498, 533, 546, 594, 687, 716, 724, 794, 952, 1107, 1142, 1174, 1218, 1275, 1450, 1546, 1916, 2023, 2060, 2320, 2470, 2999, 3023, 3051, 3055, 3926, 4232, 4277, 4397, 4624, 4775]
RKP_05000_01000_1_05.txt|35986.0|0.6157004999999955|[2, 4, 8, 9, 14, 46, 65, 91, 93, 94, 97, 119, 132, 157, 168, 254, 259, 267, 279, 339, 352, 385, 430, 467, 580, 651, 667, 711, 816, 985, 1023, 1049, 1093, 1142, 1155, 1162, 1227, 1316, 1320, 1411, 1418, 1474, 1588, 1606, 1607, 1649, 1883, 2069, 2271, 2547, 2834, 3067, 3468, 4053, 4118, 4385]
RKP_05000_01000_1_06.txt|33972.0|0.561555300000002|[1, 2, 3, 6, 8, 9, 10, 48, 51, 52, 80, 90, 107, 150, 159, 188, 217, 269, 288, 297, 336, 343, 399, 498, 503, 616, 691, 697, 736, 894, 943, 998, 1097, 1242, 1368, 1511, 1530, 1689, 1879, 1910, 1916, 2050, 2195, 2517, 2857, 2865, 2925, 2967, 3076, 3109, 3846, 4603]
RKP_05000_01000_1_07.txt|32261.0|0.5640315999999999|[1, 2, 8, 15, 21, 23, 44, 46, 65, 77, 84, 91, 130, 161, 188, 198, 204, 213, 226, 386, 522, 523, 568, 569, 577, 616, 628, 651, 753, 795, 957, 1175, 1359, 1449, 1697, 1741, 1764, 1865, 1904, 2087, 2245, 2593, 2669, 3455, 4009, 4242]
RKP_05000_01000_1_08.txt|32245.999999999993|0.6782285999999971|[3, 7, 10, 15, 20, 24, 26, 79, 81, 89, 109, 115, 140, 151, 190, 235, 257, 279, 427, 430, 488, 527, 575, 651, 670, 738, 785, 849, 952, 1088, 1138, 1275, 1391, 1487, 1574, 2110, 2356, 2382, 2528, 2585, 2723, 2841, 3318, 3925, 4497, 4666]
RKP_05000_01000_1_09.txt|35922.0|0.564748299999998|[1, 2, 3, 4, 6, 17, 18, 29, 39, 47, 51, 104, 128, 157, 163, 190, 191, 302, 364, 390, 427, 499, 562, 563, 684, 714, 883, 996, 998, 1242, 1362, 1366, 1434, 1481, 1579, 1679, 1714, 1761, 1788, 1854, 2121, 2328, 2364, 2381, 2845, 3179, 3245, 3744, 3964, 4115]
RKP_05000_01000_1_10.txt|39293.0|0.6093395999999984|[1, 2, 9, 11, 33, 38, 43, 47, 49, 100, 103, 104, 129, 180, 212, 245, 261, 286, 359, 384, 461, 486, 500, 528, 740, 785, 807, 839, 844, 888, 1044, 1076, 1095, 1253, 1284, 1313, 1361, 1430, 1479, 1554, 1640, 1680, 1686, 1914, 2153, 2184, 2216, 2309, 2544, 2671, 2698, 2753, 2867, 3137, 3309, 3836, 4815]
RKP_05000_01000_2_01.txt|2551.0|0.6250990999999999|[2, 28, 32, 88, 103, 176, 265, 309, 339, 413, 483, 541, 604, 761, 947, 951, 1046, 1100, 1173, 1473, 1487, 1641, 1730, 1844, 1898, 2000, 2057, 2281, 2351, 2400, 2671, 3060, 3764, 3919, 4166]
RKP_05000_01000_2_02.txt|2771.0|0.5677365999999964|[1, 2, 3, 44, 62, 76, 78, 88, 121, 126, 279, 311, 317, 365, 462, 471, 491, 545, 653, 667, 862, 964, 1045, 1068, 1189, 1294, 1577, 1693, 1739, 1812, 1856, 2308, 2581, 2682, 2983, 3024, 4977]
RKP_05000_01000_2_03.txt|2939.0|0.6453710999999984|[6, 51, 69, 86, 104, 118, 131, 217, 235, 286, 305, 308, 465, 507, 518, 655, 726, 862, 942, 1002, 1354, 1958, 2182, 2340, 2601, 2930, 3087, 3180, 3343, 3351, 3416, 3540, 3938, 4457, 4964]
RKP_05000_01000_2_04.txt|3124.0|0.6400215999999972|[1, 3, 7, 17, 22, 42, 54, 63, 82, 153, 183, 302, 348, 371, 400, 509, 527, 545, 567, 585, 758, 768, 1086, 1136, 1398, 1672, 1740, 1906, 1989, 2237, 2245, 2249, 2408, 2518, 2928, 2989, 3498, 3530, 3872, 4236, 4424, 4454]
RKP_05000_01000_2_05.txt|2772.0|0.6354438999999985|[3, 4, 5, 8, 12, 16, 33, 34, 70, 187, 201, 204, 260, 273, 344, 360, 420, 427, 526, 734, 876, 1064, 1132, 1158, 1256, 1269, 1680, 1762, 1925, 2008, 2513, 2548, 2943, 3321, 4215, 4485]
RKP_05000_01000_2_06.txt|2869.0|0.6794267000000005|[1, 2, 27, 30, 36, 59, 61, 105, 138, 152, 154, 242, 282, 344, 386, 403, 464, 473, 672, 683, 707, 739, 793, 900, 925, 1134, 1477, 1569, 1619, 1898, 1933, 1948, 1991, 2282, 2287, 2446, 2476, 2638, 4951]
RKP_05000_01000_2_07.txt|3130.0|0.6308177000000015|[1, 5, 11, 12, 157, 199, 207, 212, 238, 294, 368, 516, 751, 759, 771, 772, 909, 1123, 1265, 1437, 1552, 1593, 1625, 1643, 1811, 1902, 1935, 2206, 2233, 2282, 2446, 2461, 2608, 2843, 3129, 3147, 3275, 3882, 4279, 4453, 4495]
RKP_05000_01000_2_08.txt|3009.0|0.6567059999999998|[4, 6, 17, 30, 44, 59, 78, 108, 213, 236, 242, 264, 298, 312, 371, 385, 580, 634, 658, 660, 677, 747, 846, 972, 1067, 1114, 1184, 1314, 1499, 1783, 2399, 2941, 3148, 3191, 3385]
RKP_05000_01000_2_09.txt|2854.0|0.6675615999999991|[3, 4, 10, 13, 15, 22, 25, 63, 118, 128, 175, 270, 379, 408, 419, 536, 677, 821, 897, 997, 1132, 1226, 1259, 1556, 1583, 1786, 1967, 1992, 2140, 2317, 2637, 2789, 2887, 3297, 3478]
RKP_05000_01000_2_10.txt|2766.0|0.6170508000000012|[9, 18, 19, 36, 99, 137, 149, 191, 227, 294, 420, 555, 749, 922, 1011, 1049, 1303, 1491, 1494, 1502, 1619, 1686, 1926, 2034, 2318, 2559, 2998, 3674, 3712, 4015, 4050, 4084, 4267]
RKP_05000_01000_3_01.txt|6100.0|0.5049631999999988|[1, 9, 21, 34, 40, 46, 47, 60, 72, 77, 87, 97, 108, 112, 114, 119, 150, 176, 207, 237, 276, 284, 372, 384, 398, 455, 550, 562, 688, 728, 749, 757, 917, 996, 1081, 1087, 1198, 1382, 1600, 1615, 1698, 1779, 1894, 1958, 2056, 2178, 2241, 2250, 2416, 2461, 2748, 2783, 2851, 2874, 3246, 3421, 3683]
RKP_05000_01000_3_02.txt|6700.0|0.5177511999999993|[1, 2, 13, 25, 28, 33, 39, 40, 41, 66, 90, 107, 129, 140, 169, 209, 214, 230, 305, 379, 425, 436, 445, 446, 448, 542, 562, 609, 730, 801, 849, 878, 883, 892, 1020, 1041, 1046, 1087, 1117, 1161, 1174, 1436, 1486, 1499, 1885, 1908, 2067, 2113, 2136, 2215, 2330, 2425, 2667, 2704, 2772, 2853, 2978, 3041, 3308, 3546, 3750, 4134, 4507]
RKP_05000_01000_3_03.txt|6900.0|0.49107010000000173|[1, 2, 3, 4, 5, 11, 22, 26, 36, 38, 115, 129, 156, 158, 163, 199, 215, 221, 239, 246, 286, 330, 339, 360, 399, 439, 465, 568, 609, 621, 652, 709, 710, 763, 794, 856, 881, 896, 952, 975, 989, 1022, 1041, 1164, 1498, 1523, 1559, 1597, 1663, 2202, 2319, 2386, 2439, 2957, 3166, 3273, 3545, 3910, 3928, 4041, 4215, 4338, 4529, 4695, 4813]
RKP_05000_01000_3_04.txt|7000.0|0.5310952999999969|[1, 4, 5, 6, 7, 9, 15, 18, 27, 29, 45, 58, 63, 70, 94, 111, 132, 142, 175, 198, 206, 225, 261, 277, 306, 321, 337, 360, 448, 495, 548, 574, 610, 619, 657, 680, 709, 747, 769, 864, 962, 989, 1049, 1064, 1080, 1226, 1276, 1322, 1396, 1786, 1872, 1907, 2150, 2372, 2516, 2541, 2568, 2747, 2868, 3197, 3330, 3448, 3523, 4042, 4440, 4880]
RKP_05000_01000_3_05.txt|6200.0|0.492933800000003|[1, 7, 11, 16, 19, 26, 29, 32, 34, 37, 48, 49, 56, 70, 143, 162, 184, 219, 285, 344, 501, 513, 555, 620, 638, 708, 748, 768, 912, 985, 998, 1060, 1069, 1263, 1305, 1500, 1516, 1552, 1588, 1619, 1759, 1859, 1909, 2123, 2460, 2634, 2744, 2920, 2970, 3055, 3106, 3439, 3440, 3469, 3558, 3584, 3635, 4338]
RKP_05000_01000_3_06.txt|6700.0|0.49804890000000057|[1, 3, 4, 6, 7, 12, 41, 45, 46, 55, 76, 85, 86, 94, 106, 124, 184, 206, 213, 227, 276, 286, 287, 288, 368, 418, 469, 488, 573, 603, 623, 665, 734, 760, 801, 813, 889, 931, 946, 1030, 1119, 1296, 1359, 1466, 1522, 1551, 1610, 1640, 1917, 1978, 2026, 2251, 2741, 2799, 3214, 3324, 3433, 3533, 4258, 4315, 4322, 4808, 4911]
RKP_05000_01000_3_07.txt|6500.0|0.5561505000000011|[2, 3, 11, 13, 36, 60, 73, 75, 76, 79, 84, 94, 100, 125, 214, 216, 218, 291, 293, 295, 360, 370, 398, 413, 417, 427, 477, 487, 527, 593, 714, 762, 827, 849, 883, 884, 891, 896, 1003, 1055, 1066, 1123, 1470, 1783, 1789, 1792, 1998, 2104, 2357, 2448, 2587, 2716, 2900, 3085, 3146, 3438, 3628, 3731, 3854, 4131, 4233]
RKP_05000_01000_3_08.txt|6500.0|0.48770350000000207|[4, 6, 14, 28, 30, 36, 77, 80, 134, 152, 154, 217, 250, 260, 270, 279, 301, 331, 394, 474, 489, 525, 556, 654, 686, 883, 901, 944, 953, 1009, 1036, 1077, 1135, 1159, 1273, 1395, 1513, 1588, 1636, 1733, 1967, 1970, 1976, 2019, 2088, 2236, 2364, 2402, 2484, 2858, 2977, 3087, 3214, 3237, 3396, 3571, 3808, 4022, 4192, 4463, 4779]
RKP_05000_01000_3_09.txt|6100.0|0.5144637000000003|[1, 7, 9, 14, 26, 40, 51, 73, 77, 87, 106, 136, 152, 237, 242, 281, 310, 376, 384, 453, 462, 492, 556, 655, 661, 664, 671, 751, 760, 797, 852, 995, 1148, 1189, 1313, 1322, 1471, 1684, 1978, 2024, 2051, 2055, 2401, 2486, 2497, 2511, 2577, 2621, 2941, 3256, 3392, 3443, 3538, 3572, 3868, 4136, 4292]
RKP_05000_01000_3_10.txt|6700.0|0.5397316000000032|[1, 2, 3, 6, 10, 14, 16, 25, 33, 50, 52, 69, 119, 145, 196, 219, 223, 235, 270, 287, 369, 393, 413, 434, 692, 789, 808, 811, 876, 907, 1019, 1093, 1125, 1184, 1329, 1498, 1530, 1621, 1635, 1785, 1854, 2189, 2224, 2322, 2749, 2764, 2813, 2894, 2915, 2940, 3119, 3127, 3150, 3234, 3240, 3251, 3435, 3589, 4052, 4227, 4466, 4747, 4788]
RKP_05000_01000_4_01.txt|300.0|0.468088299999998|[1504]
RKP_05000_01000_4_02.txt|300.0|0.46500890000000084|[641]
RKP_05000_01000_4_03.txt|300.0|0.5396993000000023|[769]
RKP_05000_01000_4_04.txt|300.0|0.4672823000000008|[2195]
RKP_05000_01000_4_05.txt|300.0|0.46322250000000054|[4131]
RKP_05000_01000_4_06.txt|300.0|0.49232709999999713|[3769]
RKP_05000_01000_4_07.txt|300.0|0.45209579999999505|[543]
RKP_05000_01000_4_08.txt|300.0|0.5076695000000058|[730]
RKP_05000_01000_4_09.txt|300.0|0.45262089999999944|[637]
RKP_05000_01000_4_10.txt|300.0|0.4583367000000038|[2193]
RKP_05000_01000_5_01.txt|400.0|0.5092013000000009|[95, 100, 127, 141, 496]
RKP_05000_01000_5_02.txt|400.0|0.4639635999999996|[2, 10, 80, 287, 430, 835, 1930, 3537, 4361]
RKP_05000_01000_5_03.txt|400.0|0.465950399999997|[102, 104, 118, 406, 867, 1425]
RKP_05000_01000_5_04.txt|400.0|0.4988225999999969|[1001, 3240]
RKP_05000_01000_5_05.txt|400.0|0.4578528999999989|[10, 97, 198, 758, 1274]
RKP_05000_01000_5_06.txt|400.0|0.4660398999999984|[66, 100, 266, 524, 935]
RKP_05000_01000_5_07.txt|400.0|0.5277876999999975|[1, 58, 101, 135, 345, 920, 1235, 1445, 2313]
RKP_05000_01000_5_08.txt|400.0|0.45726420000001156|[417, 916, 1003, 1578, 2368, 2506]
RKP_05000_01000_5_09.txt|400.0|0.4868670999999978|[14, 91, 964, 1011, 1231, 3322]
RKP_05000_01000_5_10.txt|400.0|0.4726514999999978|[1, 97, 433, 1274, 1293, 2645, 3535]
RKP_05000_05000_1_01.txt|173950.0|0.573800200000008|[2, 3, 8, 21, 36, 74, 75, 78, 100, 127, 134, 149, 168, 174, 226, 239, 254, 255, 263, 279, 290, 358, 477, 496, 498, 688, 747, 826, 940, 1083, 1200, 1201, 1231, 1247, 1260, 1305, 1416, 1437, 1543, 1595, 1674, 1939, 2195, 2321, 2685, 2687, 2945, 2997, 3721, 4810]
RKP_05000_05000_1_02.txt|213206.0|0.6639940000000024|[1, 2, 4, 8, 10, 20, 21, 24, 45, 55, 104, 113, 117, 238, 240, 269, 297, 310, 334, 361, 378, 396, 444, 470, 474, 537, 712, 785, 787, 805, 903, 1005, 1041, 1044, 1069, 1107, 1115, 1152, 1374, 1459, 1855, 1870, 2174, 2177, 2322, 2501, 2667, 2706, 3059, 3754, 3842, 3921, 3940, 4197, 4382, 4402, 4712, 4832]
RKP_05000_05000_1_03.txt|191500.0|0.5555165000000102|[1, 7, 8, 18, 25, 39, 46, 62, 78, 80, 86, 110, 115, 206, 231, 233, 249, 318, 393, 426, 435, 451, 482, 557, 582, 586, 811, 1098, 1099, 1115, 1235, 1261, 1265, 1309, 1414, 1441, 1477, 1594, 1775, 2264, 2438, 2630, 2760, 2859, 3247, 3414, 3443, 3490, 3493, 3512, 4284, 4414]
RKP_05000_05000_1_04.txt|211031.0|0.5845731000000001|[1, 3, 5, 9, 25, 34, 38, 48, 75, 76, 81, 85, 90, 135, 145, 148, 189, 222, 240, 291, 332, 368, 376, 390, 408, 422, 484, 557, 559, 675, 787, 814, 831, 1072, 1389, 1417, 1418, 1677, 1753, 1758, 1859, 1938, 2003, 2051, 2061, 2328, 2372, 2581, 2584, 2813, 2991, 3260, 3305, 3547, 3651, 3802, 3813, 3850, 4172, 4260, 4668]
RKP_05000_05000_1_05.txt|198683.0|0.6494680999999929|[1, 2, 3, 12, 22, 33, 38, 46, 55, 62, 127, 130, 143, 153, 210, 214, 227, 301, 348, 378, 403, 459, 463, 559, 582, 694, 923, 950, 992, 1088, 1098, 1281, 1432, 1460, 1483, 1662, 1668, 1929, 1993, 2025, 2045, 2118, 2138, 2309, 2352, 2411, 2467, 2579, 2657, 2804, 3024, 3175, 3186, 3722, 4208, 4354, 4846]
RKP_05000_05000_1_06.txt|185358.0|0.5349292000000077|[2, 18, 23, 40, 43, 66, 71, 82, 87, 113, 120, 243, 338, 363, 378, 407, 514, 581, 608, 613, 621, 649, 651, 693, 707, 715, 813, 825, 850, 925, 956, 1065, 1154, 1227, 1280, 1730, 1927, 1981, 2048, 2132, 2204, 2210, 2240, 2309, 2386, 2509, 2701, 2729, 3361, 3978, 4076, 4540, 4561, 4692]
RKP_05000_05000_1_07.txt|179348.0|0.8041386999999958|[1, 2, 3, 4, 7, 8, 15, 29, 30, 31, 44, 83, 153, 175, 182, 187, 190, 215, 248, 249, 287, 294, 303, 380, 381, 457, 478, 529, 536, 575, 730, 739, 785, 829, 864, 1228, 1263, 1267, 1315, 1406, 1520, 1616, 1820, 1849, 1894, 2529, 2688, 2725, 2854, 3045, 3888, 4149, 4225, 4260, 4664, 4751]
RKP_05000_05000_1_08.txt|171270.0|0.5908775999999989|[2, 3, 16, 30, 38, 91, 95, 97, 122, 124, 138, 156, 171, 232, 253, 275, 280, 342, 371, 402, 451, 471, 523, 560, 596, 674, 764, 836, 984, 1167, 1179, 1247, 1421, 1439, 1546, 1549, 1562, 1737, 1941, 2047, 2312, 2428, 2525, 2536, 2600, 3599, 3666, 3744, 3833, 3998, 4080, 4195]
RKP_05000_05000_1_09.txt|187937.0|0.6680175999999989|[1, 3, 5, 6, 42, 55, 66, 77, 113, 114, 126, 139, 160, 170, 196, 221, 234, 299, 325, 339, 382, 438, 448, 460, 492, 537, 542, 565, 632, 682, 701, 820, 871, 921, 1006, 1227, 1245, 1254, 1314, 1350, 1416, 1458, 1592, 1635, 1808, 1917, 1979, 2016, 2143, 2450, 2593, 2636, 2834, 3197, 4248, 4486, 4489, 4615]
RKP_05000_05000_1_10.txt|154890.0|0.6056813999999946|[2, 7, 38, 60, 89, 92, 144, 153, 185, 278, 286, 380, 414, 428, 467, 472, 659, 746, 756, 803, 813, 909, 959, 981, 1402, 1504, 1609, 1652, 1766, 2050, 2151, 2281, 2306, 2580, 2607, 2608, 2629, 2641, 2870, 3067, 3078, 3101, 3261, 4380]
RKP_05000_05000_2_01.txt|13438.0|0.7024962999999929|[18, 20, 93, 235, 250, 279, 293, 411, 475, 515, 748, 866, 953, 986, 1045, 1059, 1308, 1367, 1505, 1665, 1885, 2236, 2251, 2687, 2937, 3403, 3883, 4544, 4844]
RKP_05000_05000_2_02.txt|12614.9999999978|0.7090024999999969|[5, 14, 15, 56, 79, 91, 161, 208, 220, 294, 530, 563, 582, 707, 710, 1058, 1069, 1172, 1287, 1649, 2060, 2162, 2244, 2429, 3100, 3641, 3796, 4007, 4564]
RKP_05000_05000_2_03.txt|12436.0|0.6484399999999937|[1, 3, 4, 38, 44, 50, 94, 177, 306, 375, 394, 441, 477, 502, 583, 783, 983, 1207, 1269, 1289, 1307, 1422, 1429, 1432, 1481, 2224, 2272, 3090, 3368, 3428, 3630, 3839, 3860, 3957, 4235, 4565]
RKP_05000_05000_2_04.txt|17483.0|0.6664528000000018|[1, 2, 3, 4, 21, 23, 37, 47, 71, 78, 82, 115, 122, 126, 131, 147, 165, 187, 238, 307, 322, 346, 372, 455, 554, 583, 625, 637, 655, 832, 893, 1124, 1223, 1329, 1335, 1412, 1478, 1508, 1586, 1606, 2308, 2318, 2382, 2632, 2705, 2773, 3257, 3288]
RKP_05000_05000_2_05.txt|13562.0|0.6415777999999932|[4, 5, 34, 70, 103, 113, 128, 163, 220, 317, 481, 501, 513, 595, 606, 858, 874, 932, 1011, 1022, 1103, 1153, 1175, 1232, 1242, 1260, 1588, 1768, 1813, 2678, 3623, 4182, 4330, 4410]
RKP_05000_05000_2_06.txt|11654.0|0.6979145999999901|[30, 43, 74, 136, 303, 370, 373, 411, 437, 449, 574, 629, 637, 726, 731, 832, 866, 872, 912, 985, 1070, 1073, 1756, 1805, 2245, 2357, 3064, 3105, 3580, 3764]
RKP_05000_05000_2_07.txt|14142.0|0.6758026999999913|[7, 26, 30, 36, 129, 152, 199, 273, 411, 421, 428, 452, 624, 631, 725, 903, 926, 932, 989, 1115, 1137, 1326, 1438, 1460, 1581, 1614, 1730, 1734, 1819, 2045, 2118, 2838, 3005, 3180, 3396, 3704, 3935, 3995, 4066, 4239]
RKP_05000_05000_2_08.txt|15112.0|0.6667601999999988|[2, 17, 116, 155, 179, 192, 274, 286, 332, 449, 551, 603, 659, 724, 746, 760, 782, 811, 899, 919, 953, 1064, 1239, 1262, 1520, 1597, 1692, 1834, 1835, 2024, 2598, 2856, 2907, 3039, 3119, 3335, 3356, 3617]
RKP_05000_05000_2_09.txt|16407.0|0.677675899999997|[1, 2, 3, 7, 10, 36, 60, 61, 82, 83, 105, 128, 129, 137, 157, 164, 180, 327, 385, 394, 413, 423, 519, 634, 893, 899, 920, 973, 1179, 1213, 1231, 1308, 1378, 1462, 1478, 1482, 1771, 1802, 2129, 2555, 2889, 3741, 4959]
RKP_05000_05000_2_10.txt|14061.0|0.6203265000000044|[1, 2, 14, 23, 42, 70, 82, 97, 185, 205, 261, 311, 330, 351, 481, 666, 723, 725, 856, 899, 1060, 1078, 1136, 1230, 1530, 1620, 1908, 2264, 2524, 2605, 2732, 2854, 2884, 3467, 3568, 3618]
RKP_05000_05000_3_01.txt|33500.0|0.5037821999999892|[4, 6, 13, 16, 17, 21, 39, 45, 54, 55, 58, 79, 83, 88, 94, 106, 132, 164, 171, 198, 336, 449, 452, 480, 521, 528, 530, 563, 625, 628, 638, 646, 736, 787, 800, 814, 870, 926, 1004, 1075, 1080, 1132, 1290, 1328, 1409, 1410, 1430, 1664, 1846, 1850, 1887, 2024, 2100, 2266, 2454, 2544, 2738, 2831, 2987, 3210, 3361, 3715, 4143]
RKP_05000_05000_3_02.txt|30500.0|0.5952599999999961|[1, 5, 9, 25, 30, 32, 33, 38, 50, 51, 55, 58, 99, 133, 151, 155, 217, 221, 227, 303, 407, 409, 507, 509, 601, 773, 885, 969, 970, 985, 1093, 1151, 1198, 1220, 1232, 1457, 1509, 1763, 1914, 1970, 2025, 2038, 2259, 2345, 2392, 2529, 2826, 3096, 3230, 3779, 3922, 4134, 4175, 4221, 4488, 4553, 4589]
RKP_05000_05000_3_03.txt|34000.0|0.5257627999999954|[1, 2, 3, 4, 6, 12, 13, 21, 25, 46, 67, 79, 88, 90, 127, 185, 194, 219, 223, 281, 323, 366, 471, 489, 523, 542, 592, 636, 682, 763, 826, 856, 950, 963, 970, 1011, 1029, 1061, 1099, 1129, 1187, 1255, 1278, 1505, 1516, 1677, 1696, 1703, 1715, 1729, 1777, 1911, 1960, 2297, 2430, 2585, 2713, 2750, 3112, 3385, 3389, 3452, 3819, 3909]
RKP_05000_05000_3_04.txt|32500.0|0.5630845999999963|[1, 12, 14, 27, 51, 61, 71, 101, 102, 109, 156, 169, 173, 177, 183, 198, 229, 249, 256, 304, 343, 404, 412, 454, 455, 476, 479, 505, 585, 642, 779, 843, 868, 936, 965, 1033, 1208, 1276, 1564, 1589, 1800, 2428, 2441, 2704, 2727, 2854, 2915, 3065, 3143, 3391, 3454, 3497, 3543, 3625, 3841, 3856, 3870, 3872, 4104, 4170, 4678]
RKP_05000_05000_3_05.txt|31500.0|0.5263901000000004|[2, 5, 12, 13, 15, 17, 20, 24, 34, 44, 50, 70, 72, 75, 81, 97, 115, 139, 141, 150, 202, 207, 259, 331, 368, 372, 406, 537, 555, 617, 628, 945, 958, 969, 984, 1004, 1044, 1506, 1519, 1640, 1664, 1680, 1686, 1771, 1843, 1951, 1960, 1982, 2428, 2606, 2910, 2994, 3138, 3566, 3569, 4138, 4267, 4618, 4707]
RKP_05000_05000_3_06.txt|32000.0|0.5149602000000044|[1, 6, 8, 22, 23, 28, 30, 43, 44, 55, 78, 101, 115, 125, 130, 234, 239, 242, 262, 285, 313, 377, 382, 386, 480, 607, 617, 623, 645, 671, 737, 817, 839, 845, 909, 924, 977, 1005, 1115, 1123, 1191, 1678, 1939, 1989, 2100, 2115, 2300, 2334, 2338, 2537, 2626, 2697, 2724, 2793, 3065, 3251, 3441, 4129, 4180, 4300]
RKP_05000_05000_3_07.txt|31000.0|0.547565899999995|[1, 2, 3, 4, 82, 88, 119, 130, 143, 217, 220, 231, 232, 304, 348, 459, 462, 487, 490, 525, 544, 609, 684, 718, 723, 766, 796, 813, 817, 835, 866, 897, 924, 1005, 1049, 1127, 1213, 1279, 1338, 1403, 1420, 1497, 1664, 1721, 1728, 1818, 2093, 2201, 2287, 2345, 2399, 2511, 2643, 2747, 2824, 3347, 3987, 4656]
RKP_05000_05000_3_08.txt|31000.0|0.5326893000000013|[1, 2, 14, 16, 18, 22, 28, 39, 43, 53, 54, 73, 78, 105, 110, 122, 147, 150, 205, 241, 294, 351, 391, 433, 484, 524, 640, 752, 762, 784, 828, 857, 876, 938, 1042, 1104, 1105, 1145, 1224, 1311, 1371, 1450, 1613, 1833, 1969, 2150, 2221, 2250, 2393, 2413, 2446, 2528, 2636, 2750, 4022, 4469, 4731, 4805]
RKP_05000_05000_3_09.txt|33500.0|0.5135567000000094|[7, 8, 13, 17, 19, 42, 43, 96, 111, 123, 133, 233, 252, 259, 313, 317, 345, 387, 406, 431, 512, 532, 609, 629, 643, 660, 693, 767, 789, 851, 877, 913, 929, 932, 1146, 1282, 1328, 1343, 1549, 1667, 1727, 1813, 1933, 1945, 2166, 2247, 2427, 2435, 2484, 2838, 2885, 2926, 2994, 3338, 3677, 3684, 4052, 4240, 4246, 4313, 4338, 4789, 4825]
RKP_05000_05000_3_10.txt|33500.0|0.5607887000000034|[1, 2, 3, 4, 5, 10, 13, 14, 18, 26, 44, 48, 51, 59, 60, 120, 137, 172, 227, 278, 313, 402, 405, 481, 490, 535, 576, 577, 607, 665, 675, 716, 1062, 1075, 1099, 1135, 1202, 1224, 1258, 1284, 1307, 1358, 1405, 1567, 1639, 1653, 1714, 1786, 2521, 2536, 2573, 2643, 2698, 2748, 2923, 3046, 3222, 3454, 3468, 3531, 3759, 3937, 4808]
RKP_05000_05000_4_01.txt|1500.0|0.4720379000000037|[1622]
RKP_05000_05000_4_02.txt|1498.0000000000002|0.4726380999999975|[2122]
RKP_05000_05000_4_03.txt|1500.0|0.5079755999999946|[528]
RKP_05000_05000_4_04.txt|1499.0000000000002|0.4742565999999897|[3047]
RKP_05000_05000_4_05.txt|1499.0000000000002|0.4980001999999928|[2312]
RKP_05000_05000_4_06.txt|1499.0000000000002|0.4711687000000069|[713]
RKP_05000_05000_4_07.txt|1500.0|0.4677506999999963|[352]
RKP_05000_05000_4_08.txt|1500.0|0.49390280000000075|[775]
RKP_05000_05000_4_09.txt|1500.0|0.4622968000000043|[1143]
RKP_05000_05000_4_10.txt|1497.0000000000002|0.4586055999999985|[1420]
RKP_05000_05000_5_01.txt|2000.0|0.5133856000000065|[111, 987, 1615, 1796, 1931, 3011, 3485]
RKP_05000_05000_5_02.txt|2000.0|0.47136449999999286|[10, 112, 1006, 1038]
RKP_05000_05000_5_03.txt|2000.0|0.49789630000000784|[1, 18, 101, 958, 1955]
RKP_05000_05000_5_04.txt|2000.0|0.5277028000000001|[97, 847, 970, 1274, 1835]
RKP_05000_05000_5_05.txt|2000.0|0.4895725000000084|[98, 390, 859, 995, 1001, 2920]
RKP_05000_05000_5_06.txt|2000.0|0.5054892999999936|[1, 10, 82, 945, 1757]
RKP_05000_05000_5_07.txt|2000.0|0.48003789999999924|[1, 10, 894, 982, 1126]
RKP_05000_05000_5_08.txt|2000.0|0.47868730000000426|[1, 264, 963, 1027]
RKP_05000_05000_5_09.txt|2000.0|0.5555861999999934|[1, 12, 976, 1369]
RKP_05000_05000_5_10.txt|2000.0|0.4764203000000009|[1144]
