RKP_00100_00100_1_01.txt|537.0|0.08933519999999995|[1, 3, 14, 17, 22, 24, 28]
RKP_00100_00100_1_02.txt|729.0|0.06256649999999997|[1, 9, 16, 23, 37, 44, 48, 50, 56, 91]
RKP_00100_00100_1_03.txt|579.0|0.05991460000000004|[1, 2, 4, 10, 14, 16, 34, 67, 70]
RKP_00100_00100_1_04.txt|517.0|0.064724|[4, 7, 9, 10, 15, 43, 74]
RKP_00100_00100_1_05.txt|521.0|0.061720099999999944|[1, 11, 14, 16, 20, 22, 58, 79]
RKP_00100_00100_1_06.txt|778.0|0.0944503000000001|[3, 5, 11, 13, 16, 17, 31, 47, 48, 57, 97]
RKP_00100_00100_1_07.txt|372.0|0.05984329999999982|[9, 13, 39, 46, 51, 60]
RKP_00100_00100_1_08.txt|753.0|0.0709687000000001|[1, 2, 4, 6, 7, 13, 24, 27, 30, 76, 87, 92]
RKP_00100_00100_1_09.txt|477.0|0.05843750000000014|[4, 8, 10, 18, 23, 24, 29]
RKP_00100_00100_1_10.txt|563.0|0.07296119999999995|[1, 2, 4, 11, 13, 24, 27, 31, 33]
RKP_00100_00100_2_01.txt|132.0|0.06968789999999991|[6, 13, 20, 67]
RKP_00100_00100_2_02.txt|135.0|0.07106229999999991|[5, 8, 9, 11, 18, 28, 30, 80]
RKP_00100_00100_2_03.txt|131.0|0.05996310000000005|[5, 16, 26, 48, 59, 64, 75]
RKP_00100_00100_2_04.txt|135.0|0.09068809999999994|[11, 18, 28, 35, 76]
RKP_00100_00100_2_05.txt|128.0|0.07745580000000007|[7, 28, 29, 32, 64]
RKP_00100_00100_2_06.txt|117.0|0.06027530000000003|[22, 53, 67]
RKP_00100_00100_2_07.txt|134.0|0.05855919999999992|[7, 8, 14, 28, 36]
RKP_00100_00100_2_08.txt|122.0|0.07399920000000004|[2, 28, 36, 51]
RKP_00100_00100_2_09.txt|119.0|0.07769230000000005|[2, 20, 42, 53, 75]
RKP_00100_00100_2_10.txt|138.0|0.08119350000000014|[4, 14, 28, 40, 64, 65, 76, 85]
RKP_00100_00100_3_01.txt|162.0|0.05733770000000016|[2, 8, 9, 14, 29, 44, 67]
RKP_00100_00100_3_02.txt|174.0|0.14420309999999992|[1, 2, 17, 21, 24, 25, 52, 59, 87]
RKP_00100_00100_3_03.txt|183.0|0.07761749999999967|[3, 4, 6, 7, 14, 15, 34, 46, 49, 75]
RKP_00100_00100_3_04.txt|181.0|0.05736039999999987|[1, 2, 6, 8, 14, 21, 26, 34, 42, 72]
RKP_00100_00100_3_05.txt|179.0|0.05873499999999998|[1, 4, 12, 22, 52, 59, 62, 86]
RKP_00100_00100_3_06.txt|193.0|0.057486100000000206|[1, 2, 3, 8, 11, 14, 27, 28, 31, 40, 66, 72]
RKP_00100_00100_3_07.txt|171.0|0.07312550000000018|[1, 2, 3, 14, 27, 72, 83, 89, 91]
RKP_00100_00100_3_08.txt|173.0|0.07626419999999978|[1, 11, 12, 18, 20, 58, 67, 70]
RKP_00100_00100_3_09.txt|156.0|0.08945910000000001|[1, 5, 12, 32, 47, 89]
RKP_00100_00100_3_10.txt|195.0|0.05905490000000002|[3, 5, 8, 13, 20, 60, 62, 66, 69, 93]
RKP_00100_00100_4_01.txt|93.0|0.04823440000000012|[99]
RKP_00100_00100_4_02.txt|100.0|0.047353800000000223|[88]
RKP_00100_00100_4_03.txt|99.0|0.046697700000000175|[99]
RKP_00100_00100_4_04.txt|97.0|0.0474587999999998|[92]
RKP_00100_00100_4_05.txt|90.0|0.04878709999999975|[97]
RKP_00100_00100_4_06.txt|98.0|0.047241599999999995|[93]
RKP_00100_00100_4_07.txt|98.0|0.04688470000000011|[98]
RKP_00100_00100_4_08.txt|95.0|0.04569439999999991|[89]
RKP_00100_00100_4_09.txt|93.0|0.0514471000000003|[92]
RKP_00100_00100_4_10.txt|96.0|0.04717120000000019|[94]
RKP_00100_00100_5_01.txt|100.0|0.05791820000000003|[11, 24, 33, 39, 59]
RKP_00100_00100_5_02.txt|100.0|0.051417100000000104|[1, 6, 21, 28, 29, 33, 51]
RKP_00100_00100_5_03.txt|100.0|0.049096599999999935|[3, 24, 25, 85]
RKP_00100_00100_5_04.txt|100.0|0.060281699999999994|[58, 71, 73]
RKP_00100_00100_5_05.txt|100.0|0.048415600000000225|[1, 86]
RKP_00100_00100_5_06.txt|100.0|0.04923560000000027|[35, 38, 50, 71]
RKP_00100_00100_5_07.txt|100.0|0.06366769999999988|[1, 5, 18, 32, 36, 44, 48]
RKP_00100_00100_5_08.txt|100.0|0.047884600000000166|[96]
RKP_00100_00100_5_09.txt|100.0|0.04841779999999973|[96]
RKP_00100_00100_5_10.txt|100.0|0.059916800000000325|[4, 53, 67]
RKP_00500_00100_1_01.txt|1280.0|0.12624199999999997|[2, 3, 18, 25, 27, 40, 75, 89, 120, 140, 148, 211, 213, 222, 284, 304, 423, 500]
RKP_00500_00100_1_02.txt|1124.0|0.11728430000000056|[13, 14, 28, 30, 77, 87, 89, 102, 116, 132, 175, 205, 288, 289, 351, 394]
RKP_00500_00100_1_03.txt|1164.0|0.10460209999999925|[1, 5, 11, 15, 16, 20, 30, 37, 40, 73, 111, 113, 123, 139, 140, 147, 228, 496]
RKP_00500_00100_1_04.txt|1346.0|0.11269620000000025|[11, 41, 43, 48, 59, 64, 65, 93, 94, 151, 156, 197, 245, 258, 268, 315, 359]
RKP_00500_00100_1_05.txt|1373.0|0.11244940000000003|[1, 5, 10, 11, 17, 18, 23, 24, 26, 72, 104, 116, 130, 136, 192, 212, 215, 363, 402]
RKP_00500_00100_1_06.txt|1453.0|0.11180210000000024|[2, 3, 5, 13, 22, 30, 34, 35, 52, 89, 131, 165, 182, 190, 211, 225, 230, 240, 411, 490]
RKP_00500_00100_1_07.txt|1456.0|0.1178991000000007|[2, 5, 21, 22, 24, 31, 40, 47, 80, 97, 126, 147, 183, 192, 206, 257, 322, 410, 461, 469, 492]
RKP_00500_00100_1_08.txt|1373.0|0.11278149999999965|[1, 2, 3, 4, 7, 10, 16, 29, 106, 122, 146, 156, 165, 185, 225, 258, 326, 332, 378, 450]
RKP_00500_00100_1_09.txt|1207.0|0.12118230000000008|[16, 19, 39, 77, 108, 148, 150, 151, 153, 163, 173, 180, 210, 214, 221, 257, 307, 496]
RKP_00500_00100_1_10.txt|1147.0|0.1175676000000001|[1, 3, 4, 5, 6, 8, 14, 30, 31, 49, 62, 75, 76, 162, 214, 234, 277, 413, 456]
RKP_00500_00100_2_01.txt|207.0|0.10748479999999994|[11, 16, 20, 32, 39, 60, 122, 137, 148, 168, 187, 226, 252, 259, 275, 441, 447]
RKP_00500_00100_2_02.txt|212.0|0.08036529999999953|[6, 10, 16, 21, 36, 65, 72, 83, 97, 112, 131, 156, 167, 299, 314, 336, 385]
RKP_00500_00100_2_03.txt|183.0|0.10523059999999962|[2, 3, 10, 11, 60, 71, 84, 100, 107, 135, 154, 155, 164, 166, 314, 436]
RKP_00500_00100_2_04.txt|175.0|0.10293880000000044|[9, 11, 14, 26, 55, 58, 59, 105, 112, 125, 163, 204, 216, 246, 471]
RKP_00500_00100_2_05.txt|178.0|0.10327289999999945|[4, 5, 10, 34, 38, 52, 77, 105, 109, 218, 260, 294, 426]
RKP_00500_00100_2_06.txt|186.0|0.08889319999999934|[1, 6, 9, 10, 18, 50, 53, 70, 150, 155, 358]
RKP_00500_00100_2_07.txt|179.0|0.10331719999999933|[1, 4, 17, 24, 75, 83, 114, 134, 226, 260, 278, 292, 308, 452]
RKP_00500_00100_2_08.txt|170.0|0.10535620000000012|[6, 42, 54, 73, 87, 96, 136, 167, 265, 350, 495]
RKP_00500_00100_2_09.txt|156.0|0.09476149999999972|[2, 25, 38, 72, 74, 108, 142, 309, 335, 382, 426, 431]
RKP_00500_00100_2_10.txt|176.0|0.10605699999999985|[9, 14, 20, 21, 40, 77, 105, 116, 118, 157, 230, 276, 441, 498]
RKP_00500_00100_3_01.txt|271.0|0.09672090000000022|[1, 3, 5, 7, 11, 19, 31, 33, 50, 55, 78, 96, 143, 223, 225, 260, 343, 462]
RKP_00500_00100_3_02.txt|316.0|0.09542230000000007|[1, 4, 5, 7, 9, 20, 26, 32, 38, 39, 56, 64, 68, 73, 103, 110, 143, 152, 160, 167, 172, 179, 181, 189]
RKP_00500_00100_3_03.txt|285.0|0.11593389999999992|[1, 4, 9, 22, 31, 35, 49, 52, 54, 71, 75, 93, 113, 121, 123, 148, 178, 351, 444, 454]
RKP_00500_00100_3_04.txt|303.0|0.10183269999999922|[2, 8, 11, 24, 50, 60, 66, 68, 104, 163, 168, 209, 278, 280, 282, 285, 301, 312, 335, 345, 350, 400]
RKP_00500_00100_3_05.txt|300.0|0.10789319999999947|[1, 8, 12, 33, 74, 84, 87, 88, 92, 105, 106, 108, 143, 189, 211, 225, 248, 294, 319, 377, 381, 417, 468]
RKP_00500_00100_3_06.txt|261.0|0.10352529999999938|[5, 14, 16, 24, 45, 52, 56, 81, 91, 137, 183, 186, 189, 204, 242, 281, 283, 311, 433]
RKP_00500_00100_3_07.txt|259.0|0.16904969999999953|[1, 4, 5, 11, 17, 30, 33, 35, 141, 157, 191, 196, 200, 225, 287, 302, 308, 326]
RKP_00500_00100_3_08.txt|323.0|0.09773589999999999|[14, 19, 25, 31, 46, 49, 57, 58, 62, 63, 84, 90, 114, 133, 141, 144, 150, 159, 172, 275, 301, 302, 323, 389, 451, 484]
RKP_00500_00100_3_09.txt|321.0|0.10347950000000061|[2, 3, 4, 12, 13, 17, 54, 58, 70, 104, 122, 136, 148, 152, 154, 169, 171, 208, 221, 231, 269, 294, 347, 434]
RKP_00500_00100_3_10.txt|286.0|0.12563889999999933|[2, 13, 18, 48, 57, 60, 63, 99, 153, 159, 165, 183, 189, 193, 222, 287, 305, 322, 453, 474]
RKP_00500_00100_4_01.txt|100.0|0.06904679999999974|[434]
RKP_00500_00100_4_02.txt|100.0|0.06973429999999947|[467]
RKP_00500_00100_4_03.txt|100.0|0.0712375999999999|[497]
RKP_00500_00100_4_04.txt|100.0|0.07187180000000026|[428]
RKP_00500_00100_4_05.txt|99.0|0.06922260000000069|[459]
RKP_00500_00100_4_06.txt|100.0|0.07061130000000038|[464]
RKP_00500_00100_4_07.txt|99.0|0.07045750000000073|[477]
RKP_00500_00100_4_08.txt|98.0|0.06963510000000017|[496]
RKP_00500_00100_4_09.txt|100.0|0.07752960000000009|[471]
RKP_00500_00100_4_10.txt|99.0|0.07009470000000029|[453]
RKP_00500_00100_5_01.txt|100.0|0.07232720000000015|[472]
RKP_00500_00100_5_02.txt|100.0|0.06944959999999956|[476]
RKP_00500_00100_5_03.txt|100.0|0.0741126999999997|[481]
RKP_00500_00100_5_04.txt|100.0|0.07128010000000007|[3, 35, 65, 159, 175]
RKP_00500_00100_5_05.txt|100.0|0.07217530000000139|[28, 63, 101, 281]
RKP_00500_00100_5_06.txt|100.0|0.07349959999999989|[54, 89, 277, 367, 396]
RKP_00500_00100_5_07.txt|100.0|0.07088290000000086|[58, 83, 147]
RKP_00500_00100_5_08.txt|100.0|0.07234799999999986|[20, 29, 34, 63, 135]
RKP_00500_00100_5_09.txt|100.0|0.07406239999999897|[71, 84, 125]
RKP_00500_00100_5_10.txt|100.0|0.07325550000000014|[1, 16, 499]
RKP_01000_00100_1_01.txt|1554.0|0.16224289999999897|[2, 8, 13, 19, 39, 47, 50, 51, 64, 67, 91, 97, 116, 123, 151, 260, 261, 432, 448, 465, 843]
RKP_01000_00100_1_02.txt|1593.0|0.1751263000000005|[1, 9, 16, 30, 38, 49, 50, 72, 171, 182, 185, 193, 195, 292, 294, 331, 337, 359, 486, 527, 557, 584, 599, 624, 696, 754]
RKP_01000_00100_1_03.txt|1573.0|0.16169549999999866|[1, 2, 4, 32, 48, 50, 56, 114, 116, 128, 172, 174, 199, 206, 380, 535, 725, 800, 813, 869, 978]
RKP_01000_00100_1_04.txt|1944.0|0.17839719999999915|[1, 2, 3, 5, 6, 12, 14, 44, 45, 75, 151, 163, 165, 247, 255, 277, 283, 429, 533, 566, 726, 732, 733, 758, 790, 857]
RKP_01000_00100_1_05.txt|1603.0|0.16743920000000045|[1, 9, 26, 33, 37, 39, 41, 49, 75, 89, 121, 123, 207, 212, 222, 307, 582, 635, 673, 696, 776, 915, 1000]
RKP_01000_00100_1_06.txt|2024.0|0.15099039999999952|[1, 6, 10, 33, 37, 38, 44, 52, 55, 57, 58, 78, 99, 117, 120, 168, 176, 242, 244, 250, 349, 383, 442, 591, 632, 645, 790, 993]
RKP_01000_00100_1_07.txt|1845.0|0.17075089999999982|[3, 7, 19, 37, 49, 86, 90, 127, 128, 129, 130, 151, 190, 204, 226, 382, 436, 440, 476, 484, 556, 627, 628, 778, 874]
RKP_01000_00100_1_08.txt|1749.0|0.25929810000000053|[1, 4, 5, 6, 15, 22, 26, 29, 68, 80, 101, 118, 145, 149, 210, 212, 223, 274, 303, 356, 366, 421, 422, 716, 922]
RKP_01000_00100_1_09.txt|1656.0|0.16986600000000074|[1, 14, 17, 27, 31, 36, 48, 103, 135, 155, 168, 196, 213, 290, 409, 513, 579, 672, 691, 728, 782, 898, 925]
RKP_01000_00100_1_10.txt|1881.0|0.1623878000000012|[1, 8, 11, 19, 37, 43, 55, 76, 104, 111, 159, 188, 253, 331, 466, 491, 534, 565, 618, 669, 748, 785, 805, 813, 931, 968]
RKP_01000_00100_2_01.txt|217.0|0.13647289999999934|[3, 7, 12, 13, 16, 24, 33, 47, 73, 90, 109, 185, 209, 252, 264, 287, 374, 380, 690]
RKP_01000_00100_2_02.txt|195.0|0.14519500000000107|[6, 23, 63, 73, 77, 84, 202, 311, 375, 385, 492, 547, 562, 583, 625, 782, 844]
RKP_01000_00100_2_03.txt|224.0|0.13841210000000004|[5, 7, 58, 81, 84, 87, 97, 123, 141, 171, 214, 239, 340, 394, 416, 417, 487, 527, 708, 897]
RKP_01000_00100_2_04.txt|215.0|0.14835059999999878|[21, 24, 35, 37, 49, 60, 74, 94, 158, 317, 404, 443, 553, 620]
RKP_01000_00100_2_05.txt|201.0|0.1424334999999992|[7, 42, 73, 84, 98, 152, 214, 222, 236, 241, 299, 380, 409, 420, 428, 450, 512, 742]
RKP_01000_00100_2_06.txt|245.0|0.14082999999999934|[1, 6, 8, 16, 24, 33, 85, 115, 122, 138, 149, 152, 259, 290, 303, 322, 383, 399, 590, 647, 805, 827, 858, 876]
RKP_01000_00100_2_07.txt|205.0|0.13444649999999925|[1, 3, 7, 12, 47, 69, 81, 105, 173, 208, 284, 305, 396, 444, 457, 531, 731, 796]
RKP_01000_00100_2_08.txt|224.0|0.12154499999999935|[1, 3, 7, 9, 10, 16, 39, 44, 54, 62, 76, 121, 129, 141, 171, 175, 223, 278, 414, 485, 609, 661, 862]
RKP_01000_00100_2_09.txt|205.0|0.14486950000000043|[9, 11, 13, 18, 109, 127, 157, 191, 205, 235, 236, 348, 382, 411, 436, 470, 573, 759]
RKP_01000_00100_2_10.txt|227.0|0.13346579999999975|[1, 4, 5, 15, 30, 56, 71, 122, 155, 163, 164, 191, 252, 309, 314, 341, 356, 402, 521, 548, 556, 710]
RKP_01000_00100_3_01.txt|369.0|0.14366129999999977|[1, 11, 15, 22, 32, 49, 51, 55, 65, 83, 119, 133, 186, 196, 249, 269, 326, 337, 351, 441, 456, 464, 537, 659, 704, 740, 763, 795, 857, 959]
RKP_01000_00100_3_02.txt|355.0|0.1319315000000003|[3, 7, 8, 9, 18, 19, 25, 35, 37, 47, 51, 58, 69, 79, 94, 112, 120, 126, 137, 138, 176, 295, 300, 318, 381, 533, 644, 654]
RKP_01000_00100_3_03.txt|384.0|0.1391915000000008|[1, 3, 13, 17, 31, 44, 54, 87, 89, 93, 143, 170, 175, 184, 204, 222, 270, 273, 305, 321, 325, 378, 392, 431, 448, 530, 652, 692, 720, 836, 994]
RKP_01000_00100_3_04.txt|388.0|0.13546799999999948|[1, 3, 4, 5, 7, 9, 10, 16, 32, 42, 44, 60, 83, 119, 142, 149, 154, 235, 274, 277, 305, 309, 389, 420, 449, 558, 639, 645, 740, 786, 816]
RKP_01000_00100_3_05.txt|329.0|0.1322738000000001|[2, 5, 10, 12, 23, 24, 31, 46, 57, 86, 91, 108, 117, 128, 163, 169, 172, 183, 192, 246, 460, 630, 661, 778, 876]
RKP_01000_00100_3_06.txt|351.0|0.19912620000000025|[5, 6, 7, 14, 16, 22, 36, 37, 66, 71, 112, 114, 150, 204, 207, 224, 237, 239, 242, 249, 347, 405, 471, 734, 886, 901, 970]
RKP_01000_00100_3_07.txt|400.0|0.1474247000000002|[1, 5, 6, 8, 12, 16, 20, 23, 27, 31, 38, 53, 112, 129, 169, 190, 191, 198, 202, 204, 231, 282, 337, 354, 407, 433, 591, 605, 695, 750, 822, 867, 888]
RKP_01000_00100_3_08.txt|352.0|0.1353232999999996|[1, 2, 7, 11, 33, 35, 53, 71, 74, 89, 97, 129, 130, 137, 145, 179, 194, 198, 233, 265, 266, 303, 340, 528, 591, 636, 655]
RKP_01000_00100_3_09.txt|340.0|0.14541049999999878|[9, 11, 16, 17, 23, 48, 83, 96, 141, 185, 211, 216, 228, 238, 318, 385, 403, 480, 578, 601, 647, 758, 814, 825, 871, 885]
RKP_01000_00100_3_10.txt|371.0|0.12710119999999847|[2, 3, 4, 10, 12, 16, 18, 22, 26, 35, 46, 72, 87, 97, 106, 122, 156, 169, 217, 227, 245, 319, 334, 467, 524, 566, 632, 677, 764, 964]
RKP_01000_00100_4_01.txt|100.0|0.1046408999999997|[888]
RKP_01000_00100_4_02.txt|100.0|0.09793089999999971|[866]
RKP_01000_00100_4_03.txt|100.0|0.09958840000000002|[876]
RKP_01000_00100_4_04.txt|100.0|0.10090609999999955|[974]
RKP_01000_00100_4_05.txt|100.0|0.09996410000000111|[972]
RKP_01000_00100_4_06.txt|100.0|0.09985999999999962|[940]
RKP_01000_00100_4_07.txt|100.0|0.09841439999999935|[956]
RKP_01000_00100_4_08.txt|100.0|0.09899779999999936|[851]
RKP_01000_00100_4_09.txt|100.0|0.10245999999999889|[979]
RKP_01000_00100_4_10.txt|100.0|0.09870180000000062|[969]
RKP_01000_00100_5_01.txt|100.0|0.10123839999999973|[63, 106, 528, 684, 987]
RKP_01000_00100_5_02.txt|100.0|0.09958630000000035|[999]
RKP_01000_00100_5_03.txt|100.0|0.10030609999999918|[15, 959]
RKP_01000_00100_5_04.txt|100.0|0.13845519999999922|[245, 341]
RKP_01000_00100_5_05.txt|100.0|0.10102479999999936|[260, 309]
RKP_01000_00100_5_06.txt|100.0|0.1019641999999994|[88, 139, 164, 186, 506, 646]
RKP_01000_00100_5_07.txt|100.0|0.10121449999999932|[21, 472, 866]
RKP_01000_00100_5_08.txt|100.0|0.10332479999999933|[44, 126, 376, 418]
RKP_01000_00100_5_09.txt|100.0|0.10383790000000026|[10, 918]
RKP_01000_00100_5_10.txt|100.0|0.09926300000000055|[168, 538]
RKP_05000_00100_1_01.txt|3577.0|0.6591749|[1, 3, 4, 5, 8, 9, 20, 24, 31, 49, 51, 59, 68, 99, 116, 130, 150, 155, 183, 198, 302, 465, 518, 540, 553, 589, 642, 904, 1207, 1268, 1275, 1366, 1373, 1406, 1465, 1482, 1485, 1700, 1839, 2091, 2106, 2398, 2548, 2556, 3411, 3645, 4474]
RKP_05000_00100_1_02.txt|3608.0|0.7189736999999994|[1, 2, 16, 28, 31, 42, 60, 73, 104, 171, 174, 176, 235, 238, 275, 277, 338, 347, 350, 374, 420, 437, 463, 501, 601, 716, 892, 1099, 1201, 1210, 1821, 2056, 2337, 2586, 2669, 2939, 3013, 3107, 3415, 3648, 4066, 4311, 4339, 4439, 4651]
RKP_05000_00100_1_03.txt|3455.0|0.6891229999999986|[1, 2, 6, 10, 22, 26, 27, 52, 81, 136, 193, 203, 207, 275, 401, 436, 591, 656, 684, 793, 929, 961, 1069, 1193, 1355, 1417, 1588, 1634, 1784, 1880, 1912, 2646, 2939, 2992, 3005, 3127, 3261, 3382, 3471, 3686, 3801, 4053, 4396, 4798]
RKP_05000_00100_1_04.txt|3356.0|0.7548835999999994|[2, 5, 7, 10, 16, 23, 26, 38, 41, 69, 78, 103, 131, 135, 147, 233, 378, 416, 444, 593, 713, 795, 868, 997, 1048, 1173, 1521, 1527, 1764, 1931, 2030, 2528, 2565, 2594, 2831, 2859, 3064, 3198, 3336, 3338, 3644, 4087, 4248, 4280, 4320, 4377, 4470]
RKP_05000_00100_1_05.txt|3250.0|0.7591028000000009|[2, 4, 8, 16, 20, 30, 33, 38, 44, 53, 60, 64, 101, 174, 288, 306, 356, 427, 507, 541, 542, 608, 644, 976, 1024, 1088, 1169, 1249, 1283, 1309, 1432, 1433, 1759, 1809, 1818, 2347, 2362, 2447, 2549, 2850, 2995, 3856, 4588, 4969]
RKP_05000_00100_1_06.txt|3342.0|0.7353633999999971|[3, 6, 7, 8, 9, 21, 25, 41, 45, 62, 71, 73, 122, 133, 139, 147, 152, 155, 208, 219, 238, 329, 435, 457, 569, 590, 594, 645, 701, 745, 747, 807, 860, 866, 896, 1279, 1295, 1319, 1485, 1512, 1799, 2384, 2608, 3020, 3167, 3825]
RKP_05000_00100_1_07.txt|3617.0|0.7904595000000008|[1, 4, 9, 11, 30, 32, 35, 54, 55, 79, 90, 97, 118, 124, 180, 188, 204, 219, 229, 244, 324, 451, 457, 494, 568, 582, 876, 880, 931, 991, 1149, 1199, 1222, 1401, 1437, 1674, 1758, 1762, 2018, 2037, 2591, 2883, 3072, 3111, 3419, 3473, 3484, 3566, 4252, 4639]
RKP_05000_00100_1_08.txt|3447.0|0.7432985000000016|[1, 6, 29, 48, 52, 82, 120, 148, 154, 179, 186, 257, 260, 264, 266, 275, 276, 288, 300, 441, 502, 687, 739, 779, 816, 820, 865, 906, 985, 1267, 1318, 1491, 1636, 1717, 1781, 2054, 2248, 2250, 2780, 2845, 2899, 3137, 3222, 3226, 3259, 3876, 4344, 4473, 4638, 4811]
RKP_05000_00100_1_09.txt|2956.0|0.689423399999999|[2, 3, 10, 30, 70, 74, 121, 178, 190, 270, 325, 423, 447, 559, 588, 619, 729, 747, 786, 796, 816, 1184, 1329, 1363, 1399, 1441, 1448, 1736, 2349, 2549, 2596, 2965, 3051, 3572, 3697, 3759, 4135, 4156, 4341, 4424]
RKP_05000_00100_1_10.txt|3452.0|0.7910292000000005|[8, 14, 17, 25, 43, 48, 60, 67, 83, 84, 111, 134, 143, 153, 176, 189, 230, 266, 307, 321, 352, 429, 437, 482, 564, 805, 843, 902, 952, 956, 1091, 1247, 1350, 1395, 1422, 1804, 1983, 2028, 2061, 2554, 2958, 3065, 3086, 3176, 3373, 3390, 4544, 4572, 4883]
RKP_05000_00100_2_01.txt|336.0|0.5710222999999992|[12, 44, 77, 108, 110, 123, 144, 246, 534, 540, 551, 560, 586, 587, 648, 746, 839, 868, 1057, 1238, 1292, 1647, 1741, 1835, 2000, 2019, 2085, 2218, 2295, 2367, 2729, 2750, 2948, 3020, 3518, 4675]
RKP_05000_00100_2_02.txt|395.0|0.5177305999999966|[4, 8, 10, 29, 33, 73, 101, 152, 155, 242, 275, 298, 407, 455, 532, 556, 578, 656, 677, 778, 871, 1014, 1178, 1307, 1493, 1570, 1674, 1770, 1793, 1838, 2263, 2437, 2479, 2501, 2707, 3178, 3238, 4063, 4347, 4384, 4978]
RKP_05000_00100_2_03.txt|350.0|0.5554331999999995|[1, 4, 5, 9, 17, 39, 82, 113, 195, 242, 388, 442, 524, 710, 769, 826, 840, 895, 1122, 1234, 1463, 1469, 1867, 1925, 2287, 2352, 2655, 2844, 3318, 3332, 3625, 3969, 4547, 4655, 4806, 4989]
RKP_05000_00100_2_04.txt|343.0|0.4928308000000001|[1, 5, 12, 20, 45, 54, 87, 148, 156, 168, 283, 340, 363, 387, 483, 491, 506, 531, 599, 674, 687, 917, 950, 1415, 1452, 1489, 1566, 1864, 2050, 2126, 2636, 3028, 3153, 3838, 4139]
RKP_05000_00100_2_05.txt|375.0|0.5382901000000011|[5, 22, 52, 61, 148, 274, 355, 370, 413, 426, 434, 452, 473, 522, 752, 797, 829, 942, 984, 991, 1029, 1503, 1571, 1654, 1741, 2083, 2365, 2703, 3226, 3238, 3241, 3374, 3383, 3481, 3549, 3555, 3573, 3758]
RKP_05000_00100_2_06.txt|348.0|0.5623385000000027|[6, 9, 23, 62, 129, 135, 136, 144, 182, 273, 324, 326, 356, 437, 466, 502, 594, 639, 758, 816, 861, 1109, 1193, 1288, 1383, 1581, 2040, 2118, 2148, 2322, 2408, 2453, 2519, 3331, 3347, 3682, 4405]
RKP_05000_00100_2_07.txt|368.0|0.5049120999999985|[1, 2, 3, 7, 15, 28, 43, 55, 58, 71, 79, 103, 141, 180, 183, 216, 235, 244, 260, 333, 396, 516, 595, 649, 689, 744, 938, 1103, 1389, 1949, 2108, 2246, 2323, 2332, 2419, 2528, 2641, 2751, 2874, 3229]
RKP_05000_00100_2_08.txt|368.0|0.5139457000000007|[1, 7, 11, 14, 15, 23, 24, 25, 34, 41, 98, 99, 117, 152, 199, 342, 621, 672, 724, 735, 792, 953, 967, 1000, 1204, 1242, 1301, 1415, 1638, 1700, 2068, 2133, 2149, 2584, 2831, 2915, 4658]
RKP_05000_00100_2_09.txt|392.0|0.608165900000003|[5, 6, 18, 86, 88, 112, 151, 244, 293, 294, 315, 355, 392, 433, 755, 796, 846, 955, 1149, 1331, 1335, 1338, 1397, 1400, 1459, 1482, 1679, 1873, 2109, 2179, 2213, 2352, 2520, 2692, 2953, 3113, 4070, 4480, 4778]
RKP_05000_00100_2_10.txt|365.0|0.49827789999999794|[8, 66, 74, 78, 113, 120, 163, 250, 275, 291, 305, 315, 326, 477, 502, 640, 918, 935, 1253, 1547, 1577, 1608, 1773, 1932, 2283, 2318, 2345, 2435, 2497, 2755, 2768, 2802, 3077, 3300, 3321, 4994]
RKP_05000_00100_3_01.txt|630.0|0.495056899999998|[1, 3, 10, 11, 48, 83, 97, 135, 145, 210, 224, 231, 279, 288, 297, 312, 322, 334, 345, 361, 395, 506, 530, 534, 588, 610, 661, 948, 995, 1006, 1037, 1096, 1192, 1272, 1636, 1725, 1751, 2039, 2090, 2190, 2321, 2608, 2643, 2691, 3020, 3046, 3252, 3272, 3323, 3674, 3683, 3743, 4195, 4471, 4835]
RKP_05000_00100_3_02.txt|621.0|0.5123412999999992|[4, 9, 22, 38, 40, 54, 55, 89, 97, 132, 135, 148, 166, 167, 203, 219, 272, 301, 313, 356, 434, 496, 512, 776, 796, 856, 863, 973, 989, 1136, 1267, 1271, 1335, 1353, 1664, 1727, 1824, 1834, 1876, 2059, 2337, 2362, 2674, 2689, 2762, 2848, 3093, 3287, 3318, 3344, 4055, 4114, 4233, 4494, 4912]
RKP_05000_00100_3_03.txt|601.0|0.4801928999999987|[5, 6, 14, 15, 18, 20, 21, 24, 27, 52, 76, 86, 96, 124, 129, 155, 159, 191, 192, 258, 380, 387, 403, 546, 656, 894, 914, 977, 996, 1051, 1109, 1226, 1256, 1304, 1525, 1571, 1732, 1941, 2351, 2662, 2676, 2793, 2962, 2984, 2989, 3115, 3237, 3663, 4254, 4520, 4528, 4563, 4968]
RKP_05000_00100_3_04.txt|620.0|0.46869190000000316|[1, 5, 11, 15, 16, 28, 47, 59, 72, 100, 103, 136, 205, 232, 302, 309, 318, 335, 364, 365, 375, 403, 411, 446, 607, 708, 819, 991, 995, 1193, 1264, 1283, 1293, 1338, 1348, 1399, 1570, 1739, 1757, 1758, 1788, 1817, 1905, 2156, 2231, 2274, 2386, 2433, 2600, 2634, 2777, 2810, 3399, 3851]
RKP_05000_00100_3_05.txt|563.0|0.5135247000000014|[7, 28, 32, 52, 79, 109, 122, 147, 220, 235, 238, 289, 292, 295, 345, 362, 435, 480, 485, 513, 542, 573, 590, 638, 669, 905, 909, 936, 950, 973, 994, 1086, 1259, 1491, 1668, 1780, 2040, 2337, 2456, 2510, 2596, 2714, 2877, 2928, 3114, 3135, 3187, 4073, 4423]
RKP_05000_00100_3_06.txt|632.0|0.4845189000000012|[1, 2, 4, 5, 15, 27, 32, 35, 45, 68, 79, 82, 103, 104, 113, 119, 157, 179, 181, 203, 221, 244, 270, 352, 435, 492, 551, 564, 638, 683, 755, 796, 838, 899, 956, 1046, 1130, 1148, 1347, 1376, 1393, 1451, 1657, 1698, 1775, 1860, 1884, 2205, 2206, 2457, 2520, 2528, 2710, 2738, 3082, 4282]
RKP_05000_00100_3_07.txt|589.0|0.4898574999999994|[2, 8, 10, 16, 18, 26, 29, 32, 39, 77, 85, 93, 96, 99, 114, 166, 167, 169, 189, 206, 222, 281, 304, 356, 362, 372, 495, 500, 566, 583, 699, 750, 812, 817, 894, 980, 1030, 1095, 1109, 1453, 1577, 1615, 1892, 2113, 2632, 2701, 2869, 3232, 3653, 3863, 4467, 4835]
RKP_05000_00100_3_08.txt|657.9999999999999|0.46852129999999903|[2, 5, 6, 17, 28, 36, 44, 59, 100, 108, 124, 129, 169, 227, 238, 296, 328, 343, 346, 426, 491, 563, 572, 645, 940, 969, 1027, 1208, 1240, 1244, 1344, 1355, 1414, 1478, 1497, 1502, 1517, 1589, 1666, 1747, 1973, 2091, 2154, 2276, 2363, 2430, 2572, 3001, 3128, 3330, 3335, 3429, 3689, 3821, 3855, 4062, 4178, 4353, 4708]
RKP_05000_00100_3_09.txt|614.0|0.48355499999999907|[8, 40, 55, 57, 116, 119, 205, 217, 262, 274, 277, 288, 350, 355, 424, 600, 662, 696, 789, 986, 1067, 1161, 1328, 1499, 1532, 1558, 1913, 2033, 2048, 2227, 2275, 2372, 2595, 2609, 2618, 2805, 2862, 2897, 2925, 3071, 3283, 3500, 3510, 3562, 3603, 3987, 4097, 4348, 4425, 4459, 4681, 4813, 4902, 4948]
RKP_05000_00100_3_10.txt|629.0|0.5096578999999934|[8, 19, 21, 22, 27, 30, 39, 47, 52, 63, 110, 119, 138, 142, 173, 211, 216, 227, 236, 252, 283, 333, 383, 438, 627, 659, 666, 775, 787, 860, 1046, 1111, 1166, 1187, 1323, 1419, 1426, 1430, 1463, 1547, 2051, 2107, 2181, 2195, 2235, 2244, 2477, 2567, 2816, 2929, 2988, 2990, 3506, 3869, 3997, 4448]
RKP_05000_00100_4_01.txt|100.0|0.4918023999999974|[4614]
RKP_05000_00100_4_02.txt|100.0|0.4371105999999969|[4685]
RKP_05000_00100_4_03.txt|100.0|0.4750595000000004|[4716]
RKP_05000_00100_4_04.txt|100.0|0.4424732999999961|[4554]
RKP_05000_00100_4_05.txt|100.0|0.4341994999999983|[4662]
RKP_05000_00100_4_06.txt|100.0|0.49077480000000406|[4704]
RKP_05000_00100_4_07.txt|100.0|0.4337893000000008|[4778]
RKP_05000_00100_4_08.txt|100.0|0.4817687000000035|[4844]
RKP_05000_00100_4_09.txt|100.0|0.44909699999999475|[4636]
RKP_05000_00100_4_10.txt|100.0|0.4464665999999937|[4639]
RKP_05000_00100_5_01.txt|100.0|0.4733945999999989|[1030, 1431, 1624, 4280, 4523]
RKP_05000_00100_5_02.txt|100.0|0.44662610000000313|[48, 485, 631, 674, 1015, 1073, 1172, 1213, 1266, 1839, 2191, 3840]
RKP_05000_00100_5_03.txt|100.0|0.4424476000000013|[269, 562, 912, 1018, 4454]
RKP_05000_00100_5_04.txt|100.0|0.4863825999999989|[29, 93, 266, 369, 790, 997, 1005, 1025, 1302, 1943, 2854, 4552]
RKP_05000_00100_5_05.txt|100.0|0.4602571999999938|[83, 300, 471, 696, 843, 1067, 2313, 2325, 2712]
RKP_05000_00100_5_06.txt|100.0|0.44836809999999616|[19, 97, 536, 2797, 4148, 4677]
RKP_05000_00100_5_07.txt|100.0|0.48694440000000583|[911, 1027, 2366]
RKP_05000_00100_5_08.txt|100.0|0.4486678000000026|[49, 56, 186, 252, 544, 1131, 1661, 2490, 3146]
RKP_05000_00100_5_09.txt|100.0|0.47237429999999847|[17, 64, 522, 633, 1467, 1840, 2354, 4539]
RKP_05000_00100_5_10.txt|100.0|0.4509432999999987|[650, 765, 809, 884, 1031, 2770]
RKP_05000_01000_1_01.txt|44769.0|0.7574631000000025|[1, 2, 8, 10, 13, 15, 16, 17, 18, 23, 32, 53, 78, 86, 96, 151, 153, 164, 226, 232, 328, 334, 368, 379, 399, 416, 424, 491, 551, 661, 700, 732, 751, 778, 866, 906, 969, 991, 1034, 1214, 1232, 1387, 1431, 1564, 1591, 1724, 1742, 1756, 1841, 1858, 1919, 1979, 2077, 2254, 2266, 2481, 2497, 2567, 2629, 2777, 2874, 3256, 3485, 3534, 3791, 3799, 4223, 4467, 4479, 4971]
RKP_05000_01000_1_02.txt|47431.0|0.8007398999999964|[3, 7, 10, 17, 22, 36, 39, 41, 78, 89, 96, 109, 130, 155, 222, 235, 282, 304, 337, 368, 388, 406, 425, 506, 539, 588, 622, 675, 728, 772, 837, 918, 928, 988, 1055, 1205, 1261, 1329, 1337, 1343, 1403, 1414, 1455, 1590, 1604, 1677, 1687, 1698, 1999, 2011, 2041, 2120, 2379, 2594, 2745, 2750, 2769, 2800, 2825, 2832, 3349, 3565, 3875, 4489, 4961]
RKP_05000_01000_1_03.txt|43046.0|0.7596889000000004|[1, 13, 22, 24, 56, 60, 62, 67, 72, 76, 114, 129, 135, 165, 174, 176, 248, 272, 339, 344, 479, 533, 649, 749, 852, 882, 933, 940, 1006, 1027, 1039, 1150, 1339, 1364, 1415, 1475, 1478, 1483, 1534, 1605, 1614, 1822, 1854, 1979, 2016, 2080, 2125, 2161, 2201, 2314, 2471, 2591, 2688, 2848, 3194, 3232, 3276, 3392, 3682, 3835, 3920, 4104, 4193]
RKP_05000_01000_1_04.txt|45684.0|0.7702395999999965|[1, 2, 5, 6, 9, 10, 14, 16, 17, 25, 33, 35, 49, 50, 52, 61, 64, 114, 135, 181, 189, 191, 223, 238, 318, 351, 360, 413, 458, 482, 498, 533, 546, 547, 594, 683, 687, 716, 724, 734, 794, 882, 952, 1107, 1142, 1174, 1218, 1275, 1395, 1450, 1546, 1916, 2023, 2060, 2320, 2403, 2470, 2922, 2999, 3023, 3051, 3055, 3926, 4232, 4277, 4397, 4624, 4775]
RKP_05000_01000_1_05.txt|42763.0|0.8509564000000012|[2, 4, 5, 8, 9, 14, 16, 27, 46, 48, 65, 67, 85, 91, 93, 94, 97, 119, 132, 157, 168, 189, 201, 254, 259, 267, 279, 339, 352, 385, 430, 467, 580, 584, 651, 667, 711, 816, 985, 1023, 1049, 1093, 1142, 1155, 1162, 1227, 1316, 1321, 1411, 1418, 1474, 1576, 1588, 1606, 1607, 1649, 1883, 2069, 2271, 2547, 2570, 2834, 3067, 3468, 3999, 4053, 4118, 4385]
RKP_05000_01000_1_06.txt|41967.0|0.7629792000000037|[2, 3, 4, 6, 8, 9, 10, 18, 25, 42, 48, 51, 52, 80, 90, 107, 150, 159, 188, 192, 217, 269, 288, 297, 336, 343, 399, 498, 503, 616, 644, 687, 691, 697, 721, 736, 894, 943, 998, 1002, 1097, 1242, 1360, 1368, 1511, 1530, 1689, 1879, 1910, 1916, 2050, 2195, 2517, 2857, 2865, 2925, 2967, 3076, 3109, 3846, 4183, 4603, 4793]
RKP_05000_01000_1_07.txt|40996.0|0.8294593000000035|[1, 2, 8, 15, 21, 23, 44, 46, 65, 77, 84, 91, 119, 130, 161, 188, 198, 204, 213, 226, 363, 386, 421, 488, 506, 522, 523, 568, 569, 577, 616, 628, 651, 666, 753, 795, 957, 1175, 1359, 1367, 1449, 1489, 1605, 1666, 1697, 1741, 1764, 1865, 1904, 2001, 2087, 2145, 2245, 2593, 2669, 3438, 3455, 3964, 4009, 4242, 4471]
RKP_05000_01000_1_08.txt|41433.0|0.8853621000000018|[1, 7, 10, 12, 15, 20, 24, 26, 29, 40, 43, 81, 89, 109, 115, 140, 151, 185, 190, 207, 235, 279, 411, 419, 427, 430, 488, 527, 531, 548, 575, 651, 670, 738, 785, 823, 952, 1029, 1088, 1138, 1275, 1391, 1487, 1537, 1574, 1736, 2110, 2356, 2382, 2528, 2585, 2723, 2841, 3318, 3437, 3925, 3937, 4497]
RKP_05000_01000_1_09.txt|45165.0|0.8250019000000037|[1, 2, 3, 4, 6, 17, 18, 25, 27, 29, 39, 47, 49, 51, 104, 106, 128, 136, 157, 163, 190, 191, 364, 390, 427, 473, 499, 562, 563, 684, 714, 883, 897, 996, 998, 1113, 1242, 1337, 1362, 1366, 1434, 1481, 1679, 1714, 1761, 1788, 1854, 1950, 2012, 2121, 2239, 2328, 2364, 2381, 2651, 2845, 2943, 3179, 3245, 3332, 3644, 3744, 3964, 4115, 4400]
RKP_05000_01000_1_10.txt|47335.0|0.8345994999999959|[1, 2, 4, 9, 11, 28, 30, 33, 38, 43, 47, 49, 100, 103, 104, 129, 161, 180, 187, 212, 245, 255, 261, 286, 359, 384, 461, 486, 500, 528, 740, 785, 807, 839, 844, 888, 1044, 1076, 1095, 1253, 1284, 1313, 1333, 1361, 1423, 1430, 1476, 1479, 1554, 1640, 1680, 1686, 1731, 1914, 2153, 2184, 2216, 2309, 2541, 2544, 2560, 2671, 2698, 2753, 2867, 3137, 3309, 3836, 4815]
RKP_05000_01000_2_01.txt|3515.0|0.8948956999999993|[2, 12, 23, 26, 28, 63, 81, 88, 103, 115, 147, 176, 253, 265, 339, 346, 413, 471, 483, 541, 761, 947, 951, 1046, 1100, 1173, 1353, 1473, 1487, 1641, 1730, 1844, 1898, 2000, 2057, 2351, 2400, 2569, 2671, 3060, 3764, 3919, 4166]
RKP_05000_01000_2_02.txt|3746.0|0.8804915000000051|[1, 2, 3, 44, 62, 72, 76, 79, 88, 121, 126, 229, 279, 311, 317, 365, 462, 471, 491, 545, 683, 862, 964, 1005, 1045, 1068, 1159, 1189, 1294, 1577, 1693, 1750, 1812, 1856, 1964, 2308, 2515, 2682, 3024, 3498, 4017, 4473, 4977]
RKP_05000_01000_2_03.txt|3692.0|0.9435688000000013|[6, 51, 63, 69, 73, 86, 88, 104, 131, 177, 217, 235, 286, 305, 308, 341, 465, 507, 518, 589, 655, 726, 862, 1002, 1112, 1132, 1550, 1684, 1958, 2064, 2182, 2340, 2601, 2617, 2930, 3180, 3343, 3351, 3416, 3540, 3938, 4457, 4885, 4964]
RKP_05000_01000_2_04.txt|4313.0|0.8547216999999989|[1, 3, 7, 17, 19, 23, 41, 54, 59, 63, 82, 124, 153, 183, 302, 348, 371, 400, 545, 557, 585, 662, 667, 703, 758, 768, 857, 1062, 1086, 1178, 1210, 1319, 1672, 1740, 1799, 1906, 1989, 2170, 2237, 2245, 2249, 2408, 2518, 2928, 2989, 3183, 3498, 3530, 3872, 4424, 4454]
RKP_05000_01000_2_05.txt|3665.0|0.8526775999999998|[3, 4, 5, 8, 9, 12, 23, 33, 34, 70, 156, 187, 201, 204, 228, 273, 290, 306, 360, 420, 526, 541, 682, 684, 734, 775, 876, 1064, 1132, 1158, 1256, 1440, 1478, 1680, 1741, 1762, 1839, 2075, 2240, 2314, 2513, 2548, 2637, 2811, 2834, 3321, 4215, 4485]
RKP_05000_01000_2_06.txt|3680.0|0.8468562999999989|[1, 2, 27, 30, 36, 37, 59, 61, 85, 105, 138, 152, 154, 159, 188, 242, 282, 344, 386, 403, 411, 443, 464, 473, 586, 672, 683, 707, 793, 900, 925, 1134, 1317, 1477, 1569, 1619, 1852, 1898, 1933, 1948, 1991, 2204, 2282, 2287, 2404, 2476, 2638, 2682, 2997, 3559, 4951]
RKP_05000_01000_2_07.txt|4071.0|0.8344236000000009|[1, 11, 12, 33, 48, 59, 77, 105, 127, 157, 199, 207, 212, 238, 294, 368, 516, 751, 759, 771, 772, 909, 1123, 1176, 1265, 1362, 1437, 1461, 1552, 1593, 1625, 1643, 1811, 1886, 1902, 2206, 2233, 2241, 2282, 2341, 2608, 2843, 3041, 3129, 3147, 3275, 4279, 4453, 4495]
RKP_05000_01000_2_08.txt|3934.0|0.8393249000000012|[4, 6, 14, 17, 30, 44, 59, 78, 108, 201, 213, 219, 236, 264, 269, 278, 298, 312, 371, 385, 580, 585, 634, 658, 677, 846, 955, 972, 987, 1067, 1184, 1314, 1499, 1766, 1783, 1865, 2133, 2231, 2399, 2808, 3148, 3191, 3385, 3623, 3857, 4586]
RKP_05000_01000_2_09.txt|3643.0|0.9034570999999971|[3, 4, 10, 13, 15, 20, 22, 25, 44, 63, 77, 118, 128, 175, 270, 379, 408, 561, 569, 579, 677, 821, 897, 997, 1132, 1226, 1556, 1583, 1587, 1594, 1786, 1844, 1967, 2094, 2140, 2317, 2637, 2789, 2982, 3113, 3297, 3478, 4669]
RKP_05000_01000_2_10.txt|3530.0|0.8536470000000023|[9, 18, 19, 30, 36, 99, 137, 149, 191, 227, 294, 312, 337, 420, 536, 587, 749, 850, 922, 1049, 1416, 1494, 1502, 1619, 1686, 1818, 1926, 2034, 2227, 2318, 2559, 2998, 3584, 3674, 3712, 3888, 4015, 4050, 4084, 4267]
RKP_05000_01000_3_01.txt|7776.0|0.6743304000000023|[1, 4, 6, 8, 21, 34, 40, 46, 47, 72, 77, 97, 108, 112, 114, 119, 132, 140, 150, 176, 188, 193, 207, 237, 276, 284, 305, 310, 372, 381, 384, 429, 455, 550, 562, 579, 586, 688, 728, 749, 917, 996, 1038, 1047, 1081, 1139, 1176, 1190, 1198, 1600, 1615, 1698, 1779, 1894, 1958, 2056, 2178, 2241, 2250, 2416, 2461, 2608, 2748, 2783, 2794, 2851, 2874, 3246, 3421, 4476]
RKP_05000_01000_3_02.txt|8421.0|0.7090234999999936|[1, 2, 10, 13, 25, 28, 33, 39, 40, 77, 90, 107, 129, 140, 169, 209, 214, 230, 235, 295, 305, 371, 379, 425, 436, 445, 446, 542, 562, 581, 609, 730, 849, 878, 883, 892, 1020, 1041, 1046, 1084, 1087, 1117, 1161, 1193, 1220, 1240, 1312, 1334, 1436, 1486, 1488, 1499, 1621, 1885, 1908, 2067, 2080, 2113, 2215, 2330, 2425, 2667, 2704, 2772, 2808, 2853, 2978, 2989, 3041, 3171, 3308, 3393, 3546, 3750, 4134, 4419, 4507]
RKP_05000_01000_3_03.txt|8599.0|0.5873921000000024|[1, 2, 3, 4, 5, 10, 11, 16, 22, 26, 36, 38, 127, 129, 156, 158, 163, 199, 215, 239, 246, 286, 330, 339, 360, 399, 439, 455, 465, 480, 544, 568, 609, 621, 652, 669, 709, 710, 763, 794, 856, 881, 896, 975, 989, 1041, 1164, 1188, 1222, 1316, 1465, 1498, 1523, 1559, 1597, 1663, 1733, 1874, 2087, 2202, 2310, 2319, 2386, 2439, 2613, 2887, 3166, 3273, 3508, 3545, 3674, 3910, 4041, 4215, 4338, 4529, 4671, 4695, 4813]
RKP_05000_01000_3_04.txt|8495.0|0.6197170000000014|[1, 4, 5, 6, 7, 9, 17, 18, 21, 27, 29, 45, 55, 58, 63, 70, 111, 132, 142, 175, 198, 206, 258, 261, 277, 306, 321, 337, 360, 373, 413, 437, 448, 489, 495, 548, 574, 610, 619, 657, 680, 709, 723, 747, 769, 864, 989, 1049, 1064, 1080, 1226, 1244, 1276, 1396, 1786, 1872, 1907, 1996, 2150, 2372, 2506, 2516, 2541, 2568, 2593, 2601, 2747, 2865, 2868, 2871, 3197, 3330, 3448, 3523, 3645, 4042, 4440, 4880]
RKP_05000_01000_3_05.txt|7797.0|0.679327200000003|[1, 7, 8, 11, 15, 16, 19, 25, 26, 29, 32, 34, 37, 48, 49, 54, 56, 143, 162, 184, 219, 285, 344, 348, 365, 372, 491, 501, 513, 555, 620, 638, 692, 768, 912, 985, 1060, 1069, 1090, 1120, 1259, 1261, 1305, 1500, 1516, 1552, 1588, 1619, 1759, 1859, 1909, 1917, 2123, 2298, 2381, 2460, 2634, 2730, 2744, 2920, 2970, 3055, 3106, 3167, 3439, 3440, 3469, 3558, 3584, 3635, 4338]
RKP_05000_01000_3_06.txt|8327.0|0.6728051999999991|[1, 3, 4, 6, 7, 12, 39, 41, 45, 46, 55, 76, 85, 86, 94, 124, 184, 193, 206, 213, 227, 249, 276, 286, 287, 288, 368, 404, 418, 431, 469, 488, 573, 603, 623, 665, 686, 734, 756, 760, 801, 813, 839, 859, 889, 931, 946, 1030, 1035, 1119, 1296, 1359, 1466, 1522, 1551, 1610, 1640, 1917, 1978, 2026, 2251, 2741, 2756, 2799, 2936, 3214, 3264, 3324, 3433, 3533, 4000, 4258, 4315, 4322, 4582, 4808, 4911]
RKP_05000_01000_3_07.txt|8436.0|0.7178266999999963|[2, 5, 8, 13, 18, 31, 33, 36, 60, 73, 75, 76, 79, 84, 94, 100, 125, 136, 146, 214, 216, 218, 220, 291, 293, 295, 360, 398, 411, 413, 417, 422, 427, 477, 487, 527, 593, 608, 658, 708, 762, 790, 827, 849, 883, 884, 891, 896, 991, 1003, 1044, 1055, 1123, 1262, 1368, 1470, 1544, 1783, 1789, 1792, 1998, 2357, 2448, 2587, 2716, 2900, 2966, 3085, 3146, 3323, 3438, 3628, 3731, 3854, 3996, 4131, 4233]
RKP_05000_01000_3_08.txt|8394.0|0.6177563000000035|[4, 13, 14, 22, 26, 28, 36, 73, 77, 80, 134, 152, 154, 162, 214, 217, 226, 250, 260, 270, 279, 301, 331, 394, 405, 431, 474, 489, 525, 556, 654, 656, 686, 725, 883, 901, 944, 953, 966, 1009, 1036, 1135, 1159, 1258, 1292, 1339, 1395, 1502, 1513, 1588, 1729, 1733, 1967, 1970, 1976, 2019, 2075, 2088, 2364, 2391, 2402, 2484, 2858, 2921, 2977, 3087, 3214, 3237, 3396, 3571, 3808, 4022, 4192, 4463, 4487, 4700]
RKP_05000_01000_3_09.txt|8050.0|0.6114886000000013|[1, 4, 7, 8, 9, 12, 26, 27, 40, 46, 51, 57, 61, 73, 83, 87, 106, 136, 152, 159, 207, 237, 242, 252, 281, 299, 310, 376, 384, 453, 462, 492, 494, 556, 564, 600, 655, 661, 664, 671, 751, 760, 786, 852, 886, 1148, 1189, 1313, 1322, 1471, 1684, 1857, 1978, 2024, 2051, 2055, 2401, 2486, 2497, 2511, 2621, 2680, 2941, 3256, 3257, 3392, 3443, 3538, 3572, 3618, 3868, 4136, 4292]
RKP_05000_01000_3_10.txt|8451.0|0.630062499999994|[1, 2, 3, 6, 13, 14, 16, 25, 33, 50, 52, 62, 69, 119, 145, 149, 191, 196, 219, 235, 270, 287, 312, 369, 383, 393, 413, 416, 434, 445, 446, 456, 692, 808, 811, 876, 907, 1019, 1093, 1125, 1184, 1192, 1329, 1343, 1530, 1635, 1785, 1854, 2030, 2061, 2189, 2213, 2224, 2322, 2417, 2458, 2749, 2764, 2813, 2877, 2894, 2915, 2940, 3026, 3127, 3150, 3234, 3240, 3251, 3435, 3589, 3788, 4052, 4143, 4466, 4631, 4747]
RKP_05000_01000_4_01.txt|999.0|0.529302400000006|[4453]
RKP_05000_01000_4_02.txt|1000.0|0.5072483999999946|[4971]
RKP_05000_01000_4_03.txt|1000.0|0.5602918000000017|[4966]
RKP_05000_01000_4_04.txt|998.0|0.5109389999999934|[4642]
RKP_05000_01000_4_05.txt|1000.0|0.509726900000004|[4701]
RKP_05000_01000_4_06.txt|999.0|0.5492567000000008|[4993]
RKP_05000_01000_4_07.txt|1000.0|0.5126824000000028|[4666]
RKP_05000_01000_4_08.txt|999.0|0.5600560999999971|[4976]
RKP_05000_01000_4_09.txt|1000.0|0.517236099999991|[4561]
RKP_05000_01000_4_10.txt|1000.0|0.5182676000000015|[4780]
RKP_05000_01000_5_01.txt|1000.0|0.5883192000000008|[24, 2597, 4760]
RKP_05000_01000_5_02.txt|1000.0|0.5595842000000033|[1, 7, 110, 767, 992, 1010]
RKP_05000_01000_5_03.txt|1000.0|0.556005099999993|[73, 104, 109, 323, 842, 911, 1029, 1202, 1899, 2090]
RKP_05000_01000_5_04.txt|1000.0|0.6042438000000061|[4988]
RKP_05000_01000_5_05.txt|1000.0|0.5595685999999915|[21, 108, 992, 1019, 1150, 2108]
RKP_05000_01000_5_06.txt|1000.0|0.5593760000000003|[4957]
RKP_05000_01000_5_07.txt|1000.0|0.5995981000000086|[108, 228, 959, 1235, 1735, 2269, 3918]
RKP_05000_01000_5_08.txt|1000.0|0.5549124000000063|[10, 100, 756, 758, 957, 1150, 1181, 1502, 1828]
RKP_05000_01000_5_09.txt|1000.0|0.6129514|[10, 896, 2715, 4451]
RKP_05000_01000_5_10.txt|1000.0|0.5654156000000086|[380, 685, 1447, 2933, 3315]
RKP_05000_05000_1_01.txt|214173.0|0.8654123999999968|[2, 3, 21, 33, 36, 50, 74, 75, 78, 100, 134, 149, 168, 174, 203, 226, 239, 248, 254, 255, 263, 279, 290, 457, 477, 496, 498, 522, 604, 606, 688, 747, 826, 940, 981, 1200, 1201, 1235, 1247, 1260, 1270, 1293, 1416, 1437, 1543, 1595, 1674, 1850, 1939, 2195, 2321, 2685, 2687, 2808, 2945, 2997, 3266, 3721, 4077, 4308, 4862]
RKP_05000_05000_1_02.txt|262818.0|0.8537189999999981|[1, 2, 4, 8, 9, 10, 18, 21, 24, 38, 45, 55, 59, 89, 94, 104, 113, 117, 238, 240, 269, 297, 310, 334, 341, 361, 378, 396, 444, 470, 474, 537, 712, 771, 785, 787, 805, 903, 1005, 1041, 1044, 1069, 1075, 1107, 1115, 1152, 1203, 1309, 1374, 1390, 1459, 1722, 1855, 1987, 2039, 2066, 2174, 2177, 2306, 2322, 2501, 2667, 2706, 3059, 3754, 3842, 3921, 3940, 4197, 4382, 4402, 4712, 4832]
RKP_05000_05000_1_03.txt|232525.0|0.8267864000000031|[1, 2, 7, 8, 18, 25, 39, 46, 62, 63, 78, 80, 86, 110, 115, 231, 233, 249, 318, 339, 361, 393, 426, 429, 434, 435, 451, 482, 504, 557, 582, 583, 586, 811, 847, 901, 904, 1098, 1099, 1115, 1261, 1265, 1290, 1309, 1329, 1414, 1441, 1477, 1594, 1728, 1775, 2264, 2438, 2630, 2760, 2859, 3247, 3414, 3443, 3490, 3493, 3512, 3593, 4284, 4374, 4414]
RKP_05000_05000_1_04.txt|250200.0|0.7943611999999973|[1, 3, 5, 9, 12, 24, 25, 34, 38, 48, 75, 76, 81, 85, 90, 105, 130, 135, 145, 148, 169, 189, 222, 240, 291, 318, 332, 368, 376, 390, 408, 422, 484, 557, 559, 675, 787, 809, 814, 831, 1072, 1389, 1417, 1418, 1675, 1677, 1753, 1758, 1859, 1938, 2003, 2036, 2051, 2061, 2255, 2312, 2323, 2328, 2372, 2581, 2584, 2813, 2991, 3260, 3305, 3547, 3651, 3802, 3813, 3850, 4260, 4668]
RKP_05000_05000_1_05.txt|239916.0|0.9424643999999915|[1, 2, 3, 8, 12, 22, 32, 33, 38, 46, 55, 62, 127, 130, 139, 143, 153, 210, 214, 226, 227, 245, 261, 301, 348, 378, 403, 463, 471, 559, 582, 677, 694, 918, 923, 950, 992, 1003, 1050, 1088, 1098, 1281, 1432, 1460, 1483, 1662, 1668, 1692, 1750, 1887, 1929, 1993, 2025, 2045, 2118, 2138, 2223, 2309, 2352, 2411, 2467, 2579, 2657, 2804, 3024, 3175, 3186, 3722, 4208, 4354, 4846]
RKP_05000_05000_1_06.txt|230917.0|0.7907057999999978|[2, 7, 18, 20, 23, 40, 43, 46, 64, 66, 71, 82, 85, 87, 113, 120, 243, 338, 363, 378, 396, 407, 427, 462, 514, 568, 581, 608, 613, 621, 649, 651, 693, 707, 715, 813, 825, 830, 850, 925, 956, 1041, 1065, 1154, 1227, 1280, 1308, 1508, 1730, 1821, 1927, 1981, 2048, 2132, 2204, 2210, 2240, 2309, 2386, 2509, 2701, 2729, 2949, 3361, 3549, 3938, 3978, 4076, 4540, 4561, 4692]
RKP_05000_05000_1_07.txt|213331.0|0.8627359000000041|[1, 2, 3, 4, 7, 8, 10, 15, 29, 30, 31, 44, 57, 79, 83, 153, 175, 182, 190, 230, 237, 248, 249, 266, 287, 294, 303, 346, 380, 381, 415, 457, 478, 529, 536, 575, 667, 730, 739, 785, 829, 864, 873, 935, 1228, 1263, 1267, 1315, 1375, 1406, 1520, 1616, 1820, 1849, 1894, 1897, 2273, 2529, 2688, 2725, 2854, 3045, 3965, 4149, 4260, 4664]
RKP_05000_05000_1_08.txt|211268.0|0.8568989999999985|[1, 2, 3, 16, 30, 38, 41, 91, 95, 97, 122, 124, 156, 171, 192, 253, 275, 280, 314, 342, 371, 392, 402, 451, 471, 512, 523, 560, 596, 674, 706, 764, 836, 984, 1167, 1179, 1247, 1421, 1439, 1546, 1549, 1552, 1562, 1737, 1941, 2042, 2047, 2236, 2285, 2312, 2428, 2525, 2536, 2600, 2643, 2676, 2805, 2813, 3599, 3666, 3744, 3792, 3833, 3998, 4080, 4195, 4527]
RKP_05000_05000_1_09.txt|228839.0|0.7311158999999918|[1, 2, 3, 5, 6, 29, 42, 55, 62, 66, 77, 113, 126, 139, 151, 160, 170, 196, 221, 234, 245, 299, 312, 325, 339, 404, 438, 448, 460, 475, 537, 539, 542, 563, 565, 632, 642, 682, 701, 820, 847, 871, 921, 936, 1006, 1227, 1245, 1254, 1269, 1314, 1350, 1396, 1416, 1458, 1466, 1592, 1635, 1788, 1917, 2016, 2143, 2450, 2593, 2636, 2834, 2837, 3197, 4248, 4486, 4489, 4615]
RKP_05000_05000_1_10.txt|197687.0|0.8071483000000086|[7, 10, 14, 18, 38, 60, 78, 89, 92, 144, 153, 185, 278, 286, 322, 380, 414, 428, 467, 472, 519, 609, 659, 746, 756, 803, 813, 867, 909, 959, 981, 1209, 1304, 1340, 1381, 1402, 1504, 1609, 1652, 1766, 2050, 2151, 2281, 2500, 2504, 2580, 2608, 2629, 2641, 2870, 3067, 3078, 3101, 3261, 4380]
RKP_05000_05000_2_01.txt|18774.0|1.014501199999998|[1, 5, 18, 19, 33, 52, 65, 70, 93, 106, 235, 279, 293, 383, 391, 411, 475, 515, 748, 750, 866, 953, 986, 1045, 1059, 1308, 1367, 1505, 1665, 1885, 2236, 2251, 2351, 2458, 2582, 2687, 2796, 2937, 3403, 3667, 4544, 4844]
RKP_05000_05000_2_02.txt|17346.0|0.8896312999999907|[5, 14, 15, 56, 102, 208, 220, 530, 563, 582, 598, 677, 685, 710, 1058, 1069, 1154, 1172, 1287, 1437, 1547, 1649, 2244, 2429, 3100, 3126, 3164, 3515, 3641, 3678, 3796, 4007, 4262, 4564, 4674]
RKP_05000_05000_2_03.txt|17195.0|0.9507612000000023|[1, 4, 44, 45, 94, 177, 187, 306, 375, 394, 441, 477, 502, 582, 583, 783, 966, 968, 983, 1122, 1207, 1269, 1307, 1422, 1429, 1432, 2224, 2272, 2579, 2790, 2869, 3090, 3428, 3630, 3839, 3957, 4235, 4296, 4565, 4939]
RKP_05000_05000_2_04.txt|21941.0|0.8640821000000045|[1, 2, 3, 4, 21, 23, 27, 37, 47, 71, 78, 115, 122, 126, 131, 147, 165, 177, 187, 206, 238, 307, 314, 322, 340, 346, 406, 422, 455, 554, 583, 625, 637, 655, 832, 893, 1068, 1124, 1223, 1329, 1335, 1412, 1508, 1519, 1525, 1586, 1606, 1965, 2308, 2382, 2632, 2705, 2773, 3257, 3288]
RKP_05000_05000_2_05.txt|19140.0|0.9052045000000106|[4, 5, 13, 34, 47, 66, 70, 103, 113, 119, 128, 142, 145, 163, 317, 350, 370, 481, 501, 513, 551, 734, 858, 914, 928, 932, 976, 1011, 1022, 1034, 1103, 1153, 1219, 1232, 1260, 1289, 1456, 1588, 1768, 1813, 2057, 2493, 3472, 3604, 4182, 4330]
RKP_05000_05000_2_06.txt|15930.0|1.0037331000000052|[8, 30, 43, 51, 110, 136, 264, 303, 373, 437, 449, 629, 689, 731, 785, 786, 832, 866, 872, 912, 976, 985, 1070, 1073, 1097, 1256, 1638, 1805, 2245, 2653, 3064, 3105, 3580, 3746, 3749, 3764]
RKP_05000_05000_2_07.txt|17967.0|0.9098678000000007|[26, 30, 36, 129, 152, 199, 212, 253, 264, 273, 383, 411, 428, 436, 528, 624, 631, 725, 903, 926, 932, 989, 1049, 1115, 1137, 1197, 1326, 1361, 1438, 1460, 1581, 1730, 1734, 1819, 1958, 2045, 2118, 2838, 3005, 3060, 3396, 3935, 3995, 4066, 4239, 4779]
RKP_05000_05000_2_08.txt|19554.0|0.8799471999999895|[2, 17, 20, 83, 112, 116, 125, 127, 155, 179, 192, 274, 286, 332, 449, 551, 603, 659, 746, 760, 811, 899, 919, 944, 953, 1239, 1262, 1464, 1479, 1520, 1692, 1834, 1835, 2024, 2219, 2345, 2350, 2598, 2814, 2906, 3119, 3257, 3356, 3617, 4071, 4709]
RKP_05000_05000_2_09.txt|21090.0|0.8936498999999998|[1, 2, 3, 4, 7, 36, 44, 45, 60, 61, 68, 82, 83, 84, 105, 128, 129, 137, 157, 164, 180, 184, 234, 327, 360, 385, 394, 413, 423, 519, 634, 681, 893, 899, 973, 1177, 1179, 1213, 1231, 1308, 1378, 1478, 1482, 1771, 1802, 2129, 2432, 2551, 2555, 2889, 3741, 4959]
RKP_05000_05000_2_10.txt|18522.0|0.9476367000000039|[1, 2, 6, 14, 23, 42, 70, 82, 97, 185, 205, 233, 261, 311, 330, 351, 424, 468, 546, 557, 595, 666, 725, 856, 899, 1055, 1060, 1115, 1136, 1167, 1530, 1620, 1908, 1950, 1960, 2189, 2524, 2605, 2732, 2854, 2884, 3467, 3568, 3618, 4670]
RKP_05000_05000_3_01.txt|42692.0|0.8107548999999921|[4, 6, 10, 16, 17, 21, 38, 39, 42, 45, 54, 55, 56, 58, 79, 83, 88, 94, 96, 102, 106, 120, 132, 137, 144, 169, 171, 336, 449, 452, 480, 499, 510, 521, 528, 530, 563, 595, 625, 628, 638, 646, 736, 787, 800, 814, 870, 926, 1004, 1075, 1080, 1223, 1290, 1328, 1409, 1410, 1429, 1430, 1664, 1846, 1850, 1887, 2024, 2100, 2145, 2266, 2312, 2454, 2544, 2738, 2781, 2831, 2987, 3210, 3715, 4060, 4143, 4348]
RKP_05000_05000_3_02.txt|39263.0|0.9393342999999987|[1, 2, 4, 9, 25, 30, 31, 32, 33, 38, 42, 45, 50, 51, 55, 58, 99, 104, 117, 133, 151, 155, 217, 221, 227, 303, 364, 407, 443, 507, 509, 601, 773, 885, 955, 969, 970, 985, 1093, 1146, 1151, 1198, 1220, 1238, 1457, 1509, 1675, 1914, 1970, 2025, 2038, 2203, 2209, 2259, 2320, 2345, 2392, 2529, 2826, 3230, 3282, 3478, 3779, 3922, 4027, 4134, 4175, 4221, 4488, 4553, 4589]
RKP_05000_05000_3_03.txt|43213.0|0.8339057000000025|[1, 2, 3, 4, 12, 13, 21, 25, 42, 46, 67, 79, 88, 90, 116, 126, 127, 128, 185, 194, 219, 223, 242, 244, 281, 323, 350, 366, 433, 489, 523, 542, 553, 554, 592, 636, 682, 703, 706, 742, 763, 826, 856, 937, 950, 963, 970, 1011, 1029, 1061, 1099, 1129, 1187, 1255, 1505, 1547, 1613, 1630, 1677, 1696, 1715, 1729, 1777, 1800, 1875, 1911, 1960, 2297, 2430, 2585, 2713, 2750, 3112, 3385, 3389, 3452, 3819, 3909, 4032]
RKP_05000_05000_3_04.txt|43468.0|0.9500031999999976|[1, 4, 5, 9, 11, 12, 14, 24, 27, 51, 61, 71, 94, 109, 141, 156, 169, 173, 177, 183, 229, 249, 256, 282, 304, 343, 375, 404, 412, 454, 455, 476, 479, 505, 585, 599, 642, 648, 718, 779, 843, 868, 907, 922, 936, 965, 1033, 1119, 1208, 1276, 1302, 1454, 1464, 1589, 1639, 1793, 2356, 2428, 2441, 2547, 2551, 2561, 2704, 2727, 2854, 2915, 3065, 3143, 3391, 3454, 3523, 3543, 3625, 3841, 3856, 3870, 3872, 4104, 4678]
RKP_05000_05000_3_05.txt|40394.0|0.9418143000000043|[2, 5, 8, 12, 13, 15, 17, 20, 24, 34, 44, 50, 58, 70, 72, 75, 81, 97, 111, 115, 139, 141, 150, 166, 203, 207, 249, 259, 317, 331, 368, 372, 375, 406, 537, 555, 617, 628, 729, 779, 814, 816, 945, 958, 969, 984, 1004, 1044, 1182, 1506, 1519, 1640, 1664, 1680, 1686, 1758, 1771, 1843, 1852, 1951, 1960, 1982, 2428, 2606, 2910, 2994, 3119, 3138, 3566, 3569, 4138, 4267, 4618, 4707]
RKP_05000_05000_3_06.txt|41245.99999999904|0.9391776000000078|[1, 4, 6, 7, 8, 22, 23, 28, 30, 43, 44, 48, 55, 78, 101, 115, 125, 130, 165, 213, 234, 239, 285, 313, 377, 382, 386, 403, 430, 480, 607, 617, 618, 645, 671, 737, 756, 817, 839, 845, 924, 1005, 1104, 1115, 1123, 1190, 1191, 1215, 1323, 1370, 1678, 1804, 1939, 1989, 2035, 2100, 2115, 2185, 2300, 2334, 2338, 2537, 2626, 2697, 2724, 2793, 3065, 3251, 3325, 3359, 3441, 3857, 3946, 4129, 4180, 4300]
RKP_05000_05000_3_07.txt|39384.0|0.9434409999999929|[1, 2, 4, 5, 6, 13, 38, 47, 58, 70, 82, 88, 124, 143, 161, 217, 220, 231, 232, 304, 348, 459, 462, 487, 490, 525, 609, 684, 717, 718, 739, 766, 796, 813, 817, 835, 866, 924, 1049, 1090, 1213, 1279, 1338, 1375, 1420, 1497, 1579, 1584, 1664, 1721, 1728, 1818, 1964, 2077, 2093, 2201, 2255, 2287, 2345, 2399, 2476, 2511, 2551, 2643, 2747, 2824, 3320, 3347, 3987, 4656, 4816]
RKP_05000_05000_3_08.txt|39704.0|0.8546935999999903|[1, 2, 4, 9, 14, 16, 18, 22, 28, 38, 39, 43, 48, 54, 60, 78, 105, 110, 122, 128, 147, 150, 191, 205, 241, 294, 338, 351, 391, 430, 433, 484, 524, 633, 640, 702, 742, 752, 762, 784, 828, 857, 876, 938, 993, 1042, 1104, 1105, 1145, 1224, 1244, 1311, 1371, 1450, 1613, 1833, 1856, 1969, 2221, 2250, 2393, 2413, 2446, 2528, 2700, 2750, 3102, 3711, 4022, 4469, 4731, 4805]
RKP_05000_05000_3_09.txt|42366.0|0.8211973999999884|[1, 2, 4, 7, 8, 13, 17, 19, 42, 43, 51, 75, 96, 111, 112, 123, 133, 150, 233, 252, 259, 308, 313, 317, 345, 354, 387, 406, 431, 511, 512, 532, 534, 609, 629, 642, 643, 660, 767, 789, 851, 877, 913, 929, 932, 935, 1146, 1162, 1282, 1328, 1343, 1549, 1667, 1727, 1813, 1933, 1945, 2090, 2166, 2427, 2435, 2484, 2746, 2838, 2885, 2926, 2994, 3338, 3453, 3677, 3684, 4052, 4240, 4246, 4313, 4338, 4789, 4825]
RKP_05000_05000_3_10.txt|42167.0|1.0367722000000015|[1, 2, 3, 4, 10, 13, 26, 44, 48, 49, 51, 57, 59, 60, 96, 102, 120, 128, 137, 227, 243, 276, 278, 313, 394, 402, 405, 481, 490, 535, 576, 577, 607, 632, 668, 675, 716, 893, 952, 1062, 1075, 1099, 1135, 1202, 1224, 1258, 1284, 1307, 1358, 1405, 1559, 1567, 1639, 1653, 1714, 1786, 2521, 2536, 2573, 2643, 2698, 2748, 2923, 2953, 3222, 3301, 3454, 3459, 3468, 3531, 3759, 3824, 3937, 4381, 4391, 4394, 4808]
RKP_05000_05000_4_01.txt|4996.0|0.6845411000000041|[4876]
RKP_05000_05000_4_02.txt|4996.0|0.6922106000000099|[4658]
RKP_05000_05000_4_03.txt|5000.0|0.7201811000000049|[4795]
RKP_05000_05000_4_04.txt|4996.0|0.6701352999999983|[4908]
RKP_05000_05000_4_05.txt|4999.0|0.7283180999999956|[4718]
RKP_05000_05000_4_06.txt|5000.0|0.6966820000000098|[4625]
RKP_05000_05000_4_07.txt|5000.0|0.6565502999999921|[4778]
RKP_05000_05000_4_08.txt|4996.0|0.7056883000000056|[4788]
RKP_05000_05000_4_09.txt|5000.0|0.6840732999999943|[4988]
RKP_05000_05000_4_10.txt|4993.0|0.6592157999999984|[4771]
RKP_05000_05000_5_01.txt|5000.0|0.9961095000000029|[376, 1090, 1209, 2156, 2182, 2660, 3091, 4363]
RKP_05000_05000_5_02.txt|5000.0|0.7681394000000097|[95, 209, 1232, 2086, 3301]
RKP_05000_05000_5_03.txt|5000.0|0.7989074000000045|[101, 426, 500, 847, 882, 905, 1319, 4608]
RKP_05000_05000_5_04.txt|5000.0|0.883766399999999|[950, 2691, 2881, 3542]
RKP_05000_05000_5_05.txt|5000.0|0.8365782999999993|[1, 48, 136, 324, 880, 1018, 1194, 1258, 1398, 2655, 3399]
RKP_05000_05000_5_06.txt|5000.0|0.8050905000000057|[886, 1032, 1122, 1446]
RKP_05000_05000_5_07.txt|5000.0|0.8619156000000032|[286, 315, 497, 1400, 1811, 2311, 2611, 2940, 4051, 4323]
RKP_05000_05000_5_08.txt|5000.0|0.8779447000000005|[34, 153, 264, 609, 724, 1542, 2277, 2352, 3040]
RKP_05000_05000_5_09.txt|5000.0|0.8145778000000092|[97, 356, 1369, 1658, 2104, 2523]
RKP_05000_05000_5_10.txt|5000.0|0.8264891000000034|[120, 327, 428, 1521, 2817, 2936]
