RKP_00100_00100_1_01.txt|696.0|0.11675089999999999|[1, 3, 10, 15, 17, 22, 24, 28, 29, 54]
RKP_00100_00100_1_02.txt|825.0|0.09165329999999994|[1, 2, 9, 15, 31, 37, 44, 47, 48, 50, 56, 91]
RKP_00100_00100_1_03.txt|644.0|0.1061339|[1, 2, 4, 12, 14, 15, 16, 34, 63, 70]
RKP_00100_00100_1_04.txt|657.0|0.10955649999999995|[2, 4, 6, 7, 9, 10, 15, 43, 74]
RKP_00100_00100_1_05.txt|672.0|0.09199319999999989|[1, 11, 14, 16, 20, 22, 30, 44, 66, 79]
RKP_00100_00100_1_06.txt|966.0|0.06783129999999993|[12, 16, 17, 20, 31, 34, 47, 48, 50, 55, 57, 97]
RKP_00100_00100_1_07.txt|510.0|0.08886970000000005|[5, 9, 13, 39, 46, 51, 58, 60]
RKP_00100_00100_1_08.txt|845.0|0.08425600000000011|[1, 2, 5, 6, 7, 12, 13, 19, 24, 30, 36, 76, 87, 88, 92]
RKP_00100_00100_1_09.txt|615.0|0.06545310000000004|[5, 8, 16, 18, 23, 24, 29, 42, 52]
RKP_00100_00100_1_10.txt|726.0|0.07004940000000004|[1, 2, 4, 5, 11, 13, 15, 18, 20, 24, 27, 33]
RKP_00100_00100_2_01.txt|161.0|0.0664283000000001|[1, 6, 20, 22, 27, 41, 43, 68]
RKP_00100_00100_2_02.txt|167.0|0.08427459999999987|[4, 5, 8, 9, 28, 30, 36, 40, 47, 80]
RKP_00100_00100_2_03.txt|157.0|0.10043059999999993|[3, 5, 16, 20, 25, 31, 48, 51, 59, 75]
RKP_00100_00100_2_04.txt|162.0|0.0783001000000001|[2, 8, 9, 11, 14, 18, 26, 50]
RKP_00100_00100_2_05.txt|141.0|0.08361700000000005|[8, 13, 29, 30, 32, 64, 82]
RKP_00100_00100_2_06.txt|130.0|0.07255710000000004|[3, 8, 23, 38, 67, 79]
RKP_00100_00100_2_07.txt|153.0|0.09068589999999999|[3, 7, 15, 22, 28, 36, 63]
RKP_00100_00100_2_08.txt|142.0|0.06948260000000017|[2, 5, 6, 15, 16, 28, 48]
RKP_00100_00100_2_09.txt|145.0|0.07374619999999998|[4, 7, 9, 20, 37, 38, 42, 75]
RKP_00100_00100_2_10.txt|153.0|0.06759829999999978|[1, 2, 14, 27, 40, 64, 65, 81]
RKP_00100_00100_3_01.txt|210.0|0.06524239999999981|[1, 3, 5, 6, 8, 10, 21, 22, 24, 29, 47]
RKP_00100_00100_3_02.txt|209.0|0.08532160000000033|[1, 7, 8, 10, 17, 24, 25, 48, 52, 56, 59]
RKP_00100_00100_3_03.txt|240.0|0.0819706|[2, 4, 6, 12, 13, 14, 15, 19, 23, 45, 46, 49, 66, 75]
RKP_00100_00100_3_04.txt|220.0|0.08243910000000021|[1, 3, 6, 8, 9, 15, 21, 26, 34, 42, 48, 50]
RKP_00100_00100_3_05.txt|208.0|0.08743949999999989|[1, 3, 6, 7, 12, 14, 15, 22, 33, 52, 72]
RKP_00100_00100_3_06.txt|250.0|0.06774159999999974|[1, 2, 3, 4, 8, 10, 11, 16, 19, 27, 31, 40, 66, 72, 95]
RKP_00100_00100_3_07.txt|218.0|0.08066289999999965|[2, 5, 7, 8, 14, 27, 50, 55, 67, 72, 83, 89]
RKP_00100_00100_3_08.txt|210.0|0.09103869999999992|[1, 2, 7, 9, 11, 12, 15, 18, 58, 62, 70]
RKP_00100_00100_3_09.txt|190.0|0.08088359999999994|[1, 4, 8, 9, 32, 35, 42, 57, 82]
RKP_00100_00100_3_10.txt|237.0|0.08654319999999993|[1, 5, 6, 20, 45, 46, 47, 54, 60, 61, 66, 67, 69, 93]
RKP_00100_00100_4_01.txt|100.0|0.058232099999999676|[97]
RKP_00100_00100_4_02.txt|100.0|0.054612899999999964|[88]
RKP_00100_00100_4_03.txt|100.0|0.054142500000000204|[84]
RKP_00100_00100_4_04.txt|100.0|0.055165300000000084|[95]
RKP_00100_00100_4_05.txt|100.0|0.05794080000000035|[87]
RKP_00100_00100_4_06.txt|97.0|0.055663099999999854|[95]
RKP_00100_00100_4_07.txt|98.0|0.054359999999999964|[98]
RKP_00100_00100_4_08.txt|98.0|0.05402880000000021|[99]
RKP_00100_00100_4_09.txt|99.0|0.058685499999999724|[89]
RKP_00100_00100_4_10.txt|98.0|0.055755599999999905|[88]
RKP_00100_00100_5_01.txt|100.0|0.05744719999999992|[1, 94]
RKP_00100_00100_5_02.txt|100.0|0.059675400000000156|[1, 42, 91]
RKP_00100_00100_5_03.txt|100.0|0.057304500000000314|[99]
RKP_00100_00100_5_04.txt|100.0|0.05856360000000027|[1, 70, 81]
RKP_00100_00100_5_05.txt|100.0|0.05712629999999974|[1, 96]
RKP_00100_00100_5_06.txt|100.0|0.054972199999999916|[96]
RKP_00100_00100_5_07.txt|100.0|0.05856259999999969|[3, 14, 23, 27, 36, 46]
RKP_00100_00100_5_08.txt|100.0|0.05607369999999978|[47, 52]
RKP_00100_00100_5_09.txt|100.0|0.05792900000000056|[1, 85]
RKP_00100_00100_5_10.txt|100.0|0.05709959999999992|[6, 7, 82]
RKP_00500_00100_1_01.txt|1654.0|0.12520690000000023|[2, 3, 4, 5, 6, 17, 25, 27, 38, 40, 75, 120, 129, 131, 140, 148, 168, 211, 222, 269, 274, 280, 284, 304, 500]
RKP_00500_00100_1_02.txt|1415.0|0.11608260000000037|[4, 13, 14, 30, 62, 77, 87, 88, 89, 102, 109, 132, 170, 175, 205, 288, 289, 351, 394, 433]
RKP_00500_00100_1_03.txt|1288.0|0.12727540000000026|[1, 5, 11, 15, 16, 30, 32, 40, 73, 111, 113, 139, 147, 158, 164, 227, 228, 326, 360, 477, 496]
RKP_00500_00100_1_04.txt|1572.0|0.13069859999999967|[5, 11, 23, 41, 48, 59, 64, 65, 93, 94, 121, 156, 197, 245, 252, 254, 258, 315, 359, 467]
RKP_00500_00100_1_05.txt|1579.0|0.13163189999999947|[1, 2, 3, 6, 10, 11, 17, 18, 23, 24, 25, 26, 72, 76, 104, 116, 136, 192, 215, 292, 320, 363, 402]
RKP_00500_00100_1_06.txt|1888.0|0.09464909999999982|[2, 3, 5, 13, 16, 22, 30, 34, 35, 52, 53, 83, 89, 107, 131, 165, 189, 190, 211, 225, 230, 240, 281, 411, 490, 491]
RKP_00500_00100_1_07.txt|1919.0|0.1045265999999998|[2, 5, 7, 16, 21, 22, 31, 40, 47, 49, 80, 94, 97, 126, 133, 147, 165, 183, 192, 206, 257, 322, 359, 410, 461, 469, 492]
RKP_00500_00100_1_08.txt|1640.0|0.1630478000000002|[1, 2, 3, 4, 10, 16, 29, 32, 35, 63, 106, 122, 146, 149, 156, 165, 167, 185, 225, 258, 332, 378, 450]
RKP_00500_00100_1_09.txt|1578.0|0.15712749999999964|[1, 2, 11, 16, 19, 39, 48, 54, 56, 77, 108, 148, 151, 153, 163, 173, 180, 210, 214, 221, 229, 307, 324, 344, 496]
RKP_00500_00100_1_10.txt|1497.0|0.1336434999999998|[1, 2, 3, 5, 14, 15, 21, 31, 33, 59, 62, 75, 78, 84, 109, 110, 162, 214, 234, 277, 342, 413]
RKP_00500_00100_2_01.txt|241.0|0.10397009999999973|[3, 11, 16, 20, 32, 39, 50, 60, 88, 101, 102, 137, 148, 168, 218, 226, 259, 351]
RKP_00500_00100_2_02.txt|238.0|0.11914859999999994|[6, 10, 13, 21, 65, 70, 72, 97, 100, 112, 131, 156, 167, 186, 195, 299, 314, 336, 385, 441]
RKP_00500_00100_2_03.txt|244.0|0.10686319999999938|[2, 3, 13, 18, 21, 24, 31, 37, 38, 60, 64, 71, 100, 107, 113, 135, 142, 151, 154, 155, 164, 166, 343, 382, 436]
RKP_00500_00100_2_04.txt|227.0|0.11334040000000023|[8, 9, 11, 14, 19, 22, 26, 38, 55, 58, 80, 85, 105, 112, 163, 204, 216, 306, 429]
RKP_00500_00100_2_05.txt|233.0|0.09203399999999995|[2, 4, 5, 10, 16, 25, 34, 38, 48, 52, 58, 77, 87, 182, 218, 260, 275, 322, 417, 426]
RKP_00500_00100_2_06.txt|228.0|0.11660429999999966|[1, 3, 5, 9, 15, 18, 27, 35, 47, 50, 53, 57, 70, 117, 150, 155, 203, 239, 302]
RKP_00500_00100_2_07.txt|219.0|0.10753289999999982|[1, 3, 4, 5, 6, 9, 17, 53, 75, 83, 114, 123, 129, 162, 226, 260, 292, 308, 452]
RKP_00500_00100_2_08.txt|194.0|0.08296370000000053|[7, 15, 23, 42, 45, 46, 50, 87, 96, 184, 350, 384, 495]
RKP_00500_00100_2_09.txt|186.0|0.1145567999999999|[2, 16, 17, 38, 39, 52, 70, 108, 115, 176, 277, 304, 335, 426, 433]
RKP_00500_00100_2_10.txt|208.0|0.11854539999999947|[2, 9, 14, 20, 21, 40, 46, 83, 105, 116, 118, 154, 216, 276, 308, 372, 498]
RKP_00500_00100_3_01.txt|338.0|0.10667130000000036|[1, 2, 3, 5, 8, 11, 24, 31, 33, 38, 43, 64, 77, 78, 96, 143, 148, 158, 223, 225, 227, 240, 344, 401]
RKP_00500_00100_3_02.txt|400.0|0.1050027|[1, 4, 5, 7, 20, 26, 32, 38, 39, 56, 64, 68, 73, 103, 110, 111, 143, 152, 160, 162, 167, 172, 179, 189, 195, 221, 331, 336, 398, 413]
RKP_00500_00100_3_03.txt|367.0|0.10805009999999982|[1, 2, 9, 11, 14, 26, 40, 45, 52, 71, 75, 93, 113, 118, 126, 139, 142, 148, 191, 198, 258, 264, 266, 292, 351, 444, 454]
RKP_00500_00100_3_04.txt|367.0|0.10161530000000063|[2, 4, 8, 9, 20, 31, 50, 66, 68, 72, 104, 125, 142, 149, 156, 159, 168, 209, 278, 280, 282, 312, 328, 345, 350, 400, 453]
RKP_00500_00100_3_05.txt|391.0|0.10014569999999967|[1, 8, 12, 30, 33, 74, 84, 87, 88, 92, 102, 106, 108, 143, 189, 196, 199, 211, 225, 263, 294, 319, 340, 377, 381, 382, 392, 397, 417, 468]
RKP_00500_00100_3_06.txt|347.0|0.10065170000000023|[1, 2, 4, 5, 11, 12, 16, 19, 24, 45, 52, 56, 67, 73, 90, 91, 137, 186, 189, 199, 204, 242, 281, 311, 316]
RKP_00500_00100_3_07.txt|340.0|0.10369290000000042|[2, 3, 5, 17, 30, 33, 37, 76, 91, 99, 102, 111, 141, 157, 191, 193, 196, 200, 216, 228, 302, 308, 393, 430]
RKP_00500_00100_3_08.txt|414.0|0.10720580000000002|[1, 4, 5, 8, 10, 14, 19, 25, 26, 31, 32, 35, 49, 57, 58, 62, 63, 84, 90, 114, 144, 150, 172, 214, 275, 280, 301, 302, 323, 451, 470, 484]
RKP_00500_00100_3_09.txt|375.0|0.1006639000000007|[1, 2, 3, 4, 12, 13, 24, 54, 58, 59, 63, 70, 90, 104, 108, 115, 148, 154, 169, 171, 173, 221, 231, 263, 294, 315, 347, 434]
RKP_00500_00100_3_10.txt|368.0|0.15533950000000019|[1, 7, 9, 10, 14, 18, 25, 28, 32, 36, 38, 47, 57, 99, 123, 153, 159, 165, 183, 189, 193, 217, 305, 322, 325, 388, 392]
RKP_00500_00100_4_01.txt|100.0|0.07576909999999959|[483]
RKP_00500_00100_4_02.txt|100.0|0.07443000000000044|[488]
RKP_00500_00100_4_03.txt|100.0|0.07367380000000079|[492]
RKP_00500_00100_4_04.txt|100.0|0.07393440000000062|[456]
RKP_00500_00100_4_05.txt|100.0|0.07269039999999993|[447]
RKP_00500_00100_4_06.txt|100.0|0.07529139999999934|[431]
RKP_00500_00100_4_07.txt|100.0|0.07316220000000051|[467]
RKP_00500_00100_4_08.txt|100.0|0.07487970000000033|[449]
RKP_00500_00100_4_09.txt|100.0|0.07654989999999984|[471]
RKP_00500_00100_4_10.txt|100.0|0.07567519999999917|[497]
RKP_00500_00100_5_01.txt|100.0|0.07589890000000032|[10, 96, 102, 160, 337]
RKP_00500_00100_5_02.txt|100.0|0.0758789999999987|[74, 111, 117, 147, 490]
RKP_00500_00100_5_03.txt|100.0|0.07716809999999974|[1, 480]
RKP_00500_00100_5_04.txt|100.0|0.0788486000000006|[1, 471]
RKP_00500_00100_5_05.txt|100.0|0.07951949999999997|[24, 79, 100, 103, 125]
RKP_00500_00100_5_06.txt|100.0|0.07741120000000024|[15, 18, 21, 130, 175, 338, 396]
RKP_00500_00100_5_07.txt|100.0|0.07583019999999863|[1, 485]
RKP_00500_00100_5_08.txt|100.0|0.07738370000000039|[1, 29, 52, 153, 159]
RKP_00500_00100_5_09.txt|100.0|0.07553700000000063|[221, 293]
RKP_00500_00100_5_10.txt|100.0|0.07633820000000036|[1, 55, 175, 210]
RKP_01000_00100_1_01.txt|2007.0|0.1873011000000009|[2, 8, 10, 11, 36, 39, 40, 42, 47, 48, 50, 51, 64, 67, 91, 97, 116, 123, 151, 222, 260, 261, 314, 376, 432, 465, 531, 646]
RKP_01000_00100_1_02.txt|2014.0|0.18707079999999898|[1, 2, 8, 9, 16, 18, 30, 38, 50, 58, 64, 72, 89, 108, 171, 182, 193, 195, 201, 292, 294, 359, 486, 515, 519, 557, 584, 599, 696, 754, 872]
RKP_01000_00100_1_03.txt|2020.0|0.19339240000000046|[2, 4, 19, 32, 48, 50, 56, 114, 116, 121, 128, 145, 172, 174, 182, 199, 252, 268, 326, 330, 366, 483, 498, 535, 725, 754, 800, 813, 869]
RKP_01000_00100_1_04.txt|2221.0|0.18647710000000117|[1, 2, 3, 5, 6, 12, 14, 20, 44, 53, 63, 69, 75, 91, 151, 163, 165, 172, 184, 247, 255, 277, 283, 402, 429, 566, 726, 732, 733, 758, 790, 857]
RKP_01000_00100_1_05.txt|2045.0|0.16836129999999905|[1, 12, 16, 37, 39, 41, 49, 69, 74, 75, 82, 89, 101, 121, 123, 151, 188, 207, 222, 307, 425, 553, 582, 593, 635, 673, 696, 865, 915, 1000]
RKP_01000_00100_1_06.txt|2428.0|0.18329010000000068|[1, 4, 6, 10, 33, 37, 38, 44, 52, 55, 58, 78, 99, 117, 120, 168, 176, 177, 210, 233, 242, 244, 250, 255, 265, 283, 349, 383, 442, 546, 632, 645, 790, 993]
RKP_01000_00100_1_07.txt|2446.0|0.21010699999999893|[1, 2, 3, 7, 18, 19, 37, 42, 49, 80, 86, 88, 90, 127, 128, 129, 130, 146, 190, 204, 226, 342, 368, 372, 382, 436, 440, 476, 484, 556, 641, 778, 874]
RKP_01000_00100_1_08.txt|2166.0|0.20083560000000134|[1, 4, 5, 6, 7, 10, 16, 22, 26, 29, 68, 80, 101, 111, 118, 145, 149, 183, 223, 242, 274, 278, 294, 303, 356, 366, 390, 421, 422, 716, 780, 922]
RKP_01000_00100_1_09.txt|2012.0|0.17902979999999857|[1, 10, 14, 15, 17, 27, 31, 32, 36, 39, 48, 103, 108, 133, 168, 196, 213, 248, 290, 409, 427, 489, 513, 579, 672, 691, 782, 925, 942]
RKP_01000_00100_1_10.txt|2464.0|0.20563819999999922|[1, 4, 8, 19, 37, 43, 50, 55, 76, 104, 111, 158, 159, 188, 198, 221, 253, 295, 331, 368, 399, 466, 480, 491, 534, 618, 663, 669, 748, 754, 785, 805, 813, 825, 931, 968]
RKP_01000_00100_2_01.txt|270.0|0.1210249999999995|[3, 7, 12, 13, 21, 24, 37, 41, 47, 73, 76, 111, 185, 186, 209, 253, 264, 366, 374, 375, 380, 470, 614, 690]
RKP_01000_00100_2_02.txt|256.0|0.1478541|[3, 8, 23, 63, 69, 73, 77, 84, 166, 179, 183, 202, 213, 217, 311, 357, 375, 385, 397, 410, 547, 583, 782, 901, 954]
RKP_01000_00100_2_03.txt|310.0|0.15416729999999923|[5, 13, 33, 55, 58, 64, 81, 84, 87, 97, 123, 124, 141, 171, 256, 282, 330, 335, 340, 347, 394, 404, 416, 417, 420, 746, 854, 897]
RKP_01000_00100_2_04.txt|256.0|0.155011|[11, 21, 24, 35, 37, 58, 60, 74, 94, 106, 123, 130, 147, 184, 207, 428, 443, 553, 698, 782]
RKP_01000_00100_2_05.txt|259.0|0.15312959999999975|[5, 7, 12, 26, 30, 73, 84, 152, 172, 222, 236, 255, 293, 299, 380, 428, 501, 512, 713, 742, 823, 846]
RKP_01000_00100_2_06.txt|300.0|0.14870709999999931|[1, 6, 8, 9, 16, 33, 46, 48, 52, 115, 122, 138, 154, 185, 187, 233, 255, 259, 399, 590, 602, 647, 725, 805, 827, 858, 876]
RKP_01000_00100_2_07.txt|270.0|0.13949800000000145|[1, 2, 3, 7, 20, 61, 81, 173, 208, 284, 305, 337, 378, 433, 444, 457, 480, 520, 531, 597, 682, 783, 796, 821, 950]
RKP_01000_00100_2_08.txt|296.0|0.1343437000000005|[1, 3, 7, 9, 10, 11, 21, 26, 39, 44, 49, 121, 129, 131, 133, 175, 223, 250, 294, 406, 485, 549, 573, 609, 661, 862]
RKP_01000_00100_2_09.txt|260.0|0.14640960000000014|[6, 9, 13, 30, 31, 127, 175, 176, 191, 205, 225, 235, 236, 348, 382, 417, 436, 470, 651, 656, 904, 982]
RKP_01000_00100_2_10.txt|264.0|0.14753490000000014|[1, 4, 15, 30, 42, 56, 58, 122, 163, 164, 191, 252, 309, 314, 341, 402, 409, 412, 443, 521, 522, 548, 700, 710, 755]
RKP_01000_00100_3_01.txt|505.0|0.13021430000000045|[1, 2, 11, 15, 22, 32, 49, 51, 65, 69, 77, 83, 94, 119, 133, 134, 157, 179, 186, 208, 240, 249, 294, 322, 326, 337, 340, 348, 441, 456, 464, 537, 565, 567, 659, 704, 740, 763, 795, 857, 962]
RKP_01000_00100_3_02.txt|478.0|0.12528399999999884|[1, 2, 3, 7, 9, 16, 18, 24, 25, 31, 37, 56, 69, 79, 94, 110, 120, 121, 126, 137, 138, 178, 216, 249, 286, 295, 300, 318, 377, 381, 386, 533, 567, 586, 600, 644, 654, 978]
RKP_01000_00100_3_03.txt|484.0|0.12650589999999973|[1, 3, 13, 17, 22, 31, 44, 46, 54, 62, 84, 89, 93, 99, 142, 143, 170, 180, 204, 222, 270, 321, 325, 378, 382, 392, 431, 443, 448, 530, 580, 625, 652, 692, 720, 738, 797, 822, 836]
RKP_01000_00100_3_04.txt|490.0|0.12606240000000035|[1, 2, 3, 4, 5, 9, 10, 15, 29, 31, 32, 41, 42, 44, 53, 58, 65, 83, 119, 142, 149, 161, 201, 235, 274, 277, 293, 305, 389, 433, 449, 492, 550, 558, 579, 639, 645, 657, 740]
RKP_01000_00100_3_05.txt|418.0|0.1276995999999997|[1, 2, 5, 10, 23, 31, 37, 46, 50, 57, 86, 100, 107, 108, 128, 141, 144, 145, 163, 172, 183, 204, 308, 315, 460, 630, 661, 674, 739, 778, 851, 910]
RKP_01000_00100_3_06.txt|445.0|0.13273669999999882|[1, 4, 5, 6, 7, 13, 14, 15, 16, 18, 22, 25, 28, 36, 37, 63, 66, 71, 112, 153, 204, 207, 217, 224, 239, 242, 249, 278, 347, 450, 471, 543, 886, 901, 970]
RKP_01000_00100_3_07.txt|507.0|0.14219680000000068|[1, 3, 4, 5, 12, 16, 20, 23, 27, 31, 34, 38, 53, 56, 62, 96, 112, 124, 129, 161, 169, 190, 198, 202, 204, 231, 282, 337, 354, 402, 407, 410, 483, 591, 605, 695, 750, 822, 867, 888, 942]
RKP_01000_00100_3_08.txt|430.0|0.12587599999999988|[1, 2, 9, 11, 33, 35, 53, 71, 88, 89, 97, 118, 129, 130, 131, 145, 152, 154, 179, 198, 233, 250, 252, 257, 292, 340, 342, 472, 524, 591, 600, 636, 883]
RKP_01000_00100_3_09.txt|415.0|0.13434529999999967|[1, 3, 4, 9, 16, 17, 23, 26, 39, 66, 77, 83, 126, 127, 141, 185, 211, 216, 228, 318, 385, 403, 446, 471, 480, 563, 578, 647, 758, 825, 885, 930]
RKP_01000_00100_3_10.txt|477.0|0.12540569999999995|[1, 3, 4, 10, 11, 12, 16, 18, 22, 26, 35, 37, 46, 56, 72, 103, 104, 106, 113, 122, 156, 169, 187, 245, 247, 264, 314, 319, 334, 439, 467, 524, 632, 677, 687, 764, 799, 964]
RKP_01000_00100_4_01.txt|100.0|0.09903759999999906|[866]
RKP_01000_00100_4_02.txt|100.0|0.09605720000000062|[858]
RKP_01000_00100_4_03.txt|100.0|0.09855259999999966|[856]
RKP_01000_00100_4_04.txt|100.0|0.09856450000000017|[828]
RKP_01000_00100_4_05.txt|100.0|0.09825850000000003|[851]
RKP_01000_00100_4_06.txt|100.0|0.0989134000000007|[878]
RKP_01000_00100_4_07.txt|100.0|0.0945539999999987|[887]
RKP_01000_00100_4_08.txt|100.0|0.09546379999999921|[847]
RKP_01000_00100_4_09.txt|100.0|0.0985699000000011|[889]
RKP_01000_00100_4_10.txt|100.0|0.09857000000000049|[843]
RKP_01000_00100_5_01.txt|100.0|0.10016659999999966|[10, 876]
RKP_01000_00100_5_02.txt|100.0|0.10282819999999937|[2, 14, 23, 115, 240, 476, 881, 909]
RKP_01000_00100_5_03.txt|100.0|0.10931390000000007|[48, 56, 57, 261, 409, 572, 619, 767]
RKP_01000_00100_5_04.txt|100.0|0.1268830999999988|[108, 517, 615, 871]
RKP_01000_00100_5_05.txt|100.0|0.09899660000000132|[2, 3, 5, 9, 19, 28, 29, 38, 39, 52, 55, 86, 92, 101, 130, 132, 153, 155, 164, 170, 175, 177, 215, 241, 257, 261, 284, 316, 321, 356, 386, 396, 428, 477, 492, 702, 854, 869]
RKP_01000_00100_5_06.txt|100.0|0.10009870000000021|[2, 16, 43, 122, 138, 232, 356, 757]
RKP_01000_00100_5_07.txt|100.0|0.09984959999999887|[105, 162, 169, 171, 617]
RKP_01000_00100_5_08.txt|100.0|0.0982953000000002|[6, 87, 103, 355, 469]
RKP_01000_00100_5_09.txt|100.0|0.1001101000000002|[30, 52, 71, 100, 129, 270, 851]
RKP_01000_00100_5_10.txt|100.0|0.09961640000000038|[37, 42, 132, 181, 241, 378, 873]
RKP_05000_00100_1_01.txt|4650.0|0.6050725000000003|[1, 3, 4, 5, 7, 8, 9, 13, 16, 20, 21, 22, 24, 31, 49, 51, 59, 68, 89, 99, 115, 116, 150, 155, 302, 343, 465, 518, 540, 553, 642, 801, 847, 852, 904, 1021, 1181, 1207, 1268, 1275, 1277, 1366, 1373, 1406, 1482, 1485, 1568, 1700, 1839, 2003, 2091, 2106, 2398, 2478, 2505, 2548, 2556, 2692, 3411, 3645, 3733, 4536, 4545]
RKP_05000_00100_1_02.txt|4481.0|0.6623217999999973|[1, 2, 16, 18, 28, 31, 42, 44, 51, 57, 60, 73, 75, 99, 104, 130, 135, 151, 171, 174, 275, 277, 304, 347, 350, 357, 374, 420, 437, 463, 501, 601, 716, 794, 892, 1099, 1201, 1210, 1432, 1720, 1821, 1908, 1929, 2337, 2586, 2669, 2809, 2939, 3013, 3158, 3415, 3648, 4066, 4071, 4311, 4339, 4439, 4651]
RKP_05000_00100_1_03.txt|4460.0|0.6029663000000021|[1, 2, 5, 6, 7, 10, 22, 26, 27, 52, 81, 114, 136, 156, 193, 203, 207, 219, 304, 326, 350, 401, 436, 591, 612, 656, 793, 929, 961, 1020, 1035, 1044, 1069, 1154, 1171, 1283, 1355, 1417, 1588, 1634, 1880, 2382, 2442, 2646, 2797, 2992, 3005, 3036, 3127, 3261, 3382, 3471, 3686, 3801, 4053, 4396, 4436, 4798]
RKP_05000_00100_1_04.txt|4154.0|0.6514193000000006|[2, 5, 7, 20, 23, 26, 38, 41, 69, 78, 104, 131, 135, 147, 203, 205, 233, 378, 416, 444, 455, 557, 579, 651, 713, 795, 868, 979, 997, 1048, 1210, 1521, 1527, 1633, 1675, 1764, 1814, 1931, 2030, 2255, 2304, 2528, 2565, 2594, 2831, 2859, 2934, 3006, 3064, 3085, 3198, 3225, 3336, 3474, 3605, 3644, 4320, 4377, 4470, 4914]
RKP_05000_00100_1_05.txt|4178.0|0.6793945000000008|[2, 4, 8, 13, 14, 16, 20, 23, 30, 33, 38, 44, 53, 60, 64, 81, 92, 96, 101, 106, 119, 158, 174, 230, 270, 288, 306, 386, 427, 428, 507, 527, 541, 542, 608, 644, 660, 907, 1088, 1169, 1309, 1432, 1433, 1759, 2347, 2447, 2537, 2549, 2850, 2922, 2995, 3160, 3856, 4179, 4251, 4588, 4969]
RKP_05000_00100_1_06.txt|4168.000000000001|0.6404022999999981|[2, 3, 7, 8, 9, 11, 14, 17, 18, 21, 25, 41, 44, 45, 55, 62, 73, 111, 115, 122, 133, 139, 147, 152, 171, 208, 219, 238, 329, 377, 457, 569, 645, 694, 701, 745, 747, 807, 866, 888, 896, 912, 920, 1186, 1259, 1279, 1319, 1512, 1542, 1606, 1799, 2000, 2510, 2608, 3167, 3825, 4655]
RKP_05000_00100_1_07.txt|4742.0|0.5969496000000021|[1, 3, 4, 5, 11, 13, 30, 32, 35, 54, 55, 60, 79, 90, 97, 118, 124, 155, 180, 188, 192, 204, 219, 244, 362, 451, 453, 457, 494, 551, 582, 646, 811, 876, 880, 931, 991, 1149, 1187, 1199, 1222, 1299, 1401, 1437, 1477, 1674, 1758, 1762, 1827, 1913, 2018, 2037, 2041, 2085, 2207, 2367, 2591, 2883, 3111, 3162, 3320, 3419, 3473, 3484, 3566, 4639]
RKP_05000_00100_1_08.txt|4181.0|0.6140744999999974|[1, 6, 29, 48, 52, 54, 72, 82, 137, 148, 179, 183, 186, 215, 260, 264, 266, 275, 276, 288, 300, 341, 345, 441, 502, 538, 739, 745, 777, 779, 816, 820, 865, 906, 985, 1029, 1186, 1318, 1337, 1358, 1632, 1717, 1781, 1908, 2054, 2248, 2250, 2399, 2535, 2780, 2845, 3137, 3259, 3876, 3927, 4344, 4638, 4811, 4998]
RKP_05000_00100_1_09.txt|3940.0|0.6300273000000018|[3, 6, 10, 30, 42, 70, 74, 83, 90, 121, 178, 179, 190, 230, 270, 307, 325, 329, 383, 430, 445, 447, 512, 533, 559, 588, 635, 747, 786, 796, 816, 987, 1184, 1260, 1363, 1387, 1441, 1448, 1736, 1769, 1945, 2596, 2807, 2965, 3051, 3200, 3556, 3572, 3704, 3759, 4062, 4135, 4156, 4220, 4424]
RKP_05000_00100_1_10.txt|4444.0|0.6167407000000011|[8, 13, 15, 20, 25, 26, 43, 48, 60, 83, 90, 111, 134, 143, 153, 176, 180, 189, 230, 304, 321, 352, 363, 385, 429, 437, 445, 482, 484, 564, 612, 629, 654, 662, 714, 805, 930, 952, 956, 1091, 1221, 1342, 1350, 1395, 1422, 1517, 1804, 2028, 2061, 2462, 2552, 2616, 2958, 3065, 3086, 3176, 3373, 3734, 4185, 4369, 4572, 4883]
RKP_05000_00100_2_01.txt|433.0|0.4271445999999983|[3, 5, 40, 44, 68, 77, 110, 142, 144, 220, 246, 303, 315, 540, 551, 626, 736, 848, 868, 1057, 1078, 1187, 1647, 1715, 1741, 1835, 2019, 2120, 2210, 2218, 2295, 2729, 2735, 2913, 2948, 3393, 3518, 3573, 4039, 4620, 4675]
RKP_05000_00100_2_02.txt|455.0|0.4475137000000018|[4, 10, 15, 22, 29, 33, 35, 61, 73, 101, 103, 152, 155, 242, 275, 292, 407, 455, 532, 536, 556, 578, 656, 677, 763, 778, 871, 929, 1014, 1178, 1194, 1493, 1570, 1714, 1770, 1793, 1800, 2263, 2320, 2412, 2437, 2707, 2992, 3004, 3238, 3917, 4063, 4347, 4384, 4978]
RKP_05000_00100_2_03.txt|459.0|0.43601149999999933|[1, 4, 5, 17, 22, 39, 82, 113, 185, 202, 242, 260, 314, 388, 442, 524, 543, 592, 608, 710, 711, 769, 798, 826, 839, 840, 895, 1122, 1234, 1332, 1463, 1469, 1749, 1867, 2550, 2655, 2844, 2973, 3166, 3332, 3625, 3890, 3969, 4206, 4547, 4655, 4806, 4989]
RKP_05000_00100_2_04.txt|437.0|0.45910669999999953|[1, 5, 12, 13, 35, 54, 67, 72, 87, 168, 225, 283, 291, 325, 355, 363, 387, 483, 491, 506, 531, 637, 674, 917, 950, 1139, 1295, 1415, 1551, 1566, 1633, 1671, 1864, 2042, 2052, 2100, 2126, 2299, 2568, 3028, 3108, 3153, 3572, 3585, 3838, 4139]
RKP_05000_00100_2_05.txt|471.0|0.44907639999999915|[5, 29, 51, 52, 99, 167, 274, 355, 366, 413, 452, 522, 612, 693, 752, 829, 879, 942, 984, 991, 1029, 1076, 1224, 1654, 1741, 1823, 1903, 2083, 2206, 2261, 2332, 2365, 2545, 2614, 2703, 2785, 2815, 3226, 3238, 3241, 3374, 3383, 3406, 3481, 3555, 3573, 3758]
RKP_05000_00100_2_06.txt|451.0|0.4985322000000032|[1, 6, 8, 23, 33, 129, 135, 136, 182, 210, 324, 326, 327, 356, 367, 369, 374, 437, 466, 602, 639, 758, 853, 926, 1025, 1109, 1208, 1288, 1394, 1433, 1581, 1688, 2039, 2040, 2044, 2075, 2118, 2148, 2322, 2422, 2453, 2974, 3682, 4405, 4478]
RKP_05000_00100_2_07.txt|481.0|0.39886029999999906|[1, 2, 3, 7, 43, 49, 55, 58, 71, 74, 79, 103, 141, 177, 180, 183, 194, 216, 235, 260, 341, 345, 396, 429, 516, 595, 649, 689, 744, 938, 1063, 1389, 1949, 2108, 2164, 2246, 2323, 2332, 2419, 2528, 2641, 2751, 3229, 3488, 3555, 3866, 4183, 4327, 4507]
RKP_05000_00100_2_08.txt|460.0|0.3933207000000003|[1, 2, 7, 9, 11, 14, 15, 23, 24, 25, 41, 48, 79, 94, 98, 99, 199, 291, 342, 367, 464, 524, 560, 621, 636, 672, 735, 792, 869, 953, 967, 1204, 1273, 1301, 1387, 1415, 1492, 1638, 1700, 2068, 2149, 2312, 2584, 2915, 3365, 3421, 3696, 4332, 4543, 4658]
RKP_05000_00100_2_09.txt|488.0|0.4786678999999978|[5, 6, 15, 18, 45, 61, 86, 88, 110, 112, 142, 151, 218, 238, 244, 293, 294, 315, 355, 362, 392, 433, 678, 747, 755, 846, 955, 1008, 1149, 1331, 1335, 1338, 1397, 1617, 1679, 1818, 1873, 2179, 2196, 2213, 2318, 2352, 2365, 2520, 2692, 2953, 3113, 3441, 4070, 4171, 4778]
RKP_05000_00100_2_10.txt|453.0|0.4293170999999987|[19, 48, 66, 72, 74, 78, 120, 123, 136, 163, 166, 184, 210, 275, 291, 315, 326, 373, 387, 477, 502, 918, 1183, 1313, 1459, 1547, 1576, 1773, 1932, 2022, 2133, 2249, 2283, 2318, 2345, 2435, 2755, 2768, 3005, 3077, 3300, 3321, 3484, 4012, 4424, 4994]
RKP_05000_00100_3_01.txt|790.0|0.35414910000000077|[1, 7, 8, 10, 11, 22, 26, 48, 67, 83, 97, 118, 135, 188, 224, 231, 279, 297, 312, 322, 334, 349, 361, 377, 413, 465, 471, 504, 530, 533, 534, 588, 610, 661, 676, 692, 821, 900, 948, 1006, 1096, 1119, 1192, 1272, 1335, 1363, 1556, 1725, 1733, 1751, 2039, 2090, 2190, 2321, 2608, 2768, 3046, 3252, 3272, 3292, 3323, 3674, 3675, 3683, 3743, 4057, 4195, 4562, 4835]
RKP_05000_00100_3_02.txt|840.0|0.411825799999999|[1, 3, 9, 17, 22, 36, 38, 40, 55, 74, 89, 93, 94, 132, 135, 145, 167, 175, 219, 242, 280, 301, 304, 312, 313, 330, 351, 356, 365, 373, 392, 415, 426, 427, 434, 496, 512, 542, 776, 856, 863, 973, 993, 1092, 1119, 1136, 1147, 1271, 1510, 1637, 1664, 1689, 1727, 1834, 1876, 2005, 2135, 2337, 2409, 2674, 2689, 2762, 2772, 2848, 3228, 3287, 3318, 3344, 3623, 3645, 4114, 4432, 4494, 4912]
RKP_05000_00100_3_03.txt|830.0|0.3459305999999991|[1, 3, 5, 6, 14, 15, 18, 20, 21, 24, 27, 52, 96, 124, 129, 140, 159, 191, 205, 258, 341, 351, 380, 387, 403, 446, 459, 546, 647, 690, 698, 894, 909, 914, 977, 979, 996, 1086, 1109, 1175, 1226, 1256, 1304, 1305, 1347, 1409, 1459, 1558, 1712, 1732, 1847, 1888, 1890, 1941, 2079, 2351, 2662, 2676, 2793, 2858, 2962, 2984, 3115, 3260, 3566, 3663, 4254, 4440, 4520, 4547, 4563, 4874, 4968]
RKP_05000_00100_3_04.txt|820.0|0.3516022999999997|[1, 5, 11, 14, 16, 48, 56, 59, 66, 68, 72, 99, 100, 103, 122, 130, 133, 266, 282, 298, 309, 315, 318, 320, 335, 365, 377, 403, 411, 473, 578, 648, 688, 708, 759, 769, 770, 808, 898, 984, 991, 1182, 1193, 1227, 1264, 1283, 1293, 1338, 1347, 1348, 1399, 1455, 1739, 1757, 1758, 1788, 1817, 1905, 2156, 2231, 2274, 2340, 2386, 2433, 2634, 2764, 3105, 3111, 3384, 3851, 4679, 4996]
RKP_05000_00100_3_05.txt|740.0|0.37914010000000076|[1, 7, 25, 32, 47, 52, 76, 79, 109, 147, 230, 235, 238, 292, 295, 345, 362, 448, 480, 485, 513, 542, 563, 573, 583, 588, 614, 638, 656, 769, 905, 909, 936, 973, 994, 1088, 1259, 1491, 1526, 1529, 1668, 1764, 1810, 1858, 2040, 2337, 2456, 2471, 2596, 2671, 2714, 2837, 2859, 2877, 2928, 3135, 3492, 3753, 4063, 4073, 4110, 4207, 4398, 4423]
RKP_05000_00100_3_06.txt|820.0|0.389958|[1, 2, 5, 10, 12, 15, 24, 25, 26, 27, 32, 35, 45, 58, 68, 79, 86, 103, 119, 157, 181, 203, 207, 244, 248, 270, 290, 352, 413, 434, 440, 460, 492, 551, 564, 638, 755, 765, 775, 787, 796, 899, 956, 1046, 1130, 1366, 1376, 1393, 1451, 1474, 1477, 1698, 1702, 1735, 1775, 1860, 1884, 2205, 2299, 2457, 2520, 2535, 2710, 2738, 2878, 2889, 3082, 3091, 3112, 3151, 3434, 4151]
RKP_05000_00100_3_07.txt|830.0|0.36133590000000027|[1, 10, 16, 18, 20, 26, 29, 32, 77, 85, 89, 93, 96, 98, 99, 114, 119, 130, 166, 167, 169, 178, 213, 222, 281, 355, 356, 372, 416, 495, 500, 507, 523, 526, 549, 550, 570, 583, 699, 719, 729, 750, 799, 812, 859, 865, 876, 883, 890, 894, 913, 1030, 1095, 1109, 1116, 1411, 1453, 1615, 1663, 1833, 1892, 2510, 2632, 2667, 2701, 2869, 3232, 3416, 3509, 3653, 3863, 4467, 4835]
RKP_05000_00100_3_08.txt|840.0|0.36431419999999903|[2, 4, 5, 6, 13, 24, 35, 36, 44, 47, 89, 97, 100, 101, 108, 124, 129, 161, 169, 191, 216, 227, 238, 296, 328, 343, 346, 382, 428, 491, 557, 572, 645, 685, 785, 807, 888, 1017, 1076, 1208, 1228, 1238, 1240, 1244, 1344, 1414, 1458, 1478, 1502, 1517, 1589, 1802, 1973, 2068, 2091, 2154, 2276, 2363, 2430, 2572, 3330, 3335, 3410, 3429, 3642, 3716, 3821, 4035, 4062, 4178, 4225, 4318, 4604, 4735]
RKP_05000_00100_3_09.txt|820.0|0.3897270000000006|[1, 2, 3, 4, 8, 18, 24, 25, 29, 55, 57, 63, 78, 94, 110, 111, 119, 137, 154, 205, 217, 262, 288, 307, 350, 355, 466, 579, 585, 600, 610, 662, 754, 789, 827, 882, 986, 1074, 1161, 1163, 1328, 1430, 1517, 1532, 1558, 1683, 1715, 1913, 2033, 2048, 2227, 2372, 2453, 2595, 2609, 2846, 2885, 2925, 3071, 3120, 3500, 3562, 3727, 3987, 4348, 4425, 4459, 4609, 4677, 4813, 4902, 4948]
RKP_05000_00100_3_10.txt|830.0|0.38422339999999977|[1, 2, 3, 8, 11, 19, 21, 22, 27, 30, 39, 47, 52, 63, 119, 142, 173, 236, 283, 526, 540, 559, 627, 659, 666, 685, 775, 780, 793, 798, 860, 881, 933, 1075, 1111, 1166, 1323, 1396, 1419, 1426, 1430, 1457, 1463, 1547, 1688, 1938, 1946, 2051, 2107, 2181, 2195, 2235, 2244, 2280, 2312, 2477, 2567, 2583, 2720, 2816, 2858, 2929, 2988, 2990, 3361, 3415, 3869, 3877, 3997, 4016, 4218, 4628, 4783]
RKP_05000_00100_4_01.txt|100.0|0.34749220000000136|[4203]
RKP_05000_00100_4_02.txt|100.0|0.3430357999999991|[4283]
RKP_05000_00100_4_03.txt|100.0|0.3826028000000008|[4228]
RKP_05000_00100_4_04.txt|100.0|0.344910500000001|[4218]
RKP_05000_00100_4_05.txt|100.0|0.3487320999999959|[4238]
RKP_05000_00100_4_06.txt|100.0|0.3879935999999944|[4203]
RKP_05000_00100_4_07.txt|100.0|0.3441888999999989|[4211]
RKP_05000_00100_4_08.txt|100.0|0.350438000000004|[4211]
RKP_05000_00100_4_09.txt|100.0|0.37004639999999966|[4209]
RKP_05000_00100_4_10.txt|100.0|0.3379905999999977|[4226]
RKP_05000_00100_5_01.txt|100.0|0.3849336999999977|[101, 726, 738]
RKP_05000_00100_5_02.txt|100.0|0.36813620000000213|[46, 147, 185, 401, 584, 650, 831, 850, 1721, 1788, 2013, 2063, 2238, 2263, 2275, 2627, 3574]
RKP_05000_00100_5_03.txt|100.0|0.3463581999999974|[154, 730, 1489, 2352, 3295]
RKP_05000_00100_5_04.txt|100.0|0.3909094000000053|[18, 52, 172, 179, 200, 266, 415, 757, 804, 929, 997]
RKP_05000_00100_5_05.txt|100.0|0.3504860999999977|[22, 167, 248, 495, 809, 1371, 2698]
RKP_05000_00100_5_06.txt|100.0|0.3618456999999964|[85, 202, 273, 470, 1013, 1119, 1137]
RKP_05000_00100_5_07.txt|100.0|0.37578380000000067|[1222, 2008]
RKP_05000_00100_5_08.txt|100.0|0.3468935000000002|[305, 413, 880, 1014]
RKP_05000_00100_5_09.txt|100.0|0.35695499999999925|[1, 2, 3, 7, 14, 16, 17, 24, 25, 33, 57, 72, 104, 113, 131, 290, 341, 380, 413, 528, 773, 800, 814, 887, 1075, 1141, 1189, 1206, 1333, 1361, 1793, 1827, 2504, 3120, 3248]
RKP_05000_00100_5_10.txt|100.0|0.3793493000000012|[747, 1007, 1097]
RKP_05000_01000_1_01.txt|55928.0|0.8800791000000032|[1, 2, 5, 8, 13, 15, 16, 17, 18, 23, 30, 35, 53, 59, 78, 82, 86, 96, 118, 151, 164, 212, 226, 252, 271, 328, 334, 368, 379, 399, 424, 491, 511, 551, 661, 684, 700, 732, 751, 778, 800, 866, 921, 969, 974, 991, 1034, 1145, 1196, 1214, 1232, 1233, 1431, 1591, 1724, 1742, 1756, 1775, 1810, 1841, 1858, 1919, 1928, 1979, 2077, 2187, 2254, 2481, 2777, 2814, 2874, 3144, 3187, 3256, 3282, 3403, 3485, 3534, 3791, 3799, 4223, 4479, 4971]
RKP_05000_01000_1_02.txt|59047.0|0.7588382999999936|[3, 7, 10, 17, 22, 36, 39, 41, 65, 78, 89, 96, 109, 130, 155, 165, 203, 207, 222, 235, 236, 282, 304, 337, 368, 406, 425, 464, 471, 506, 539, 588, 622, 675, 694, 728, 772, 837, 917, 918, 928, 988, 1055, 1205, 1261, 1277, 1329, 1337, 1343, 1403, 1414, 1455, 1590, 1604, 1677, 1683, 1860, 1999, 2011, 2041, 2120, 2198, 2379, 2594, 2745, 2750, 2769, 2800, 2825, 2832, 2973, 3095, 3349, 3565, 3585, 3628, 3668, 3795, 3875, 4489, 4961]
RKP_05000_01000_1_03.txt|53958.0|0.8328880999999981|[1, 3, 8, 22, 24, 33, 62, 67, 72, 76, 94, 129, 135, 174, 176, 186, 192, 248, 272, 339, 344, 400, 441, 446, 479, 515, 533, 649, 749, 810, 852, 875, 882, 933, 940, 988, 1006, 1027, 1039, 1146, 1150, 1262, 1339, 1364, 1384, 1415, 1475, 1478, 1483, 1534, 1605, 1614, 1719, 1815, 1822, 1849, 1854, 2016, 2080, 2110, 2201, 2314, 2468, 2471, 2682, 2688, 3194, 3232, 3276, 3392, 3682, 3835, 3920, 4191, 4193, 4283, 4640]
RKP_05000_01000_1_04.txt|56986.0|0.8408200999999949|[1, 2, 5, 6, 7, 8, 9, 10, 16, 24, 25, 35, 49, 50, 52, 61, 64, 71, 103, 114, 132, 133, 135, 181, 189, 191, 210, 223, 238, 248, 270, 318, 351, 413, 421, 465, 482, 498, 533, 546, 547, 594, 625, 670, 687, 716, 724, 792, 794, 886, 952, 1021, 1074, 1107, 1142, 1174, 1218, 1275, 1311, 1395, 1416, 1450, 1546, 1597, 1689, 1901, 2023, 2047, 2060, 2269, 2320, 2470, 2550, 2580, 2649, 2922, 3023, 3051, 3055, 3271, 3926, 4232, 4277, 4397, 4624, 4775]
RKP_05000_01000_1_05.txt|54482.0|0.7984200000000001|[2, 4, 5, 9, 12, 14, 16, 19, 25, 27, 46, 48, 65, 67, 72, 85, 91, 93, 94, 97, 119, 120, 132, 157, 168, 201, 208, 254, 259, 279, 339, 349, 352, 385, 430, 467, 580, 584, 592, 667, 711, 816, 838, 903, 943, 985, 1012, 1023, 1049, 1093, 1142, 1150, 1162, 1227, 1316, 1320, 1321, 1411, 1418, 1474, 1588, 1606, 1607, 1649, 1883, 1893, 2004, 2069, 2256, 2263, 2271, 2350, 2360, 2547, 2786, 2819, 2834, 3067, 3468, 4053, 4096, 4118, 4204, 4385]
RKP_05000_01000_1_06.txt|52656.0|0.863307000000006|[2, 3, 4, 6, 8, 9, 10, 13, 25, 37, 42, 48, 51, 52, 60, 80, 90, 107, 150, 157, 159, 188, 192, 217, 224, 269, 288, 292, 297, 336, 337, 343, 399, 429, 498, 503, 612, 616, 637, 646, 656, 687, 688, 691, 697, 736, 883, 894, 943, 998, 1002, 1062, 1097, 1145, 1192, 1242, 1305, 1494, 1511, 1530, 1662, 1677, 1689, 1720, 1879, 1910, 1916, 2025, 2048, 2050, 2168, 2195, 2442, 2483, 2517, 2633, 2857, 2865, 2967, 3076, 3109, 3846, 4196, 4603]
RKP_05000_01000_1_07.txt|50938.0|0.7976303999999956|[1, 2, 8, 15, 21, 23, 27, 38, 44, 46, 65, 77, 84, 91, 94, 119, 130, 161, 188, 198, 204, 213, 226, 241, 386, 393, 421, 453, 522, 523, 568, 569, 577, 608, 616, 628, 637, 640, 651, 731, 753, 795, 848, 957, 985, 993, 1047, 1052, 1175, 1178, 1346, 1359, 1378, 1449, 1489, 1607, 1666, 1697, 1741, 1764, 1865, 1904, 2001, 2087, 2145, 2235, 2245, 2593, 2669, 2984, 3438, 3455, 4009, 4078, 4242, 4471]
RKP_05000_01000_1_08.txt|53027.0|0.8774574999999984|[3, 7, 8, 10, 12, 15, 20, 24, 26, 29, 39, 40, 43, 52, 66, 75, 78, 79, 81, 89, 109, 115, 117, 118, 140, 151, 190, 217, 235, 257, 279, 389, 411, 419, 427, 430, 488, 527, 529, 531, 534, 548, 575, 651, 670, 738, 785, 849, 890, 892, 952, 1088, 1138, 1275, 1344, 1391, 1485, 1487, 1574, 2110, 2356, 2382, 2528, 2585, 2723, 2841, 3244, 3288, 3318, 3323, 3437, 3788, 3908, 3925, 3937, 4497, 4666]
RKP_05000_01000_1_09.txt|54672.00000000001|0.9616523999999984|[1, 2, 3, 4, 6, 7, 8, 17, 18, 25, 27, 32, 39, 49, 51, 94, 101, 104, 106, 128, 136, 157, 163, 190, 191, 320, 342, 359, 364, 377, 390, 427, 451, 473, 499, 562, 563, 684, 714, 844, 883, 996, 998, 1113, 1242, 1337, 1362, 1366, 1401, 1414, 1434, 1481, 1495, 1509, 1579, 1679, 1699, 1714, 1761, 1788, 1854, 1911, 2012, 2034, 2239, 2246, 2364, 2381, 2399, 2844, 2845, 3156, 3179, 3245, 3448, 3556, 3644, 3744, 3964, 4115]
RKP_05000_01000_1_10.txt|59914.0|0.8218409000000051|[1, 2, 4, 9, 11, 17, 28, 33, 38, 43, 47, 49, 80, 100, 103, 104, 129, 152, 161, 180, 187, 193, 198, 212, 245, 255, 261, 286, 359, 384, 461, 472, 486, 495, 500, 528, 582, 634, 740, 785, 807, 813, 839, 844, 888, 904, 1044, 1076, 1095, 1253, 1284, 1313, 1350, 1361, 1413, 1423, 1430, 1436, 1476, 1479, 1553, 1554, 1640, 1641, 1644, 1680, 1686, 1731, 1914, 1934, 2153, 2184, 2216, 2309, 2541, 2544, 2560, 2608, 2671, 2698, 2753, 2768, 2867, 3137, 3309, 3836, 4698, 4815]
RKP_05000_01000_2_01.txt|4418.0|1.0257317000000015|[2, 7, 12, 22, 23, 26, 28, 34, 38, 81, 88, 103, 115, 147, 153, 176, 265, 309, 339, 352, 395, 413, 483, 541, 604, 687, 761, 947, 951, 1046, 1100, 1154, 1173, 1473, 1487, 1573, 1641, 1716, 1730, 1844, 1898, 2000, 2168, 2281, 2400, 2569, 2581, 2671, 3060, 3395, 3764, 3919, 4166, 4493]
RKP_05000_01000_2_02.txt|4646.0|0.9490967999999995|[1, 2, 3, 44, 62, 76, 78, 88, 94, 121, 214, 279, 299, 311, 317, 365, 462, 471, 491, 545, 653, 667, 820, 862, 964, 1000, 1045, 1049, 1068, 1189, 1196, 1284, 1294, 1503, 1577, 1693, 1739, 1812, 1856, 1964, 2213, 2259, 2308, 2419, 2515, 2537, 2581, 2682, 2933, 2983, 3024, 3342, 3711, 4977]
RKP_05000_01000_2_03.txt|4678.0|1.0193136000000038|[15, 49, 51, 69, 86, 88, 104, 106, 118, 131, 155, 177, 217, 235, 286, 305, 308, 341, 350, 375, 414, 465, 477, 507, 518, 589, 655, 726, 858, 862, 1002, 1132, 1256, 1483, 1676, 1732, 1958, 2164, 2182, 2340, 2548, 2930, 3087, 3180, 3343, 3351, 3416, 3540, 3822, 3938, 4964]
RKP_05000_01000_2_04.txt|5036.0|0.9215304000000017|[1, 3, 7, 17, 19, 23, 42, 51, 54, 57, 59, 63, 82, 84, 153, 163, 183, 247, 302, 348, 371, 400, 509, 545, 547, 557, 567, 585, 662, 667, 758, 768, 916, 1065, 1086, 1100, 1136, 1209, 1210, 1319, 1398, 1539, 1672, 1740, 1799, 1906, 1989, 2237, 2242, 2245, 2249, 2408, 2518, 2928, 2989, 3530, 3872, 4236, 4424, 4454]
RKP_05000_01000_2_05.txt|4554.0|0.9792963000000015|[3, 4, 5, 8, 12, 16, 23, 30, 33, 34, 43, 70, 93, 125, 156, 187, 201, 204, 260, 269, 273, 290, 324, 344, 360, 420, 427, 453, 526, 734, 737, 784, 807, 876, 957, 1052, 1064, 1132, 1158, 1269, 1424, 1576, 1622, 1672, 1680, 1762, 1925, 2008, 2033, 2513, 2548, 2943, 3321, 4215, 4333, 4485]
RKP_05000_01000_2_06.txt|4866.0|0.984449699999999|[1, 2, 10, 27, 30, 36, 59, 61, 78, 94, 105, 109, 114, 138, 152, 154, 159, 184, 242, 282, 328, 336, 344, 386, 403, 464, 470, 473, 481, 670, 672, 683, 790, 793, 900, 925, 1134, 1317, 1369, 1477, 1569, 1619, 1852, 1896, 1898, 1933, 1948, 1991, 2282, 2287, 2446, 2476, 2484, 2638, 2690, 3111, 4131, 4407, 4545, 4951]
RKP_05000_01000_2_07.txt|5013.0|0.9462635000000006|[1, 5, 7, 11, 12, 33, 44, 105, 157, 169, 193, 199, 207, 212, 228, 257, 294, 368, 387, 516, 751, 759, 771, 772, 909, 997, 1123, 1139, 1265, 1425, 1437, 1461, 1552, 1593, 1625, 1643, 1702, 1811, 1886, 1902, 1935, 1945, 1976, 2206, 2233, 2241, 2282, 2341, 2446, 2461, 2608, 2843, 2864, 3085, 3129, 3147, 3275, 3507, 3882, 4089, 4279, 4453, 4495]
RKP_05000_01000_2_08.txt|5010.0|0.9474041|[4, 6, 17, 30, 38, 44, 59, 78, 108, 137, 174, 200, 201, 213, 236, 242, 264, 278, 298, 312, 362, 385, 397, 473, 580, 634, 658, 660, 677, 747, 823, 846, 901, 955, 972, 1067, 1114, 1156, 1184, 1256, 1314, 1499, 1664, 1783, 1924, 2133, 2399, 2632, 2683, 2808, 2941, 3148, 3191, 3385, 3623, 3857, 4386]
RKP_05000_01000_2_09.txt|4648.0|0.9693109000000035|[3, 4, 10, 13, 15, 22, 25, 36, 44, 63, 77, 118, 128, 130, 175, 247, 270, 310, 377, 379, 408, 419, 561, 579, 677, 784, 821, 897, 935, 997, 1132, 1226, 1259, 1309, 1556, 1583, 1587, 1786, 1844, 1967, 1992, 2005, 2094, 2140, 2317, 2637, 2789, 2887, 3113, 3297, 3478, 3583, 3974, 4669, 4691]
RKP_05000_01000_2_10.txt|4519.0|0.9489731000000035|[9, 15, 18, 19, 25, 29, 36, 74, 82, 95, 99, 137, 149, 191, 206, 227, 294, 305, 351, 420, 749, 880, 899, 922, 939, 941, 1011, 1049, 1176, 1303, 1416, 1491, 1494, 1502, 1523, 1619, 1686, 1745, 1858, 1926, 2034, 2318, 2452, 2559, 2998, 3163, 3584, 3674, 3712, 4015, 4050, 4084, 4267, 4809]
RKP_05000_01000_3_01.txt|9563.0|0.5662864999999968|[1, 8, 9, 12, 15, 21, 23, 34, 37, 40, 45, 46, 47, 60, 72, 77, 87, 97, 108, 112, 114, 119, 132, 150, 176, 193, 207, 237, 241, 274, 276, 305, 372, 381, 384, 387, 398, 400, 455, 539, 550, 553, 560, 562, 604, 632, 688, 728, 749, 757, 917, 951, 996, 1038, 1047, 1081, 1087, 1139, 1140, 1190, 1198, 1365, 1369, 1382, 1600, 1615, 1698, 1779, 1894, 1958, 2056, 2241, 2250, 2416, 2429, 2461, 2608, 2640, 2748, 2783, 2851, 3246, 3591, 3683, 4101, 4452]
RKP_05000_01000_3_02.txt|10259.0|0.5746848|[1, 2, 4, 13, 25, 28, 33, 38, 39, 41, 66, 68, 71, 90, 107, 111, 116, 129, 140, 169, 209, 214, 230, 235, 303, 304, 305, 345, 379, 425, 436, 446, 448, 542, 562, 609, 624, 646, 652, 727, 730, 790, 801, 843, 849, 878, 883, 892, 931, 1020, 1041, 1046, 1083, 1087, 1117, 1161, 1174, 1193, 1240, 1334, 1365, 1436, 1484, 1486, 1499, 1885, 1908, 2067, 2080, 2113, 2136, 2215, 2330, 2425, 2565, 2667, 2704, 2772, 2853, 2933, 2953, 2978, 2989, 2998, 3041, 3171, 3308, 3393, 3750, 3832, 4134, 4419, 4507]
RKP_05000_01000_3_03.txt|10670.0|0.505057800000003|[1, 2, 3, 4, 5, 11, 22, 26, 36, 38, 97, 115, 127, 129, 156, 158, 190, 199, 200, 214, 215, 221, 239, 246, 286, 308, 330, 339, 360, 377, 399, 439, 452, 480, 544, 568, 592, 609, 621, 652, 709, 710, 765, 770, 794, 839, 856, 879, 881, 896, 907, 952, 975, 989, 1022, 1077, 1157, 1164, 1169, 1222, 1231, 1360, 1465, 1498, 1523, 1533, 1597, 1663, 1733, 1874, 1926, 2087, 2202, 2280, 2298, 2319, 2386, 2439, 2901, 2957, 3166, 3239, 3273, 3477, 3545, 3910, 3928, 4041, 4084, 4149, 4215, 4329, 4338, 4447, 4529, 4695, 4813]
RKP_05000_01000_3_04.txt|10675.0|0.5306746999999987|[1, 3, 4, 6, 7, 9, 13, 15, 17, 18, 25, 27, 29, 39, 45, 51, 58, 63, 70, 82, 111, 132, 142, 144, 175, 198, 205, 206, 225, 261, 263, 277, 306, 321, 337, 360, 362, 400, 413, 448, 472, 495, 496, 548, 568, 574, 610, 619, 648, 657, 680, 709, 730, 747, 784, 827, 864, 962, 977, 989, 1049, 1064, 1080, 1165, 1226, 1276, 1296, 1309, 1396, 1398, 1493, 1557, 1768, 1786, 1872, 1907, 1996, 2150, 2372, 2516, 2541, 2568, 2575, 2593, 2601, 2775, 2857, 2865, 2868, 3197, 3448, 3523, 3612, 3645, 4042, 4440, 4880]
RKP_05000_01000_3_05.txt|10079.0|0.5396743000000015|[1, 2, 4, 7, 8, 10, 11, 16, 19, 25, 26, 34, 48, 49, 54, 70, 112, 117, 122, 143, 162, 169, 183, 184, 212, 219, 256, 283, 285, 296, 335, 344, 348, 358, 386, 486, 491, 501, 513, 555, 620, 638, 658, 692, 708, 768, 777, 814, 912, 985, 998, 1033, 1060, 1069, 1259, 1263, 1292, 1305, 1500, 1516, 1552, 1588, 1619, 1759, 1770, 1859, 1909, 2077, 2123, 2298, 2447, 2460, 2610, 2615, 2634, 2723, 2744, 2920, 2970, 3055, 3106, 3167, 3370, 3439, 3440, 3469, 3558, 3584, 3635, 4338, 4405]
RKP_05000_01000_3_06.txt|10579.0|0.4977334000000013|[1, 2, 4, 6, 7, 12, 16, 37, 39, 41, 45, 46, 55, 71, 76, 82, 84, 85, 86, 94, 102, 124, 135, 141, 184, 193, 206, 213, 214, 219, 227, 249, 265, 276, 286, 288, 345, 368, 404, 418, 431, 469, 488, 490, 573, 603, 607, 623, 665, 686, 702, 734, 760, 767, 801, 813, 839, 889, 900, 931, 946, 1030, 1035, 1119, 1281, 1296, 1359, 1466, 1522, 1551, 1610, 1640, 1697, 1917, 1978, 1991, 2026, 2138, 2251, 2741, 2756, 2799, 3214, 3264, 3324, 3433, 3533, 3851, 4000, 4258, 4315, 4322, 4424, 4582, 4808, 4911]
RKP_05000_01000_3_07.txt|10152.0|0.5378845999999982|[2, 3, 5, 6, 8, 11, 13, 18, 20, 33, 36, 60, 73, 75, 76, 79, 84, 94, 100, 113, 125, 194, 214, 216, 218, 221, 251, 291, 293, 295, 319, 360, 370, 398, 413, 417, 422, 427, 477, 593, 608, 658, 707, 714, 762, 827, 849, 884, 891, 896, 919, 991, 1003, 1055, 1090, 1123, 1179, 1246, 1262, 1407, 1470, 1544, 1561, 1564, 1709, 1783, 1789, 1792, 1998, 2043, 2104, 2357, 2360, 2448, 2587, 2716, 2900, 2966, 3085, 3135, 3146, 3402, 3438, 3609, 3628, 3731, 3836, 3854, 4131, 4233, 4456, 4659]
RKP_05000_01000_3_08.txt|10463.0|0.5012022000000016|[2, 3, 4, 6, 7, 14, 20, 22, 28, 30, 35, 36, 73, 77, 80, 82, 118, 122, 126, 134, 152, 154, 162, 213, 217, 226, 250, 260, 264, 270, 279, 295, 301, 331, 394, 474, 489, 525, 556, 656, 660, 675, 707, 883, 895, 901, 953, 1009, 1014, 1036, 1050, 1077, 1117, 1134, 1135, 1159, 1273, 1364, 1395, 1513, 1588, 1636, 1733, 1770, 1810, 1967, 1970, 1976, 2019, 2025, 2088, 2364, 2391, 2402, 2484, 2808, 2858, 2977, 3017, 3087, 3214, 3237, 3284, 3346, 3396, 3445, 3557, 3571, 3808, 4022, 4192, 4463, 4487, 4700, 4779]
RKP_05000_01000_3_09.txt|9682.0|0.5232983000000004|[1, 2, 7, 8, 9, 13, 14, 40, 46, 51, 57, 61, 73, 77, 81, 83, 87, 106, 111, 136, 152, 159, 193, 222, 237, 242, 252, 281, 310, 354, 376, 384, 426, 453, 462, 492, 494, 556, 564, 655, 661, 664, 671, 673, 751, 760, 786, 830, 852, 886, 921, 1003, 1040, 1104, 1189, 1313, 1322, 1420, 1471, 1488, 1684, 1872, 1881, 1978, 2024, 2051, 2287, 2401, 2486, 2497, 2511, 2577, 2621, 2657, 2706, 2941, 3020, 3256, 3392, 3443, 3538, 3572, 3618, 3868, 4136, 4292, 4818]
RKP_05000_01000_3_10.txt|10174.0|0.5699196999999998|[1, 2, 3, 5, 6, 14, 16, 25, 33, 37, 50, 52, 62, 66, 69, 112, 119, 145, 194, 196, 218, 219, 235, 270, 287, 305, 308, 312, 343, 353, 360, 369, 389, 393, 400, 413, 434, 446, 456, 458, 490, 502, 627, 692, 789, 808, 811, 876, 944, 1019, 1093, 1125, 1279, 1317, 1329, 1498, 1530, 1621, 1635, 1785, 1847, 1854, 2139, 2189, 2224, 2322, 2458, 2631, 2749, 2764, 2813, 2877, 2894, 2940, 3012, 3064, 3119, 3127, 3150, 3234, 3240, 3251, 3435, 3589, 3788, 3879, 4052, 4466, 4578, 4631, 4747, 4788]
RKP_05000_01000_4_01.txt|1000.0|0.4420043000000007|[4615]
RKP_05000_01000_4_02.txt|1000.0|0.42927099999999996|[4655]
RKP_05000_01000_4_03.txt|1000.0|0.47461140000000057|[4567]
RKP_05000_01000_4_04.txt|1000.0|0.43177109999999885|[4559]
RKP_05000_01000_4_05.txt|1000.0|0.4665324999999996|[4575]
RKP_05000_01000_4_06.txt|1000.0|0.4686152999999962|[4578]
RKP_05000_01000_4_07.txt|1000.0|0.43660269999999457|[4589]
RKP_05000_01000_4_08.txt|1000.0|0.449112999999997|[4677]
RKP_05000_01000_4_09.txt|1000.0|0.43234360000001004|[4528]
RKP_05000_01000_4_10.txt|1000.0|0.4244078999999914|[4520]
RKP_05000_01000_5_01.txt|1000.0|0.5339953999999949|[224, 367, 782, 977, 1137, 1459, 1561, 1869, 2003, 2008]
RKP_05000_01000_5_02.txt|1000.0|0.49380089999999655|[120, 892, 1641, 2427, 2651]
RKP_05000_01000_5_03.txt|1000.0|0.4606245999999885|[15, 102, 111, 985, 1088, 1089, 1428, 2010, 3285, 3658, 4144]
RKP_05000_01000_5_04.txt|1000.0|0.5037717999999956|[1, 974, 1035, 2369, 3111, 3284]
RKP_05000_01000_5_05.txt|1000.0|0.49052180000001044|[593, 790, 2113, 2152]
RKP_05000_01000_5_06.txt|1000.0|0.4859603000000021|[4952]
RKP_05000_01000_5_07.txt|1000.0|0.504386199999999|[1, 24, 320, 338, 345, 559, 909, 927, 1002]
RKP_05000_01000_5_08.txt|1000.0|0.46791530000000137|[187, 961, 979, 1098, 1109, 1283, 1718, 1728, 3949]
RKP_05000_01000_5_09.txt|1000.0|0.4634501999999969|[47, 83, 187, 685, 697, 1011, 1540, 1545, 2253, 2826, 3348]
RKP_05000_01000_5_10.txt|1000.0|0.4997082000000006|[9, 10, 102, 119, 935, 3302, 3728, 4317]
RKP_05000_05000_1_01.txt|259992.0|0.7941301999999979|[2, 3, 21, 25, 30, 36, 41, 47, 50, 74, 75, 78, 96, 100, 127, 134, 149, 168, 174, 206, 226, 234, 239, 248, 254, 255, 263, 279, 358, 449, 477, 496, 498, 521, 522, 562, 601, 604, 688, 747, 798, 809, 826, 940, 981, 1083, 1200, 1201, 1231, 1246, 1247, 1260, 1270, 1286, 1305, 1416, 1437, 1543, 1595, 1674, 1685, 1939, 2002, 2195, 2321, 2489, 2685, 2687, 2896, 2945, 2997, 3113, 3266, 3721, 3813, 4077, 4308, 4810]
RKP_05000_05000_1_02.txt|317607.0|0.8132996000000077|[1, 2, 4, 5, 8, 9, 10, 20, 21, 24, 38, 45, 55, 57, 59, 89, 104, 113, 117, 126, 141, 231, 235, 238, 240, 258, 269, 297, 310, 334, 341, 349, 361, 365, 378, 396, 444, 470, 474, 537, 668, 669, 712, 785, 787, 805, 814, 876, 903, 1005, 1041, 1044, 1069, 1107, 1115, 1152, 1203, 1266, 1309, 1374, 1434, 1459, 1722, 1786, 1855, 1870, 1979, 2039, 2174, 2177, 2306, 2322, 2403, 2501, 2667, 2706, 2786, 3059, 3538, 3754, 3842, 3886, 3921, 3940, 4013, 4197, 4402, 4712, 4832]
RKP_05000_05000_1_03.txt|287409.0|0.7341064999999958|[1, 5, 7, 8, 18, 22, 25, 39, 46, 62, 78, 80, 86, 110, 115, 133, 206, 231, 233, 246, 249, 297, 318, 339, 353, 393, 399, 426, 429, 435, 481, 482, 488, 504, 557, 582, 586, 645, 651, 692, 779, 811, 960, 1083, 1098, 1099, 1108, 1115, 1212, 1227, 1236, 1261, 1265, 1290, 1309, 1374, 1414, 1441, 1477, 1594, 1775, 2124, 2264, 2426, 2438, 2615, 2630, 2760, 2859, 3154, 3247, 3414, 3417, 3443, 3490, 3493, 3512, 4284, 4374, 4414]
RKP_05000_05000_1_04.txt|295481.0|0.844943200000003|[1, 3, 5, 9, 12, 24, 25, 34, 38, 48, 68, 75, 76, 81, 85, 90, 96, 105, 135, 145, 148, 169, 189, 202, 222, 226, 240, 289, 291, 299, 318, 332, 333, 368, 376, 387, 390, 408, 422, 468, 484, 557, 559, 675, 778, 787, 809, 814, 831, 1072, 1389, 1417, 1418, 1675, 1677, 1753, 1758, 1859, 1938, 2003, 2013, 2017, 2051, 2061, 2328, 2372, 2553, 2581, 2584, 2813, 2991, 3059, 3260, 3305, 3410, 3547, 3568, 3651, 3802, 3813, 3850, 4172, 4260, 4286, 4668, 4715]
RKP_05000_05000_1_05.txt|294625.0|1.0188004000000035|[1, 2, 3, 7, 12, 20, 22, 23, 31, 32, 33, 38, 46, 55, 62, 127, 130, 139, 143, 146, 148, 153, 156, 167, 210, 214, 227, 245, 261, 301, 348, 378, 403, 459, 463, 518, 555, 559, 582, 663, 694, 838, 950, 992, 1003, 1016, 1088, 1098, 1281, 1432, 1460, 1483, 1492, 1521, 1642, 1662, 1668, 1690, 1692, 1887, 1929, 1993, 2045, 2118, 2138, 2309, 2352, 2411, 2427, 2467, 2579, 2657, 2703, 2804, 2910, 3024, 3175, 3186, 3722, 3813, 3873, 4108, 4208, 4354, 4374, 4789, 4846]
RKP_05000_05000_1_06.txt|268373.0|0.8634164999999996|[2, 8, 9, 18, 20, 23, 40, 43, 64, 71, 76, 79, 82, 85, 87, 113, 120, 122, 236, 243, 274, 275, 333, 347, 361, 363, 378, 407, 427, 514, 523, 568, 581, 613, 621, 649, 651, 693, 707, 715, 754, 813, 825, 830, 850, 925, 956, 1041, 1054, 1065, 1125, 1154, 1227, 1280, 1305, 1308, 1578, 1730, 1855, 1927, 1981, 2011, 2048, 2132, 2204, 2210, 2228, 2309, 2386, 2509, 2592, 2646, 2701, 2729, 3104, 3361, 3613, 3938, 3978, 4540, 4561, 4692]
RKP_05000_05000_1_07.txt|251427.0|0.8033794000000114|[1, 2, 3, 4, 6, 7, 8, 15, 16, 29, 30, 31, 44, 79, 83, 109, 121, 153, 175, 182, 187, 190, 215, 230, 248, 249, 287, 294, 303, 332, 346, 380, 381, 457, 478, 529, 536, 575, 667, 690, 730, 739, 745, 785, 829, 864, 916, 1019, 1228, 1246, 1263, 1267, 1315, 1375, 1406, 1520, 1525, 1616, 1820, 1849, 1894, 1897, 2162, 2273, 2529, 2688, 2725, 2846, 2854, 2937, 3045, 3875, 3888, 3965, 4149, 4225, 4260, 4664, 4751]
RKP_05000_05000_1_08.txt|257527.0|0.898478499999996|[1, 2, 3, 7, 16, 30, 38, 41, 51, 91, 95, 97, 122, 124, 137, 138, 140, 156, 171, 192, 232, 253, 262, 280, 303, 314, 342, 363, 367, 371, 451, 453, 471, 523, 560, 596, 669, 674, 706, 836, 850, 878, 949, 984, 1167, 1179, 1247, 1421, 1439, 1546, 1549, 1562, 1678, 1737, 1941, 2042, 2047, 2285, 2312, 2428, 2525, 2536, 2600, 2643, 2805, 2813, 3166, 3599, 3666, 3744, 3792, 3833, 3998, 4080, 4186, 4195, 4393, 4596, 4934]
RKP_05000_05000_1_09.txt|282284.0|0.8998361999999958|[1, 2, 3, 5, 6, 12, 17, 42, 52, 55, 66, 77, 99, 104, 113, 126, 139, 151, 160, 170, 176, 196, 221, 234, 243, 245, 282, 299, 325, 339, 355, 376, 382, 385, 404, 438, 448, 460, 492, 537, 542, 544, 563, 565, 632, 682, 701, 726, 820, 871, 921, 1006, 1064, 1114, 1126, 1227, 1245, 1254, 1314, 1350, 1355, 1416, 1458, 1466, 1504, 1510, 1592, 1594, 1596, 1635, 1808, 1917, 1979, 2143, 2450, 2497, 2554, 2557, 2593, 2636, 2834, 3197, 3551, 4248, 4486, 4489, 4615]
RKP_05000_05000_1_10.txt|240254.0|0.8296966999999995|[2, 7, 10, 14, 24, 38, 89, 92, 131, 144, 153, 185, 286, 302, 322, 414, 454, 467, 470, 472, 659, 746, 756, 803, 813, 862, 867, 909, 959, 1015, 1209, 1340, 1402, 1504, 1609, 1652, 1725, 1766, 1861, 1986, 1998, 2050, 2151, 2281, 2306, 2498, 2504, 2580, 2629, 2641, 2786, 2810, 2870, 2942, 3028, 3067, 3078, 3101, 3229, 3261, 3471, 3654, 3696, 4380, 4532]
RKP_05000_05000_2_01.txt|22802.0|1.072822500000001|[1, 8, 18, 19, 20, 21, 32, 49, 52, 65, 70, 93, 98, 235, 279, 293, 319, 335, 411, 475, 515, 579, 668, 748, 750, 866, 937, 953, 986, 1045, 1059, 1239, 1292, 1308, 1367, 1435, 1482, 1497, 1665, 1784, 2113, 2191, 2236, 2251, 2458, 2937, 3403, 3667, 3722, 4844]
RKP_05000_05000_2_02.txt|21454.0|1.0867662999999936|[5, 14, 15, 28, 56, 79, 91, 96, 105, 131, 191, 203, 220, 294, 485, 530, 563, 582, 677, 696, 707, 710, 722, 762, 973, 1026, 1058, 1069, 1172, 1287, 1649, 1714, 2060, 2069, 2162, 2244, 2272, 2429, 2814, 2839, 3100, 3515, 3641, 3796, 3813, 3984, 4007, 4564]
RKP_05000_05000_2_03.txt|20786.0|1.1157601000000028|[1, 3, 4, 38, 41, 44, 45, 50, 72, 94, 177, 216, 306, 338, 375, 387, 411, 441, 465, 477, 502, 544, 582, 583, 659, 729, 812, 966, 983, 1207, 1212, 1269, 1289, 1307, 1422, 1429, 1432, 1481, 1998, 2272, 2512, 2790, 2868, 2869, 3090, 3368, 3428, 3630, 3757, 3839, 3860, 3957, 4235, 4565, 4939]
RKP_05000_05000_2_04.txt|26604.0|1.0808074999999917|[1, 2, 3, 4, 20, 21, 23, 37, 43, 47, 60, 71, 77, 78, 82, 115, 122, 126, 131, 147, 154, 165, 187, 238, 264, 307, 314, 346, 406, 455, 491, 554, 625, 637, 655, 769, 832, 846, 862, 893, 1068, 1124, 1187, 1223, 1329, 1335, 1412, 1478, 1508, 1519, 1586, 1606, 1748, 2093, 2308, 2318, 2319, 2343, 2382, 2632, 2705, 2773, 3212, 3257, 3288, 3593, 3704, 3735]
RKP_05000_05000_2_05.txt|23872.0|1.0512414000000092|[4, 5, 8, 9, 12, 13, 66, 70, 103, 113, 128, 145, 163, 167, 220, 312, 350, 370, 481, 501, 513, 551, 595, 606, 626, 734, 842, 858, 874, 932, 962, 976, 1011, 1022, 1034, 1103, 1153, 1175, 1232, 1242, 1260, 1489, 1503, 1588, 1768, 1813, 2057, 2493, 2569, 2678, 2694, 3798, 4182, 4330, 4410, 4902]
RKP_05000_05000_2_06.txt|20948.0|1.0197981999999968|[8, 16, 17, 30, 43, 106, 136, 281, 303, 326, 356, 370, 373, 437, 449, 523, 526, 629, 689, 726, 731, 748, 832, 866, 872, 912, 976, 985, 1070, 1073, 1542, 1638, 1756, 1805, 1807, 1814, 2039, 2245, 2357, 2653, 3064, 3105, 3371, 3580, 3746, 3764]
RKP_05000_05000_2_07.txt|24630.0|0.9736338000000018|[7, 12, 26, 30, 36, 72, 129, 152, 169, 199, 212, 232, 273, 301, 383, 409, 411, 421, 452, 461, 528, 624, 631, 713, 725, 872, 903, 926, 932, 957, 989, 1115, 1137, 1153, 1326, 1435, 1438, 1460, 1581, 1614, 1730, 1734, 1819, 1988, 2037, 2045, 2118, 2838, 3005, 3060, 3396, 3704, 3935, 4066, 4239, 4720, 4779]
RKP_05000_05000_2_08.txt|24380.0|1.106950299999994|[2, 9, 17, 20, 30, 34, 83, 93, 112, 116, 125, 155, 160, 192, 242, 259, 274, 286, 291, 315, 332, 409, 449, 461, 551, 603, 659, 724, 746, 760, 782, 811, 899, 919, 944, 953, 1064, 1239, 1262, 1464, 1473, 1520, 1692, 1714, 1822, 1834, 1835, 2024, 2350, 2390, 2598, 2814, 2856, 3039, 3119, 3335, 3356, 3617, 3691]
RKP_05000_05000_2_09.txt|25706.0|1.0272615000000087|[1, 2, 3, 4, 7, 26, 36, 61, 74, 82, 83, 84, 105, 128, 129, 137, 152, 157, 164, 173, 178, 181, 184, 221, 251, 279, 327, 360, 385, 394, 413, 423, 519, 634, 829, 893, 899, 920, 973, 1012, 1086, 1177, 1179, 1184, 1213, 1231, 1308, 1378, 1462, 1478, 1555, 1687, 1771, 1802, 1812, 2129, 2382, 2432, 2555, 2584, 2889, 3741, 4959]
RKP_05000_05000_2_10.txt|23066.0|1.0773640000000029|[1, 2, 14, 23, 24, 35, 42, 70, 84, 97, 133, 153, 175, 185, 205, 233, 261, 268, 294, 311, 330, 351, 424, 452, 465, 481, 586, 608, 657, 666, 725, 728, 856, 899, 1078, 1136, 1230, 1530, 1620, 1742, 2124, 2189, 2312, 2524, 2594, 2605, 2690, 2884, 3018, 3271, 3272, 3467, 3568, 3618, 4367, 4670]
RKP_05000_05000_3_01.txt|50225.0|0.6964302000000089|[1, 4, 6, 9, 10, 12, 13, 16, 17, 21, 26, 39, 45, 54, 55, 58, 79, 83, 88, 94, 96, 102, 106, 122, 132, 137, 169, 171, 284, 289, 336, 449, 452, 465, 480, 499, 510, 521, 528, 563, 595, 625, 628, 634, 638, 646, 731, 736, 787, 800, 801, 814, 833, 870, 926, 1004, 1013, 1019, 1075, 1080, 1132, 1180, 1290, 1328, 1409, 1410, 1430, 1539, 1664, 1758, 1850, 1887, 2024, 2100, 2266, 2296, 2312, 2544, 2738, 2781, 2831, 2836, 2987, 3210, 3715, 4060, 4085, 4117, 4143, 4483, 4523]
RKP_05000_05000_3_02.txt|49818.99999998836|0.8028498999999982|[1, 2, 5, 9, 10, 23, 25, 30, 31, 32, 33, 38, 47, 51, 58, 59, 85, 92, 99, 106, 115, 117, 123, 133, 151, 155, 205, 217, 221, 227, 303, 360, 365, 389, 405, 407, 493, 507, 509, 568, 597, 601, 747, 773, 885, 967, 969, 970, 985, 1093, 1151, 1198, 1199, 1200, 1220, 1229, 1232, 1457, 1509, 1675, 1763, 1793, 1814, 1914, 1970, 2025, 2038, 2118, 2259, 2345, 2392, 2501, 2529, 2556, 2826, 3092, 3096, 3230, 3282, 3478, 3717, 3743, 3779, 3922, 4134, 4175, 4221, 4338, 4488, 4553]
RKP_05000_05000_3_03.txt|51877.0|0.7326592000000005|[1, 2, 3, 4, 5, 6, 8, 9, 13, 15, 21, 25, 38, 46, 58, 67, 79, 88, 90, 116, 127, 128, 136, 140, 183, 185, 194, 219, 223, 281, 323, 366, 373, 433, 471, 489, 523, 542, 553, 554, 592, 618, 636, 682, 703, 742, 763, 764, 826, 856, 950, 970, 1011, 1029, 1061, 1099, 1129, 1187, 1238, 1255, 1278, 1495, 1505, 1547, 1613, 1677, 1691, 1696, 1729, 1800, 1855, 1875, 1911, 1960, 1984, 2077, 2143, 2147, 2274, 2297, 2430, 2585, 2713, 2750, 2768, 3112, 3213, 3385, 3389, 3452, 3819, 3837, 3909, 4032]
RKP_05000_05000_3_04.txt|51925.0|0.7136945000000026|[4, 6, 11, 12, 14, 19, 27, 31, 32, 34, 47, 61, 71, 93, 94, 101, 102, 109, 141, 155, 156, 169, 177, 183, 198, 205, 208, 215, 229, 236, 241, 256, 274, 282, 304, 343, 375, 404, 454, 455, 476, 479, 505, 547, 585, 599, 642, 648, 718, 720, 779, 843, 868, 888, 907, 936, 965, 1033, 1109, 1208, 1304, 1433, 1564, 1589, 1746, 1804, 2081, 2146, 2343, 2428, 2441, 2551, 2688, 2704, 2727, 2854, 3143, 3167, 3330, 3391, 3454, 3497, 3523, 3543, 3625, 3841, 3856, 3870, 3872, 4104, 4107, 4343, 4678, 4713]
RKP_05000_05000_3_05.txt|49307.0|0.7857448999999974|[1, 2, 4, 5, 8, 12, 13, 15, 17, 20, 24, 25, 28, 42, 44, 50, 58, 62, 70, 72, 81, 97, 115, 138, 139, 141, 150, 202, 207, 242, 259, 268, 317, 331, 351, 368, 372, 375, 406, 442, 503, 508, 533, 537, 555, 616, 617, 620, 628, 652, 743, 779, 814, 945, 969, 1004, 1044, 1073, 1182, 1313, 1506, 1640, 1655, 1664, 1680, 1686, 1696, 1745, 1771, 1843, 1960, 1982, 2222, 2428, 2606, 2910, 2994, 3119, 3138, 3442, 3509, 3566, 3569, 3733, 3993, 4138, 4267, 4618, 4707]
RKP_05000_05000_3_06.txt|51420.0|0.7388437000000039|[1, 2, 3, 6, 8, 9, 10, 22, 23, 28, 30, 44, 55, 78, 93, 97, 101, 115, 130, 132, 141, 165, 190, 203, 234, 237, 239, 242, 285, 313, 318, 377, 382, 386, 403, 480, 495, 542, 607, 616, 623, 645, 671, 692, 737, 817, 839, 845, 909, 924, 934, 985, 1005, 1115, 1123, 1191, 1323, 1379, 1678, 1745, 1939, 1967, 1989, 2035, 2100, 2169, 2300, 2334, 2338, 2412, 2529, 2537, 2540, 2626, 2697, 2724, 2793, 2868, 3065, 3067, 3214, 3251, 3327, 3359, 3441, 3448, 3690, 3857, 3871, 3946, 4129, 4180, 4300]
RKP_05000_05000_3_07.txt|47864.0|0.8560202999999973|[2, 3, 4, 12, 13, 41, 46, 50, 61, 82, 88, 119, 124, 130, 143, 192, 217, 220, 224, 231, 232, 283, 304, 348, 459, 462, 476, 490, 525, 544, 598, 599, 609, 619, 652, 656, 684, 718, 739, 766, 796, 813, 817, 835, 897, 924, 1049, 1060, 1090, 1102, 1127, 1213, 1264, 1279, 1338, 1375, 1403, 1420, 1579, 1588, 1664, 1721, 1728, 1818, 1854, 1914, 1939, 1964, 2093, 2201, 2255, 2287, 2345, 2399, 2511, 2643, 2655, 2747, 3036, 3347, 3503, 3890, 3987, 4656, 4750, 4796]
RKP_05000_05000_3_08.txt|48365.0|0.8056847000000005|[1, 2, 3, 4, 6, 9, 14, 16, 18, 22, 28, 38, 39, 43, 53, 54, 66, 73, 78, 89, 91, 110, 122, 128, 147, 150, 152, 205, 237, 251, 254, 280, 294, 351, 391, 430, 433, 454, 484, 524, 547, 563, 633, 640, 692, 742, 752, 762, 784, 828, 857, 876, 938, 1104, 1105, 1145, 1185, 1224, 1262, 1311, 1371, 1450, 1520, 1613, 1639, 1833, 1856, 1969, 2150, 2221, 2250, 2393, 2413, 2446, 2528, 2636, 2750, 2945, 2988, 3072, 3102, 3512, 3967, 4022, 4469, 4731, 4805]
RKP_05000_05000_3_09.txt|53259.0|0.6489643000000029|[1, 2, 4, 7, 8, 10, 13, 17, 19, 25, 35, 42, 43, 54, 75, 96, 112, 133, 140, 150, 184, 233, 252, 259, 281, 299, 313, 317, 344, 345, 354, 356, 387, 406, 431, 512, 532, 533, 534, 593, 609, 629, 643, 660, 693, 767, 789, 793, 814, 830, 851, 877, 913, 929, 932, 1146, 1162, 1282, 1328, 1343, 1469, 1479, 1489, 1549, 1555, 1562, 1667, 1746, 1813, 1933, 1945, 2111, 2166, 2247, 2427, 2435, 2484, 2525, 2746, 2748, 2838, 2885, 2926, 2994, 3009, 3338, 3677, 3684, 3864, 4077, 4192, 4240, 4246, 4313, 4338, 4789, 4825]
RKP_05000_05000_3_10.txt|50758.0|0.8707405000000108|[1, 3, 4, 5, 9, 10, 13, 14, 18, 23, 25, 26, 41, 44, 46, 48, 51, 59, 60, 77, 98, 101, 120, 137, 170, 172, 190, 202, 227, 243, 309, 313, 319, 355, 371, 394, 402, 405, 481, 490, 576, 577, 607, 616, 664, 665, 668, 675, 722, 893, 952, 988, 1062, 1075, 1099, 1135, 1202, 1224, 1258, 1284, 1307, 1358, 1405, 1444, 1639, 1714, 1786, 1969, 2521, 2536, 2562, 2573, 2643, 2698, 2748, 2923, 2978, 3046, 3218, 3222, 3301, 3454, 3459, 3468, 3531, 3640, 3759, 3824, 3937, 4381, 4391, 4808]
RKP_05000_05000_4_01.txt|5000.0|0.5638653999999974|[4658]
RKP_05000_05000_4_02.txt|5000.0|0.5612157999999994|[4978]
RKP_05000_05000_4_03.txt|5000.0|0.6059150000000102|[4714]
RKP_05000_05000_4_04.txt|5000.0|0.5595497000000051|[4597]
RKP_05000_05000_4_05.txt|5000.0|0.5529503000000062|[4783]
RKP_05000_05000_4_06.txt|5000.0|0.6103965000000073|[4625]
RKP_05000_05000_4_07.txt|5000.0|0.5554458000000011|[4778]
RKP_05000_05000_4_08.txt|5000.0|0.60255930000001|[4648]
RKP_05000_05000_4_09.txt|5000.0|0.5601765999999913|[4770]
RKP_05000_05000_4_10.txt|4999.0|0.556399600000006|[4786]
RKP_05000_05000_5_01.txt|5000.0|0.6665394000000049|[2, 67, 332, 416, 999, 1018, 1151, 2173, 2623, 2928, 3091, 3144, 3979]
RKP_05000_05000_5_02.txt|5000.0|0.6689001000000019|[4986]
RKP_05000_05000_5_03.txt|5000.0|0.6844889999999992|[2, 7, 451, 1015, 1048, 2631, 2808, 3851]
RKP_05000_05000_5_04.txt|5000.0|0.6420382000000018|[1, 9, 100, 163, 242, 938, 1041, 1274, 1288, 2070, 2181, 2783]
RKP_05000_05000_5_05.txt|5000.0|0.6982239999999962|[15, 17, 92, 136, 477, 651, 1245, 1960, 2610, 2655, 2852, 2878]
RKP_05000_05000_5_06.txt|5000.0|0.623862399999993|[1, 10, 24, 127, 914, 915, 1032, 1058, 1059, 2929]
RKP_05000_05000_5_07.txt|5000.0|0.6909576000000044|[167, 223, 252, 407, 424, 1736, 2210, 2670, 2793, 4094, 4323]
RKP_05000_05000_5_08.txt|5000.0|0.6884936999999951|[1, 8, 80, 96, 310, 609, 756, 776, 1542, 2569, 4042]
RKP_05000_05000_5_09.txt|5000.0|0.6766797000000082|[12, 25, 27, 49, 85, 123, 150, 1490, 2538, 2570, 3367, 3455, 3770, 4074]
RKP_05000_05000_5_10.txt|5000.0|0.6933552999999932|[21, 56, 60, 197, 428, 761, 1600, 2658]
