RKP_00100_00100_1_01.txt|702.0|0.0681328|[1, 3, 10, 14, 16, 17, 22, 28, 31]
RKP_00100_00100_1_02.txt|676.0|0.07266880000000009|[1, 2, 15, 23, 37, 47, 48, 50, 56, 91]
RKP_00100_00100_1_03.txt|611.0|0.08333230000000003|[1, 2, 4, 6, 12, 15, 34, 63, 70]
RKP_00100_00100_1_04.txt|664.0|0.06496610000000003|[1, 3, 4, 5, 7, 9, 10, 15, 16, 74]
RKP_00100_00100_1_05.txt|666.0|0.05896350000000006|[1, 3, 6, 11, 14, 20, 22, 30, 79]
RKP_00100_00100_1_06.txt|844.0|0.060010200000000014|[11, 16, 17, 31, 42, 47, 48, 55, 57, 83, 97]
RKP_00100_00100_1_07.txt|425.0|0.05817189999999994|[13, 33, 39, 46, 58, 60, 71]
RKP_00100_00100_1_08.txt|825.0|0.07282690000000003|[1, 2, 5, 6, 7, 9, 13, 18, 24, 30, 76, 87, 88, 92]
RKP_00100_00100_1_09.txt|553.0|0.05807059999999997|[4, 8, 18, 23, 24, 29, 42, 52]
RKP_00100_00100_1_10.txt|614.0|0.07481749999999998|[1, 2, 4, 5, 11, 13, 15, 16, 27, 29]
RKP_00100_00100_2_01.txt|147.0|0.06811220000000007|[6, 20, 27, 41, 43, 59, 68]
RKP_00100_00100_2_02.txt|170.0|0.08645499999999995|[4, 5, 8, 26, 28, 30, 36, 47, 80]
RKP_00100_00100_2_03.txt|161.0|0.08214169999999998|[1, 3, 26, 31, 48, 51, 59, 75]
RKP_00100_00100_2_04.txt|146.0|0.07905050000000013|[5, 8, 9, 11, 18, 26, 28]
RKP_00100_00100_2_05.txt|127.0|0.07370549999999998|[7, 13, 16, 28, 64, 96]
RKP_00100_00100_2_06.txt|131.0|0.07809630000000012|[3, 10, 28, 32, 47, 67, 79]
RKP_00100_00100_2_07.txt|143.0|0.04863940000000011|[3, 7, 11, 13, 15, 28, 63]
RKP_00100_00100_2_08.txt|136.0|0.05906879999999992|[2, 16, 25, 28, 29, 51]
RKP_00100_00100_2_09.txt|133.0|0.07173220000000002|[1, 17, 23, 27, 33, 37, 75]
RKP_00100_00100_2_10.txt|152.0|0.10751979999999994|[1, 2, 4, 27, 28, 40, 64, 65, 85]
RKP_00100_00100_3_01.txt|180.0|0.04743159999999991|[3, 5, 9, 21, 22, 44, 52, 66]
RKP_00100_00100_3_02.txt|196.0|0.08348210000000011|[1, 2, 3, 8, 17, 24, 48, 49, 52, 56, 59]
RKP_00100_00100_3_03.txt|225.0|0.07246020000000009|[2, 3, 4, 6, 12, 14, 19, 22, 25, 46, 49, 64, 75]
RKP_00100_00100_3_04.txt|203.0|0.058547100000000185|[2, 3, 4, 5, 6, 8, 21, 26, 34, 42, 48]
RKP_00100_00100_3_05.txt|207.0|0.07165759999999999|[1, 2, 3, 7, 10, 12, 14, 22, 31, 52, 70]
RKP_00100_00100_3_06.txt|226.0|0.06669469999999977|[1, 2, 3, 6, 8, 10, 11, 16, 27, 28, 31, 40, 66, 72]
RKP_00100_00100_3_07.txt|203.0|0.0599103999999997|[2, 4, 5, 7, 8, 13, 14, 72, 83, 88, 89]
RKP_00100_00100_3_08.txt|174.0|0.0853113999999997|[1, 4, 5, 12, 15, 33, 62, 75]
RKP_00100_00100_3_09.txt|185.0|0.06989540000000005|[1, 5, 31, 32, 42, 44, 57, 82, 89]
RKP_00100_00100_3_10.txt|215.0|0.064079|[5, 9, 20, 23, 34, 47, 54, 60, 61, 62, 66, 67]
RKP_00100_00100_4_01.txt|100.0|0.04613500000000004|[97]
RKP_00100_00100_4_02.txt|96.0|0.046819399999999955|[96]
RKP_00100_00100_4_03.txt|100.0|0.04657119999999981|[84]
RKP_00100_00100_4_04.txt|100.0|0.04691210000000012|[95]
RKP_00100_00100_4_05.txt|100.0|0.0458615|[87]
RKP_00100_00100_4_06.txt|98.0|0.04770399999999997|[93]
RKP_00100_00100_4_07.txt|98.0|0.047858700000000365|[98]
RKP_00100_00100_4_08.txt|100.0|0.046591199999999944|[97]
RKP_00100_00100_4_09.txt|93.0|0.0479826000000001|[97]
RKP_00100_00100_4_10.txt|98.0|0.04805590000000004|[88]
RKP_00100_00100_5_01.txt|100.0|0.0493083999999997|[1, 90]
RKP_00100_00100_5_02.txt|100.0|0.04778679999999991|[14, 63]
RKP_00100_00100_5_03.txt|100.0|0.04980630000000019|[1, 16, 70, 95]
RKP_00100_00100_5_04.txt|100.0|0.051612299999999944|[77, 83]
RKP_00100_00100_5_05.txt|100.0|0.04834769999999988|[1, 86]
RKP_00100_00100_5_06.txt|100.0|0.04719210000000018|[96]
RKP_00100_00100_5_07.txt|100.0|0.05317740000000004|[1, 95]
RKP_00100_00100_5_08.txt|100.0|0.04975169999999984|[1, 49, 95]
RKP_00100_00100_5_09.txt|100.0|0.04767449999999984|[99]
RKP_00100_00100_5_10.txt|100.0|0.04913909999999966|[17, 49, 72]
RKP_00500_00100_1_01.txt|1482.0|0.11019369999999995|[2, 3, 5, 17, 25, 27, 38, 40, 41, 75, 120, 131, 140, 168, 173, 211, 269, 274, 280, 284, 304, 500]
RKP_00500_00100_1_02.txt|1266.0|0.12242640000000016|[4, 13, 14, 30, 62, 77, 87, 89, 102, 132, 170, 175, 205, 288, 325, 351, 377, 423, 433]
RKP_00500_00100_1_03.txt|1165.0|0.10988579999999981|[1, 5, 11, 15, 16, 30, 111, 113, 140, 147, 158, 164, 227, 228, 326, 327, 360, 477, 496]
RKP_00500_00100_1_04.txt|1363.0|0.12525549999999974|[11, 23, 41, 59, 61, 64, 65, 93, 94, 121, 156, 197, 245, 258, 315, 359]
RKP_00500_00100_1_05.txt|1503.0|0.11478650000000012|[1, 2, 3, 10, 11, 13, 17, 23, 24, 25, 26, 31, 72, 76, 104, 136, 192, 203, 212, 215, 363, 402]
RKP_00500_00100_1_06.txt|1550.0|0.1241431000000004|[3, 4, 7, 13, 16, 22, 34, 35, 52, 89, 165, 182, 189, 190, 211, 230, 240, 281, 353, 411, 491]
RKP_00500_00100_1_07.txt|1626.0|0.12697299999999956|[2, 7, 21, 22, 31, 40, 47, 80, 94, 97, 100, 126, 133, 147, 165, 197, 206, 257, 322, 359, 461, 469, 492]
RKP_00500_00100_1_08.txt|1344.0|0.12100009999999983|[1, 3, 4, 10, 16, 22, 23, 29, 106, 122, 146, 149, 150, 156, 165, 185, 258, 332, 378]
RKP_00500_00100_1_09.txt|1334.0|0.1150639|[16, 19, 39, 48, 77, 108, 148, 150, 151, 153, 180, 210, 214, 221, 229, 307, 324, 344, 496]
RKP_00500_00100_1_10.txt|1364.0|0.11536349999999995|[1, 3, 4, 5, 14, 17, 30, 49, 59, 62, 75, 78, 84, 109, 155, 162, 214, 234, 277, 413, 464]
RKP_00500_00100_2_01.txt|237.0|0.10423449999999956|[11, 16, 25, 32, 39, 50, 88, 101, 102, 122, 137, 148, 150, 160, 168, 226, 259, 351, 441, 447]
RKP_00500_00100_2_02.txt|225.0|0.1033963|[4, 6, 7, 13, 16, 21, 65, 72, 97, 112, 131, 141, 156, 167, 195, 336, 441]
RKP_00500_00100_2_03.txt|214.0|0.08049190000000017|[10, 18, 21, 31, 37, 38, 71, 100, 104, 107, 135, 155, 164, 166, 370, 382, 436, 479]
RKP_00500_00100_2_04.txt|208.0|0.10567170000000026|[7, 9, 11, 14, 19, 20, 26, 55, 58, 80, 85, 99, 112, 125, 163, 204, 216, 306]
RKP_00500_00100_2_05.txt|200.0|0.10845359999999982|[2, 4, 5, 10, 27, 32, 38, 52, 58, 77, 109, 125, 182, 260, 417, 426]
RKP_00500_00100_2_06.txt|201.0|0.11424209999999935|[1, 3, 9, 18, 35, 47, 50, 53, 70, 89, 117, 134, 155, 239, 302, 358]
RKP_00500_00100_2_07.txt|189.0|0.10372190000000003|[1, 4, 6, 9, 17, 18, 67, 75, 114, 226, 260, 278, 292, 308, 452, 459]
RKP_00500_00100_2_08.txt|191.0|0.12048680000000012|[1, 3, 7, 15, 42, 45, 46, 87, 96, 123, 175, 184, 278, 402, 495]
RKP_00500_00100_2_09.txt|163.0|0.11171050000000005|[25, 38, 74, 81, 87, 189, 276, 312, 335, 433]
RKP_00500_00100_2_10.txt|184.0|0.11312059999999935|[9, 14, 20, 21, 62, 76, 83, 116, 216, 274, 372, 441]
RKP_00500_00100_3_01.txt|300.0|0.11163789999999985|[1, 2, 3, 5, 8, 11, 24, 31, 33, 38, 43, 78, 96, 140, 143, 223, 240, 248, 260, 333, 462]
RKP_00500_00100_3_02.txt|335.0|0.08517229999999998|[1, 4, 5, 20, 32, 39, 56, 64, 73, 103, 110, 111, 143, 152, 160, 162, 164, 167, 172, 189, 221, 235, 263, 351, 405]
RKP_00500_00100_3_03.txt|335.0|0.10349689999999967|[5, 9, 14, 22, 40, 43, 49, 52, 71, 93, 111, 113, 118, 123, 148, 168, 193, 198, 228, 292, 322, 351, 444, 454]
RKP_00500_00100_3_04.txt|339.0|0.07403480000000062|[2, 4, 6, 27, 31, 50, 60, 66, 68, 104, 125, 146, 156, 163, 168, 209, 278, 280, 282, 312, 328, 335, 345, 350, 400]
RKP_00500_00100_3_05.txt|366.0|0.10755919999999985|[1, 5, 8, 9, 12, 30, 33, 35, 74, 84, 87, 92, 106, 143, 167, 189, 196, 225, 248, 252, 319, 340, 373, 377, 382, 397, 417]
RKP_00500_00100_3_06.txt|305.0|0.09663090000000008|[2, 4, 5, 7, 16, 24, 25, 45, 52, 56, 91, 137, 186, 189, 199, 204, 242, 266, 281, 311, 404, 433]
RKP_00500_00100_3_07.txt|300.0|0.07442629999999983|[1, 3, 4, 5, 7, 17, 24, 30, 33, 65, 76, 111, 191, 196, 200, 216, 244, 287, 326, 429, 430]
RKP_00500_00100_3_08.txt|386.0|0.09974479999999986|[4, 5, 8, 14, 16, 19, 25, 31, 32, 35, 49, 57, 58, 62, 63, 84, 90, 93, 114, 144, 150, 159, 172, 275, 301, 302, 323, 389, 451, 470]
RKP_00500_00100_3_09.txt|319.0|0.10295919999999992|[4, 10, 12, 13, 24, 54, 58, 63, 70, 83, 104, 115, 122, 136, 148, 154, 169, 171, 208, 221, 231, 294, 347, 434]
RKP_00500_00100_3_10.txt|353.0|0.1307444000000002|[1, 3, 7, 9, 10, 13, 18, 32, 36, 38, 57, 99, 102, 107, 153, 159, 165, 183, 189, 193, 282, 305, 322, 325, 388, 392]
RKP_00500_00100_4_01.txt|100.0|0.06860969999999966|[483]
RKP_00500_00100_4_02.txt|100.0|0.06779379999999957|[467]
RKP_00500_00100_4_03.txt|100.0|0.07072520000000004|[436]
RKP_00500_00100_4_04.txt|100.0|0.07063730000000046|[456]
RKP_00500_00100_4_05.txt|100.0|0.06982510000000008|[452]
RKP_00500_00100_4_06.txt|100.0|0.06945080000000026|[431]
RKP_00500_00100_4_07.txt|100.0|0.06849909999999948|[497]
RKP_00500_00100_4_08.txt|100.0|0.06732389999999988|[480]
RKP_00500_00100_4_09.txt|100.0|0.07266240000000046|[461]
RKP_00500_00100_4_10.txt|100.0|0.07269789999999965|[473]
RKP_00500_00100_5_01.txt|100.0|0.07221589999999978|[10, 96, 172, 337]
RKP_00500_00100_5_02.txt|100.0|0.07215960000000088|[489]
RKP_00500_00100_5_03.txt|100.0|0.07427820000000018|[1, 66, 106, 114, 132]
RKP_00500_00100_5_04.txt|100.0|0.07565279999999941|[493]
RKP_00500_00100_5_05.txt|100.0|0.07007310000000011|[90, 433]
RKP_00500_00100_5_06.txt|100.0|0.07819980000000015|[97, 100, 388, 447]
RKP_00500_00100_5_07.txt|100.0|0.07143189999999944|[238, 402]
RKP_00500_00100_5_08.txt|100.0|0.07348149999999976|[1, 346, 470]
RKP_00500_00100_5_09.txt|100.0|0.07242589999999893|[1, 75, 100, 125, 130, 223]
RKP_00500_00100_5_10.txt|100.0|0.0722485000000006|[1, 87, 426, 427]
RKP_01000_00100_1_01.txt|1865.0|0.16980309999999932|[2, 4, 8, 10, 11, 13, 19, 47, 48, 50, 51, 64, 67, 91, 97, 123, 151, 222, 260, 261, 314, 317, 347, 376, 465, 531, 560, 606]
RKP_01000_00100_1_02.txt|1758.0|0.16712029999999878|[1, 2, 8, 9, 16, 18, 30, 49, 50, 72, 81, 89, 171, 182, 193, 195, 292, 294, 331, 337, 486, 515, 557, 584, 624, 694, 696, 754]
RKP_01000_00100_1_03.txt|1817.0|0.18056250000000063|[1, 2, 4, 16, 32, 48, 50, 56, 57, 114, 116, 121, 128, 145, 172, 174, 182, 199, 252, 326, 380, 483, 498, 535, 704, 800, 869]
RKP_01000_00100_1_04.txt|2039.0|0.1784738000000008|[1, 2, 3, 5, 6, 12, 14, 20, 44, 45, 75, 151, 163, 165, 172, 247, 255, 277, 283, 376, 402, 429, 533, 566, 592, 726, 732, 733]
RKP_01000_00100_1_05.txt|1981.0|0.20128640000000075|[1, 12, 16, 26, 37, 41, 49, 69, 75, 82, 89, 101, 121, 123, 151, 188, 198, 207, 222, 307, 340, 553, 593, 635, 673, 696, 865, 915, 1000]
RKP_01000_00100_1_06.txt|2111.0|0.19033450000000052|[1, 6, 8, 10, 33, 38, 52, 55, 58, 63, 78, 83, 99, 117, 120, 168, 233, 236, 242, 250, 255, 349, 383, 442, 632, 645, 773, 790, 993]
RKP_01000_00100_1_07.txt|2238.0|0.18017290000000052|[3, 7, 8, 18, 19, 37, 49, 80, 86, 90, 127, 128, 129, 130, 146, 170, 190, 204, 226, 342, 382, 436, 440, 450, 476, 556, 627, 641, 778, 874]
RKP_01000_00100_1_08.txt|1885.0|0.1811562999999996|[1, 2, 4, 5, 6, 7, 10, 16, 22, 29, 51, 68, 80, 111, 118, 145, 149, 183, 202, 223, 242, 274, 303, 356, 366, 421, 422, 716, 922]
RKP_01000_00100_1_09.txt|1790.0|0.17307719999999982|[1, 14, 15, 17, 27, 31, 36, 48, 103, 168, 170, 196, 213, 262, 290, 405, 427, 509, 513, 672, 691, 782, 898, 925]
RKP_01000_00100_1_10.txt|2210.0|0.17396250000000002|[1, 8, 11, 19, 37, 55, 76, 104, 111, 158, 159, 188, 198, 221, 253, 295, 331, 368, 439, 466, 480, 491, 534, 618, 669, 748, 754, 785, 805, 813, 931, 968]
RKP_01000_00100_2_01.txt|236.0|0.1429848000000007|[3, 7, 12, 13, 16, 21, 24, 37, 41, 47, 73, 76, 90, 111, 183, 209, 252, 264, 348, 374, 375, 614]
RKP_01000_00100_2_02.txt|224.0|0.12136480000000027|[3, 13, 35, 73, 77, 84, 129, 147, 179, 183, 202, 213, 311, 375, 376, 385, 492, 583, 625, 782]
RKP_01000_00100_2_03.txt|301.0|0.18997569999999975|[5, 13, 33, 55, 58, 64, 81, 84, 87, 97, 123, 124, 141, 171, 186, 256, 264, 330, 335, 340, 371, 394, 416, 417, 420, 746, 897]
RKP_01000_00100_2_04.txt|230.0|0.12873979999999996|[1, 9, 21, 24, 35, 37, 60, 94, 112, 147, 150, 158, 184, 207, 246, 428, 443]
RKP_01000_00100_2_05.txt|224.0|0.14066700000000054|[2, 5, 7, 26, 84, 152, 214, 222, 236, 237, 255, 293, 299, 329, 380, 420, 428, 512, 742, 823, 846]
RKP_01000_00100_2_06.txt|283.0|0.12293949999999931|[1, 6, 9, 16, 24, 33, 57, 122, 138, 152, 185, 230, 255, 258, 259, 276, 322, 399, 590, 602, 647, 805, 827, 858, 876]
RKP_01000_00100_2_07.txt|246.0|0.14120890000000053|[7, 20, 23, 69, 81, 173, 208, 271, 284, 305, 378, 396, 433, 457, 520, 531, 682, 731, 783, 796, 821, 950]
RKP_01000_00100_2_08.txt|263.0|0.1642659000000002|[1, 3, 7, 10, 11, 21, 39, 44, 49, 54, 73, 121, 129, 131, 171, 175, 223, 228, 278, 294, 485, 549, 573, 661]
RKP_01000_00100_2_09.txt|248.0|0.13820099999999869|[1, 6, 13, 18, 25, 118, 127, 175, 176, 191, 205, 225, 235, 316, 327, 382, 417, 436, 470, 573, 651, 656, 982]
RKP_01000_00100_2_10.txt|254.0|0.13952450000000027|[1, 4, 5, 8, 15, 30, 33, 56, 71, 75, 78, 89, 122, 163, 164, 191, 252, 273, 282, 314, 341, 521, 522, 548, 564, 755]
RKP_01000_00100_3_01.txt|451.0|0.12686320000000073|[1, 11, 15, 21, 32, 49, 51, 65, 100, 119, 129, 133, 143, 179, 186, 208, 249, 294, 326, 337, 340, 351, 420, 441, 456, 464, 537, 565, 605, 659, 704, 763, 795, 816, 857, 962]
RKP_01000_00100_3_02.txt|383.0|0.14081010000000127|[1, 3, 9, 16, 18, 25, 30, 35, 37, 47, 53, 69, 70, 77, 94, 112, 120, 126, 137, 138, 176, 207, 295, 318, 381, 386, 533, 644, 654, 891]
RKP_01000_00100_3_03.txt|430.0|0.13385240000000032|[1, 3, 5, 8, 13, 17, 31, 54, 62, 87, 93, 143, 170, 175, 184, 222, 256, 270, 305, 325, 378, 382, 392, 427, 431, 443, 530, 542, 625, 652, 692, 809, 836, 994]
RKP_01000_00100_3_04.txt|430.0|0.1269379000000015|[1, 2, 3, 4, 9, 24, 29, 31, 42, 62, 65, 68, 83, 119, 142, 149, 201, 274, 277, 305, 309, 339, 389, 449, 480, 492, 527, 550, 558, 639, 645, 657, 740, 786]
RKP_01000_00100_3_05.txt|384.0|0.1290288000000004|[1, 2, 5, 23, 24, 29, 31, 46, 57, 85, 86, 100, 107, 108, 141, 144, 163, 172, 183, 192, 315, 355, 460, 480, 550, 630, 661, 674, 851, 910]
RKP_01000_00100_3_06.txt|382.0|0.16114310000000032|[1, 4, 5, 6, 7, 13, 14, 15, 16, 22, 25, 28, 36, 37, 64, 66, 112, 116, 204, 207, 217, 224, 237, 242, 249, 278, 471, 886, 901, 970]
RKP_01000_00100_3_07.txt|455.0|0.14601500000000023|[1, 3, 4, 5, 8, 12, 16, 20, 23, 27, 31, 34, 38, 53, 96, 112, 124, 129, 144, 169, 190, 204, 231, 282, 354, 402, 407, 410, 591, 605, 695, 750, 779, 822, 867, 888, 942]
RKP_01000_00100_3_08.txt|370.0|0.12562660000000037|[11, 13, 35, 53, 71, 81, 89, 97, 129, 130, 131, 154, 179, 198, 233, 250, 257, 265, 266, 292, 303, 340, 342, 472, 524, 528, 600, 667]
RKP_01000_00100_3_09.txt|386.0|0.1291063999999995|[2, 3, 5, 6, 17, 23, 26, 36, 48, 66, 77, 83, 126, 127, 141, 202, 228, 257, 318, 432, 471, 480, 502, 547, 647, 758, 825, 864, 930]
RKP_01000_00100_3_10.txt|422.0|0.13390350000000062|[1, 3, 4, 5, 10, 12, 16, 18, 22, 26, 72, 103, 104, 106, 122, 156, 170, 187, 245, 264, 314, 319, 426, 436, 439, 467, 524, 566, 632, 677, 764, 799, 927]
RKP_01000_00100_4_01.txt|99.0|0.09951920000000136|[844]
RKP_01000_00100_4_02.txt|100.0|0.0945620999999992|[866]
RKP_01000_00100_4_03.txt|100.0|0.09876730000000045|[860]
RKP_01000_00100_4_04.txt|100.0|0.10003689999999921|[838]
RKP_01000_00100_4_05.txt|100.0|0.09590180000000004|[851]
RKP_01000_00100_4_06.txt|100.0|0.0952623999999993|[878]
RKP_01000_00100_4_07.txt|100.0|0.09850240000000099|[956]
RKP_01000_00100_4_08.txt|100.0|0.09542090000000059|[876]
RKP_01000_00100_4_09.txt|100.0|0.09624140000000025|[889]
RKP_01000_00100_4_10.txt|100.0|0.10111120000000007|[886]
RKP_01000_00100_5_01.txt|100.0|0.10439129999999963|[105, 724, 854]
RKP_01000_00100_5_02.txt|100.0|0.09804150000000078|[107, 819]
RKP_01000_00100_5_03.txt|100.0|0.10913629999999941|[1, 835]
RKP_01000_00100_5_04.txt|100.0|0.12941879999999983|[13, 18, 57, 859]
RKP_01000_00100_5_05.txt|100.0|0.10003739999999972|[260, 972]
RKP_01000_00100_5_06.txt|100.0|0.10101769999999988|[137, 188, 216, 248, 883]
RKP_01000_00100_5_07.txt|100.0|0.09849179999999969|[100, 869]
RKP_01000_00100_5_08.txt|100.0|0.09606339999999847|[239, 779]
RKP_01000_00100_5_09.txt|100.0|0.09894549999999924|[13, 18, 48, 84, 236, 489]
RKP_01000_00100_5_10.txt|100.0|0.0992633000000005|[1, 934]
RKP_05000_00100_1_01.txt|4061.0|0.7308519999999987|[1, 3, 4, 5, 8, 9, 13, 20, 21, 22, 24, 31, 51, 68, 77, 89, 115, 116, 155, 213, 302, 341, 343, 465, 540, 553, 589, 642, 801, 847, 904, 1021, 1207, 1268, 1275, 1366, 1373, 1406, 1485, 1700, 1723, 1839, 2003, 2091, 2106, 2398, 2478, 2556, 3411, 3645, 3733, 4006, 4474, 4536, 4545, 4758]
RKP_05000_00100_1_02.txt|4041.0|0.6556666999999994|[1, 2, 16, 28, 31, 42, 44, 51, 60, 65, 73, 75, 99, 104, 151, 171, 174, 176, 275, 277, 301, 304, 338, 350, 374, 398, 420, 437, 463, 501, 716, 892, 1201, 1210, 1236, 1557, 1585, 1821, 2196, 2337, 2586, 2939, 3158, 3415, 3592, 3648, 3739, 4066, 4071, 4311, 4339, 4439, 4651]
RKP_05000_00100_1_03.txt|3813.0|0.760186400000002|[1, 2, 6, 10, 22, 26, 27, 52, 81, 114, 136, 156, 193, 203, 207, 208, 304, 312, 326, 336, 401, 591, 612, 656, 929, 961, 1020, 1066, 1069, 1154, 1171, 1237, 1355, 1417, 1588, 1880, 2442, 2646, 2797, 2939, 2992, 3127, 3261, 3382, 3471, 3686, 4053, 4396, 4693, 4798]
RKP_05000_00100_1_04.txt|3579.0|0.8406162999999971|[2, 5, 7, 23, 26, 38, 41, 48, 69, 131, 135, 147, 203, 205, 378, 444, 455, 579, 587, 709, 713, 792, 795, 898, 979, 997, 1048, 1173, 1309, 1367, 1521, 1931, 1998, 2030, 2304, 2528, 2565, 2594, 2831, 3064, 3085, 3198, 3225, 3336, 3338, 3605, 3644, 3703, 4280, 4320, 4470]
RKP_05000_00100_1_05.txt|3671.0|0.8380387999999996|[2, 4, 8, 13, 14, 16, 20, 30, 33, 38, 64, 158, 174, 230, 306, 356, 427, 428, 507, 530, 541, 542, 644, 667, 907, 976, 1024, 1169, 1249, 1309, 1432, 1433, 1510, 1759, 2097, 2347, 2399, 2537, 2850, 2995, 3160, 3454, 3856, 4179, 4251, 4588, 4630, 4969]
RKP_05000_00100_1_06.txt|3732.0|0.7952097000000009|[3, 7, 8, 9, 11, 21, 25, 41, 45, 71, 73, 115, 122, 131, 133, 139, 152, 155, 171, 208, 219, 281, 338, 377, 457, 569, 645, 652, 694, 745, 747, 807, 866, 920, 1031, 1226, 1279, 1295, 1319, 1542, 1799, 2000, 2055, 2326, 2384, 2510, 2608, 2842, 3167, 3825]
RKP_05000_00100_1_07.txt|4129.0|0.8712152999999994|[1, 4, 5, 11, 30, 32, 35, 54, 55, 79, 90, 97, 104, 118, 124, 155, 180, 188, 192, 204, 219, 244, 362, 453, 457, 494, 582, 811, 876, 880, 914, 930, 931, 1149, 1187, 1222, 1401, 1437, 1674, 1758, 1762, 1827, 2037, 2041, 2085, 2438, 2591, 2883, 3072, 3111, 3320, 3370, 3419, 3473, 3484, 3566, 4639]
RKP_05000_00100_1_08.txt|3734.0|0.8169544000000002|[1, 6, 25, 29, 52, 54, 82, 120, 148, 154, 179, 186, 221, 264, 266, 275, 276, 288, 300, 345, 441, 502, 745, 779, 816, 820, 865, 906, 1029, 1186, 1267, 1318, 1358, 1632, 1717, 1908, 2054, 2248, 2250, 2337, 2780, 2845, 2899, 2994, 3137, 3226, 3259, 3876, 4344, 4473, 4811]
RKP_05000_00100_1_09.txt|3625.0|0.7474499999999971|[2, 3, 6, 10, 30, 42, 74, 90, 178, 270, 325, 329, 445, 593, 619, 668, 747, 762, 786, 816, 853, 987, 1184, 1363, 1441, 1736, 1769, 1869, 1945, 2349, 2549, 2596, 2791, 2807, 2965, 3051, 3200, 3264, 3556, 3572, 3697, 3704, 3759, 3816, 4062, 4135, 4156, 4424]
RKP_05000_00100_1_10.txt|3820.0|0.7235475999999998|[1, 15, 20, 25, 43, 48, 83, 90, 111, 131, 134, 143, 153, 176, 180, 189, 230, 321, 352, 363, 385, 429, 437, 482, 484, 564, 629, 654, 714, 795, 805, 930, 952, 956, 1091, 1221, 1342, 1350, 1395, 1422, 1517, 1804, 2061, 2120, 2462, 2958, 3065, 3086, 3176, 3373, 3734, 4369]
RKP_05000_00100_2_01.txt|404.0|0.5389535000000016|[40, 44, 68, 77, 110, 144, 246, 303, 540, 551, 560, 586, 587, 736, 842, 868, 948, 1057, 1078, 1238, 1272, 1292, 1647, 1715, 1735, 1741, 2000, 2019, 2120, 2210, 2218, 2295, 2607, 2729, 2735, 2913, 3020, 3518, 3573, 4039, 4335]
RKP_05000_00100_2_02.txt|431.0|0.4929200000000016|[3, 4, 8, 10, 14, 22, 29, 35, 40, 61, 73, 101, 152, 242, 275, 292, 407, 455, 532, 536, 556, 578, 656, 677, 763, 778, 871, 1014, 1178, 1194, 1307, 1493, 1570, 1793, 1800, 1838, 2320, 2439, 2707, 2992, 3178, 3238, 4063, 4347, 4384, 4978]
RKP_05000_00100_2_03.txt|422.0|0.5209793000000005|[4, 5, 9, 11, 12, 17, 39, 54, 113, 185, 195, 242, 260, 388, 524, 592, 610, 710, 711, 769, 826, 842, 895, 1122, 1234, 1463, 1771, 1867, 2288, 2550, 2606, 2655, 2844, 3166, 3332, 3625, 3890, 3969, 4206, 4547, 4655, 4806, 4989]
RKP_05000_00100_2_04.txt|367.0|0.5517366999999993|[1, 4, 5, 12, 35, 45, 67, 156, 168, 229, 283, 341, 355, 387, 483, 491, 506, 531, 637, 674, 687, 840, 917, 950, 1138, 1139, 1452, 1489, 1633, 1864, 1976, 2042, 2052, 2126, 2636, 3028, 3153, 3585, 4139]
RKP_05000_00100_2_05.txt|387.0|0.5051072999999988|[5, 22, 23, 40, 51, 52, 99, 148, 167, 233, 274, 355, 370, 452, 489, 522, 684, 752, 942, 991, 1029, 1224, 1503, 1654, 1735, 1741, 1823, 1903, 2083, 2332, 2365, 2545, 2703, 3226, 3238, 3374, 3383, 3549, 3555, 3758]
RKP_05000_00100_2_06.txt|408.0|0.5386997000000022|[3, 8, 23, 33, 62, 135, 182, 210, 222, 324, 326, 356, 369, 437, 466, 502, 602, 639, 758, 816, 1109, 1193, 1288, 1394, 1433, 1581, 1688, 2039, 2072, 2118, 2148, 2312, 2322, 2422, 2453, 2519, 3081, 3347, 3682, 4405]
RKP_05000_00100_2_07.txt|407.0|0.47416180000000097|[1, 2, 3, 7, 11, 28, 43, 49, 55, 58, 71, 79, 103, 141, 169, 177, 180, 244, 260, 261, 333, 341, 373, 396, 429, 498, 516, 649, 744, 1103, 1387, 1389, 1601, 2332, 2528, 2641, 2751, 3229, 3488, 3689, 3866, 4327]
RKP_05000_00100_2_08.txt|419.0|0.4773990000000019|[1, 2, 7, 9, 11, 14, 24, 25, 79, 94, 98, 99, 152, 199, 291, 342, 464, 560, 672, 723, 735, 792, 869, 953, 967, 1204, 1273, 1330, 1387, 1415, 1492, 1617, 1638, 1700, 2068, 2133, 2149, 2312, 2584, 2831, 2915, 3246, 3421, 3696, 4543, 4658]
RKP_05000_00100_2_09.txt|415.0|0.5477708999999997|[5, 6, 18, 61, 75, 86, 88, 110, 112, 151, 244, 293, 294, 315, 355, 392, 433, 574, 673, 796, 846, 1008, 1149, 1331, 1335, 1400, 1679, 1873, 2179, 2196, 2318, 2352, 2365, 2520, 2692, 2953, 3113, 3441, 3890, 4070, 4171, 4480, 4778]
RKP_05000_00100_2_10.txt|400.0|0.4856738999999983|[8, 19, 48, 58, 120, 136, 250, 253, 275, 315, 326, 373, 477, 502, 640, 660, 918, 956, 978, 1183, 1196, 1313, 1459, 1547, 1608, 1773, 1932, 2345, 2435, 2497, 2755, 2768, 2802, 3005, 3123, 3300, 3321, 3484, 4994]
RKP_05000_00100_3_01.txt|702.0|0.44503639999999933|[10, 22, 26, 28, 44, 48, 55, 77, 80, 97, 104, 109, 135, 145, 224, 242, 276, 279, 322, 334, 345, 349, 377, 383, 395, 413, 465, 471, 530, 534, 588, 610, 661, 692, 900, 948, 1006, 1037, 1096, 1119, 1187, 1192, 1272, 1363, 1636, 1702, 1725, 1733, 1751, 2039, 2090, 2321, 2608, 3252, 3272, 3674, 3683, 3743, 4057, 4195, 4835]
RKP_05000_00100_3_02.txt|740.0|0.48611700000000013|[3, 9, 19, 22, 55, 89, 93, 94, 98, 132, 145, 166, 167, 175, 203, 219, 254, 272, 304, 312, 313, 330, 351, 355, 356, 373, 392, 426, 472, 496, 554, 796, 856, 917, 1092, 1119, 1136, 1147, 1267, 1271, 1326, 1335, 1407, 1524, 1589, 1637, 1664, 1689, 1876, 2059, 2409, 2689, 2722, 2762, 2772, 2848, 2988, 3287, 3318, 3504, 3615, 3623, 4432, 4494, 4912]
RKP_05000_00100_3_03.txt|670.0|0.4388033999999976|[3, 6, 14, 15, 18, 20, 21, 24, 27, 52, 73, 76, 86, 96, 129, 140, 155, 156, 192, 205, 258, 283, 387, 446, 520, 546, 647, 656, 698, 714, 780, 894, 996, 1226, 1305, 1347, 1459, 1525, 1558, 1571, 1732, 1847, 2351, 2662, 2676, 2793, 2858, 2984, 2989, 3115, 3566, 4111, 4254, 4440, 4520, 4528, 4547, 4563, 4874]
RKP_05000_00100_3_04.txt|700.0|0.43113460000000003|[1, 3, 4, 5, 8, 9, 15, 47, 48, 59, 66, 72, 99, 103, 118, 122, 232, 266, 282, 298, 309, 315, 318, 320, 325, 335, 375, 403, 473, 578, 688, 770, 808, 819, 984, 1182, 1227, 1347, 1380, 1433, 1570, 1739, 1758, 1788, 1817, 2156, 2231, 2274, 2340, 2386, 2600, 2634, 2764, 3111, 3384, 3697, 3783, 3851, 4136, 4679, 4996]
RKP_05000_00100_3_05.txt|653.0|0.4570261000000002|[7, 32, 47, 52, 60, 76, 79, 81, 122, 147, 220, 238, 292, 295, 362, 435, 448, 480, 485, 486, 513, 542, 573, 590, 614, 638, 656, 669, 769, 905, 909, 936, 950, 973, 1491, 1526, 1668, 1760, 2040, 2337, 2456, 2471, 2596, 2714, 2837, 2877, 2928, 3114, 3135, 3492, 3753, 4063, 4073, 4118, 4398, 4423, 4825]
RKP_05000_00100_3_06.txt|767.0|0.46110700000000193|[4, 5, 6, 12, 25, 26, 27, 29, 32, 45, 58, 68, 103, 104, 113, 119, 157, 179, 203, 207, 244, 270, 278, 290, 352, 413, 434, 440, 460, 492, 551, 588, 638, 683, 755, 765, 796, 838, 899, 956, 1046, 1227, 1376, 1393, 1451, 1477, 1657, 1702, 1735, 1775, 1854, 1884, 2159, 2299, 2457, 2528, 2535, 2710, 2738, 2889, 3091, 3095, 3112, 3151, 3434, 4151, 4282]
RKP_05000_00100_3_07.txt|740.0|0.4758767999999982|[2, 10, 16, 18, 20, 29, 30, 32, 89, 93, 98, 99, 114, 119, 123, 169, 185, 189, 206, 222, 304, 355, 362, 372, 416, 485, 495, 523, 526, 549, 570, 812, 817, 859, 865, 883, 890, 913, 980, 985, 1030, 1095, 1109, 1116, 1411, 1615, 1663, 1833, 2113, 2510, 2528, 2632, 2667, 2701, 2869, 3232, 3416, 3509, 3542, 3653, 3863, 4038, 4083, 4185, 4835]
RKP_05000_00100_3_08.txt|741.0|0.4360149|[5, 13, 21, 47, 59, 60, 89, 92, 99, 100, 115, 129, 215, 227, 273, 294, 296, 309, 343, 346, 382, 428, 484, 491, 502, 525, 557, 572, 611, 645, 700, 785, 807, 888, 925, 940, 969, 1027, 1047, 1208, 1238, 1240, 1355, 1414, 1478, 1517, 1747, 1802, 1973, 2154, 2276, 2430, 2702, 3330, 3410, 3716, 3794, 3821, 3855, 4062, 4178, 4225, 4318, 4708, 4735]
RKP_05000_00100_3_09.txt|704.0|0.4390269999999994|[1, 8, 10, 18, 29, 40, 49, 55, 63, 94, 110, 111, 116, 119, 137, 164, 217, 271, 277, 288, 307, 350, 355, 409, 419, 424, 501, 585, 696, 789, 839, 986, 1004, 1074, 1161, 1163, 1328, 1499, 1532, 1558, 1913, 2032, 2033, 2453, 2595, 2609, 2618, 2805, 2925, 3071, 3127, 3477, 3500, 3596, 3603, 3830, 4097, 4425, 4459, 4609, 4948]
RKP_05000_00100_3_10.txt|714.0|0.4703564|[1, 2, 8, 11, 21, 22, 27, 47, 57, 63, 79, 109, 110, 117, 142, 166, 211, 216, 227, 236, 252, 333, 337, 438, 526, 540, 614, 666, 685, 775, 780, 787, 793, 860, 933, 1075, 1111, 1166, 1187, 1259, 1396, 1419, 1426, 1457, 1547, 1639, 1688, 1928, 1938, 2107, 2280, 2312, 2567, 2929, 2988, 3361, 3869, 3877, 3997, 4016, 4448, 4783]
RKP_05000_00100_4_01.txt|100.0|0.42433719999999653|[4203]
RKP_05000_00100_4_02.txt|100.0|0.4145500999999996|[4283]
RKP_05000_00100_4_03.txt|100.0|0.44013280000000066|[4228]
RKP_05000_00100_4_04.txt|100.0|0.41795630000000017|[4218]
RKP_05000_00100_4_05.txt|100.0|0.40985549999999904|[4329]
RKP_05000_00100_4_06.txt|100.0|0.43781390000000187|[4207]
RKP_05000_00100_4_07.txt|100.0|0.4090378000000001|[4210]
RKP_05000_00100_4_08.txt|100.0|0.4368588000000031|[4203]
RKP_05000_00100_4_09.txt|100.0|0.40655160000000024|[4232]
RKP_05000_00100_4_10.txt|100.0|0.4067251000000027|[4226]
RKP_05000_00100_5_01.txt|100.0|0.45244329999999877|[85, 353, 1001, 1273, 1307, 1729]
RKP_05000_00100_5_02.txt|100.0|0.41010760000000346|[146, 147, 437, 730, 765, 1142, 1189, 2275, 2791]
RKP_05000_00100_5_03.txt|100.0|0.4167428999999956|[10, 4379]
RKP_05000_00100_5_04.txt|100.0|0.4423276999999999|[98, 117, 317, 461, 586, 651, 1243, 1706, 2036, 3926]
RKP_05000_00100_5_05.txt|100.0|0.406692299999996|[201, 347, 376, 657, 1371, 1431, 1741, 2215, 3010, 3197]
RKP_05000_00100_5_06.txt|100.0|0.4240191000000024|[146, 278, 963, 1548]
RKP_05000_00100_5_07.txt|100.0|0.46032090000000636|[11, 254, 478, 821, 863, 2167]
RKP_05000_00100_5_08.txt|100.0|0.4172532999999987|[1143, 1277]
RKP_05000_00100_5_09.txt|100.0|0.4416080999999963|[538, 808, 1346, 1540, 1981, 2047, 3120]
RKP_05000_00100_5_10.txt|100.0|0.41146589999999605|[81, 582, 1269, 2175, 2953, 3768]
RKP_05000_01000_1_01.txt|51149.0|0.8229043999999988|[1, 10, 13, 15, 16, 17, 18, 22, 23, 30, 35, 53, 59, 78, 151, 164, 226, 310, 328, 334, 379, 399, 416, 424, 436, 491, 551, 684, 700, 732, 751, 778, 800, 866, 921, 969, 974, 1034, 1196, 1214, 1232, 1233, 1387, 1431, 1591, 1724, 1742, 1756, 1775, 1841, 1858, 1919, 1979, 2077, 2187, 2254, 2266, 2481, 2629, 2777, 2814, 2874, 3144, 3187, 3282, 3485, 3534, 3791, 3799, 4129, 4223, 4479, 4971]
RKP_05000_01000_1_02.txt|53685.0|0.8748913000000016|[1, 3, 7, 10, 17, 22, 36, 41, 65, 78, 84, 89, 109, 153, 203, 207, 222, 235, 236, 282, 293, 304, 368, 406, 425, 464, 506, 539, 588, 622, 675, 694, 728, 772, 790, 917, 918, 928, 988, 1055, 1205, 1261, 1329, 1337, 1343, 1403, 1414, 1455, 1590, 1604, 1698, 1860, 1999, 2011, 2120, 2198, 2379, 2594, 2727, 2745, 2750, 2769, 2800, 2825, 2832, 2973, 3095, 3349, 3565, 3585, 3875, 4489, 4961]
RKP_05000_01000_1_03.txt|48327.0|0.9261767000000063|[1, 9, 13, 22, 24, 32, 33, 67, 72, 76, 94, 129, 135, 165, 174, 176, 192, 272, 339, 344, 400, 441, 479, 533, 649, 749, 810, 852, 875, 882, 933, 940, 988, 1027, 1039, 1146, 1150, 1219, 1339, 1364, 1384, 1415, 1475, 1483, 1534, 1605, 1614, 1822, 1854, 2016, 2125, 2161, 2201, 2468, 2471, 2688, 2848, 3194, 3232, 3276, 3392, 3682, 3835, 3920, 4104, 4191, 4283]
RKP_05000_01000_1_04.txt|49560.00000000001|0.8754950000000008|[1, 2, 5, 7, 8, 9, 10, 16, 25, 35, 49, 52, 61, 64, 71, 84, 103, 114, 135, 181, 189, 191, 223, 238, 304, 318, 351, 395, 421, 473, 482, 498, 522, 533, 546, 547, 594, 625, 670, 687, 716, 724, 792, 794, 952, 1021, 1074, 1107, 1142, 1218, 1275, 1395, 1416, 1450, 1689, 1901, 2023, 2047, 2060, 2177, 2320, 2470, 2922, 3023, 3051, 3055, 3271, 3926, 4232, 4277, 4329, 4397, 4624, 4775]
RKP_05000_01000_1_05.txt|49747.0|0.8221679000000037|[2, 4, 5, 12, 14, 46, 65, 67, 69, 73, 91, 93, 94, 97, 119, 120, 132, 168, 201, 208, 254, 259, 267, 279, 330, 339, 352, 385, 430, 467, 584, 593, 667, 711, 816, 838, 903, 985, 1023, 1049, 1093, 1142, 1150, 1155, 1162, 1227, 1316, 1320, 1321, 1411, 1418, 1474, 1576, 1588, 1606, 1607, 1649, 1708, 1883, 1893, 2069, 2256, 2263, 2271, 2397, 2547, 2786, 2819, 2834, 3067, 3468, 4053, 4118, 4204, 4385]
RKP_05000_01000_1_06.txt|47590.0|0.8534869|[1, 2, 3, 4, 8, 9, 10, 13, 48, 51, 52, 54, 60, 73, 80, 107, 150, 159, 188, 192, 217, 269, 288, 297, 336, 337, 343, 399, 429, 498, 503, 594, 601, 656, 687, 691, 697, 721, 736, 894, 943, 998, 1097, 1145, 1242, 1305, 1368, 1494, 1511, 1530, 1689, 1720, 1879, 1910, 1916, 2012, 2025, 2048, 2050, 2195, 2442, 2483, 2517, 2633, 2857, 2861, 2865, 2925, 2967, 3076, 3109, 3846, 4196, 4603]
RKP_05000_01000_1_07.txt|45191.0|0.7869378999999981|[1, 2, 8, 15, 21, 23, 38, 44, 46, 65, 77, 80, 84, 91, 110, 115, 130, 161, 188, 198, 204, 213, 226, 393, 421, 423, 453, 488, 522, 523, 568, 569, 577, 616, 628, 633, 753, 795, 848, 957, 1052, 1175, 1231, 1346, 1359, 1449, 1489, 1605, 1607, 1645, 1666, 1697, 1741, 1764, 1865, 1904, 2001, 2087, 2235, 2537, 2593, 2669, 2984, 3402, 3438, 3455, 3964, 4009, 4242]
RKP_05000_01000_1_08.txt|48153.0|0.7740133999999941|[1, 3, 7, 8, 10, 12, 15, 20, 24, 32, 39, 40, 43, 52, 75, 78, 79, 81, 89, 109, 115, 118, 140, 151, 190, 207, 217, 235, 244, 257, 279, 411, 419, 427, 430, 488, 527, 529, 531, 575, 651, 670, 785, 849, 890, 892, 952, 1088, 1138, 1275, 1344, 1391, 1487, 2099, 2110, 2356, 2382, 2528, 2585, 2723, 2841, 3244, 3318, 3323, 3437, 3788, 3925, 3937, 4070, 4497, 4666]
RKP_05000_01000_1_09.txt|49344.0|0.763308600000002|[1, 2, 4, 5, 6, 8, 17, 18, 25, 27, 32, 39, 47, 49, 51, 73, 91, 94, 101, 104, 106, 107, 128, 157, 163, 184, 190, 191, 223, 302, 359, 364, 377, 390, 427, 451, 499, 563, 684, 844, 883, 897, 996, 1113, 1242, 1362, 1366, 1401, 1434, 1481, 1579, 1679, 1714, 1761, 1788, 1854, 1911, 2034, 2121, 2227, 2246, 2364, 2381, 2845, 3179, 3245, 3644, 3744, 3964, 4115]
RKP_05000_01000_1_10.txt|53267.0|0.8713276999999948|[1, 2, 4, 9, 11, 28, 33, 38, 41, 43, 47, 49, 80, 100, 103, 104, 129, 152, 161, 180, 198, 245, 255, 261, 286, 359, 384, 461, 464, 486, 495, 500, 528, 604, 740, 785, 807, 839, 844, 888, 1044, 1076, 1095, 1175, 1253, 1284, 1313, 1333, 1361, 1430, 1479, 1554, 1636, 1640, 1680, 1686, 1731, 1817, 1914, 1934, 2153, 2184, 2216, 2309, 2544, 2608, 2671, 2698, 2753, 2768, 2867, 3137, 3309, 3687, 3836, 4036, 4815]
RKP_05000_01000_2_01.txt|4046.0|0.9493885999999989|[2, 5, 12, 23, 26, 28, 32, 34, 81, 88, 103, 115, 147, 176, 265, 309, 339, 395, 413, 483, 687, 707, 716, 724, 761, 947, 951, 997, 1046, 1100, 1173, 1473, 1487, 1641, 1730, 1844, 2000, 2014, 2057, 2168, 2351, 2400, 2569, 2671, 3060, 3764, 3919, 4166, 4493, 4598]
RKP_05000_01000_2_02.txt|4130.0|0.8964075000000022|[1, 2, 3, 44, 51, 62, 88, 94, 121, 126, 229, 279, 299, 311, 317, 338, 365, 462, 471, 491, 653, 862, 964, 1045, 1049, 1068, 1112, 1159, 1189, 1196, 1294, 1577, 1693, 1812, 1856, 1964, 2308, 2515, 2537, 2581, 2682, 2933, 3342, 3711, 3944, 4977]
RKP_05000_01000_2_03.txt|4384.0|0.8688938999999962|[15, 51, 69, 86, 88, 171, 177, 185, 216, 217, 235, 286, 305, 308, 341, 350, 465, 477, 507, 518, 589, 655, 726, 858, 862, 942, 1002, 1256, 1550, 1684, 1732, 1853, 1958, 2164, 2182, 2340, 2610, 2617, 2754, 2930, 3087, 3180, 3351, 3406, 3416, 3540, 3938, 4457, 4964]
RKP_05000_01000_2_04.txt|4657.0|0.9716132000000002|[1, 3, 17, 42, 51, 54, 59, 63, 82, 124, 135, 153, 163, 183, 222, 274, 348, 371, 400, 545, 557, 567, 585, 662, 703, 758, 768, 857, 916, 1086, 1100, 1136, 1209, 1210, 1319, 1398, 1539, 1672, 1740, 1799, 1906, 1926, 1989, 1996, 2237, 2245, 2408, 2508, 2518, 2928, 2989, 3498, 3530, 3767, 4236, 4424, 4454]
RKP_05000_01000_2_05.txt|4286.0|0.8910932999999943|[3, 4, 5, 8, 9, 10, 12, 16, 17, 23, 33, 34, 43, 70, 80, 187, 201, 204, 273, 360, 420, 427, 449, 526, 541, 734, 775, 807, 876, 1064, 1132, 1158, 1269, 1335, 1424, 1471, 1576, 1672, 1680, 1762, 1925, 2008, 2033, 2513, 2686, 2834, 3321, 4215, 4386, 4485]
RKP_05000_01000_2_06.txt|4390.0|1.0448912999999962|[1, 2, 5, 27, 30, 36, 61, 63, 105, 109, 138, 154, 159, 184, 242, 252, 336, 344, 464, 470, 473, 481, 670, 672, 683, 707, 714, 739, 793, 862, 900, 1064, 1134, 1369, 1477, 1569, 1852, 1898, 1933, 1948, 1991, 2201, 2282, 2435, 2446, 2476, 2484, 2638, 2690, 4407, 4545, 4951]
RKP_05000_01000_2_07.txt|4498.0|0.9115138000000016|[1, 5, 7, 11, 12, 33, 105, 157, 169, 193, 199, 207, 228, 238, 239, 257, 368, 516, 747, 751, 759, 771, 772, 909, 1123, 1139, 1231, 1265, 1437, 1552, 1593, 1625, 1643, 1702, 1800, 1811, 1886, 1902, 1935, 2206, 2233, 2241, 2282, 2608, 3085, 3129, 3147, 3196, 3275, 3278, 3658, 3882, 3974, 4279, 4429, 4453, 4495]
RKP_05000_01000_2_08.txt|4173.0|0.9434491000000023|[4, 5, 6, 14, 17, 30, 44, 59, 78, 108, 114, 137, 146, 200, 213, 219, 236, 264, 298, 312, 313, 371, 385, 397, 580, 658, 747, 823, 846, 901, 972, 987, 1067, 1156, 1184, 1256, 1314, 1499, 1645, 1783, 2133, 2399, 2683, 2808, 3148, 3191, 3205, 3385, 4386]
RKP_05000_01000_2_09.txt|4151.0|0.9148120000000048|[3, 4, 10, 13, 15, 17, 22, 25, 63, 128, 137, 175, 270, 310, 335, 377, 379, 408, 419, 536, 569, 579, 669, 677, 784, 821, 897, 935, 1132, 1226, 1259, 1556, 1583, 1627, 1786, 1967, 1992, 2005, 2140, 2317, 2637, 2789, 2887, 3113, 3297, 3478, 4691]
RKP_05000_01000_2_10.txt|3845.0|0.9461860999999985|[9, 18, 19, 30, 36, 99, 137, 149, 191, 217, 227, 294, 312, 420, 555, 587, 749, 855, 880, 922, 941, 1011, 1491, 1494, 1502, 1619, 1631, 1686, 1818, 1858, 1926, 2034, 2292, 2318, 2452, 2559, 2998, 3629, 3712, 3887, 3888, 4015, 4057, 4084, 4267]
RKP_05000_01000_3_01.txt|8580.0|0.6224644999999995|[1, 14, 21, 23, 34, 40, 45, 46, 47, 53, 60, 72, 77, 97, 108, 109, 112, 114, 119, 132, 140, 150, 176, 181, 193, 207, 237, 274, 276, 284, 305, 372, 455, 550, 553, 560, 562, 567, 586, 604, 623, 632, 688, 728, 757, 917, 951, 996, 1047, 1081, 1140, 1198, 1369, 1382, 1600, 1615, 1698, 1779, 1958, 2178, 2241, 2250, 2416, 2461, 2608, 2640, 2748, 2783, 2794, 2851, 2874, 3246, 3421, 3426, 3545, 3591, 4476]
RKP_05000_01000_3_02.txt|9193.0|0.6394706999999968|[1, 2, 4, 13, 25, 28, 33, 39, 40, 41, 55, 68, 71, 90, 107, 111, 116, 129, 140, 169, 209, 214, 230, 295, 304, 305, 345, 379, 425, 436, 445, 446, 448, 542, 562, 595, 609, 646, 727, 730, 759, 801, 843, 849, 878, 883, 892, 953, 1020, 1041, 1046, 1087, 1117, 1161, 1174, 1243, 1436, 1486, 1499, 1885, 1908, 2067, 2080, 2113, 2136, 2215, 2330, 2425, 2667, 2704, 2772, 2808, 2853, 2933, 2978, 2989, 2998, 3041, 3308, 3393, 3546, 3750, 4134, 4419]
RKP_05000_01000_3_03.txt|9810.0|0.6143880999999993|[1, 2, 3, 4, 5, 11, 22, 26, 36, 38, 97, 115, 127, 129, 137, 153, 156, 158, 163, 199, 200, 214, 215, 239, 246, 286, 323, 360, 377, 399, 439, 465, 544, 568, 609, 621, 652, 709, 710, 839, 856, 881, 975, 989, 1022, 1077, 1082, 1157, 1164, 1169, 1222, 1245, 1316, 1360, 1429, 1465, 1498, 1597, 1605, 1663, 1688, 2034, 2087, 2280, 2298, 2319, 2386, 2439, 2529, 2613, 3042, 3166, 3175, 3273, 3477, 3508, 3545, 3674, 3697, 3722, 3910, 3928, 4041, 4215, 4447, 4529, 4671, 4695, 4813]
RKP_05000_01000_3_04.txt|10004.0|0.6243736999999996|[1, 4, 5, 6, 8, 9, 15, 18, 27, 29, 35, 39, 45, 63, 70, 82, 111, 132, 175, 198, 205, 206, 225, 258, 261, 277, 306, 321, 337, 360, 400, 413, 437, 448, 472, 495, 496, 548, 568, 574, 610, 619, 648, 657, 680, 709, 723, 730, 747, 769, 784, 977, 989, 1049, 1064, 1080, 1165, 1226, 1276, 1296, 1309, 1396, 1398, 1493, 1557, 1768, 1852, 1872, 1912, 2115, 2150, 2372, 2394, 2516, 2541, 2568, 2575, 2593, 2747, 2865, 2868, 3197, 3274, 3330, 3448, 3523, 3612, 4042, 4324, 4440, 4880]
RKP_05000_01000_3_05.txt|9108.0|0.6547424999999976|[1, 2, 7, 8, 11, 16, 19, 26, 29, 32, 34, 48, 49, 54, 68, 91, 112, 117, 122, 143, 162, 169, 183, 184, 212, 219, 256, 285, 335, 344, 358, 372, 386, 486, 501, 513, 632, 638, 658, 692, 708, 768, 985, 1044, 1060, 1068, 1069, 1263, 1292, 1305, 1500, 1516, 1541, 1552, 1588, 1619, 1759, 1859, 1909, 2077, 2123, 2180, 2298, 2381, 2460, 2539, 2610, 2634, 2723, 2744, 2920, 3106, 3167, 3258, 3439, 3440, 3469, 3558, 3584, 3635, 4338, 4405]
RKP_05000_01000_3_06.txt|9602.999999999733|0.6485600000000034|[1, 2, 3, 4, 6, 7, 12, 39, 41, 45, 46, 55, 76, 79, 82, 84, 85, 86, 94, 106, 124, 128, 141, 184, 193, 206, 213, 214, 219, 227, 265, 276, 287, 288, 368, 469, 488, 490, 573, 603, 607, 623, 734, 756, 760, 801, 813, 839, 859, 889, 931, 946, 1030, 1035, 1119, 1296, 1359, 1522, 1551, 1610, 1640, 1726, 1833, 1917, 1978, 1991, 2026, 2251, 2623, 2741, 2799, 2936, 3214, 3239, 3264, 3324, 3341, 3390, 3433, 3533, 4000, 4039, 4258, 4315, 4322, 4582, 4808, 4911]
RKP_05000_01000_3_07.txt|9499.0|0.6624235000000027|[2, 3, 5, 6, 13, 29, 31, 33, 36, 60, 73, 76, 79, 84, 91, 94, 100, 113, 125, 146, 194, 214, 216, 218, 221, 251, 291, 293, 295, 360, 370, 398, 413, 417, 427, 477, 527, 593, 608, 640, 707, 714, 725, 762, 827, 849, 883, 884, 891, 896, 919, 991, 1003, 1044, 1055, 1090, 1123, 1179, 1262, 1368, 1470, 1544, 1561, 1783, 1789, 1792, 1998, 2095, 2104, 2111, 2357, 2360, 2381, 2448, 2716, 2900, 3085, 3135, 3146, 3402, 3438, 3628, 3731, 4131, 4233, 4456]
RKP_05000_01000_3_08.txt|9275.0|0.6298261000000025|[2, 3, 4, 6, 7, 14, 20, 28, 34, 35, 77, 80, 82, 116, 118, 134, 152, 154, 177, 213, 217, 244, 250, 260, 264, 270, 295, 301, 331, 394, 489, 498, 525, 556, 571, 654, 675, 679, 686, 883, 895, 901, 953, 1009, 1014, 1036, 1050, 1134, 1135, 1159, 1273, 1364, 1502, 1513, 1588, 1636, 1733, 1970, 1976, 2019, 2025, 2088, 2236, 2364, 2402, 2484, 2812, 2858, 2977, 3017, 3087, 3214, 3237, 3324, 3346, 3396, 3445, 3571, 3808, 3939, 4022, 4192, 4487, 4779]
RKP_05000_01000_3_09.txt|8998.0|0.6041372999999979|[1, 4, 7, 8, 9, 12, 13, 14, 20, 40, 51, 73, 83, 87, 106, 111, 136, 152, 193, 196, 237, 242, 252, 281, 290, 310, 376, 384, 426, 444, 453, 462, 492, 494, 556, 564, 655, 661, 664, 671, 673, 751, 760, 786, 797, 852, 886, 921, 995, 1003, 1104, 1108, 1148, 1189, 1311, 1313, 1322, 1471, 1488, 1684, 1800, 1872, 1978, 2024, 2051, 2401, 2486, 2497, 2511, 2621, 2657, 2680, 2941, 3256, 3392, 3443, 3538, 3572, 3868, 4136, 4292]
RKP_05000_01000_3_10.txt|9290.0|0.7757035000000059|[1, 2, 3, 10, 14, 16, 25, 33, 37, 50, 62, 73, 89, 119, 145, 159, 194, 196, 219, 235, 270, 272, 287, 305, 312, 343, 344, 353, 369, 389, 393, 413, 417, 434, 445, 446, 456, 458, 502, 627, 692, 789, 808, 811, 876, 907, 1019, 1125, 1184, 1329, 1343, 1530, 1621, 1785, 1854, 2061, 2139, 2141, 2189, 2213, 2322, 2631, 2764, 2770, 2813, 2894, 2915, 2940, 3064, 3119, 3127, 3150, 3234, 3240, 3251, 3435, 3589, 3788, 4052, 4227, 4466, 4578, 4747, 4788]
RKP_05000_01000_4_01.txt|1000.0|0.5056409000000031|[4615]
RKP_05000_01000_4_02.txt|1000.0|0.5194982999999951|[4655]
RKP_05000_01000_4_03.txt|1000.0|0.5597776999999979|[4567]
RKP_05000_01000_4_04.txt|1000.0|0.5086967000000016|[4559]
RKP_05000_01000_4_05.txt|1000.0|0.5142921000000058|[4575]
RKP_05000_01000_4_06.txt|1000.0|0.5554381999999976|[4580]
RKP_05000_01000_4_07.txt|1000.0|0.5001226000000116|[4493]
RKP_05000_01000_4_08.txt|1000.0|0.5427924999999902|[4472]
RKP_05000_01000_4_09.txt|1000.0|0.505517900000001|[4528]
RKP_05000_01000_4_10.txt|1000.0|0.5128605000000022|[4560]
RKP_05000_01000_5_01.txt|1000.0|0.5849839999999915|[10, 24, 141, 230, 423, 602, 807, 1452, 1596, 1606, 1789, 2394, 2787, 4574]
RKP_05000_01000_5_02.txt|1000.0|0.5719949000000071|[12, 77, 100, 116, 226, 891, 1004, 1924, 2330, 3010, 4440]
RKP_05000_01000_5_03.txt|1000.0|0.5751327999999916|[423, 862, 1032, 2873, 3502]
RKP_05000_01000_5_04.txt|1000.0|0.5952072999999984|[58, 82, 610, 650, 900, 1000, 1001, 1005, 1474]
RKP_05000_01000_5_05.txt|1000.0|0.5646849000000032|[4980]
RKP_05000_01000_5_06.txt|1000.0|0.5706438999999932|[621, 655, 852, 1636, 2419, 2453, 4181]
RKP_05000_01000_5_07.txt|1000.0|0.5855236000000019|[10, 16, 33, 69, 326, 433, 702, 715, 763, 853, 1168, 2725, 4141]
RKP_05000_01000_5_08.txt|1000.0|0.5574244000000022|[98, 100, 142, 618, 667, 797, 1071, 1406, 2044, 2261, 2385]
RKP_05000_01000_5_09.txt|1000.0|0.6003346000000107|[789, 1238, 1494, 1845]
RKP_05000_01000_5_10.txt|1000.0|0.5871060999999997|[71, 113, 202, 421, 532, 774, 2465, 2608, 3426]
RKP_05000_05000_1_01.txt|233994.0|0.8397318000000098|[2, 3, 30, 33, 36, 40, 47, 50, 74, 75, 78, 94, 96, 100, 134, 149, 168, 174, 206, 226, 239, 254, 255, 263, 267, 274, 279, 290, 477, 496, 498, 521, 601, 688, 798, 826, 901, 1083, 1200, 1201, 1247, 1260, 1293, 1416, 1437, 1543, 1595, 1617, 1643, 1674, 1685, 1939, 1999, 2002, 2195, 2321, 2685, 2687, 2945, 2997, 3113, 3266, 3721, 3813, 4308, 4777, 4810, 4862]
RKP_05000_05000_1_02.txt|286801.0|0.8629542999999984|[1, 2, 4, 8, 10, 14, 20, 21, 24, 38, 45, 55, 59, 89, 104, 113, 117, 141, 213, 238, 240, 269, 297, 310, 334, 341, 361, 378, 396, 444, 474, 537, 712, 785, 787, 805, 857, 903, 1005, 1041, 1044, 1069, 1089, 1107, 1115, 1152, 1203, 1266, 1374, 1379, 1459, 1786, 1842, 1855, 1870, 1987, 2039, 2174, 2177, 2306, 2322, 2403, 2501, 2667, 2706, 2783, 2786, 2928, 3042, 3059, 3588, 3696, 3754, 3842, 3921, 3940, 4074, 4197, 4402, 4712, 4832]
RKP_05000_05000_1_03.txt|258133.0|0.900226399999994|[1, 7, 8, 18, 22, 25, 39, 46, 62, 63, 73, 78, 80, 86, 110, 115, 133, 206, 231, 233, 246, 249, 318, 339, 353, 393, 399, 426, 429, 434, 435, 451, 481, 482, 557, 582, 586, 811, 872, 1042, 1098, 1099, 1108, 1115, 1235, 1236, 1244, 1261, 1265, 1374, 1414, 1441, 1477, 1594, 1775, 1897, 2264, 2630, 2760, 2859, 3154, 3247, 3326, 3414, 3443, 3493, 3512, 3593, 4284, 4414]
RKP_05000_05000_1_04.txt|281999.0|0.8051624000000004|[1, 3, 5, 9, 12, 25, 34, 38, 48, 50, 68, 75, 76, 81, 85, 90, 105, 135, 145, 148, 173, 189, 222, 240, 291, 299, 318, 332, 333, 368, 376, 387, 390, 408, 422, 484, 557, 559, 675, 778, 787, 809, 814, 831, 935, 1072, 1389, 1417, 1418, 1675, 1677, 1753, 1758, 1859, 1875, 1938, 2003, 2013, 2017, 2051, 2061, 2312, 2328, 2372, 2553, 2581, 2584, 2991, 3260, 3305, 3410, 3431, 3547, 3568, 3651, 3802, 3813, 3850, 4172, 4260, 4286, 4384, 4668, 4715]
RKP_05000_05000_1_05.txt|271896.0|0.944133800000003|[1, 2, 22, 23, 26, 31, 32, 33, 38, 46, 55, 62, 127, 130, 131, 139, 143, 148, 153, 167, 210, 214, 227, 261, 301, 348, 378, 403, 459, 463, 471, 518, 555, 559, 582, 677, 694, 923, 950, 1016, 1050, 1088, 1221, 1281, 1372, 1432, 1460, 1483, 1492, 1662, 1668, 1690, 1692, 1887, 1929, 1993, 2045, 2118, 2223, 2309, 2352, 2411, 2427, 2467, 2579, 2657, 2732, 2804, 3024, 3175, 3186, 3722, 3813, 3873, 4108, 4208, 4301, 4354, 4789, 4846]
RKP_05000_05000_1_06.txt|252252.0|0.8112517999999938|[2, 9, 18, 19, 20, 23, 40, 46, 66, 71, 76, 82, 87, 113, 120, 236, 243, 274, 333, 338, 361, 363, 378, 407, 427, 514, 523, 568, 581, 608, 613, 621, 649, 651, 689, 693, 707, 715, 813, 825, 830, 850, 925, 956, 1041, 1065, 1154, 1227, 1280, 1308, 1428, 1508, 1730, 1855, 1927, 1981, 2011, 2048, 2132, 2204, 2210, 2240, 2309, 2386, 2509, 2646, 2701, 2729, 2949, 3104, 3361, 3938, 3978, 4076, 4540, 4561, 4692]
RKP_05000_05000_1_07.txt|228353.0|0.8781612999999879|[1, 2, 3, 4, 7, 8, 15, 16, 28, 29, 30, 31, 44, 57, 79, 83, 137, 153, 175, 182, 190, 215, 248, 249, 266, 287, 294, 303, 332, 380, 381, 457, 463, 478, 529, 536, 575, 640, 667, 730, 739, 745, 785, 829, 864, 1228, 1263, 1267, 1315, 1375, 1406, 1525, 1616, 1804, 1820, 1849, 1894, 1897, 2017, 2273, 2529, 2688, 2725, 2833, 2846, 2854, 3045, 3965, 4149, 4260, 4664, 4751]
RKP_05000_05000_1_08.txt|238057.0|0.8242632000000043|[2, 3, 5, 7, 16, 30, 38, 41, 51, 91, 95, 97, 122, 124, 137, 156, 171, 192, 232, 253, 275, 280, 314, 342, 363, 367, 371, 392, 402, 451, 453, 512, 523, 528, 560, 596, 669, 674, 764, 836, 878, 984, 1167, 1179, 1247, 1421, 1439, 1506, 1546, 1549, 1562, 1737, 1919, 1941, 2047, 2285, 2312, 2428, 2523, 2525, 2536, 2600, 2643, 2681, 2805, 2813, 3599, 3666, 3744, 3998, 4080, 4195, 4527, 4596, 4934]
RKP_05000_05000_1_09.txt|251402.0|0.7688023000000044|[1, 3, 5, 6, 14, 17, 29, 42, 50, 64, 66, 76, 77, 113, 126, 137, 139, 151, 170, 179, 196, 221, 234, 243, 245, 282, 299, 325, 339, 355, 376, 380, 385, 391, 438, 448, 460, 475, 492, 537, 539, 542, 565, 632, 667, 682, 701, 726, 820, 871, 921, 1006, 1064, 1227, 1245, 1254, 1314, 1350, 1416, 1458, 1504, 1510, 1592, 1594, 1596, 1635, 1917, 2450, 2557, 2593, 2636, 3197, 4248, 4486, 4489, 4615]
RKP_05000_05000_1_10.txt|221539.0|0.8528730000000024|[1, 2, 5, 7, 14, 18, 24, 38, 78, 92, 98, 144, 153, 185, 286, 322, 380, 414, 467, 472, 659, 724, 756, 803, 867, 909, 959, 981, 1015, 1209, 1402, 1479, 1504, 1609, 1652, 1725, 1766, 1986, 1998, 2050, 2151, 2281, 2306, 2498, 2580, 2608, 2629, 2641, 2786, 2870, 2942, 3028, 3060, 3067, 3078, 3101, 3198, 3261, 3450, 3471, 3696, 4380]
RKP_05000_05000_2_01.txt|21751.0|1.0316363000000024|[5, 18, 21, 32, 49, 65, 82, 93, 106, 235, 250, 279, 293, 335, 391, 411, 475, 515, 579, 668, 715, 748, 866, 953, 1045, 1059, 1239, 1292, 1308, 1367, 1435, 1482, 1497, 1533, 1635, 1665, 1784, 1885, 2236, 2251, 2351, 2687, 2937, 3403, 3722, 3883, 4544, 4833, 4844]
RKP_05000_05000_2_02.txt|19161.0|1.0212271000000044|[14, 15, 56, 106, 131, 161, 191, 220, 530, 563, 582, 598, 696, 710, 762, 836, 997, 1058, 1069, 1154, 1172, 1195, 1247, 1287, 1437, 1649, 1714, 1867, 2060, 2162, 2244, 2429, 2814, 3100, 3355, 3515, 3641, 3796, 3813, 3984, 4007]
RKP_05000_05000_2_03.txt|18482.0|0.9756452999999965|[1, 3, 4, 8, 13, 38, 44, 50, 61, 64, 72, 128, 146, 177, 375, 394, 441, 477, 502, 582, 613, 729, 783, 968, 983, 1207, 1269, 1307, 1422, 1429, 1432, 1481, 1536, 1998, 2272, 2512, 2688, 2868, 2869, 3090, 3428, 3630, 3839, 3860, 3957, 4235, 4565]
RKP_05000_05000_2_04.txt|24222.0|0.9723651999999987|[1, 2, 4, 21, 23, 37, 47, 71, 77, 78, 82, 115, 122, 126, 131, 147, 165, 187, 238, 307, 322, 346, 406, 422, 455, 523, 547, 554, 583, 625, 637, 655, 693, 832, 862, 893, 966, 1124, 1223, 1329, 1335, 1412, 1508, 1519, 1586, 1606, 1748, 2282, 2308, 2318, 2343, 2376, 2382, 2632, 2705, 2773, 3257, 3288, 3704]
RKP_05000_05000_2_05.txt|20446.0|1.0267561|[5, 9, 12, 13, 14, 34, 67, 70, 96, 103, 113, 128, 163, 220, 312, 317, 350, 481, 501, 513, 595, 631, 842, 856, 858, 932, 962, 1011, 1022, 1036, 1103, 1153, 1175, 1232, 1260, 1468, 1588, 1813, 2057, 2060, 2569, 2678, 3623, 3798, 4092, 4182, 4330, 4410]
RKP_05000_05000_2_06.txt|19647.0|1.0073620000000005|[2, 8, 17, 30, 43, 74, 136, 281, 303, 316, 326, 370, 373, 411, 437, 449, 526, 574, 629, 637, 689, 731, 832, 872, 912, 985, 1070, 1073, 1342, 1542, 1630, 1638, 1756, 1805, 1807, 2039, 2245, 2795, 3023, 3064, 3437, 3580, 3749, 3764]
RKP_05000_05000_2_07.txt|20730.0|0.9777150999999975|[12, 16, 24, 30, 36, 75, 129, 152, 232, 273, 383, 409, 411, 428, 452, 461, 528, 624, 725, 903, 926, 932, 989, 1115, 1137, 1153, 1326, 1380, 1435, 1438, 1460, 1581, 1614, 1730, 1734, 1819, 2037, 2045, 2118, 3005, 3060, 3180, 3396, 3690, 3747, 3935, 3995, 4066, 4779, 4811]
RKP_05000_05000_2_08.txt|21986.0|1.0028377000000006|[2, 8, 9, 17, 30, 34, 83, 93, 112, 116, 127, 155, 160, 179, 259, 274, 286, 332, 409, 449, 551, 587, 603, 659, 746, 760, 782, 811, 826, 899, 919, 953, 1239, 1262, 1520, 1683, 1692, 1834, 2024, 2078, 2219, 2390, 2598, 2692, 2856, 2907, 3119, 3274, 3356, 3617, 3691]
RKP_05000_05000_2_09.txt|22928.0|1.0642100000000028|[1, 2, 3, 7, 36, 60, 61, 74, 82, 83, 105, 128, 129, 137, 157, 164, 173, 178, 181, 184, 327, 385, 394, 413, 423, 519, 574, 632, 634, 829, 893, 899, 973, 1086, 1177, 1179, 1184, 1213, 1231, 1308, 1378, 1462, 1478, 1482, 1687, 1771, 1802, 1812, 2129, 2354, 2432, 2555, 2889, 3741, 4702, 4959]
RKP_05000_05000_2_10.txt|21444.0|1.0968103000000013|[1, 2, 9, 14, 23, 24, 35, 42, 70, 82, 84, 97, 185, 205, 261, 294, 311, 317, 330, 351, 465, 557, 586, 595, 608, 657, 666, 725, 728, 856, 899, 1078, 1136, 1230, 1530, 1620, 1757, 1908, 1945, 2124, 2264, 2312, 2524, 2556, 2605, 2732, 2854, 2884, 3467, 3568, 3618, 4041, 4367]
RKP_05000_05000_3_01.txt|46961.0|0.8391980999999902|[1, 6, 16, 17, 21, 26, 39, 42, 45, 54, 55, 58, 66, 79, 88, 94, 95, 106, 132, 169, 171, 284, 289, 336, 449, 452, 465, 499, 501, 510, 521, 528, 530, 563, 595, 625, 628, 634, 638, 646, 736, 800, 801, 814, 833, 870, 926, 927, 1004, 1013, 1075, 1080, 1290, 1291, 1328, 1409, 1410, 1429, 1430, 1446, 1664, 1758, 1846, 1850, 1884, 1887, 2024, 2025, 2100, 2266, 2454, 2544, 2738, 2781, 2831, 2987, 3020, 3210, 3309, 3941, 4060, 4143, 4348, 4483, 4523]
RKP_05000_05000_3_02.txt|44512.0|0.9753707999999932|[5, 9, 15, 25, 30, 32, 33, 38, 42, 45, 50, 51, 58, 59, 69, 85, 92, 99, 117, 123, 131, 133, 151, 155, 205, 212, 217, 221, 303, 360, 384, 405, 407, 409, 507, 509, 558, 568, 601, 747, 769, 773, 885, 967, 969, 1050, 1093, 1146, 1200, 1220, 1232, 1509, 1763, 1853, 1914, 1970, 2025, 2038, 2063, 2223, 2259, 2345, 2392, 2529, 2556, 2589, 2826, 3096, 3230, 3282, 3478, 3779, 3922, 4134, 4175, 4221, 4322, 4488, 4553, 4589]
RKP_05000_05000_3_03.txt|49061.0|0.9081389999999914|[1, 2, 4, 6, 12, 13, 15, 25, 46, 67, 79, 88, 90, 113, 127, 128, 183, 185, 186, 194, 219, 223, 281, 286, 323, 366, 373, 432, 433, 489, 523, 542, 553, 554, 561, 636, 682, 742, 763, 764, 777, 826, 853, 856, 937, 950, 963, 970, 1011, 1029, 1061, 1099, 1129, 1187, 1238, 1255, 1278, 1491, 1505, 1516, 1547, 1677, 1691, 1696, 1703, 1715, 1729, 1875, 1911, 1960, 1984, 2077, 2143, 2274, 2297, 2420, 2430, 2585, 2683, 2713, 2750, 2768, 3112, 3385, 3452, 3819, 3837, 3909, 4833]
RKP_05000_05000_3_04.txt|46362.0|0.8833774000000005|[1, 3, 4, 5, 14, 16, 19, 27, 32, 34, 47, 51, 61, 71, 93, 94, 102, 109, 155, 156, 169, 173, 177, 183, 198, 226, 229, 249, 256, 304, 343, 404, 412, 454, 476, 479, 505, 547, 585, 642, 718, 779, 843, 868, 888, 895, 936, 981, 1033, 1109, 1112, 1119, 1133, 1208, 1276, 1433, 1464, 1564, 1589, 1740, 1834, 2428, 2441, 2495, 2561, 2704, 2727, 2854, 3065, 3143, 3167, 3330, 3391, 3454, 3523, 3543, 3625, 3841, 3856, 3870, 3872, 4104, 4332, 4343]
RKP_05000_05000_3_05.txt|45479.0|0.9082346000000001|[1, 2, 5, 12, 13, 20, 23, 24, 25, 29, 44, 50, 58, 62, 70, 72, 75, 76, 81, 97, 111, 138, 139, 150, 166, 207, 259, 309, 317, 331, 368, 372, 375, 406, 503, 508, 528, 533, 537, 555, 616, 617, 628, 729, 743, 839, 958, 969, 984, 1004, 1044, 1073, 1182, 1220, 1313, 1506, 1519, 1640, 1655, 1664, 1680, 1686, 1745, 1758, 1771, 1843, 1951, 1960, 1982, 2408, 2428, 2476, 2606, 2910, 2994, 3119, 3138, 3285, 3566, 4138, 4618, 4707]
RKP_05000_05000_3_06.txt|45326.0|0.9708895999999925|[1, 2, 6, 8, 18, 22, 23, 28, 30, 43, 44, 48, 55, 78, 89, 93, 97, 100, 115, 125, 130, 203, 219, 233, 234, 237, 239, 285, 313, 377, 382, 386, 411, 430, 480, 542, 607, 616, 618, 645, 671, 737, 817, 839, 845, 924, 934, 955, 985, 1005, 1104, 1115, 1123, 1190, 1191, 1678, 1967, 1989, 2035, 2115, 2300, 2334, 2338, 2489, 2529, 2537, 2626, 2697, 2724, 2793, 3065, 3251, 3325, 3359, 3441, 3690, 3700, 3857, 3946, 4180, 4300, 4383]
RKP_05000_05000_3_07.txt|44318.0|0.8706527000000079|[1, 2, 3, 4, 13, 46, 50, 61, 82, 88, 124, 130, 143, 169, 192, 217, 220, 224, 231, 232, 260, 304, 348, 395, 412, 459, 476, 487, 490, 525, 544, 598, 609, 619, 652, 656, 684, 718, 739, 766, 796, 813, 817, 835, 866, 924, 1005, 1049, 1060, 1090, 1133, 1213, 1279, 1338, 1405, 1420, 1579, 1588, 1664, 1721, 1728, 1818, 1914, 1939, 2093, 2201, 2287, 2345, 2379, 2399, 2551, 2643, 2655, 2747, 2824, 3347, 3890, 3987, 4656, 4750]
RKP_05000_05000_3_08.txt|44519.0|0.8434905000000015|[1, 2, 3, 4, 9, 14, 16, 18, 22, 28, 38, 39, 54, 66, 73, 78, 84, 89, 91, 120, 147, 150, 152, 241, 254, 280, 289, 294, 351, 391, 433, 454, 484, 524, 563, 633, 640, 702, 731, 742, 752, 762, 784, 828, 857, 876, 886, 938, 1042, 1104, 1105, 1145, 1185, 1262, 1311, 1371, 1405, 1450, 1520, 1778, 1833, 1856, 1969, 2150, 2221, 2250, 2393, 2413, 2418, 2446, 2528, 2697, 2750, 2945, 3072, 4022, 4469, 4510, 4731, 4805]
RKP_05000_05000_3_09.txt|46682.0|0.8458533999999958|[1, 2, 8, 10, 13, 17, 19, 25, 42, 43, 51, 52, 75, 111, 133, 167, 233, 252, 259, 281, 299, 313, 317, 338, 345, 354, 387, 406, 413, 431, 512, 520, 532, 554, 609, 629, 643, 660, 679, 693, 767, 789, 851, 877, 913, 929, 932, 1146, 1162, 1282, 1328, 1343, 1422, 1479, 1549, 1562, 1667, 1746, 1813, 1933, 1945, 2111, 2166, 2247, 2427, 2435, 2484, 2748, 2838, 2885, 2994, 3009, 3268, 3338, 3677, 3684, 4052, 4077, 4192, 4240, 4246, 4313, 4338, 4825, 4839]
RKP_05000_05000_3_10.txt|46283.0|0.9680407999999971|[1, 2, 3, 4, 6, 10, 13, 14, 18, 24, 25, 26, 41, 44, 48, 51, 59, 60, 67, 81, 120, 137, 170, 181, 190, 202, 227, 248, 276, 313, 319, 402, 405, 457, 481, 490, 535, 576, 577, 605, 607, 664, 665, 668, 675, 716, 722, 988, 1062, 1075, 1135, 1202, 1224, 1258, 1284, 1307, 1358, 1405, 1639, 1653, 1714, 1786, 1987, 2521, 2536, 2562, 2573, 2643, 2698, 2748, 2923, 2953, 3046, 3218, 3222, 3301, 3454, 3459, 3468, 3531, 3759, 4391, 4394, 4808]
RKP_05000_05000_4_01.txt|4999.0|0.6968783000000087|[4678]
RKP_05000_05000_4_02.txt|5000.0|0.6984537999999958|[4978]
RKP_05000_05000_4_03.txt|5000.0|0.7231477999999925|[4714]
RKP_05000_05000_4_04.txt|4996.0|0.703505700000008|[4908]
RKP_05000_05000_4_05.txt|4999.0|0.7535620000000023|[4718]
RKP_05000_05000_4_06.txt|4997.0|0.7203577000000081|[4553]
RKP_05000_05000_4_07.txt|4996.0|0.6687969000000038|[4909]
RKP_05000_05000_4_08.txt|5000.0|0.7288996000000054|[4648]
RKP_05000_05000_4_09.txt|5000.0|0.6956261999999924|[4770]
RKP_05000_05000_4_10.txt|4998.0|0.7000839999999897|[4870]
RKP_05000_05000_5_01.txt|5000.0|0.8827812999999907|[10, 33, 43, 100, 420, 460, 464, 531, 554, 625, 1002, 1004, 1009, 1016, 1604]
RKP_05000_05000_5_02.txt|5000.0|0.850137200000006|[107, 889, 1018, 1147, 2659, 3030]
RKP_05000_05000_5_03.txt|5000.0|0.8363728000000066|[18, 268, 295, 296, 451, 768, 922, 1015, 1048, 1264, 1548, 1651, 1699, 2698, 3133]
RKP_05000_05000_5_04.txt|5000.0|0.8635586999999987|[23, 242, 379, 1190, 2713, 2783, 3009]
RKP_05000_05000_5_05.txt|5000.0|0.9042838000000017|[13, 73, 136, 137, 566, 804, 954, 1004, 1671, 2655]
RKP_05000_05000_5_06.txt|5000.0|0.8529908000000006|[59, 82, 952, 1298, 1649, 2105, 2143]
RKP_05000_05000_5_07.txt|5000.0|0.8203626000000099|[10, 54, 154, 167, 252, 297, 930, 986, 1531, 1552, 1567, 1681, 3016]
RKP_05000_05000_5_08.txt|5000.0|0.8573255000000017|[257, 553, 557, 741, 1452, 1641, 1948, 2501, 2607, 3827, 4421]
RKP_05000_05000_5_09.txt|5000.0|0.8298877999999945|[4999]
RKP_05000_05000_5_10.txt|5000.0|0.7951405000000022|[10, 100, 521, 817, 955, 1027, 1116, 1241, 2234]
