RKP_00100_00100_1_01.txt|447.0|0.06805500000000009|[1, 4, 17, 22, 28, 54, 67]
RKP_00100_00100_1_02.txt|578.0|0.07444260000000003|[1, 15, 23, 37, 47, 48, 50, 56, 91]
RKP_00100_00100_1_03.txt|399.0|0.07081110000000002|[1, 2, 4, 10, 15, 34]
RKP_00100_00100_1_04.txt|510.0|0.06047389999999997|[2, 3, 5, 7, 9, 15, 35, 43]
RKP_00100_00100_1_05.txt|549.0|0.05944929999999993|[3, 6, 11, 16, 20, 44, 79]
RKP_00100_00100_1_06.txt|716.0|0.058764099999999986|[5, 13, 16, 17, 31, 47, 48, 55, 57, 97]
RKP_00100_00100_1_07.txt|338.0|0.12685309999999994|[14, 39, 41, 46, 58, 60]
RKP_00100_00100_1_08.txt|674.0|0.05885740000000017|[1, 2, 6, 7, 15, 24, 30, 76, 87, 92]
RKP_00100_00100_1_09.txt|408.0|0.058244900000000044|[5, 10, 18, 23, 24, 64]
RKP_00100_00100_1_10.txt|568.0|0.0658707999999999|[1, 2, 4, 11, 13, 18, 19, 27, 33, 39]
RKP_00100_00100_2_01.txt|159.0|0.05789420000000001|[1, 6, 20, 22, 27, 43, 68]
RKP_00100_00100_2_02.txt|126.0|0.05658990000000008|[5, 30, 40, 55, 90]
RKP_00100_00100_2_03.txt|131.0|0.06685929999999995|[3, 16, 25, 31, 48, 59, 75]
RKP_00100_00100_2_04.txt|118.0|0.0772796|[11, 47, 68]
RKP_00100_00100_2_05.txt|124.0|0.06034220000000001|[24, 29, 36, 64]
RKP_00100_00100_2_06.txt|114.0|0.07403899999999997|[50, 53, 56, 67]
RKP_00100_00100_2_07.txt|129.0|0.08114580000000005|[7, 11, 14, 36]
RKP_00100_00100_2_08.txt|130.0|0.08235039999999993|[16, 21, 28, 51]
RKP_00100_00100_2_09.txt|112.0|0.0630447999999999|[7, 42, 74]
RKP_00100_00100_2_10.txt|122.0|0.06695840000000008|[30, 65, 76, 81, 87]
RKP_00100_00100_3_01.txt|167.0|0.05742120000000006|[10, 12, 16, 29, 44, 52, 89]
RKP_00100_00100_3_02.txt|160.0|0.09788909999999995|[1, 2, 12, 24, 25, 61, 87]
RKP_00100_00100_3_03.txt|162.0|0.06462959999999995|[3, 4, 6, 14, 15, 22, 34, 46, 75]
RKP_00100_00100_3_04.txt|171.0|0.062415499999999735|[2, 3, 6, 8, 9, 14, 34, 40]
RKP_00100_00100_3_05.txt|164.0|0.07244779999999995|[1, 4, 8, 12, 15, 18, 28]
RKP_00100_00100_3_06.txt|177.0|0.07594219999999963|[2, 3, 8, 11, 12, 14, 32, 35, 40]
RKP_00100_00100_3_07.txt|156.0|0.06583749999999977|[1, 2, 6, 49, 72, 81]
RKP_00100_00100_3_08.txt|150.0|0.07059689999999996|[1, 9, 30, 63, 75]
RKP_00100_00100_3_09.txt|188.0|0.048162999999999734|[1, 4, 5, 8, 32, 35, 43, 57, 89]
RKP_00100_00100_3_10.txt|182.0|0.07532770000000033|[5, 15, 20, 23, 24, 34, 60, 62, 67]
RKP_00100_00100_4_01.txt|94.0|0.04889179999999982|[90]
RKP_00100_00100_4_02.txt|100.0|0.05310499999999996|[88]
RKP_00100_00100_4_03.txt|94.0|0.046675299999999975|[86]
RKP_00100_00100_4_04.txt|97.0|0.045635400000000104|[84]
RKP_00100_00100_4_05.txt|92.0|0.04640440000000012|[91]
RKP_00100_00100_4_06.txt|91.0|0.04669930000000022|[90]
RKP_00100_00100_4_07.txt|97.0|0.04626709999999967|[94]
RKP_00100_00100_4_08.txt|98.0|0.04794900000000002|[99]
RKP_00100_00100_4_09.txt|93.0|0.04805349999999997|[97]
RKP_00100_00100_4_10.txt|98.0|0.048333999999999655|[88]
RKP_00100_00100_5_01.txt|100.0|0.050557299999999916|[7, 8, 12, 18, 22, 43, 44]
RKP_00100_00100_5_02.txt|100.0|0.0470619000000001|[95]
RKP_00100_00100_5_03.txt|100.0|0.04728760000000021|[99]
RKP_00100_00100_5_04.txt|100.0|0.049174300000000226|[11, 84]
RKP_00100_00100_5_05.txt|100.0|0.047434500000000046|[98]
RKP_00100_00100_5_06.txt|100.0|0.060305699999999796|[29, 40, 55]
RKP_00100_00100_5_07.txt|100.0|0.048160800000000226|[97]
RKP_00100_00100_5_08.txt|100.0|0.04700590000000027|[98]
RKP_00100_00100_5_09.txt|100.0|0.060232800000000086|[29, 31, 48, 69]
RKP_00100_00100_5_10.txt|100.0|0.05371149999999991|[7, 10, 19, 20, 21]
RKP_00500_00100_1_01.txt|1062.0|0.0785209|[3, 18, 27, 41, 75, 131, 140, 158, 167, 211, 213, 284, 304, 500]
RKP_00500_00100_1_02.txt|1045.0|0.07427039999999963|[10, 13, 14, 36, 62, 77, 87, 89, 102, 109, 132, 175, 205, 288, 325, 430, 433]
RKP_00500_00100_1_03.txt|926.0|0.10054640000000026|[1, 5, 11, 13, 16, 30, 40, 111, 113, 123, 147, 164, 214, 228, 360, 496]
RKP_00500_00100_1_04.txt|1231.0|0.1071282|[5, 11, 41, 45, 51, 64, 65, 93, 110, 151, 156, 197, 245, 252, 315, 359]
RKP_00500_00100_1_05.txt|1111.0|0.07618180000000008|[2, 5, 10, 11, 17, 24, 26, 32, 48, 72, 192, 215, 237, 363, 402]
RKP_00500_00100_1_06.txt|1461.0|0.07532100000000064|[3, 5, 13, 16, 34, 35, 50, 52, 55, 83, 89, 92, 131, 165, 188, 190, 230, 240, 281, 411]
RKP_00500_00100_1_07.txt|1248.0|0.10402250000000013|[2, 21, 22, 31, 40, 47, 49, 80, 97, 126, 133, 257, 278, 322, 410, 461, 469, 492]
RKP_00500_00100_1_08.txt|1184.0|0.10253690000000049|[1, 4, 7, 10, 22, 29, 63, 106, 146, 156, 185, 225, 254, 258, 332, 357, 378, 450]
RKP_00500_00100_1_09.txt|1064.0|0.1008078999999995|[3, 19, 39, 68, 77, 105, 108, 148, 151, 163, 180, 215, 221, 307, 324, 344, 348]
RKP_00500_00100_1_10.txt|1106.0000000000018|0.10912409999999984|[1, 3, 5, 14, 15, 38, 49, 59, 62, 64, 75, 214, 234, 277, 413, 464]
RKP_00500_00100_2_01.txt|203.0|0.11294390000000032|[3, 11, 16, 39, 57, 60, 97, 137, 148, 150, 168, 218, 220, 226, 259, 351]
RKP_00500_00100_2_02.txt|171.0|0.1021573999999994|[6, 13, 16, 65, 72, 97, 112, 121, 131, 142, 156, 336, 387]
RKP_00500_00100_2_03.txt|184.0|0.07765510000000031|[3, 12, 15, 24, 38, 100, 101, 107, 155, 164, 166, 223, 436, 447]
RKP_00500_00100_2_04.txt|166.0|0.09685309999999969|[14, 16, 58, 77, 80, 99, 105, 163, 246, 306, 351]
RKP_00500_00100_2_05.txt|170.0|0.10753940000000028|[2, 5, 21, 27, 36, 38, 52, 80, 240, 260, 320, 426]
RKP_00500_00100_2_06.txt|171.0|0.12624259999999943|[3, 9, 18, 34, 43, 57, 70, 89, 155]
RKP_00500_00100_2_07.txt|179.0|0.10645009999999999|[1, 9, 17, 18, 24, 67, 83, 162, 260, 292, 308, 372]
RKP_00500_00100_2_08.txt|163.0|0.10393760000000007|[28, 73, 87, 96, 130, 136, 265, 350, 384]
RKP_00500_00100_2_09.txt|155.0|0.11535990000000051|[16, 25, 38, 91, 142, 277, 312, 335, 378, 433]
RKP_00500_00100_2_10.txt|167.0|0.10845210000000005|[1, 9, 19, 20, 21, 30, 40, 54, 116, 118, 157, 274]
RKP_00500_00100_3_01.txt|258.0|0.10496790000000011|[1, 2, 3, 5, 6, 11, 12, 20, 31, 96, 143, 163, 225, 245, 260, 401, 462]
RKP_00500_00100_3_02.txt|298.0|0.1011230000000003|[5, 15, 18, 20, 32, 39, 56, 64, 73, 139, 143, 152, 160, 167, 172, 173, 189, 203, 277, 336, 386]
RKP_00500_00100_3_03.txt|286.0|0.0980445999999997|[2, 9, 14, 52, 71, 93, 111, 113, 134, 144, 148, 193, 230, 264, 266, 276, 292, 320, 444, 454]
RKP_00500_00100_3_04.txt|320.0|0.10120579999999979|[2, 8, 9, 17, 20, 50, 66, 68, 103, 104, 119, 168, 206, 217, 219, 221, 278, 282, 312, 328, 345, 350, 453]
RKP_00500_00100_3_05.txt|274.0|0.09992939999999972|[1, 12, 15, 33, 64, 74, 87, 92, 105, 106, 143, 191, 225, 248, 252, 319, 377, 381, 382, 417]
RKP_00500_00100_3_06.txt|264.0|0.07718599999999931|[5, 15, 16, 24, 25, 45, 52, 73, 91, 186, 189, 204, 242, 281, 311, 316, 330, 405, 433]
RKP_00500_00100_3_07.txt|264.0|0.10375319999999988|[2, 3, 5, 24, 32, 65, 69, 111, 191, 196, 200, 216, 228, 302, 308, 418, 422]
RKP_00500_00100_3_08.txt|322.0|0.07242250000000006|[10, 12, 14, 19, 23, 31, 35, 49, 55, 57, 58, 63, 79, 90, 114, 123, 141, 159, 194, 275, 301, 302, 451]
RKP_00500_00100_3_09.txt|302.0|0.10707120000000003|[3, 4, 5, 12, 38, 54, 58, 70, 83, 104, 148, 152, 154, 169, 171, 208, 221, 231, 263, 294, 315, 347]
RKP_00500_00100_3_10.txt|282.0|0.11877859999999973|[1, 6, 18, 28, 48, 51, 63, 123, 128, 135, 153, 159, 161, 174, 183, 189, 222, 305, 322]
RKP_00500_00100_4_01.txt|100.0|0.0758321999999998|[483]
RKP_00500_00100_4_02.txt|100.0|0.07194129999999976|[467]
RKP_00500_00100_4_03.txt|100.0|0.07201250000000048|[436]
RKP_00500_00100_4_04.txt|100.0|0.07062849999999976|[456]
RKP_00500_00100_4_05.txt|100.0|0.07094500000000004|[447]
RKP_00500_00100_4_06.txt|100.0|0.07474549999999969|[464]
RKP_00500_00100_4_07.txt|100.0|0.07020140000000019|[497]
RKP_00500_00100_4_08.txt|99.0|0.07251989999999964|[433]
RKP_00500_00100_4_09.txt|100.0|0.07268649999999965|[440]
RKP_00500_00100_4_10.txt|100.0|0.07147289999999984|[473]
RKP_00500_00100_5_01.txt|100.0|0.07673869999999994|[3, 15, 106, 107, 157]
RKP_00500_00100_5_02.txt|100.0|0.07370769999999993|[1, 434]
RKP_00500_00100_5_03.txt|100.0|0.07542660000000012|[1, 486]
RKP_00500_00100_5_04.txt|100.0|0.07440299999999933|[1, 464]
RKP_00500_00100_5_05.txt|100.0|0.07435170000000024|[10, 269, 471]
RKP_00500_00100_5_06.txt|100.0|0.07509070000000051|[101, 408]
RKP_00500_00100_5_07.txt|100.0|0.08161630000000031|[164, 422]
RKP_00500_00100_5_08.txt|100.0|0.07242480000000029|[1, 437]
RKP_00500_00100_5_09.txt|100.0|0.07164789999999943|[499]
RKP_00500_00100_5_10.txt|100.0|0.07303929999999959|[493]
RKP_01000_00100_1_01.txt|1309.0|0.14654459999999858|[1, 2, 47, 48, 50, 51, 64, 67, 91, 97, 123, 151, 244, 260, 261, 336, 376, 465, 745]
RKP_01000_00100_1_02.txt|1484.0|0.14838839999999998|[3, 8, 9, 11, 16, 30, 53, 58, 64, 171, 174, 182, 193, 195, 292, 294, 486, 515, 584, 694, 696, 754]
RKP_01000_00100_1_03.txt|1303.0|0.1555131000000003|[2, 16, 32, 50, 56, 80, 114, 116, 128, 145, 172, 174, 199, 268, 498, 535, 800, 869]
RKP_01000_00100_1_04.txt|1671.0|0.1428457999999999|[1, 12, 14, 20, 42, 44, 45, 53, 75, 91, 151, 165, 184, 247, 255, 277, 283, 429, 566, 726, 733, 758, 790, 857]
RKP_01000_00100_1_05.txt|1560.0|0.11935740000000017|[1, 9, 26, 33, 37, 41, 49, 75, 89, 121, 123, 151, 207, 307, 328, 333, 593, 635, 673, 696, 915, 1000]
RKP_01000_00100_1_06.txt|1675.0|0.13198230000000066|[1, 2, 10, 33, 38, 52, 55, 58, 78, 99, 108, 120, 168, 177, 233, 236, 242, 250, 255, 383, 442, 632, 645, 790, 993]
RKP_01000_00100_1_07.txt|1684.0|0.14459139999999948|[3, 7, 37, 49, 75, 80, 86, 99, 127, 128, 129, 130, 146, 151, 190, 204, 226, 302, 382, 436, 440, 476, 556, 778, 874]
RKP_01000_00100_1_08.txt|1555.0|0.16537540000000028|[1, 2, 4, 6, 7, 15, 29, 51, 68, 80, 111, 145, 149, 223, 231, 242, 356, 401, 421, 422, 454, 780, 922]
RKP_01000_00100_1_09.txt|1351.0|0.16481900000000138|[1, 14, 17, 27, 31, 32, 36, 48, 52, 103, 168, 196, 213, 290, 489, 513, 579, 672, 691, 782]
RKP_01000_00100_1_10.txt|1617.0|0.15285229999999927|[1, 4, 8, 19, 24, 27, 35, 55, 62, 76, 104, 111, 158, 202, 253, 331, 399, 466, 491, 534, 618, 669, 748, 785, 968]
RKP_01000_00100_2_01.txt|218.0|0.13491799999999898|[7, 12, 24, 47, 88, 90, 185, 186, 209, 221, 264, 287, 361, 374, 375, 380, 535, 614, 901, 990]
RKP_01000_00100_2_02.txt|195.0|0.1329565000000006|[13, 73, 84, 100, 179, 202, 311, 376, 385, 410, 492, 580, 718, 782]
RKP_01000_00100_2_03.txt|239.0|0.1386579000000001|[5, 55, 58, 81, 84, 87, 97, 123, 141, 171, 214, 282, 330, 347, 371, 376, 411, 416, 417, 420, 454, 642]
RKP_01000_00100_2_04.txt|212.0|0.14217929999999868|[5, 21, 25, 35, 37, 42, 94, 121, 123, 130, 244, 265, 332, 443, 553]
RKP_01000_00100_2_05.txt|206.0|0.12896850000000093|[7, 30, 98, 152, 177, 222, 237, 299, 351, 380, 428, 545, 547, 706, 742, 823]
RKP_01000_00100_2_06.txt|215.0|0.13001850000000026|[6, 16, 24, 35, 46, 57, 122, 138, 284, 303, 383, 399, 530, 590, 647, 706, 805, 858, 876, 894]
RKP_01000_00100_2_07.txt|177.0|0.15513569999999888|[1, 7, 20, 46, 74, 173, 208, 271, 284, 285, 531, 643, 796]
RKP_01000_00100_2_08.txt|219.0|0.1447838999999984|[1, 3, 10, 11, 39, 41, 44, 99, 117, 121, 250, 414, 505, 519, 609, 661, 940]
RKP_01000_00100_2_09.txt|204.0|0.1485385000000008|[1, 13, 18, 30, 31, 127, 140, 151, 191, 205, 241, 319, 348, 382, 417, 436, 593, 982]
RKP_01000_00100_2_10.txt|216.0|0.14851749999999875|[4, 5, 15, 30, 49, 163, 191, 196, 210, 252, 282, 341, 402, 412, 443, 521, 522, 548, 564]
RKP_01000_00100_3_01.txt|318.0|0.10297850000000075|[32, 38, 49, 51, 65, 77, 94, 119, 133, 182, 249, 269, 337, 359, 431, 441, 537, 552, 565, 634, 659, 763, 857, 962]
RKP_01000_00100_3_02.txt|330.0|0.10468189999999922|[1, 9, 18, 24, 25, 35, 37, 50, 112, 120, 121, 137, 138, 246, 295, 323, 386, 436, 644, 654, 751, 891, 978, 989]
RKP_01000_00100_3_03.txt|328.0|0.10212350000000114|[1, 6, 7, 8, 13, 17, 31, 54, 89, 93, 134, 143, 180, 184, 229, 305, 325, 378, 431, 443, 625, 692, 836, 889, 994]
RKP_01000_00100_3_04.txt|358.0|0.13245059999999853|[1, 3, 7, 9, 10, 18, 24, 29, 42, 65, 68, 142, 149, 161, 232, 271, 274, 277, 305, 309, 389, 420, 449, 558, 645, 657, 740, 786]
RKP_01000_00100_3_05.txt|304.0|0.10050069999999955|[1, 18, 37, 50, 57, 141, 151, 183, 223, 226, 323, 355, 370, 460, 533, 630, 661, 739, 778, 851, 910]
RKP_01000_00100_3_06.txt|298.0|0.15610449999999965|[1, 3, 5, 7, 14, 15, 16, 35, 36, 71, 112, 150, 166, 204, 224, 242, 249, 278, 349, 388, 548, 970]
RKP_01000_00100_3_07.txt|364.0|0.10303850000000025|[5, 11, 12, 16, 20, 23, 27, 31, 53, 62, 96, 112, 129, 131, 134, 144, 169, 190, 231, 282, 404, 410, 583, 591, 695, 713, 822, 867, 888]
RKP_01000_00100_3_08.txt|298.0|0.13580770000000086|[13, 29, 33, 35, 53, 71, 74, 81, 97, 129, 131, 179, 194, 198, 255, 265, 266, 340, 475, 526, 667]
RKP_01000_00100_3_09.txt|324.0|0.13508150000000008|[1, 2, 5, 16, 23, 34, 48, 70, 75, 83, 141, 211, 215, 216, 238, 403, 480, 563, 578, 601, 647, 864, 871, 885]
RKP_01000_00100_3_10.txt|350.0|0.12839690000000026|[2, 9, 10, 12, 16, 18, 26, 46, 56, 90, 122, 156, 170, 191, 217, 245, 247, 251, 319, 352, 426, 524, 528, 677, 764, 909]
RKP_01000_00100_4_01.txt|98.0|0.10155270000000094|[925]
RKP_01000_00100_4_02.txt|100.0|0.09823109999999957|[971]
RKP_01000_00100_4_03.txt|100.0|0.10379630000000084|[870]
RKP_01000_00100_4_04.txt|100.0|0.10048199999999952|[841]
RKP_01000_00100_4_05.txt|100.0|0.1017424000000009|[853]
RKP_01000_00100_4_06.txt|100.0|0.10047540000000055|[940]
RKP_01000_00100_4_07.txt|100.0|0.09943299999999944|[980]
RKP_01000_00100_4_08.txt|100.0|0.09931500000000071|[921]
RKP_01000_00100_4_09.txt|100.0|0.09991549999999982|[877]
RKP_01000_00100_4_10.txt|100.0|0.09788419999999931|[862]
RKP_01000_00100_5_01.txt|100.0|0.11116349999999997|[25, 65, 84, 150, 156]
RKP_01000_00100_5_02.txt|100.0|0.10204479999999982|[5, 298, 741, 847, 917]
RKP_01000_00100_5_03.txt|100.0|0.1018017000000011|[984]
RKP_01000_00100_5_04.txt|100.0|0.13058379999999836|[968]
RKP_01000_00100_5_05.txt|100.0|0.10139680000000162|[981]
RKP_01000_00100_5_06.txt|100.0|0.10531310000000005|[1, 46, 969]
RKP_01000_00100_5_07.txt|100.0|0.1022507000000008|[12, 18, 23, 24, 391, 893]
RKP_01000_00100_5_08.txt|100.0|0.14577110000000104|[40, 141, 220, 500, 591]
RKP_01000_00100_5_09.txt|100.0|0.10073759999999865|[98, 143, 152, 815, 819, 872]
RKP_01000_00100_5_10.txt|100.0|0.10687659999999966|[60, 109, 132, 894]
RKP_05000_00100_1_01.txt|3167.0|0.5666502999999992|[1, 3, 4, 5, 8, 9, 15, 20, 24, 31, 33, 51, 68, 77, 116, 198, 302, 424, 465, 518, 540, 553, 626, 642, 847, 1181, 1213, 1264, 1268, 1275, 1373, 1406, 1507, 1723, 1839, 2091, 2106, 2556, 3411, 3645, 3733, 3855, 4006, 4474]
RKP_05000_00100_1_02.txt|2975.0|0.5869988999999993|[2, 20, 31, 42, 60, 73, 104, 135, 164, 171, 174, 211, 275, 277, 304, 350, 354, 437, 463, 501, 579, 601, 616, 716, 892, 1201, 1210, 1585, 1720, 1821, 2056, 2182, 2337, 2793, 2939, 3415, 3648, 4066, 4311, 4439, 4651]
RKP_05000_00100_1_03.txt|2855.0|0.5058034000000013|[1, 2, 6, 10, 22, 47, 52, 81, 136, 148, 193, 207, 208, 410, 436, 495, 591, 656, 929, 961, 1069, 1237, 1355, 1588, 1784, 1912, 1968, 2382, 2646, 2939, 2992, 3127, 3261, 3382, 4053, 4396, 4798]
RKP_05000_00100_1_04.txt|3012.0|0.5997052999999983|[2, 5, 7, 16, 23, 38, 41, 69, 78, 135, 147, 218, 233, 261, 337, 378, 557, 713, 795, 898, 1048, 1247, 1273, 1521, 1931, 1998, 2304, 2471, 2528, 2565, 2594, 2831, 2940, 3006, 3064, 3336, 3338, 3503, 4320, 4470]
RKP_05000_00100_1_05.txt|2785.0|0.6092238000000023|[2, 4, 8, 9, 16, 20, 23, 38, 53, 57, 64, 119, 174, 209, 306, 427, 541, 542, 644, 667, 1121, 1169, 1249, 1283, 1309, 1432, 1433, 1759, 1866, 2053, 2229, 2362, 2447, 2850, 2995, 3160, 3856, 4179, 4588]
RKP_05000_00100_1_06.txt|3037.0|0.5525899999999986|[2, 7, 8, 11, 25, 41, 45, 55, 73, 115, 139, 147, 152, 208, 219, 238, 457, 569, 594, 652, 694, 707, 745, 747, 807, 866, 1279, 1394, 1512, 1542, 1799, 2000, 2055, 2326, 2384, 2608, 3167, 3239, 3571, 3708, 3718, 3825]
RKP_05000_00100_1_07.txt|3212.0|0.565761000000002|[1, 4, 11, 30, 35, 46, 55, 60, 76, 97, 118, 124, 127, 180, 188, 204, 218, 219, 229, 244, 324, 362, 582, 876, 880, 931, 991, 1149, 1437, 1674, 1687, 1713, 1762, 2018, 2037, 2883, 3072, 3370, 3419, 3473, 3484]
RKP_05000_00100_1_08.txt|3112.0|0.5926557000000017|[1, 6, 29, 42, 52, 54, 82, 137, 186, 202, 215, 217, 221, 264, 266, 276, 288, 300, 345, 441, 502, 745, 816, 820, 847, 865, 906, 985, 1010, 1029, 1044, 1318, 1639, 1717, 2054, 2248, 2399, 2845, 2899, 3259, 3705, 3876, 3911, 4638, 4811]
RKP_05000_00100_1_09.txt|2724.0|0.5676187000000006|[3, 23, 30, 70, 93, 178, 179, 270, 325, 329, 410, 445, 556, 593, 619, 628, 786, 796, 816, 845, 853, 1184, 1399, 1441, 1545, 1710, 1749, 1769, 1959, 2349, 2596, 2807, 2868, 2965, 3051, 3594, 4135, 4341, 4424]
RKP_05000_00100_1_10.txt|3309.0|0.5797166000000011|[1, 6, 8, 14, 17, 21, 25, 42, 43, 48, 60, 83, 90, 131, 143, 176, 189, 230, 235, 321, 429, 437, 482, 555, 564, 714, 780, 952, 1091, 1350, 1395, 1804, 2061, 2149, 2163, 2552, 2958, 3065, 3086, 3176, 3373, 4185, 4257, 4369]
RKP_05000_00100_2_01.txt|321.0|0.5824671000000023|[2, 44, 110, 144, 315, 534, 540, 551, 842, 848, 1057, 1187, 1272, 1613, 1647, 1741, 1835, 1887, 2019, 2210, 2218, 2607, 2729, 2735, 2750, 2892, 3393, 3518, 3520, 4039, 4335]
RKP_05000_00100_2_02.txt|325.0|0.4961392999999994|[4, 14, 22, 29, 73, 101, 152, 199, 275, 407, 455, 532, 556, 578, 598, 656, 677, 871, 1014, 1493, 1570, 1793, 1838, 2274, 2412, 2479, 2707, 2786, 2984, 3238, 3612, 3917, 4063, 4347, 4978]
RKP_05000_00100_2_03.txt|321.0|0.5288150000000016|[5, 7, 22, 39, 54, 113, 159, 242, 388, 409, 500, 574, 608, 710, 769, 839, 840, 974, 1122, 1234, 1463, 1749, 1867, 2288, 2550, 2973, 3003, 3318, 3367, 3625, 4206, 4547, 4655, 4989]
RKP_05000_00100_2_04.txt|334.0|0.4964586000000004|[1, 10, 12, 20, 45, 54, 67, 99, 111, 156, 168, 283, 291, 340, 341, 387, 506, 531, 620, 674, 709, 917, 950, 1138, 1551, 1566, 1778, 2042, 2050, 2126, 2789, 3108, 3153, 3585, 3681, 4139]
RKP_05000_00100_2_05.txt|337.0|0.5016845999999973|[29, 40, 98, 274, 355, 426, 434, 452, 522, 611, 684, 797, 879, 942, 956, 969, 991, 1029, 1741, 1862, 2083, 2208, 2332, 2365, 2703, 2785, 3238, 3241, 3383, 3481, 3555, 3573, 3758, 3817]
RKP_05000_00100_2_06.txt|324.0|0.5443746000000012|[9, 23, 110, 182, 222, 291, 326, 327, 342, 367, 437, 466, 502, 602, 639, 668, 1109, 1208, 1288, 1383, 2044, 2072, 2312, 2322, 2408, 2453, 2519, 3347, 3682, 3726, 4405]
RKP_05000_00100_2_07.txt|304.0|0.4877445999999992|[1, 2, 3, 7, 15, 43, 49, 58, 71, 79, 180, 244, 260, 333, 336, 341, 373, 396, 429, 516, 558, 649, 690, 927, 938, 1141, 1447, 2528, 2641, 2751]
RKP_05000_00100_2_08.txt|331.0|0.49871219999999994|[1, 9, 21, 22, 24, 25, 27, 35, 38, 39, 48, 57, 94, 98, 99, 199, 342, 464, 636, 672, 735, 792, 953, 1204, 1273, 1330, 1531, 1581, 1638, 1700, 2853, 3696, 4658]
RKP_05000_00100_2_09.txt|344.0|0.5202650999999996|[5, 6, 18, 75, 86, 88, 142, 151, 238, 355, 420, 433, 537, 558, 574, 678, 955, 1008, 1135, 1149, 1331, 1335, 1397, 1400, 1570, 1611, 1873, 2318, 2352, 2520, 2692, 2953, 3113, 3927, 4778]
RKP_05000_00100_2_10.txt|331.0|0.5132739000000015|[22, 48, 58, 66, 72, 76, 120, 253, 275, 302, 326, 387, 477, 660, 688, 1183, 1232, 1253, 1547, 1667, 1773, 1916, 1932, 2022, 2249, 2283, 2435, 3005, 3123, 3300, 3492, 3906, 4012]
RKP_05000_00100_3_01.txt|548.0|0.43826449999999895|[4, 6, 8, 10, 11, 15, 16, 18, 26, 39, 48, 55, 67, 69, 97, 135, 164, 188, 224, 242, 288, 349, 361, 377, 383, 459, 465, 471, 504, 533, 661, 692, 900, 1006, 1096, 1119, 1187, 1272, 1461, 1725, 1751, 2039, 2608, 2768, 3743, 4195, 4526]
RKP_05000_00100_3_02.txt|562.0|0.5229479000000019|[10, 11, 12, 13, 22, 33, 55, 89, 97, 106, 145, 167, 229, 254, 279, 330, 356, 365, 373, 415, 554, 677, 796, 879, 917, 973, 993, 1136, 1152, 1252, 1271, 1308, 1326, 1406, 1516, 1555, 1824, 1834, 1876, 2135, 2337, 2689, 2762, 3318, 3344, 4114, 4537]
RKP_05000_00100_3_03.txt|516.0|0.4668612000000003|[3, 6, 11, 13, 15, 20, 52, 54, 73, 124, 283, 387, 400, 403, 486, 647, 656, 714, 721, 979, 996, 1256, 1303, 1347, 1527, 1796, 1828, 1847, 1905, 2351, 2659, 2662, 2676, 2724, 2962, 2984, 2989, 3294, 3566, 3982, 4254, 4874, 4898]
RKP_05000_00100_3_04.txt|542.0|0.4515016999999979|[3, 4, 14, 32, 48, 56, 59, 98, 101, 130, 133, 205, 272, 335, 365, 375, 429, 446, 473, 607, 688, 759, 808, 1024, 1048, 1193, 1264, 1362, 1399, 1418, 1433, 1442, 1490, 1800, 1817, 2156, 2274, 2386, 2600, 2637, 2764, 2850, 3111, 3639, 3851, 4996]
RKP_05000_00100_3_05.txt|502.0|0.5043010999999993|[1, 25, 49, 60, 76, 115, 122, 147, 235, 238, 269, 292, 295, 304, 338, 341, 345, 357, 362, 404, 497, 573, 638, 722, 891, 1006, 1081, 1086, 1252, 1764, 1886, 2040, 2337, 2353, 2471, 2575, 2859, 3049, 4207, 4398, 4825]
RKP_05000_00100_3_06.txt|582.0|0.4487361000000014|[1, 2, 4, 6, 9, 24, 25, 26, 32, 47, 58, 68, 84, 108, 119, 121, 169, 181, 244, 270, 274, 352, 440, 452, 501, 638, 668, 700, 755, 796, 838, 1046, 1130, 1227, 1451, 1474, 1657, 1727, 1860, 2159, 2259, 2455, 2457, 2710, 2738, 2889, 3112, 3278, 3673, 4151]
RKP_05000_00100_3_07.txt|580.0|0.46404770000000184|[1, 6, 8, 9, 10, 22, 28, 32, 39, 68, 89, 97, 102, 134, 178, 185, 189, 281, 304, 308, 495, 523, 526, 528, 549, 550, 585, 596, 659, 699, 750, 865, 980, 1030, 1109, 1116, 1423, 1561, 1622, 1663, 1892, 1960, 2632, 2646, 2945, 2998, 3345, 3542]
RKP_05000_00100_3_08.txt|554.0|0.485398|[4, 5, 17, 18, 41, 97, 99, 101, 161, 227, 294, 296, 321, 343, 346, 348, 428, 525, 645, 697, 964, 1238, 1458, 1475, 1478, 1497, 1502, 1517, 1589, 1747, 2276, 2313, 2363, 2702, 2914, 3112, 3330, 3383, 3686, 3689, 4049, 4062, 4162, 4178, 4353, 4604, 4735]
RKP_05000_00100_3_09.txt|562.0|0.4751550000000009|[18, 24, 37, 41, 55, 101, 104, 111, 119, 177, 198, 217, 229, 238, 307, 373, 409, 419, 466, 501, 516, 523, 564, 579, 585, 662, 715, 981, 1328, 1499, 1545, 1558, 1683, 1777, 2048, 2595, 2609, 2805, 3071, 3127, 3510, 3603, 3727, 4348, 4404, 4677, 4681]
RKP_05000_00100_3_10.txt|626.0|0.49563619999999986|[1, 2, 5, 8, 21, 30, 39, 52, 63, 110, 113, 117, 138, 236, 239, 283, 337, 383, 540, 614, 634, 656, 780, 787, 798, 847, 860, 881, 933, 938, 1026, 1046, 1166, 1187, 1259, 1323, 1547, 1928, 1946, 2014, 2107, 2235, 2312, 2562, 2567, 2858, 3158, 3506, 3869, 3877, 4067, 4570, 4783]
RKP_05000_00100_4_01.txt|100.0|0.4592513999999994|[4210]
RKP_05000_00100_4_02.txt|100.0|0.4608932999999986|[4330]
RKP_05000_00100_4_03.txt|100.0|0.49158379999999724|[4614]
RKP_05000_00100_4_04.txt|100.0|0.44834379999999996|[4348]
RKP_05000_00100_4_05.txt|100.0|0.4391261999999969|[4329]
RKP_05000_00100_4_06.txt|100.0|0.46838429999999676|[4251]
RKP_05000_00100_4_07.txt|100.0|0.45185980000000114|[4211]
RKP_05000_00100_4_08.txt|100.0|0.47199270000000126|[4203]
RKP_05000_00100_4_09.txt|100.0|0.4502208999999979|[4237]
RKP_05000_00100_4_10.txt|100.0|0.4464670000000055|[4229]
RKP_05000_00100_5_01.txt|100.0|0.48197169999999545|[14, 72, 374, 681, 976, 1006]
RKP_05000_00100_5_02.txt|100.0|0.4422978999999998|[87, 114, 170, 794, 1010, 1405, 1487, 2490, 3374, 4195, 4229]
RKP_05000_00100_5_03.txt|100.0|0.46289159999999896|[548, 762, 1002, 2832]
RKP_05000_00100_5_04.txt|100.0|0.4903608000000048|[41, 236, 483, 512, 712, 862, 929, 1005, 1302, 1709, 1943, 4288]
RKP_05000_00100_5_05.txt|100.0|0.4380181999999948|[490, 1042, 1322]
RKP_05000_00100_5_06.txt|100.0|0.44380410000000126|[94, 1002, 3013]
RKP_05000_00100_5_07.txt|100.0|0.48399169999999714|[51, 335, 569, 1062, 1807, 3152]
RKP_05000_00100_5_08.txt|100.0|0.46371440000000064|[64, 118, 523, 1131, 1548, 1562, 3220]
RKP_05000_00100_5_09.txt|100.0|0.518676499999998|[25, 718, 1099]
RKP_05000_00100_5_10.txt|100.0|0.45500630000000086|[173, 603, 1000, 3730]
RKP_05000_01000_1_01.txt|40460.0|0.603746000000001|[1, 2, 13, 15, 17, 18, 23, 35, 53, 78, 96, 151, 157, 164, 212, 226, 252, 328, 334, 379, 399, 405, 424, 491, 494, 661, 700, 732, 751, 778, 800, 866, 906, 991, 1034, 1145, 1196, 1214, 1232, 1431, 1591, 1724, 1742, 1756, 1841, 1858, 1919, 2077, 2172, 2254, 2284, 2481, 2629, 2777, 2874, 3403, 3485, 3534, 3791, 3799, 4223, 4479, 4971]
RKP_05000_01000_1_02.txt|42589.0|0.5798825000000036|[1, 3, 7, 10, 17, 22, 36, 41, 54, 78, 89, 109, 153, 203, 222, 235, 282, 304, 406, 506, 539, 588, 622, 675, 728, 772, 917, 918, 988, 1055, 1205, 1261, 1277, 1337, 1403, 1414, 1590, 1683, 1687, 1999, 2021, 2229, 2379, 2594, 2745, 2800, 2825, 2832, 3095, 3349, 3565, 3628, 3668, 3875, 3957, 4489, 4961]
RKP_05000_01000_1_03.txt|40641.0|0.6021719999999959|[1, 8, 9, 13, 20, 21, 22, 24, 28, 33, 60, 62, 67, 135, 176, 248, 254, 272, 339, 344, 405, 441, 449, 533, 649, 810, 852, 882, 933, 940, 1027, 1039, 1150, 1219, 1268, 1339, 1364, 1415, 1475, 1483, 1534, 1614, 1815, 1822, 1854, 2016, 2471, 2591, 2688, 2779, 3194, 3232, 3276, 3392, 4104]
RKP_05000_01000_1_04.txt|42133.0|0.6229966000000005|[1, 2, 4, 9, 10, 16, 24, 33, 35, 49, 52, 61, 64, 100, 114, 133, 135, 181, 189, 191, 210, 223, 238, 318, 351, 413, 473, 498, 546, 594, 687, 716, 734, 792, 794, 886, 952, 1107, 1142, 1218, 1275, 1303, 1450, 1597, 1749, 1916, 2047, 2060, 2151, 2403, 2470, 2580, 3023, 3055, 3271, 3926, 4277, 4397, 4624, 4775, 4863]
RKP_05000_01000_1_05.txt|41448.0|0.6260952000000017|[2, 8, 14, 19, 25, 46, 65, 69, 73, 91, 93, 94, 97, 119, 132, 157, 168, 254, 259, 279, 330, 334, 339, 352, 383, 385, 430, 467, 531, 580, 651, 711, 913, 985, 1093, 1142, 1150, 1227, 1316, 1321, 1411, 1418, 1588, 1606, 1607, 1649, 2069, 2271, 2350, 2360, 2397, 2547, 2819, 2834, 3067, 3468, 3542, 4053, 4118, 4204, 4363, 4385]
RKP_05000_01000_1_06.txt|39888.0|0.713336500000004|[1, 4, 6, 8, 15, 42, 48, 51, 52, 66, 80, 90, 102, 107, 122, 159, 188, 269, 288, 292, 297, 336, 343, 399, 429, 480, 498, 601, 616, 691, 697, 721, 736, 830, 894, 943, 1097, 1242, 1280, 1360, 1368, 1494, 1511, 1530, 1689, 1720, 1879, 1910, 1916, 2012, 2050, 2195, 2517, 2857, 2865, 3076, 3109, 3212, 3468, 4183, 4603]
RKP_05000_01000_1_07.txt|39147.0|0.5998017000000004|[1, 2, 7, 15, 21, 23, 38, 44, 46, 65, 77, 84, 91, 130, 153, 161, 188, 204, 213, 226, 363, 421, 453, 522, 523, 568, 577, 608, 628, 731, 753, 795, 951, 957, 993, 1047, 1116, 1175, 1231, 1359, 1367, 1449, 1607, 1697, 1741, 1764, 1865, 1904, 2087, 2245, 2593, 2669, 4009, 4146, 4242, 4471]
RKP_05000_01000_1_08.txt|36808.0|0.7330176999999978|[4, 7, 10, 15, 20, 24, 26, 29, 32, 40, 52, 75, 81, 89, 109, 122, 140, 185, 190, 226, 235, 279, 338, 411, 427, 430, 527, 575, 651, 670, 738, 785, 890, 952, 1088, 1275, 1334, 1391, 1487, 1736, 2110, 2356, 2382, 2528, 2585, 2841, 3083, 3318, 3908, 3925, 4472, 4497]
RKP_05000_01000_1_09.txt|44334.0|0.5422768000000033|[1, 2, 4, 6, 7, 8, 12, 17, 18, 25, 27, 39, 47, 49, 51, 91, 94, 101, 104, 128, 157, 163, 190, 191, 359, 364, 377, 390, 427, 499, 562, 680, 684, 883, 897, 906, 996, 1113, 1242, 1362, 1366, 1414, 1434, 1481, 1679, 1699, 1714, 1788, 1854, 1911, 2227, 2364, 2381, 2399, 2452, 2844, 2845, 2943, 3179, 3245, 3418, 3744, 3900, 3964, 4115]
RKP_05000_01000_1_10.txt|42090.0|0.5962134000000034|[1, 2, 9, 11, 13, 28, 47, 49, 100, 103, 104, 129, 180, 245, 261, 286, 359, 384, 417, 461, 464, 486, 500, 528, 670, 740, 785, 844, 888, 1044, 1076, 1095, 1175, 1253, 1284, 1313, 1333, 1350, 1361, 1430, 1476, 1479, 1554, 1640, 1680, 1914, 2153, 2184, 2216, 2309, 2544, 2560, 2671, 2737, 2753, 2768, 2867, 3309, 3828, 3836, 4815]
RKP_05000_01000_2_01.txt|2825.0|0.7278444000000022|[2, 3, 26, 28, 63, 88, 103, 165, 176, 212, 246, 339, 351, 352, 413, 483, 503, 555, 761, 947, 951, 1011, 1154, 1173, 1473, 1760, 1844, 2000, 2014, 2047, 2569, 2671, 3060, 3919, 4166]
RKP_05000_01000_2_02.txt|3308.0|0.6916675999999953|[2, 25, 44, 76, 79, 88, 116, 121, 123, 229, 279, 317, 345, 365, 471, 491, 862, 964, 1045, 1068, 1130, 1159, 1189, 1294, 1337, 1342, 1577, 1693, 1750, 1812, 1856, 2259, 2308, 2515, 2869, 3711, 3942, 4977]
RKP_05000_01000_2_03.txt|3486.0|0.7154498000000018|[23, 37, 42, 49, 51, 69, 73, 86, 88, 217, 229, 235, 286, 305, 308, 341, 465, 655, 690, 726, 1002, 1362, 1676, 2182, 2340, 2468, 2548, 2567, 2601, 2930, 3180, 3343, 3351, 3406, 3416, 3540, 3822, 3938, 4964]
RKP_05000_01000_2_04.txt|3843.0|0.7046431999999996|[3, 15, 17, 48, 54, 57, 63, 82, 124, 146, 153, 163, 183, 274, 302, 348, 371, 400, 473, 509, 545, 585, 758, 768, 1062, 1086, 1100, 1450, 1637, 1672, 1740, 1906, 1926, 1989, 2242, 2245, 2408, 2518, 2928, 2989, 3429, 3530, 3872, 4424, 4454, 4833]
RKP_05000_01000_2_05.txt|3529.0|0.6646956000000017|[3, 4, 8, 12, 23, 33, 34, 60, 93, 125, 201, 204, 208, 273, 290, 306, 360, 390, 420, 526, 734, 784, 807, 850, 876, 1052, 1064, 1132, 1158, 1335, 1424, 1576, 1680, 1741, 1920, 2686, 3049, 3321, 3464, 4215, 4485]
RKP_05000_01000_2_06.txt|3276.0|0.7309517000000056|[1, 2, 20, 27, 30, 37, 61, 75, 105, 106, 138, 178, 242, 282, 344, 464, 473, 672, 683, 765, 900, 920, 975, 1134, 1317, 1477, 1569, 1619, 1896, 1898, 1933, 1948, 1991, 2476, 2638, 3111, 4131, 4838, 4951]
RKP_05000_01000_2_07.txt|3710.0|0.6683067000000023|[1, 11, 12, 23, 59, 144, 157, 199, 207, 212, 228, 257, 265, 368, 516, 731, 751, 759, 771, 877, 909, 1123, 1139, 1298, 1384, 1437, 1461, 1552, 1625, 1643, 1811, 1902, 1935, 2206, 2233, 2282, 2341, 2608, 3129, 3275, 3330, 4279, 4453, 4495]
RKP_05000_01000_2_08.txt|3475.0|0.6878793999999999|[5, 6, 17, 30, 38, 44, 59, 78, 108, 131, 236, 264, 269, 298, 312, 385, 386, 580, 585, 608, 972, 1067, 1114, 1184, 1314, 1499, 1645, 1750, 1802, 2399, 2442, 2808, 3148, 3191, 3205, 3385, 3857, 4129]
RKP_05000_01000_2_09.txt|3322.0|0.7173468999999955|[3, 4, 10, 15, 17, 22, 25, 28, 118, 128, 130, 151, 379, 408, 419, 461, 579, 821, 895, 897, 1132, 1226, 1556, 1583, 1786, 1967, 2140, 2281, 2637, 2789, 2982, 3040, 3113, 3478, 3583, 4691, 4804]
RKP_05000_01000_2_10.txt|3352.0|0.6877354000000011|[9, 18, 19, 33, 36, 55, 95, 99, 137, 149, 191, 227, 294, 337, 420, 555, 708, 749, 922, 1011, 1494, 1502, 1619, 1686, 1713, 1745, 1926, 2034, 2318, 2998, 3584, 3712, 3888, 3905, 4015, 4050, 4057, 4084, 4267, 4809]
RKP_05000_01000_3_01.txt|7068.0|0.5773312000000033|[1, 2, 3, 8, 10, 13, 14, 15, 21, 34, 40, 46, 47, 60, 72, 77, 87, 97, 108, 109, 112, 114, 119, 132, 176, 187, 207, 237, 274, 284, 366, 371, 372, 455, 471, 550, 553, 562, 586, 604, 688, 728, 917, 996, 1081, 1198, 1615, 1698, 1779, 1958, 2183, 2241, 2250, 2315, 2416, 2461, 2497, 2608, 2748, 2783, 2851, 3246, 3421]
RKP_05000_01000_3_02.txt|7898.0|0.6001406999999972|[1, 2, 10, 13, 15, 25, 28, 33, 39, 40, 68, 90, 107, 111, 129, 130, 140, 169, 209, 214, 230, 295, 378, 379, 425, 446, 542, 562, 595, 609, 646, 652, 727, 790, 849, 878, 892, 931, 1041, 1046, 1084, 1087, 1161, 1240, 1365, 1436, 1484, 1486, 1488, 1499, 1631, 1885, 1908, 2067, 2113, 2136, 2215, 2330, 2425, 2565, 2704, 2772, 2853, 2933, 2978, 3041, 3308, 3546, 3750, 4134, 4507, 4719]
RKP_05000_01000_3_03.txt|8276.0|0.5823877999999993|[1, 2, 3, 4, 5, 11, 13, 16, 22, 26, 36, 96, 97, 127, 129, 156, 158, 199, 215, 239, 246, 286, 306, 330, 339, 360, 377, 399, 411, 439, 452, 480, 568, 579, 609, 621, 652, 669, 710, 856, 881, 907, 975, 983, 989, 1041, 1077, 1157, 1164, 1439, 1498, 1533, 1559, 1597, 1663, 1688, 1733, 2035, 2202, 2319, 2386, 2439, 2613, 2965, 3166, 3273, 3585, 3848, 3910, 3928, 4041, 4215, 4529, 4671, 4813]
RKP_05000_01000_3_04.txt|7736.0|0.622261899999998|[1, 3, 4, 6, 9, 13, 16, 17, 18, 25, 27, 45, 50, 51, 55, 63, 70, 111, 132, 152, 163, 175, 198, 206, 261, 277, 321, 337, 360, 413, 448, 495, 548, 574, 610, 617, 619, 640, 650, 657, 680, 709, 769, 826, 954, 962, 989, 1049, 1064, 1080, 1276, 1396, 1493, 1589, 1731, 1872, 2115, 2150, 2372, 2394, 2516, 2568, 2747, 2775, 2868, 3197, 3448, 4042, 4324, 4880]
RKP_05000_01000_3_05.txt|7604.0|0.6502404000000013|[1, 3, 7, 8, 11, 15, 16, 19, 26, 29, 34, 48, 70, 110, 112, 115, 117, 143, 162, 172, 184, 212, 219, 224, 335, 344, 372, 491, 501, 506, 555, 638, 658, 777, 814, 826, 985, 1060, 1068, 1292, 1305, 1500, 1516, 1552, 1588, 1619, 1759, 1770, 1859, 1909, 1996, 1997, 2123, 2460, 2539, 2610, 2615, 2634, 2744, 2970, 3068, 3106, 3258, 3439, 3455, 3584, 3635, 4338]
RKP_05000_01000_3_06.txt|7392.0|0.6362053000000003|[1, 4, 6, 7, 9, 12, 41, 45, 46, 55, 76, 78, 79, 84, 85, 94, 165, 206, 213, 227, 267, 276, 287, 288, 368, 403, 404, 431, 488, 603, 623, 665, 734, 755, 760, 801, 813, 889, 931, 1096, 1119, 1212, 1359, 1462, 1466, 1522, 1551, 1640, 1697, 1917, 1978, 2026, 2251, 2442, 2623, 2705, 2741, 2936, 3214, 3324, 3433, 3533, 3851, 4258, 4315, 4322, 4808]
RKP_05000_01000_3_07.txt|8182.0|0.6290098999999998|[2, 3, 5, 6, 13, 28, 31, 33, 36, 40, 60, 73, 75, 76, 79, 84, 94, 100, 125, 146, 214, 216, 265, 291, 293, 295, 319, 370, 398, 413, 417, 427, 462, 470, 527, 593, 762, 827, 849, 884, 891, 896, 926, 975, 991, 1003, 1044, 1055, 1066, 1123, 1173, 1262, 1364, 1407, 1470, 1544, 1709, 1783, 1789, 1792, 1998, 2111, 2357, 2448, 2716, 2900, 3085, 3135, 3146, 3323, 3402, 3628, 3854, 4131]
RKP_05000_01000_3_08.txt|7760.0|0.5736789000000044|[2, 3, 4, 5, 14, 20, 26, 28, 30, 34, 77, 80, 82, 88, 134, 152, 154, 177, 217, 244, 250, 260, 270, 295, 301, 331, 394, 489, 525, 571, 675, 707, 883, 901, 953, 1009, 1036, 1050, 1077, 1134, 1135, 1395, 1502, 1588, 1729, 1733, 1876, 1924, 1970, 1976, 2019, 2025, 2088, 2364, 2381, 2402, 2484, 2499, 2808, 2858, 2977, 3087, 3140, 3214, 3237, 3571, 3808, 4022, 4467, 4779]
RKP_05000_01000_3_09.txt|7540.0|0.5937168999999969|[7, 9, 20, 51, 57, 73, 77, 86, 87, 106, 111, 136, 152, 193, 207, 242, 250, 281, 296, 310, 376, 384, 426, 462, 492, 556, 564, 600, 655, 661, 664, 671, 673, 751, 760, 830, 852, 995, 1003, 1104, 1108, 1148, 1189, 1207, 1313, 1322, 1471, 1684, 2024, 2051, 2401, 2486, 2497, 2511, 2621, 2941, 3256, 3257, 3392, 3443, 3538, 3572, 3618, 3868, 4047, 4136, 4292, 4818]
RKP_05000_01000_3_10.txt|7396.0|0.6607656000000048|[1, 2, 3, 7, 14, 16, 25, 33, 50, 62, 66, 71, 108, 119, 139, 145, 191, 196, 219, 270, 305, 369, 383, 389, 393, 400, 413, 434, 692, 721, 811, 876, 1019, 1125, 1184, 1279, 1329, 1498, 1530, 1549, 1785, 1854, 2030, 2061, 2189, 2224, 2322, 2764, 2813, 2894, 2915, 2940, 3012, 3026, 3064, 3150, 3234, 3240, 3251, 3435, 3589, 3716, 3788, 4052, 4227, 4466, 4578]
RKP_05000_01000_4_01.txt|998.0|0.5131464000000037|[4941]
RKP_05000_01000_4_02.txt|999.0|0.5014868999999962|[4669]
RKP_05000_01000_4_03.txt|1000.0|0.5456374000000039|[4966]
RKP_05000_01000_4_04.txt|998.0|0.5067081000000044|[4642]
RKP_05000_01000_4_05.txt|1000.0|0.4930747000000011|[4812]
RKP_05000_01000_4_06.txt|1000.0|0.5380182000000033|[4910]
RKP_05000_01000_4_07.txt|999.0|0.513100399999999|[4604]
RKP_05000_01000_4_08.txt|1000.0|0.5354736000000031|[4472]
RKP_05000_01000_4_09.txt|1000.0|0.49392139999999785|[4528]
RKP_05000_01000_4_10.txt|1000.0|0.5025406999999973|[4520]
RKP_05000_01000_5_01.txt|1000.0|0.5802528999999979|[99, 910, 1290, 1908]
RKP_05000_01000_5_02.txt|1000.0|0.5502479000000022|[2083, 2262]
RKP_05000_01000_5_03.txt|1000.0|0.5478080000000034|[41, 192, 682, 929, 1181, 3056, 3308]
RKP_05000_01000_5_04.txt|1000.0|0.5738534999999985|[29, 904, 1005, 1090, 1106, 1189, 2097]
RKP_05000_01000_5_05.txt|1000.0|0.535053700000006|[4969]
RKP_05000_01000_5_06.txt|1000.0|0.5284292999999991|[2, 517, 840, 1238, 1243]
RKP_05000_01000_5_07.txt|1000.0|0.5792791000000079|[56, 66, 601, 838, 1245, 1837, 2169]
RKP_05000_01000_5_08.txt|1000.0|0.536036100000004|[10, 145, 789, 843, 1068, 1976, 2483]
RKP_05000_01000_5_09.txt|1000.0|0.6309714000000071|[403, 1061, 1934, 1938, 2991]
RKP_05000_01000_5_10.txt|1000.0|0.5460781000000026|[140, 235, 1239, 2055, 3162, 3183, 3453, 3733, 3918, 4460]
RKP_05000_05000_1_01.txt|199139.0|0.610839299999995|[2, 3, 4, 9, 21, 36, 55, 74, 75, 78, 86, 100, 127, 134, 149, 162, 168, 226, 239, 254, 255, 263, 279, 290, 363, 477, 496, 498, 515, 521, 606, 688, 780, 826, 1173, 1200, 1201, 1231, 1246, 1247, 1260, 1270, 1293, 1305, 1416, 1437, 1595, 1715, 1939, 2195, 2321, 2685, 2687, 2945, 2997, 3721, 3887, 4308, 4777]
RKP_05000_05000_1_02.txt|225351.0|0.6494389000000069|[1, 3, 8, 10, 21, 24, 25, 38, 45, 55, 104, 113, 117, 238, 240, 269, 297, 310, 334, 361, 365, 378, 396, 444, 474, 537, 678, 712, 771, 785, 787, 805, 857, 903, 1005, 1041, 1044, 1107, 1115, 1152, 1374, 1379, 1786, 1855, 2089, 2174, 2177, 2322, 2501, 2667, 2706, 2783, 2786, 3059, 3274, 3754, 3842, 3921, 3940, 4197, 4402, 4712]
RKP_05000_05000_1_03.txt|215056.0|0.6979742999999985|[1, 2, 8, 18, 25, 39, 46, 78, 80, 110, 115, 164, 231, 233, 249, 297, 318, 353, 393, 399, 426, 435, 482, 557, 582, 586, 811, 847, 872, 1083, 1098, 1099, 1108, 1115, 1212, 1261, 1265, 1290, 1414, 1441, 1477, 1775, 2124, 2264, 2426, 2438, 2630, 2760, 2850, 2859, 3247, 3326, 3414, 3443, 3493, 3512, 3593, 4284, 4374, 4414]
RKP_05000_05000_1_04.txt|231097.0|0.6406951000000021|[1, 3, 5, 9, 25, 34, 38, 50, 68, 75, 76, 81, 85, 90, 135, 145, 148, 189, 197, 222, 289, 291, 332, 368, 376, 390, 408, 422, 484, 557, 559, 787, 831, 997, 1072, 1151, 1389, 1417, 1418, 1675, 1677, 1753, 1758, 1859, 1875, 1938, 2003, 2036, 2061, 2255, 2312, 2328, 2372, 2543, 2553, 2581, 2584, 2991, 3228, 3305, 3547, 3802, 3813, 3850, 4172, 4260, 4668]
RKP_05000_05000_1_05.txt|225510.0|0.6860666999999978|[1, 2, 3, 22, 23, 26, 31, 32, 38, 43, 46, 55, 62, 127, 130, 131, 143, 146, 153, 163, 210, 214, 226, 227, 261, 301, 378, 403, 555, 559, 582, 677, 694, 950, 1008, 1020, 1372, 1460, 1483, 1521, 1576, 1662, 1668, 1692, 1929, 1993, 2045, 2118, 2309, 2352, 2411, 2467, 2579, 2657, 2804, 3024, 3175, 3186, 3722, 3813, 3873, 4208, 4354, 4374, 4691, 4846]
RKP_05000_05000_1_06.txt|200478.0|0.7073952999999875|[2, 3, 18, 23, 40, 46, 71, 82, 87, 113, 120, 274, 275, 333, 347, 361, 363, 378, 407, 427, 462, 581, 608, 613, 621, 651, 693, 707, 715, 813, 850, 925, 956, 1065, 1154, 1227, 1280, 1308, 1371, 1730, 1821, 1855, 1927, 1981, 2048, 2132, 2204, 2210, 2309, 2509, 2592, 2640, 2701, 2729, 2949, 3361, 3938, 3978, 4540, 4561, 4692]
RKP_05000_05000_1_07.txt|191690.0|0.6494461000000058|[1, 2, 3, 4, 8, 15, 16, 17, 23, 29, 30, 31, 44, 83, 109, 182, 187, 190, 230, 248, 294, 303, 332, 347, 380, 381, 415, 457, 463, 478, 529, 536, 575, 730, 739, 785, 829, 864, 1228, 1263, 1267, 1269, 1315, 1520, 1525, 1616, 1820, 1849, 2529, 2688, 2725, 2854, 3045, 3965, 4149, 4225, 4260, 4664]
RKP_05000_05000_1_08.txt|199021.0|0.7206615000000056|[3, 30, 38, 44, 91, 95, 97, 115, 122, 124, 156, 171, 253, 262, 303, 342, 363, 367, 371, 451, 453, 478, 523, 560, 596, 615, 674, 836, 878, 902, 908, 1167, 1179, 1421, 1439, 1506, 1549, 1562, 1588, 1678, 1737, 1757, 1919, 1941, 2047, 2285, 2428, 2525, 2536, 2600, 2643, 2805, 3545, 3599, 3744, 3998, 4093, 4195, 4596, 4934]
RKP_05000_05000_1_09.txt|211420.0|0.6463834999999989|[1, 3, 4, 5, 6, 42, 66, 77, 104, 113, 114, 137, 139, 149, 170, 196, 222, 234, 299, 325, 339, 376, 382, 385, 391, 438, 448, 460, 537, 539, 542, 565, 578, 632, 642, 682, 701, 820, 871, 936, 1006, 1064, 1227, 1245, 1254, 1314, 1350, 1355, 1416, 1458, 1466, 1546, 1592, 1635, 1695, 1917, 2400, 2450, 2554, 2593, 2636, 2837, 3197, 3551, 4248, 4486, 4489, 4615]
RKP_05000_05000_1_10.txt|190133.0|0.6309250999999989|[1, 7, 18, 73, 89, 98, 101, 107, 144, 153, 185, 286, 302, 322, 339, 380, 414, 467, 472, 596, 659, 756, 803, 852, 862, 867, 959, 972, 1227, 1409, 1504, 1552, 1609, 1652, 1725, 1766, 1771, 2050, 2151, 2281, 2580, 2607, 2629, 2641, 2786, 2810, 2870, 3028, 3067, 3078, 3229, 3261, 3450, 3696, 4006, 4380]
RKP_05000_05000_2_01.txt|15571.0|0.7633034999999921|[18, 66, 81, 93, 106, 235, 283, 293, 343, 411, 475, 515, 748, 750, 866, 939, 953, 1045, 1100, 1308, 1367, 1639, 1643, 1665, 2099, 2191, 2236, 2582, 2870, 2937, 3091, 3808, 4844]
RKP_05000_05000_2_02.txt|17024.0|0.7284852000000086|[14, 15, 40, 56, 79, 91, 106, 161, 191, 200, 220, 294, 462, 485, 530, 563, 582, 598, 677, 696, 705, 710, 836, 857, 1058, 1069, 1247, 1649, 2142, 2244, 2429, 2685, 3100, 3515, 3641, 3678, 3796, 3813, 4007]
RKP_05000_05000_2_03.txt|15088.0|0.7266620000000046|[1, 41, 44, 167, 177, 204, 306, 411, 465, 477, 502, 582, 583, 983, 992, 1122, 1205, 1269, 1422, 1429, 1432, 1482, 1770, 1837, 1998, 2696, 2869, 3090, 3108, 3428, 3630, 3711, 3839, 3860, 4565]
RKP_05000_05000_2_04.txt|19701.0|0.7338028000000065|[1, 2, 4, 11, 19, 21, 23, 27, 37, 43, 47, 60, 71, 77, 78, 115, 122, 126, 131, 187, 206, 238, 307, 372, 455, 637, 832, 846, 862, 1124, 1223, 1335, 1508, 1553, 1586, 1606, 1671, 1748, 2136, 2282, 2382, 2632, 2705, 2773, 3257, 4372]
RKP_05000_05000_2_05.txt|17280.0|0.7205033999999984|[5, 9, 19, 47, 67, 70, 103, 111, 113, 119, 128, 163, 282, 501, 509, 513, 606, 655, 815, 932, 962, 1011, 1022, 1103, 1153, 1219, 1232, 1242, 1260, 1588, 1768, 1813, 2057, 2166, 2678, 3604, 3798, 4182, 4330]
RKP_05000_05000_2_06.txt|16802.0|0.6868850999999978|[16, 30, 43, 74, 129, 141, 303, 356, 449, 526, 629, 637, 731, 748, 785, 832, 912, 985, 1070, 1073, 1097, 1107, 1256, 1542, 1756, 1805, 2245, 2324, 2497, 2795, 2900, 3371, 3580, 3749, 4298]
RKP_05000_05000_2_07.txt|18148.0|0.7691565000000082|[12, 30, 36, 129, 142, 253, 301, 409, 411, 624, 725, 747, 805, 855, 872, 903, 926, 932, 957, 989, 1115, 1119, 1137, 1153, 1438, 1460, 1485, 1614, 1734, 1819, 2118, 3060, 3328, 3690, 3704, 3935, 4066, 4239, 4720]
RKP_05000_05000_2_08.txt|18200.999999999956|0.6550087000000104|[2, 9, 10, 17, 30, 31, 113, 116, 127, 155, 179, 242, 245, 274, 286, 315, 332, 449, 473, 551, 603, 659, 668, 724, 746, 760, 899, 944, 1190, 1262, 1520, 1692, 1834, 2024, 2078, 2345, 2390, 2598, 2788, 3039, 3119, 3356, 3617, 3856]
RKP_05000_05000_2_09.txt|19112.0|0.7249898999999971|[1, 2, 3, 4, 6, 7, 36, 45, 47, 68, 74, 82, 83, 105, 129, 157, 164, 181, 184, 221, 279, 327, 385, 394, 423, 519, 548, 574, 634, 829, 893, 899, 957, 973, 1179, 1184, 1231, 1308, 1378, 1478, 1802, 2129, 2354, 2551, 2555, 3032, 3042, 3741, 4959]
RKP_05000_05000_2_10.txt|16789.0|0.7363935999999995|[1, 2, 9, 14, 21, 23, 35, 42, 58, 70, 97, 205, 282, 288, 311, 330, 351, 371, 386, 468, 481, 494, 504, 546, 557, 666, 725, 899, 1060, 1136, 1530, 1601, 1620, 1742, 2418, 2605, 2884, 3568, 4608, 4670]
RKP_05000_05000_3_01.txt|37976.0|0.5608533000000051|[6, 7, 10, 13, 16, 21, 39, 43, 45, 46, 54, 55, 58, 79, 83, 88, 94, 97, 102, 106, 132, 137, 164, 165, 289, 449, 480, 528, 530, 563, 595, 628, 638, 646, 712, 731, 736, 800, 814, 870, 926, 1004, 1075, 1080, 1180, 1291, 1328, 1409, 1410, 1430, 1664, 1758, 1846, 1887, 2024, 2100, 2233, 2454, 2544, 2738, 2831, 2987, 3043, 3210, 3454, 4060, 4143, 4523, 4650]
RKP_05000_05000_3_02.txt|36856.0|0.6905469000000011|[9, 16, 17, 23, 25, 30, 32, 33, 38, 45, 47, 50, 51, 58, 69, 99, 104, 105, 133, 151, 155, 162, 200, 217, 221, 227, 303, 407, 507, 509, 598, 601, 747, 773, 786, 869, 885, 969, 970, 985, 1081, 1093, 1220, 1509, 1814, 1914, 2038, 2063, 2259, 2345, 2392, 2506, 2529, 2826, 3230, 3732, 3779, 3922, 4096, 4134, 4175, 4221, 4338, 4488, 4553, 4589]
RKP_05000_05000_3_03.txt|41110.0|0.6549769999999882|[1, 2, 4, 5, 13, 21, 25, 34, 46, 47, 67, 88, 90, 126, 127, 140, 185, 194, 219, 223, 244, 281, 286, 323, 366, 372, 471, 476, 489, 523, 542, 592, 618, 636, 665, 682, 706, 763, 764, 856, 950, 1010, 1029, 1099, 1129, 1187, 1238, 1255, 1677, 1696, 1729, 1777, 1855, 1911, 1960, 1984, 2147, 2297, 2430, 2439, 2585, 2683, 2713, 2768, 3112, 3252, 3385, 3452, 3666, 3819, 3909, 4032, 4833, 4837]
RKP_05000_05000_3_04.txt|38515.0|0.7202676999999937|[1, 2, 4, 5, 8, 14, 27, 36, 47, 61, 109, 118, 156, 173, 177, 183, 229, 256, 343, 375, 404, 412, 454, 476, 479, 505, 547, 585, 642, 666, 713, 773, 779, 843, 868, 934, 936, 1033, 1564, 1589, 1698, 1793, 1957, 2081, 2146, 2234, 2343, 2355, 2428, 2495, 2551, 2704, 2727, 2854, 3143, 3167, 3391, 3454, 3497, 3543, 3625, 3841, 3856, 3872, 4104, 4332, 4488, 4558, 4637]
RKP_05000_05000_3_05.txt|37294.0|0.6395077999999899|[2, 12, 13, 17, 34, 42, 44, 50, 62, 67, 72, 81, 97, 139, 150, 166, 186, 207, 242, 259, 309, 317, 331, 351, 368, 372, 375, 385, 394, 406, 441, 465, 537, 555, 606, 628, 656, 945, 969, 984, 1004, 1044, 1313, 1466, 1506, 1519, 1640, 1655, 1664, 1680, 1758, 1771, 1843, 1982, 2428, 2606, 2910, 2994, 3119, 3133, 3138, 3181, 3285, 3566, 3993, 4138, 4707]
RKP_05000_05000_3_06.txt|36224.0|0.7064486999999957|[1, 5, 6, 7, 22, 23, 28, 30, 43, 55, 78, 99, 100, 115, 130, 132, 148, 165, 199, 234, 260, 262, 276, 313, 377, 382, 386, 430, 480, 495, 500, 607, 617, 645, 671, 692, 737, 817, 839, 845, 924, 1005, 1115, 1123, 1191, 1566, 1678, 1989, 2115, 2161, 2185, 2300, 2334, 2338, 2412, 2489, 2537, 2626, 2697, 2724, 2831, 3251, 3325, 3441, 4300]
RKP_05000_05000_3_07.txt|36316.0|0.6776519000000008|[2, 4, 10, 19, 46, 69, 82, 83, 88, 119, 124, 127, 130, 143, 169, 197, 217, 220, 224, 232, 304, 348, 395, 487, 490, 525, 544, 609, 619, 684, 717, 718, 739, 766, 796, 813, 817, 835, 866, 900, 924, 1049, 1090, 1338, 1420, 1664, 1721, 1728, 1818, 1953, 2093, 2201, 2287, 2348, 2399, 2495, 2551, 2643, 2655, 2747, 3890, 3987, 4651, 4656, 4816]
RKP_05000_05000_3_08.txt|36450.0|0.6797535000000039|[1, 2, 7, 14, 16, 18, 21, 22, 39, 54, 73, 78, 89, 122, 147, 150, 241, 254, 264, 280, 351, 391, 433, 454, 486, 491, 498, 524, 640, 742, 752, 762, 782, 784, 857, 876, 886, 938, 1042, 1104, 1105, 1145, 1244, 1266, 1311, 1405, 1450, 1520, 1559, 1833, 1969, 2111, 2221, 2393, 2446, 2528, 2700, 2750, 2859, 2945, 3527, 3711, 4022, 4469, 4805]
RKP_05000_05000_3_09.txt|40118.0|0.6546132999999941|[4, 7, 8, 10, 13, 17, 19, 25, 26, 35, 42, 43, 96, 107, 111, 112, 123, 194, 233, 259, 281, 288, 317, 345, 413, 532, 533, 593, 609, 629, 643, 660, 767, 789, 830, 851, 877, 913, 929, 932, 1146, 1162, 1282, 1328, 1343, 1422, 1555, 1667, 1813, 1933, 1945, 2090, 2135, 2139, 2166, 2247, 2427, 2435, 2484, 2639, 2773, 2838, 2885, 2994, 3338, 3453, 3677, 4192, 4240, 4246, 4313, 4338, 4825]
RKP_05000_05000_3_10.txt|38898.0|0.7365831000000043|[1, 3, 4, 10, 13, 24, 25, 26, 28, 44, 46, 48, 49, 51, 58, 59, 60, 77, 119, 120, 137, 172, 202, 227, 278, 309, 313, 402, 405, 457, 481, 490, 535, 576, 577, 605, 607, 632, 675, 988, 1062, 1075, 1135, 1202, 1224, 1258, 1284, 1307, 1358, 1405, 1444, 1598, 1639, 2131, 2521, 2536, 2573, 2643, 2698, 2748, 2923, 2953, 3218, 3222, 3301, 3454, 3468, 3759, 3937, 4391, 4808]
RKP_05000_05000_4_01.txt|5000.0|0.5307261000000096|[4658]
RKP_05000_05000_4_02.txt|4996.0|0.5217545999999942|[4689]
RKP_05000_05000_4_03.txt|5000.0|0.5610451000000012|[4795]
RKP_05000_05000_4_04.txt|4984.0|0.521333999999996|[4929]
RKP_05000_05000_4_05.txt|5000.0|0.5633112000000011|[4946]
RKP_05000_05000_4_06.txt|4996.0|0.5114180000000061|[4633]
RKP_05000_05000_4_07.txt|4999.0|0.5138699999999972|[4517]
RKP_05000_05000_4_08.txt|5000.0|0.566806200000002|[4648]
RKP_05000_05000_4_09.txt|5000.0|0.5661215000000084|[4770]
RKP_05000_05000_4_10.txt|4991.0|0.5432588000000038|[4666]
RKP_05000_05000_5_01.txt|5000.0|0.607652200000004|[999, 1015, 1018, 1615, 1915]
RKP_05000_05000_5_02.txt|5000.0|0.6055224999999922|[1, 11, 28, 115, 1147, 3353, 3357]
RKP_05000_05000_5_03.txt|5000.0|0.6459791000000052|[10, 40, 427, 768, 2040, 2512, 2983, 3578, 3675, 3851]
RKP_05000_05000_5_04.txt|5000.0|0.6856908000000033|[14, 79, 183, 340, 1019, 2119, 2889]
RKP_05000_05000_5_05.txt|5000.0|0.5607638000000037|[4993]
RKP_05000_05000_5_06.txt|5000.0|0.7123377000000062|[22, 97, 106, 731, 1649, 1825, 4890]
RKP_05000_05000_5_07.txt|5000.0|0.5842734000000007|[4987]
RKP_05000_05000_5_08.txt|5000.0|0.5606710999999933|[4998]
RKP_05000_05000_5_09.txt|5000.0|0.6078015000000079|[4999]
RKP_05000_05000_5_10.txt|5000.0|0.5955149999999918|[1, 21, 60, 441, 457, 1024, 1913, 1920, 1943]
