RKP_00100_00100_1_01.txt|656.3|743|0.0005868029999999958|[17, 1, 3, 22, 31, 28, 24, 29, 10, 16]
RKP_00100_00100_1_02.txt|757.67|884|0.0005941860000000032|[1, 37, 91, 9, 50, 56, 47, 48, 44, 23, 2, 31, 15]
RKP_00100_00100_1_03.txt|644.81|709|0.0005878079999999919|[1, 4, 10, 15, 2, 14, 63, 5, 6, 70, 12]
RKP_00100_00100_1_04.txt|622.71|705|0.0005865920000000035|[15, 74, 7, 4, 9, 16, 6, 43, 3, 10]
RKP_00100_00100_1_05.txt|638.01|737|0.0005753299999999994|[79, 20, 22, 6, 1, 3, 11, 16, 30, 44]
RKP_00100_00100_1_06.txt|839.07|986|0.0006081309999999973|[57, 97, 48, 47, 16, 17, 31, 83, 10, 55, 20, 34, 5, 50]
RKP_00100_00100_1_07.txt|413.62|529|0.000558310999999998|[39, 46, 60, 51, 9, 5, 13, 71]
RKP_00100_00100_1_08.txt|760.62|872|0.0006275290000000056|[2, 87, 6, 30, 92, 76, 1, 7, 9, 5, 24, 29, 13, 88]
RKP_00100_00100_1_09.txt|514.42|628|0.0005724319999999961|[23, 18, 5, 16, 24, 85, 52, 29, 42, 2]
RKP_00100_00100_1_10.txt|638.23|740|0.0006372140000000037|[13, 1, 27, 11, 4, 33, 20, 16, 2, 18, 24, 15]
RKP_00100_00100_2_01.txt|118.95|155|0.0005677229999999977|[6, 20, 2, 43, 22, 68, 27]
RKP_00100_00100_2_02.txt|120.28|157|0.0005651550000000083|[30, 5, 40, 47, 1, 18, 28, 80]
RKP_00100_00100_2_03.txt|126.17|170|0.00056168|[48, 51, 75, 31, 5, 1, 59, 16, 26]
RKP_00100_00100_2_04.txt|115.35|152|0.0005382109999999929|[11, 2, 9, 62, 5, 18]
RKP_00100_00100_2_05.txt|98.46|156|0.0005274550000000034|[32, 36, 7, 24]
RKP_00100_00100_2_06.txt|100.66|127|0.0005282469999999928|[67, 2, 3, 23, 8]
RKP_00100_00100_2_07.txt|105.99|143|0.000534907999999994|[7, 22, 15, 21, 54]
RKP_00100_00100_2_08.txt|111.2|154|0.0005367099999999825|[16, 1, 2, 48, 15, 29]
RKP_00100_00100_2_09.txt|109.28|150|0.0005337140000000163|[7, 38, 2, 63]
RKP_00100_00100_2_10.txt|109.41|150|0.0005463170000000073|[65, 2, 1, 64, 85, 28, 30]
RKP_00100_00100_3_01.txt|160.02|187|0.0005453940000000035|[3, 2, 10, 16, 52, 9, 53, 5]
RKP_00100_00100_3_02.txt|163.02|198|0.0005558370000000145|[1, 52, 8, 56, 2, 48, 68, 12, 17, 10]
RKP_00100_00100_3_03.txt|192.14|222|0.0005812719999999815|[3, 6, 4, 75, 64, 2, 14, 46, 13, 5, 11, 25]
RKP_00100_00100_3_04.txt|173.01|206|0.0005671790000000065|[34, 26, 8, 6, 9, 42, 50, 2, 14, 15, 1]
RKP_00100_00100_3_05.txt|164.6|201|0.0005549770000000076|[1, 12, 22, 3, 33, 72, 6, 26, 59, 27]
RKP_00100_00100_3_06.txt|207.05|233|0.0005921019999999943|[40, 72, 8, 11, 66, 6, 16, 2, 3, 28, 10, 27, 14, 31]
RKP_00100_00100_3_07.txt|170.14|200|0.0005710360000000137|[72, 14, 27, 7, 6, 67, 13, 55, 89, 3]
RKP_00100_00100_3_08.txt|158.63|192|0.0005476449999999789|[1, 12, 7, 18, 3, 2, 67, 75, 19]
RKP_00100_00100_3_09.txt|150.32|182|0.0005625270000000082|[1, 89, 48, 57, 8, 4, 2, 35, 44]
RKP_00100_00100_3_10.txt|174.58|214|0.0005688620000000011|[62, 60, 67, 5, 20, 46, 1, 61, 34, 54, 6, 10]
RKP_00100_00100_4_01.txt|96.15|100|0.0004996250000000035|[97]
RKP_00100_00100_4_02.txt|95.81|100|0.0004945550000000098|[88]
RKP_00100_00100_4_03.txt|98.17|100|0.0004898130000000167|[84]
RKP_00100_00100_4_04.txt|95.99|100|0.0004927029999999766|[95]
RKP_00100_00100_4_05.txt|96.06|100|0.000492126000000006|[87]
RKP_00100_00100_4_06.txt|93.68|98|0.0005001959999999706|[93]
RKP_00100_00100_4_07.txt|96.59|98|0.0004959350000000073|[98]
RKP_00100_00100_4_08.txt|95.28|100|0.0004952060000000103|[97]
RKP_00100_00100_4_09.txt|94.92|99|0.0004960640000000005|[89]
RKP_00100_00100_4_10.txt|94.55|98|0.0005466409999999966|[88]
RKP_00100_00100_5_01.txt|93.11|120|0.0005279130000000265|[10, 14, 16, 18, 21]
RKP_00100_00100_5_02.txt|88.34|138|0.0005212719999999927|[24, 32, 34]
RKP_00100_00100_5_03.txt|92.67|117|0.0005207620000000013|[11, 17, 18, 20]
RKP_00100_00100_5_04.txt|91.83|146|0.0005195410000000101|[12, 14, 15, 16]
RKP_00100_00100_5_05.txt|90.87|122|0.0005239359999999937|[9, 10, 20, 22, 24]
RKP_00100_00100_5_06.txt|96.94|149|0.0005103570000000079|[9, 17, 18, 24]
RKP_00100_00100_5_07.txt|90.55|124|0.0005304639999999994|[8, 11, 13, 16]
RKP_00100_00100_5_08.txt|85.77|121|0.0005250949999999932|[8, 9, 15, 20, 25, 26]
RKP_00100_00100_5_09.txt|93.99|131|0.0005156640000000179|[8, 9, 10, 13]
RKP_00100_00100_5_10.txt|86.66|123|0.0005309270000000144|[13, 14, 21]
RKP_00500_00100_1_01.txt|1523.57|1670|0.0034632709999999987|[500, 304, 25, 284, 2, 27, 211, 5, 75, 140, 3, 40, 129, 168, 148, 222, 120, 173, 6, 131, 269, 274, 156, 4, 38]
RKP_00500_00100_1_02.txt|1285.4|1438|0.003450126|[77, 288, 13, 87, 351, 175, 102, 14, 89, 205, 10, 377, 289, 388, 325, 132, 433, 4, 30, 394, 109]
RKP_00500_00100_1_03.txt|1244.87|1363|0.0036384030000000366|[11, 5, 16, 111, 496, 1, 113, 30, 360, 477, 228, 147, 37, 139, 40, 123, 140, 158, 15, 66, 227, 326]
RKP_00500_00100_1_04.txt|1442.06|1570|0.0035312889999999974|[359, 315, 64, 156, 11, 94, 65, 254, 41, 93, 245, 62, 197, 23, 258, 59, 48, 268, 252, 7, 1]
RKP_00500_00100_1_05.txt|1564.61|1713|0.0035191940000000167|[72, 11, 10, 363, 402, 24, 17, 116, 5, 215, 26, 192, 104, 3, 292, 320, 382, 2, 23, 6, 18, 203, 13, 76]
RKP_00500_00100_1_06.txt|1844.46|1955|0.003615807999999996|[89, 13, 165, 34, 230, 131, 3, 55, 411, 240, 35, 52, 2, 190, 4, 22, 211, 182, 203, 490, 5, 189, 281, 225, 50, 83, 30]
RKP_00500_00100_1_07.txt|1814.13|1943|0.0036037810000000016|[97, 22, 31, 492, 47, 126, 322, 461, 192, 40, 165, 147, 2, 80, 257, 469, 183, 206, 4, 21, 7, 410, 24, 89, 49, 16, 94, 359]
RKP_00500_00100_1_08.txt|1498.64|1678|0.003475595000000027|[29, 146, 10, 258, 156, 185, 4, 106, 165, 332, 1, 378, 326, 63, 35, 254, 23, 3, 16, 2, 450, 225, 150, 149]
RKP_00500_00100_1_09.txt|1481.07|1612|0.003531467000000017|[19, 221, 77, 307, 153, 39, 496, 151, 229, 214, 108, 148, 180, 16, 1, 163, 348, 215, 54, 344, 324, 210, 48, 173, 56]
RKP_00500_00100_1_10.txt|1429.81|1568|0.0035194590000000047|[413, 75, 234, 162, 1, 214, 277, 62, 5, 21, 110, 14, 15, 4, 3, 6, 84, 31, 105, 30, 33, 59, 342, 8]
RKP_00500_00100_2_01.txt|199.03|235|0.0035360100000000204|[148, 168, 11, 226, 259, 16, 39, 32, 137, 102, 3, 50, 88, 100, 351, 150, 97]
RKP_00500_00100_2_02.txt|206.59|233|0.0034600829999999762|[112, 156, 72, 131, 195, 4, 59, 441, 186, 65, 6, 7, 36, 97, 385, 167, 314, 121]
RKP_00500_00100_2_03.txt|191.28|220|0.003491301|[100, 107, 155, 436, 135, 64, 3, 104, 18, 24, 318, 13, 164, 113, 447, 479, 12]
RKP_00500_00100_2_04.txt|193.16|217|0.0034043799999999803|[204, 55, 216, 163, 58, 429, 306, 7, 80, 20, 38, 112, 105, 234, 26, 246, 106]
RKP_00500_00100_2_05.txt|192.43|225|0.0034056230000000555|[38, 4, 5, 2, 77, 275, 260, 25, 426, 32, 320, 10, 51, 423, 48, 218, 294]
RKP_00500_00100_2_06.txt|168.95|203|0.0033527150000000816|[9, 155, 3, 27, 117, 57, 70, 15, 5, 89, 358, 377, 115, 1]
RKP_00500_00100_2_07.txt|175.59|209|0.0034543520000000073|[1, 75, 292, 53, 114, 5, 17, 83, 260, 3, 308, 123, 162, 452, 459, 10, 367]
RKP_00500_00100_2_08.txt|167.91|197|0.003403124000000126|[96, 15, 1, 495, 3, 7, 87, 184, 136, 384, 265, 45, 40, 234]
RKP_00500_00100_2_09.txt|147.07|171|0.003356066000000002|[38, 108, 335, 70, 87, 16, 25, 183, 189, 414]
RKP_00500_00100_2_10.txt|166.56|196|0.0033884159999999853|[20, 21, 40, 166, 498, 116, 441, 9, 76, 14, 199, 88]
RKP_00500_00100_3_01.txt|282.91|309|0.003474137000000006|[1, 5, 11, 143, 2, 38, 158, 64, 33, 96, 260, 223, 8, 78, 227, 333, 20, 293, 43, 401, 394]
RKP_00500_00100_3_02.txt|346.36|370|0.003510590000000047|[152, 73, 167, 5, 20, 39, 56, 160, 189, 32, 221, 111, 179, 336, 413, 1, 4, 103, 110, 172, 162, 331, 18, 449, 26, 139, 48]
RKP_00500_00100_3_03.txt|319.19|340|0.003539020999999991|[71, 351, 9, 52, 113, 148, 444, 454, 22, 258, 264, 292, 45, 1, 118, 139, 111, 121, 168, 35, 134, 188, 4, 11]
RKP_00500_00100_3_04.txt|336.06|370|0.003482760000000109|[282, 2, 66, 68, 104, 168, 312, 345, 72, 103, 119, 146, 156, 125, 209, 278, 280, 9, 159, 221, 301, 60, 285, 149, 1, 142, 163]
RKP_00500_00100_3_05.txt|356.78|388|0.0034851010000001635|[377, 1, 143, 12, 33, 225, 417, 9, 196, 392, 7, 88, 252, 74, 92, 106, 319, 381, 468, 2, 175, 14, 8, 84, 87, 108, 211, 294, 382]
RKP_00500_00100_3_06.txt|309.92|331|0.0034599799999999094|[186, 52, 204, 91, 283, 12, 73, 5, 24, 45, 189, 242, 311, 4, 68, 137, 316, 25, 183, 10, 266, 56, 281]
RKP_00500_00100_3_07.txt|294.42|330|0.003569975999999979|[17, 200, 5, 3, 37, 102, 216, 30, 196, 244, 287, 7, 65, 193, 282, 335, 393, 1, 2, 4, 141, 157, 308]
RKP_00500_00100_3_08.txt|376.92|411|0.0036202359999999876|[275, 451, 14, 31, 49, 57, 63, 90, 114, 301, 133, 35, 470, 19, 58, 62, 84, 144, 150, 172, 1, 389, 12, 13, 112, 8, 25, 159, 302, 323, 3]
RKP_00500_00100_3_09.txt|334.22|360|0.0035036199999999872|[169, 171, 294, 4, 12, 58, 70, 154, 231, 115, 221, 3, 24, 108, 269, 104, 148, 347, 434, 122, 14, 152, 263, 304, 18, 38]
RKP_00500_00100_3_10.txt|318.09|349|0.0034805349999999357|[159, 153, 183, 189, 1, 40, 325, 25, 32, 99, 193, 14, 13, 18, 165, 305, 9, 36, 47, 60, 102, 222, 4, 52, 101]
RKP_00500_00100_4_01.txt|99.74|100|0.0032908869999999624|[434]
RKP_00500_00100_4_02.txt|99.78|100|0.0032898919999999874|[467]
RKP_00500_00100_4_03.txt|99.88|100|0.003305375999999907|[438]
RKP_00500_00100_4_04.txt|99.58|100|0.0033251430000001037|[428]
RKP_00500_00100_4_05.txt|99.99|100|0.003284593999999927|[440]
RKP_00500_00100_4_06.txt|99.06|100|0.0032916099999999384|[431]
RKP_00500_00100_4_07.txt|99.5|100|0.0032703609999999907|[467]
RKP_00500_00100_4_08.txt|99.56|100|0.0033491869999999935|[480]
RKP_00500_00100_4_09.txt|99.83|100|0.003268857000000054|[440]
RKP_00500_00100_4_10.txt|99.63|100|0.0033376970000000483|[489]
RKP_00500_00100_5_01.txt|92.22|107|0.003390060999999918|[17, 31, 33, 35, 38, 40]
RKP_00500_00100_5_02.txt|95.01|115|0.0033164910000000702|[6, 10, 14, 15, 17, 20, 22, 23, 28, 32]
RKP_00500_00100_5_03.txt|92.44|115|0.003285470000000039|[15, 20, 21, 26, 41, 42]
RKP_00500_00100_5_04.txt|91.42|112|0.0033383669999999554|[5, 8, 16, 22, 24, 27, 28, 29]
RKP_00500_00100_5_05.txt|94.5|109|0.003414925000000011|[13, 16, 17, 18, 20, 25, 26]
RKP_00500_00100_5_06.txt|93.81|110|0.00334234099999982|[4, 10, 17, 20, 21, 24, 28, 44, 45]
RKP_00500_00100_5_07.txt|92.3|110|0.0034468319999998442|[3, 6, 9, 16, 18, 22, 24, 25]
RKP_00500_00100_5_08.txt|91.76|119|0.003345349999999989|[11, 13, 15, 17, 24, 27, 36]
RKP_00500_00100_5_09.txt|93.17|114|0.003337290999999958|[17, 20, 29, 32]
RKP_00500_00100_5_10.txt|89.75|106|0.0033426290000000947|[6, 8, 13, 18, 20, 22, 23]
RKP_01000_00100_1_01.txt|1962.87|2142|0.01014067600000022|[91, 50, 260, 51, 314, 13, 432, 67, 261, 39, 604, 560, 151, 97, 47, 2, 64, 116, 11, 123, 347, 465, 448, 1, 42, 910, 27, 10, 646]
RKP_01000_00100_1_02.txt|1899.74|2064|0.010014149999999944|[294, 16, 182, 195, 584, 292, 30, 38, 696, 49, 171, 519, 754, 89, 486, 64, 81, 599, 9, 557, 72, 185, 193, 359, 1, 53, 8, 2, 201, 527, 50, 108, 515]
RKP_01000_00100_1_03.txt|1879.7|2018|0.009890685999999888|[174, 128, 199, 114, 2, 498, 4, 48, 56, 172, 182, 116, 16, 145, 535, 32, 380, 800, 50, 869, 1, 276, 113, 62, 326, 75, 252, 19, 3, 725]
RKP_01000_00100_1_04.txt|2138.97|2341|0.010103306999999723|[283, 429, 566, 12, 733, 1, 726, 247, 75, 44, 14, 184, 151, 165, 5, 277, 63, 20, 732, 204, 91, 255, 67, 45, 402, 2, 163, 3, 857, 659, 790, 6, 69, 592, 42]
RKP_01000_00100_1_05.txt|1975.19|2163|0.010121105999999713|[915, 75, 121, 41, 89, 673, 123, 207, 222, 1, 553, 635, 49, 1000, 29, 696, 307, 37, 101, 593, 425, 602, 776, 39, 828, 16, 12, 188, 582, 26, 74]
RKP_01000_00100_1_06.txt|2279.1|2451|0.010157692000000083|[58, 33, 1, 168, 38, 383, 10, 78, 790, 52, 632, 44, 99, 283, 265, 57, 255, 244, 242, 250, 993, 442, 645, 6, 120, 349, 56, 108, 235, 331, 176, 23, 4, 177, 8]
RKP_01000_00100_1_07.txt|2321.9|2515|0.010059762000000028|[382, 7, 128, 204, 440, 37, 130, 86, 436, 226, 88, 372, 3, 556, 127, 874, 8, 96, 49, 778, 129, 190, 90, 577, 476, 342, 19, 192, 170, 484, 80, 627, 641, 1]
RKP_01000_00100_1_08.txt|2017.15|2162|0.010301619000000173|[356, 422, 68, 223, 149, 922, 366, 4, 10, 421, 1, 145, 7, 80, 6, 716, 22, 303, 212, 242, 210, 274, 26, 118, 15, 454, 448, 731, 106, 5, 29, 390, 101, 294]
RKP_01000_00100_1_09.txt|1963.99|2079|0.010156820000000337|[103, 31, 168, 36, 672, 27, 48, 196, 782, 898, 262, 14, 213, 170, 39, 290, 17, 409, 513, 509, 763, 691, 1, 64, 7, 32, 579, 489, 34, 779, 2]
RKP_01000_00100_1_10.txt|2303.47|2438|0.009987905999999925|[785, 669, 19, 104, 466, 76, 618, 1, 253, 931, 111, 8, 331, 221, 188, 286, 534, 55, 158, 491, 968, 663, 198, 754, 439, 724, 159, 37, 69, 43, 480, 813, 805, 673, 50]
RKP_01000_00100_2_01.txt|216.27|254|0.009871937000000379|[47, 7, 374, 264, 366, 24, 209, 380, 690, 185, 186, 12, 21, 252, 614, 13, 3, 37, 90, 901, 348]
RKP_01000_00100_2_02.txt|202.6|226|0.009821742000000171|[84, 385, 202, 375, 782, 311, 73, 357, 183, 213, 3, 166, 13, 718, 302, 35, 492, 366, 63]
RKP_01000_00100_2_03.txt|258.44|294|0.009838820000000154|[171, 5, 416, 97, 123, 81, 394, 897, 33, 84, 13, 746, 928, 282, 55, 347, 186, 149, 58, 417, 207, 124, 141, 330, 642, 376]
RKP_01000_00100_2_04.txt|227.66|257|0.009961056999999727|[35, 21, 123, 443, 504, 37, 94, 147, 130, 74, 207, 158, 60, 9, 246, 112, 903, 428, 698]
RKP_01000_00100_2_05.txt|227.56|252|0.00997996600000029|[222, 380, 152, 84, 299, 236, 26, 30, 501, 7, 420, 742, 2, 512, 255, 351, 428, 42, 78, 116, 631, 21]
RKP_01000_00100_2_06.txt|259.05|290|0.010229144999999988|[6, 122, 876, 805, 259, 138, 154, 647, 9, 57, 8, 827, 858, 322, 590, 115, 894, 46, 33, 1, 16, 541, 602, 551, 24]
RKP_01000_00100_2_07.txt|216.91|249|0.01001581200000011|[7, 796, 208, 284, 531, 3, 378, 2, 61, 173, 433, 1, 305, 731, 271, 81, 457, 396, 105, 5]
RKP_01000_00100_2_08.txt|250.84|277|0.009871783999999622|[121, 44, 1, 9, 11, 10, 406, 250, 49, 661, 3, 7, 294, 549, 223, 54, 198, 485, 862, 129, 609, 597, 26, 60]
RKP_01000_00100_2_09.txt|223.19|249|0.010018090000000228|[13, 382, 436, 417, 205, 235, 656, 127, 573, 982, 31, 9, 118, 1, 25, 470, 236, 411, 241, 759, 595, 18, 348]
RKP_01000_00100_2_10.txt|250.02|276|0.01002035699999972|[252, 521, 15, 548, 564, 163, 282, 191, 341, 409, 1, 412, 522, 755, 56, 402, 5, 164, 571, 75, 210, 4, 122, 309, 710]
RKP_01000_00100_3_01.txt|447.01|491|0.009950348999999789|[32, 340, 49, 51, 65, 119, 133, 249, 337, 537, 659, 763, 857, 2, 94, 134, 157, 208, 565, 605, 962, 77, 959, 1, 11, 15, 55, 186, 348, 456, 464, 704, 740, 795, 166, 297, 468, 431, 774]
RKP_01000_00100_3_02.txt|409.17|439|0.010093647999999575|[25, 94, 300, 644, 9, 18, 120, 137, 138, 295, 654, 16, 56, 121, 386, 7, 381, 567, 978, 4, 35, 891, 3, 37, 69, 79, 126, 176, 318, 533, 58, 77, 101, 256]
RKP_01000_00100_3_03.txt|447.34|501|0.010059727000000294|[325, 143, 170, 530, 1, 13, 17, 31, 54, 93, 378, 431, 692, 836, 62, 74, 321, 822, 22, 89, 180, 181, 256, 448, 625, 797, 8, 87, 305, 809, 3, 84, 175, 204, 222, 270, 392, 580, 652, 994]
RKP_01000_00100_3_04.txt|438.51|470|0.009961341999999788|[305, 5, 1, 3, 9, 42, 142, 149, 274, 277, 389, 449, 645, 740, 786, 10, 29, 31, 293, 15, 24, 58, 62, 148, 201, 232, 816, 4, 16, 44, 65, 235, 558, 639, 150, 420, 34]
RKP_01000_00100_3_05.txt|379.44|410|0.009847253000000222|[57, 2, 24, 29, 108, 144, 183, 630, 661, 10, 86, 480, 1, 37, 308, 876, 910, 21, 145, 355, 5, 23, 31, 46, 163, 172, 72, 246, 533, 550, 778]
RKP_01000_00100_3_06.txt|386.35|418|0.00992779500000033|[36, 16, 224, 5, 14, 112, 204, 249, 15, 28, 217, 239, 901, 1, 6, 7, 22, 37, 347, 471, 886, 970, 98, 237, 405, 250, 542, 358, 63, 71, 129, 207]
RKP_01000_00100_3_07.txt|462.16|490|0.010026116999999673|[20, 591, 38, 12, 16, 23, 31, 112, 129, 169, 190, 231, 695, 822, 888, 3, 62, 131, 337, 483, 8, 124, 2, 17, 287, 410, 779, 1, 4, 5, 27, 354, 433, 605, 750, 867, 15, 255, 870]
RKP_01000_00100_3_08.txt|361.96|401|0.009926237000000527|[198, 89, 97, 303, 35, 179, 340, 130, 252, 257, 292, 524, 703, 118, 233, 13, 250, 528, 1, 2, 71, 129, 131, 266, 81, 178, 526, 667, 3, 72]
RKP_01000_00100_3_09.txt|377.45|411|0.010079232000000075|[83, 385, 403, 23, 141, 480, 647, 1, 185, 202, 3, 4, 126, 471, 825, 930, 19, 66, 228, 17, 211, 216, 318, 578, 758, 871, 8, 29, 76, 215, 229]
RKP_01000_00100_3_10.txt|429.67|469|0.00996676499999964|[26, 16, 467, 10, 12, 122, 156, 245, 524, 677, 764, 56, 104, 187, 439, 1, 103, 264, 566, 687, 11, 90, 113, 426, 3, 18, 22, 35, 46, 72, 106, 169, 227, 334, 632, 29, 191]
RKP_01000_00100_4_01.txt|99.54|100|0.009632823000000457|[866]
RKP_01000_00100_4_02.txt|99.73|100|0.009536110999999963|[992]
RKP_01000_00100_4_03.txt|99.99|100|0.009610147999999796|[860]
RKP_01000_00100_4_04.txt|99.98|100|0.009774682999999413|[939]
RKP_01000_00100_4_05.txt|100.0|100|0.009543958999999873|[901]
RKP_01000_00100_4_06.txt|99.82|100|0.009696927999999758|[940]
RKP_01000_00100_4_07.txt|99.93|100|0.0095879350000002|[887]
RKP_01000_00100_4_08.txt|99.95|100|0.009564450999999608|[876]
RKP_01000_00100_4_09.txt|99.92|100|0.009802151000000094|[889]
RKP_01000_00100_4_10.txt|99.99|100|0.009578657000000063|[886]
RKP_01000_00100_5_01.txt|94.59|111|0.009639231000000024|[11, 15, 18, 22, 26, 31, 32, 33]
RKP_01000_00100_5_02.txt|93.37|110|0.009639365000000026|[7, 11, 12, 24, 27, 30, 34, 40]
RKP_01000_00100_5_03.txt|94.61|108|0.009679794999999842|[8, 11, 12, 23, 29, 31, 32, 42, 53, 57]
RKP_01000_00100_5_04.txt|92.86|104|0.009762429999999753|[3, 7, 9, 14, 15, 24, 25, 26, 27, 28, 29, 31]
RKP_01000_00100_5_05.txt|93.74|107|0.00965883100000056|[11, 13, 16, 17, 23, 25, 27, 32, 48, 50]
RKP_01000_00100_5_06.txt|94.36|108|0.009714815000000527|[3, 5, 6, 7, 10, 11, 12, 15, 24, 25, 29, 34]
RKP_01000_00100_5_07.txt|92.67|105|0.009916972000000185|[12, 19, 21, 22, 24, 25, 27, 30, 32]
RKP_01000_00100_5_08.txt|95.94|108|0.009889012000000435|[7, 15, 23, 25, 27, 33, 34, 35, 37, 48, 58, 66]
RKP_01000_00100_5_09.txt|94.3|109|0.009759771999999884|[5, 6, 10, 12, 13, 21, 25, 27]
RKP_01000_00100_5_10.txt|92.24|109|0.009783003999999807|[6, 26, 30, 31, 32, 33, 38]
RKP_05000_00100_1_01.txt|4371.86|4575|0.17391549000000084|[31, 4, 5, 1406, 642, 116, 150, 2398, 302, 3733, 1275, 852, 1373, 465, 155, 3, 2556, 9, 115, 1, 553, 2091, 2478, 2692, 21, 847, 8, 801, 20, 3645, 2505, 22, 7, 363, 4545, 13, 2106, 343, 1268, 1731, 540, 183, 77, 589, 4006, 51, 3411, 467, 904, 49, 1485, 1700, 198, 1482, 68, 1366, 4536, 59, 419, 89, 213, 1277]
RKP_05000_00100_1_02.txt|4261.47|4447|0.17409700099999925|[463, 1821, 275, 2, 2337, 104, 3648, 135, 374, 2939, 3415, 60, 171, 31, 892, 3739, 4066, 73, 350, 2669, 4311, 4651, 174, 28, 448, 4339, 44, 1557, 4439, 1432, 1210, 357, 2196, 42, 716, 1201, 4318, 398, 176, 501, 16, 3013, 1, 347, 338, 601, 2160, 18, 235, 304, 151, 2809, 3107, 51, 185, 1720, 1929, 130]
RKP_05000_00100_1_03.txt|4222.45|4384|0.1732913389999996|[1069, 52, 193, 2992, 3127, 1417, 6, 2, 2646, 22, 591, 929, 961, 1355, 3005, 7, 1, 207, 326, 4798, 81, 4396, 4053, 1020, 136, 219, 1179, 1588, 436, 1912, 10, 3261, 27, 336, 47, 178, 275, 3471, 26, 1880, 312, 3686, 4, 3801, 1634, 1520, 4436, 3036, 114, 1171, 3736, 612, 203, 2382, 5, 1550, 304, 921, 156]
RKP_05000_00100_1_04.txt|3919.68|4163|0.17364739600000034|[2831, 147, 2594, 1521, 135, 4280, 795, 2, 579, 3338, 41, 2565, 78, 38, 3503, 205, 416, 7, 3605, 4320, 1931, 69, 378, 713, 557, 792, 23, 3053, 2528, 5, 936, 4248, 337, 3064, 2934, 1603, 4470, 587, 2030, 103, 444, 4087, 3644, 3336, 3198, 16, 868, 1633, 1367, 3099, 4288, 1247, 131, 233, 2859, 3225, 3474, 1764, 2255, 2304]
RKP_05000_00100_1_05.txt|3956.37|4165|0.17377444799999892|[541, 1433, 3856, 16, 306, 1432, 53, 101, 64, 60, 1169, 644, 38, 4179, 507, 427, 1088, 4588, 2, 8, 230, 1759, 977, 1249, 2850, 14, 2922, 20, 608, 907, 2886, 317, 4002, 4, 1309, 2097, 386, 174, 1024, 13, 33, 2447, 2549, 2399, 1283, 2995, 3939, 288, 4969, 119, 96, 92, 44, 527, 356, 23, 3241, 270, 2347]
RKP_05000_00100_1_06.txt|4139.34|4316|0.1728509950000006|[745, 133, 8, 1319, 2608, 866, 45, 14, 41, 17, 208, 1259, 1799, 108, 747, 219, 569, 7, 25, 44, 1542, 73, 2842, 131, 3167, 152, 3825, 694, 6, 9, 807, 238, 888, 171, 554, 645, 2326, 62, 1279, 896, 860, 3, 122, 329, 1512, 126, 435, 21, 701, 30, 1606, 11, 147, 169, 2, 55, 71, 920, 409, 111, 2510, 184]
RKP_05000_00100_1_07.txt|4552.25|4709|0.1734213939999995|[1674, 55, 1149, 582, 4, 90, 451, 2591, 453, 3111, 30, 3473, 1199, 219, 97, 155, 880, 180, 244, 3419, 118, 104, 1437, 646, 457, 188, 2085, 1477, 2037, 876, 204, 2883, 3167, 1762, 2438, 3484, 124, 11, 35, 3320, 551, 931, 1913, 2018, 32, 914, 1222, 1713, 76, 54, 1758, 1624, 79, 991, 1401, 13, 3370, 3, 2367, 3162, 392, 62]
RKP_05000_00100_1_08.txt|4184.29|4388|0.17354581899999885|[266, 300, 502, 288, 1717, 4344, 275, 154, 739, 2845, 120, 1318, 820, 3137, 6, 186, 441, 4638, 906, 3876, 264, 2248, 538, 2054, 865, 777, 137, 72, 1029, 82, 2994, 1, 1186, 276, 2899, 2250, 3259, 2337, 217, 564, 3588, 4811, 148, 179, 687, 985, 1267, 202, 48, 3226, 553, 52, 4473, 2780, 215, 1781, 183, 3911, 1358, 745, 1632, 4998]
RKP_05000_00100_1_09.txt|3798.11|3964|0.1755533040000023|[2965, 4424, 70, 325, 74, 6, 42, 786, 2596, 270, 816, 447, 307, 729, 4156, 3051, 30, 83, 987, 796, 178, 747, 3, 533, 1387, 1736, 1869, 1184, 1441, 179, 512, 913, 1, 1363, 3264, 628, 3759, 3697, 4341, 10, 121, 28, 2, 3572, 423, 1856, 463, 853, 230, 1710, 1338, 2349, 2807, 1277, 383, 1260, 588]
RKP_05000_00100_1_10.txt|4246.82|4406|0.17348612599999996|[3086, 189, 3065, 352, 780, 2616, 4369, 1804, 43, 4883, 48, 1395, 3373, 153, 437, 654, 2061, 230, 952, 3176, 25, 180, 363, 83, 564, 176, 321, 385, 2958, 143, 304, 15, 134, 930, 482, 1091, 111, 1350, 67, 17, 1422, 1021, 1247, 4651, 4572, 2327, 1342, 373, 2, 8, 60, 6, 1, 1122, 26, 795, 31, 1089, 3734, 662, 13, 445, 21]
RKP_05000_00100_2_01.txt|376.22|407|0.17327418300000175|[540, 3020, 648, 1647, 2000, 2210, 44, 110, 144, 2729, 1078, 68, 148, 736, 1741, 2218, 25, 848, 4039, 2120, 2295, 40, 4675, 246, 551, 2019, 3518, 303, 560, 3393, 108, 842, 273, 92, 77, 358, 868, 1740, 2750]
RKP_05000_00100_2_02.txt|432.22|455|0.1726789829999973|[578, 29, 275, 3, 407, 871, 4347, 152, 677, 1014, 763, 1800, 2437, 455, 532, 1793, 3238, 15, 103, 2439, 1570, 4063, 4978, 2360, 2984, 536, 4, 73, 1493, 2707, 2412, 144, 71, 1674, 10, 35, 1178, 1770, 3640, 14, 680, 612, 298, 3178, 3654, 3174, 26]
RKP_05000_00100_2_03.txt|423.16|442|0.1732684540000031|[4655, 5, 826, 4806, 2550, 769, 842, 3625, 3890, 314, 1463, 4547, 9, 524, 1469, 4028, 242, 710, 1122, 1234, 4989, 17, 39, 260, 500, 610, 839, 2655, 3003, 2239, 7, 4, 388, 2844, 373, 442, 840, 895, 1390, 1925, 3332, 3969, 1775, 2606, 61, 3431, 6]
RKP_05000_00100_2_04.txt|393.25|421|0.1730976039999996|[355, 506, 674, 950, 1551, 1107, 1671, 1, 2126, 4139, 31, 54, 67, 156, 1566, 3838, 12, 168, 3153, 2042, 2100, 387, 531, 111, 143, 101, 341, 45, 283, 1864, 599, 5, 340, 483, 491, 687, 906, 917, 778, 24, 1778]
RKP_05000_00100_2_05.txt|434.28|464|0.17371153999999706|[1741, 942, 3383, 3758, 452, 522, 274, 355, 1029, 2365, 2703, 3238, 3555, 99, 1903, 2614, 612, 991, 829, 2815, 3573, 51, 3481, 3549, 3817, 2083, 31, 40, 473, 744, 2146, 1862, 5, 22, 52, 1224, 1654, 2332, 2545, 3226, 34, 98, 366, 752, 879, 3406, 956]
RKP_05000_00100_2_06.txt|407.77|441|0.17392177099999856|[3682, 466, 2118, 62, 758, 2040, 326, 437, 2322, 1109, 2453, 4405, 4478, 3081, 23, 639, 1433, 2422, 1025, 8, 602, 1193, 2974, 135, 816, 1581, 2148, 3347, 367, 374, 3385, 136, 324, 861, 6, 356, 668, 2408, 3331, 1208, 896, 129, 369, 2044]
RKP_05000_00100_2_07.txt|421.41|451|0.173803280999997|[1389, 595, 1, 15, 396, 2528, 4183, 79, 183, 2108, 177, 1063, 3555, 2, 2641, 2164, 4507, 7, 516, 49, 169, 3, 71, 333, 2751, 11, 1103, 179, 1857, 43, 58, 180, 235, 938, 2246, 2419, 690, 141, 260, 409, 1949, 2323, 102, 39, 105, 373]
RKP_05000_00100_2_08.txt|396.33|422|0.17346083699999781|[25, 14, 99, 11, 2149, 3421, 2, 98, 792, 1700, 342, 48, 23, 621, 4658, 199, 524, 560, 1415, 4543, 15, 1492, 94, 3246, 3696, 152, 953, 2584, 2915, 227, 211, 24, 1638, 27, 38, 724, 1242, 2068, 39, 1005, 41, 636, 1387, 1617]
RKP_05000_00100_2_09.txt|447.12|466|0.17471635399999969|[18, 293, 88, 1338, 2318, 6, 355, 5, 151, 1149, 1331, 2692, 218, 755, 2520, 4778, 1397, 1818, 86, 433, 1873, 2352, 2953, 678, 294, 13, 66, 558, 574, 673, 3441, 1459, 112, 392, 846, 2179, 4070, 1135, 1383, 1482, 110, 142, 332, 75, 2196, 2365, 4804]
RKP_05000_00100_2_10.txt|402.13|424|0.17333013499999994|[1773, 250, 19, 74, 120, 326, 1547, 291, 2022, 210, 253, 275, 2435, 163, 1313, 4424, 1253, 477, 305, 1576, 3484, 58, 956, 502, 918, 1932, 2345, 2755, 2802, 3321, 113, 688, 1315, 2283, 2318, 2768, 4994, 3583, 1260, 136, 2133]
RKP_05000_00100_3_01.txt|753.63|790|0.17418711700000586|[11, 145, 224, 231, 334, 900, 1725, 2608, 3272, 3292, 2, 28, 67, 69, 77, 80, 104, 109, 383, 410, 504, 506, 530, 1119, 1363, 1636, 1702, 1733, 2035, 2090, 3020, 3046, 3683, 4471, 4562, 1, 3, 8, 10, 26, 48, 97, 135, 279, 288, 312, 349, 361, 465, 471, 588, 610, 661, 692, 1006, 1096, 1192, 1272, 1751, 1768, 2039, 2321, 3252, 3674, 3675, 4195, 39, 86, 130]
RKP_05000_00100_3_02.txt|882.92|900|0.1737000399999971|[1, 36, 38, 132, 148, 312, 356, 373, 542, 1092, 1119, 1834, 2689, 2722, 2762, 3318, 3645, 3, 11, 74, 97, 166, 168, 280, 304, 796, 917, 1093, 1147, 1407, 1510, 1637, 2005, 2861, 3234, 9, 55, 93, 94, 98, 135, 145, 167, 203, 219, 254, 272, 301, 313, 351, 392, 415, 434, 472, 496, 512, 776, 856, 973, 989, 1047, 1136, 1267, 1271, 1335, 1664, 1876, 2362, 2409, 2674, 2772, 2848, 3287, 3344, 3615, 4055, 4114, 4494, 4912, 2]
RKP_05000_00100_3_03.txt|844.81|870|0.17431445299999837|[5, 96, 156, 258, 403, 894, 977, 1058, 1305, 1459, 1487, 1888, 1941, 2676, 2984, 3115, 4520, 73, 380, 397, 690, 698, 721, 780, 963, 1051, 1175, 1525, 1732, 1890, 2079, 2662, 3663, 4111, 1, 6, 15, 18, 20, 27, 52, 76, 86, 129, 140, 159, 191, 205, 283, 341, 387, 520, 820, 914, 945, 1109, 1226, 1256, 1304, 1409, 1558, 1571, 1712, 1847, 2793, 2858, 2962, 2989, 4254, 4440, 4528, 4547, 4563, 4874, 2, 11, 69]
RKP_05000_00100_3_04.txt|826.64|850|0.17472074899999598|[5, 16, 59, 100, 320, 335, 375, 769, 1348, 1788, 2810, 3111, 3851, 4996, 14, 28, 47, 72, 99, 103, 130, 205, 232, 364, 377, 607, 819, 1380, 1399, 1758, 2231, 3105, 3783, 1, 9, 48, 56, 298, 318, 325, 365, 446, 578, 688, 708, 759, 770, 808, 898, 984, 1024, 1182, 1193, 1227, 1264, 1283, 1338, 1433, 1570, 1739, 1757, 1905, 2156, 2274, 2340, 2386, 2433, 2600, 2634, 3384, 3639, 4679, 8, 32, 131]
RKP_05000_00100_3_05.txt|666.53|700|0.1746708580000029|[122, 362, 573, 909, 4398, 1, 24, 47, 76, 81, 109, 113, 206, 230, 345, 614, 656, 769, 994, 1088, 1259, 4110, 4207, 7, 32, 52, 79, 238, 295, 480, 485, 513, 638, 669, 905, 936, 950, 973, 1668, 2040, 2337, 2456, 2596, 2714, 2928, 3114, 3135, 4073, 4423, 9, 55, 115, 184, 1006, 1376, 2353, 2886, 2972, 3391, 3425]
RKP_05000_00100_3_06.txt|836.66|860|0.17351851000000182|[2, 26, 32, 35, 58, 113, 203, 683, 755, 1451, 1477, 1657, 2159, 2878, 4, 6, 12, 29, 82, 104, 157, 413, 434, 700, 1227, 1366, 1393, 1854, 2206, 3091, 3151, 4151, 1, 10, 24, 25, 27, 68, 79, 103, 119, 121, 179, 244, 248, 270, 352, 452, 492, 551, 564, 638, 796, 838, 956, 1046, 1130, 1148, 1376, 1698, 1735, 1860, 1884, 2205, 2457, 2528, 2710, 2738, 2889, 2978, 3082, 3112, 4282, 9, 14, 30]
RKP_05000_00100_3_07.txt|842.66|870|0.17561157900000807|[2, 206, 222, 372, 523, 750, 1453, 1960, 2113, 2632, 3232, 3416, 3653, 26, 29, 68, 167, 566, 799, 894, 913, 985, 1109, 1116, 1411, 2528, 3596, 3863, 4038, 4185, 1, 10, 14, 16, 20, 30, 77, 89, 93, 98, 99, 114, 119, 169, 189, 213, 281, 304, 356, 362, 416, 495, 500, 507, 550, 699, 729, 812, 817, 876, 883, 890, 980, 1030, 1095, 1577, 1615, 1833, 1892, 2510, 2667, 2701, 2869, 4835, 3, 4, 5]
RKP_05000_00100_3_08.txt|876.03|900|0.17433602200000337|[6, 100, 129, 343, 346, 969, 1244, 1414, 2430, 2572, 3330, 3335, 4225, 4604, 4, 24, 60, 89, 99, 108, 191, 216, 273, 515, 807, 1106, 1228, 1458, 1497, 1914, 2068, 2363, 2465, 3794, 1, 5, 13, 17, 47, 92, 97, 101, 161, 169, 215, 227, 238, 328, 382, 428, 491, 557, 563, 572, 645, 700, 925, 1076, 1208, 1238, 1240, 1355, 1478, 1502, 1517, 1589, 1802, 1973, 2091, 2154, 2276, 2702, 3001, 3410, 3716, 3821, 4062, 4178, 4353, 4735]
RKP_05000_00100_3_09.txt|842.06|870|0.17512329799999976|[1, 94, 111, 137, 600, 789, 839, 981, 1161, 1532, 1558, 2453, 3727, 3987, 4681, 4902, 4948, 18, 29, 49, 116, 154, 229, 277, 419, 579, 610, 882, 973, 1004, 1074, 1328, 1499, 1818, 2032, 2275, 3071, 3127, 3283, 4677, 2, 4, 40, 55, 63, 205, 217, 262, 271, 288, 355, 409, 466, 585, 636, 662, 696, 827, 986, 1067, 1683, 1913, 2033, 2048, 2227, 2372, 2595, 2609, 2846, 2862, 2897, 2925, 3120, 3500, 3562, 3603, 4348]
RKP_05000_00100_3_10.txt|817.86|850|0.17410644799999772|[3, 63, 2107, 4628, 2, 11, 39, 50, 109, 138, 141, 166, 526, 685, 793, 798, 933, 1111, 1132, 1259, 1396, 1457, 1688, 3415, 4218, 8, 19, 22, 27, 30, 47, 52, 119, 173, 216, 236, 252, 283, 383, 438, 627, 659, 666, 775, 787, 860, 881, 1046, 1075, 1166, 1419, 1426, 1430, 1463, 1547, 1938, 1946, 2181, 2195, 2235, 2244, 2312, 2477, 2567, 2929, 2988, 2990, 3361, 3869, 3877, 3997, 4448, 4783, 18, 117]
RKP_05000_00100_4_01.txt|100.0|100|0.17212371500000928|[4279]
RKP_05000_00100_4_02.txt|100.0|100|0.17232040900000128|[4330]
RKP_05000_00100_4_03.txt|100.0|100|0.17261337300000038|[4228]
RKP_05000_00100_4_04.txt|100.0|100|0.17242513399999893|[4218]
RKP_05000_00100_4_05.txt|100.0|100|0.17210353199999986|[4303]
RKP_05000_00100_4_06.txt|100.0|100|0.17333647499999758|[4207]
RKP_05000_00100_4_07.txt|100.0|100|0.17280723399999828|[4366]
RKP_05000_00100_4_08.txt|100.0|100|0.17289940099999854|[4211]
RKP_05000_00100_4_09.txt|100.0|100|0.1723418570000024|[4209]
RKP_05000_00100_4_10.txt|100.0|100|0.1726130210000008|[4346]
RKP_05000_00100_5_01.txt|95.81|102|0.17226977100000226|[9, 10, 11, 12, 15, 16, 21, 22, 24, 29, 31, 32, 39, 40, 42, 49, 52, 53, 54]
RKP_05000_00100_5_02.txt|96.74|106|0.1720753230000014|[4, 7, 8, 9, 12, 14, 37, 38, 39, 41, 49, 52, 55, 63, 66]
RKP_05000_00100_5_03.txt|96.7|103|0.17196171200000435|[11, 19, 23, 26, 27, 33, 36, 39, 41, 45, 52, 53, 54, 56, 59, 61]
RKP_05000_00100_5_04.txt|96.39|105|0.17225437300000634|[11, 14, 17, 21, 26, 34, 35, 37, 44, 58, 60, 61, 70]
RKP_05000_00100_5_05.txt|96.81|103|0.17264649400000395|[5, 16, 26, 27, 30, 38, 42, 44, 50, 53, 58, 62, 63, 66]
RKP_05000_00100_5_06.txt|95.16|102|0.1725339049999991|[7, 16, 19, 20, 22, 25, 29, 38, 40, 43, 44, 47, 51, 58, 66, 68]
RKP_05000_00100_5_07.txt|96.26|102|0.17152354100000253|[5, 6, 7, 10, 17, 20, 24, 28, 34, 35, 46, 53, 59, 63, 68, 74, 77]
RKP_05000_00100_5_08.txt|95.86|104|0.17294227399999612|[4, 5, 11, 13, 15, 20, 21, 24, 26, 27, 29, 41, 46, 47, 51, 52, 55, 56]
RKP_05000_00100_5_09.txt|97.2|105|0.17232498800000143|[8, 21, 29, 31, 32, 37, 42, 46, 50, 52, 53, 54, 61, 63]
RKP_05000_00100_5_10.txt|96.96|105|0.17163765199999945|[5, 6, 12, 22, 38, 43, 44, 49, 51, 52, 55, 65, 68, 69, 70, 75, 83]
RKP_05000_01000_1_01.txt|54426.75|56392|0.17839716399999817|[424, 4971, 1742, 53, 3485, 1232, 164, 18, 2254, 700, 23, 751, 328, 2481, 732, 1591, 1, 226, 3791, 151, 1214, 15, 17, 86, 3256, 2266, 1034, 399, 1858, 1928, 1724, 1756, 778, 2077, 22, 1841, 991, 5, 1196, 969, 334, 13, 800, 921, 118, 379, 82, 866, 1431, 4223, 4479, 78, 661, 2777, 1919, 2, 1979, 974, 2187, 153, 3534, 310, 3799, 491, 2629, 3776, 96, 32, 8, 10, 368, 16, 470, 2567, 684, 3187, 1233, 2874, 4088, 1145, 33, 1289, 271]
RKP_05000_01000_1_02.txt|57807.08|59377|0.17866257699999777|[406, 918, 1590, 222, 728, 2800, 89, 622, 304, 2745, 36, 675, 988, 4489, 7, 3565, 2825, 282, 2379, 588, 1205, 1337, 109, 3, 4961, 1055, 1261, 368, 539, 1414, 78, 96, 207, 22, 41, 84, 464, 506, 3875, 1343, 2832, 2594, 10, 2198, 235, 1860, 1403, 293, 1455, 65, 2011, 681, 4414, 425, 1999, 3349, 2769, 17, 772, 3053, 155, 837, 3955, 1677, 39, 1329, 54, 11, 337, 965, 1318, 3795, 3628, 236, 1286, 146, 917, 1604, 1277, 2973, 694, 3668, 620]
RKP_05000_01000_1_03.txt|51953.39|53510|0.17843202399999428|[1614, 882, 24, 1534, 3194, 1039, 1150, 940, 3276, 1475, 22, 67, 533, 1854, 1364, 2471, 2688, 1339, 135, 174, 479, 1822, 852, 1415, 272, 4104, 1483, 933, 2201, 2125, 176, 114, 339, 1478, 1027, 749, 2016, 988, 1, 4193, 344, 3392, 875, 4283, 4191, 1262, 649, 186, 3920, 1268, 20, 1128, 76, 3682, 248, 165, 645, 678, 4, 122, 3232, 72, 1605, 1527, 3835, 2080, 467, 60, 2848, 2314, 62, 1719, 3, 1219, 129]
RKP_05000_01000_1_04.txt|54718.63|57725|0.1795620640000061|[238, 223, 1218, 1450, 1275, 716, 135, 952, 594, 61, 4624, 4775, 9, 35, 4397, 16, 498, 64, 3926, 318, 794, 1142, 191, 724, 4277, 2060, 2999, 49, 2, 10, 114, 1107, 181, 1, 132, 4329, 2470, 71, 1597, 1074, 52, 1901, 3055, 687, 546, 105, 3023, 351, 103, 2320, 482, 3051, 1546, 625, 2382, 533, 5, 2023, 2403, 4232, 72, 33, 1174, 1916, 413, 50, 189, 1311, 25, 133, 465, 1416, 248, 1021, 4, 3028, 24, 7, 1689, 2047, 270, 2649, 360, 395, 8, 2580, 886, 1356]
RKP_05000_01000_1_05.txt|53374.33|55378|0.1795605250000051|[1649, 65, 91, 385, 2069, 430, 1606, 1411, 2547, 2, 2834, 2271, 14, 1093, 254, 4118, 352, 259, 279, 1316, 97, 93, 1588, 119, 132, 985, 168, 4, 4053, 1162, 1320, 651, 1227, 711, 1321, 1883, 94, 120, 1607, 330, 19, 2263, 467, 1893, 2397, 3468, 2256, 201, 231, 339, 27, 46, 4385, 1150, 2786, 2570, 1418, 1708, 1319, 434, 667, 1576, 1155, 3770, 3067, 1853, 267, 816, 157, 9, 1023, 1474, 8, 580, 308, 517, 1049, 4096, 16, 73, 943, 593]
RKP_05000_01000_1_06.txt|52345.12|54198|0.1779157559999794|[4603, 736, 51, 8, 691, 1097, 1879, 48, 1242, 336, 2050, 52, 498, 2195, 2967, 80, 2517, 10, 1689, 503, 269, 2925, 1002, 159, 894, 42, 697, 646, 429, 2857, 1916, 1511, 3109, 943, 297, 4196, 2865, 2012, 2025, 224, 4, 337, 1910, 288, 188, 3076, 107, 4183, 998, 3846, 2, 3, 217, 1812, 399, 1368, 1530, 9, 6, 150, 90, 174, 343, 616, 260, 1192, 40, 13, 1090, 641, 2483, 612, 292, 157, 1062, 656, 2633, 1040, 721, 1662, 601, 3556]
RKP_05000_01000_1_07.txt|48067.76|50514|0.17827475099999446|[4009, 753, 1904, 1741, 15, 226, 130, 213, 204, 2, 568, 2593, 161, 957, 1449, 2087, 1359, 1764, 3455, 2669, 795, 77, 1865, 386, 1697, 1, 65, 91, 1607, 84, 1489, 2984, 993, 241, 608, 44, 1178, 522, 577, 1175, 27, 421, 38, 188, 94, 1052, 1605, 1367, 115, 523, 23, 21, 628, 423, 2507, 2001, 46, 198, 784, 108, 2245, 616, 651, 4242, 1420, 8, 569, 848, 731, 4471, 985, 1047, 526]
RKP_05000_01000_1_08.txt|50518.39|52640|0.17834229100001495|[4497, 140, 651, 427, 24, 20, 89, 2585, 1275, 1487, 670, 2382, 2356, 115, 4666, 1088, 81, 190, 430, 531, 52, 548, 2110, 10, 2528, 279, 785, 1391, 207, 952, 527, 109, 235, 117, 529, 3925, 575, 2841, 488, 15, 1138, 7, 257, 3318, 823, 26, 2723, 1574, 738, 3, 1579, 247, 151, 3937, 873, 849, 4472, 12, 66, 196, 118, 890, 419, 3364, 40, 39, 2070, 411, 75, 502, 892, 29, 32]
RKP_05000_01000_1_09.txt|53206.16|55234|0.17874030800000354|[4115, 157, 1714, 684, 2, 3179, 1434, 3964, 1, 1362, 996, 163, 1242, 128, 104, 39, 17, 51, 1366, 427, 1788, 364, 6, 18, 1761, 562, 2121, 2364, 190, 4, 714, 1414, 844, 2399, 1401, 73, 3744, 3156, 883, 191, 94, 1337, 359, 3245, 3644, 1495, 390, 1481, 1679, 32, 47, 2651, 499, 12, 1329, 1854, 563, 11, 3, 93, 2328, 2845, 998, 27, 1579, 29, 302, 342, 473, 2860, 1113, 7, 1608, 2012, 3556, 3900, 1699, 106, 25, 950, 1509]
RKP_05000_01000_1_10.txt|58708.95|60594|0.17867132499999572|[888, 2671, 129, 1640, 528, 104, 11, 461, 2184, 245, 1044, 844, 384, 1680, 47, 1253, 500, 1076, 1095, 785, 49, 1479, 100, 2309, 486, 2, 1914, 286, 1, 3137, 740, 2867, 1686, 2216, 1436, 261, 2608, 1430, 180, 1361, 2153, 103, 2753, 359, 3836, 1313, 9, 582, 813, 1817, 255, 4815, 152, 1284, 807, 2544, 1554, 41, 38, 1333, 2698, 1617, 417, 839, 43, 33, 212, 2541, 3309, 187, 3828, 2560, 472, 1476, 4127, 198, 634, 1553, 4698, 62, 28, 3949, 1731, 4036, 1413, 604, 193]
RKP_05000_01000_2_01.txt|3877.82|4179|0.17952553799999804|[176, 28, 339, 947, 3919, 483, 4166, 103, 2000, 541, 265, 1473, 3060, 2281, 951, 761, 1046, 32, 7, 81, 604, 413, 395, 4493, 147, 687, 2671, 2, 12, 1173, 352, 1154, 34, 88, 5, 2400, 1730, 26, 4001, 2057, 487, 1100, 1641, 2351, 2444, 1353, 2431, 1898, 1487]
RKP_05000_01000_2_02.txt|4141.37|4333|0.1773681799999963|[88, 2, 279, 1045, 491, 964, 4977, 1577, 317, 1, 2581, 545, 365, 62, 3024, 2308, 1856, 78, 1294, 1049, 94, 1693, 1196, 2259, 1964, 44, 1068, 2537, 862, 338, 1189, 2682, 3, 462, 299, 162, 844, 305, 1337, 121, 1701, 126, 1739, 2666, 1812, 311, 471, 2520, 68, 667]
RKP_05000_01000_2_03.txt|4278.92|4597|0.17891147299998691|[217, 51, 726, 305, 465, 3416, 1002, 69, 86, 2930, 3351, 286, 308, 4457, 131, 4964, 3938, 1354, 655, 942, 2548, 341, 1732, 3540, 858, 3822, 375, 2610, 106, 235, 862, 3180, 1676, 2340, 7, 155, 2182, 3321, 3406, 1625, 1958, 507, 2194, 3343, 518, 320, 104, 29]
RKP_05000_01000_2_04.txt|4585.42|4937|0.17838635499999556|[17, 1740, 585, 2928, 63, 183, 2518, 348, 4454, 3, 2408, 4424, 2989, 545, 2237, 1672, 1989, 2245, 768, 153, 82, 758, 4236, 916, 1319, 247, 1210, 371, 51, 163, 1209, 59, 400, 703, 3183, 1906, 3530, 57, 3498, 1086, 124, 54, 857, 1178, 2249, 3872, 146, 302, 509, 1, 903, 22, 567, 7, 3826, 1136]
RKP_05000_01000_2_05.txt|3951.41|4217|0.178562024999992|[734, 420, 204, 273, 876, 34, 4215, 8, 1064, 201, 33, 4485, 3, 1132, 1158, 1680, 1925, 16, 3321, 390, 80, 23, 1052, 775, 360, 526, 2686, 324, 1335, 156, 5, 4333, 784, 4, 269, 208, 1920, 93, 125, 478, 17, 70, 2513, 607, 682, 2943, 2066, 1762]
RKP_05000_01000_2_06.txt|4253.88|4489|0.178942208999988|[464, 683, 1933, 672, 61, 2476, 4951, 242, 1, 344, 1477, 900, 105, 138, 925, 2638, 3111, 27, 1064, 714, 862, 2, 328, 2690, 2201, 4545, 670, 1569, 30, 114, 1991, 1896, 1948, 793, 4039, 36, 1619, 28, 1134, 334, 586, 386, 282, 753, 2712, 106, 403, 920, 154, 152, 59, 707, 1898, 2446]
RKP_05000_01000_2_07.txt|4396.83|4644|0.17880161900001895|[207, 4279, 4495, 759, 1643, 2608, 771, 1, 157, 1902, 2282, 1437, 909, 2206, 1625, 12, 3129, 4453, 11, 1552, 238, 3147, 1811, 3275, 3882, 2843, 2241, 1935, 387, 44, 257, 368, 751, 1425, 2233, 1976, 1461, 33, 1123, 772, 3658, 239, 3294, 1265, 516, 199, 1732, 212, 4089, 3330, 1063, 877, 127, 2446, 2461, 294, 1593]
RKP_05000_01000_2_08.txt|4429.48|4723|0.17878847700000733|[972, 1184, 264, 44, 1499, 298, 312, 2399, 59, 580, 6, 17, 78, 3148, 4, 3191, 1783, 236, 747, 660, 1114, 108, 385, 1156, 1924, 14, 3385, 174, 473, 30, 2683, 4129, 213, 1256, 1067, 371, 38, 833, 720, 658, 608, 881, 1865, 846, 677, 2808, 131, 634, 242, 2941, 1211, 3614, 1314, 203]
RKP_05000_01000_2_09.txt|4290.6|4513|0.1786056929999995|[3478, 1556, 1226, 10, 4, 897, 1132, 1583, 408, 2140, 22, 379, 270, 3297, 997, 1992, 128, 118, 784, 1967, 2, 561, 935, 3, 3113, 2789, 579, 677, 15, 1786, 25, 4669, 2037, 175, 821, 13, 17, 2637, 3399, 63, 137, 135, 4804, 3040, 2317, 20, 65, 536, 419, 3032]
RKP_05000_01000_2_10.txt|4055.04|4304|0.1791655300000025|[4015, 9, 137, 1502, 1686, 3712, 2034, 1926, 2998, 420, 1494, 18, 2559, 1491, 191, 1011, 99, 82, 227, 2318, 149, 206, 74, 36, 4084, 1619, 3163, 922, 55, 19, 294, 2227, 850, 2292, 3629, 2297, 1713, 749, 4050, 2118, 1049, 1523, 3674, 1303, 1487, 4809, 555]
RKP_05000_01000_3_01.txt|8911.29|9301|0.1792321789999869|[3246, 2851, 1, 34, 46, 47, 1698, 1958, 2461, 108, 21, 562, 1615, 40, 112, 284, 1198, 1779, 2250, 237, 455, 1081, 2241, 2416, 2783, 72, 97, 372, 550, 384, 1600, 398, 3683, 193, 114, 728, 996, 23, 381, 77, 917, 2748, 560, 1365, 632, 1087, 16, 37, 176, 207, 3421, 305, 586, 3545, 1923, 1038, 1894, 2056, 2178, 2608, 2794, 2874, 10, 119, 150, 276, 688, 4, 1658, 749, 890, 187, 579, 9, 60, 87, 1611, 3247, 2125, 132, 757, 1382, 2429]
RKP_05000_01000_3_02.txt|9818.48|10191|0.17912312999998448|[140, 28, 129, 230, 1041, 1087, 1499, 2113, 2425, 379, 2330, 1486, 2704, 3041, 849, 2067, 3308, 33, 2978, 39, 90, 425, 542, 562, 2853, 209, 1161, 25, 446, 878, 13, 1046, 2136, 2080, 2933, 2, 1885, 3750, 235, 2953, 71, 931, 1334, 3832, 1436, 2215, 345, 38, 646, 1, 40, 107, 169, 214, 1908, 3546, 953, 303, 1083, 436, 883, 892, 1020, 2667, 4134, 371, 1631, 305, 378, 445, 609, 730, 2772, 314, 1117, 2989, 4507, 1220, 15, 2905, 1954, 801, 2565, 17, 723, 1012, 4, 41, 66, 718, 1022, 1174]
RKP_05000_01000_3_03.txt|10250.63|10599|0.1790118739999957|[1498, 158, 975, 5, 26, 36, 286, 881, 3273, 4215, 2, 215, 4041, 399, 621, 3166, 4813, 199, 1663, 129, 1597, 360, 568, 652, 989, 2386, 3910, 4671, 246, 609, 2319, 339, 794, 952, 3, 4, 4338, 6, 190, 11, 22, 239, 439, 710, 856, 4529, 1733, 3722, 1164, 4695, 907, 3477, 377, 765, 879, 2529, 2901, 3239, 1077, 709, 2439, 3545, 3042, 465, 896, 18, 983, 1, 38, 156, 163, 330, 763, 1022, 1041, 1523, 1559, 2202, 2957, 739, 3585, 3928, 271, 590, 54, 2239, 2665, 115, 214, 1465, 4084, 1256, 200, 221, 1082, 1533]
RKP_05000_01000_3_04.txt|10019.7|10400|0.17933023200000206|[548, 132, 175, 198, 206, 448, 680, 1872, 2150, 2372, 6, 111, 619, 657, 1080, 1276, 321, 4, 63, 261, 610, 989, 3197, 18, 3523, 58, 3330, 9, 70, 4880, 4042, 1, 495, 709, 1049, 1064, 1396, 2516, 2568, 1907, 2593, 337, 360, 574, 2747, 3, 1996, 2575, 27, 45, 277, 3448, 568, 1912, 400, 827, 2871, 306, 51, 144, 3474, 29, 864, 1786, 3625, 5, 7, 142, 683, 2541, 2260, 1265, 3310, 769, 1226, 4440, 640, 2302, 225, 747, 2865, 774, 15, 962, 1322, 221, 82, 205, 263, 977, 1589, 1768, 3612, 370]
RKP_05000_01000_3_05.txt|9344.14|9689|0.17868377599998211|[26, 7, 344, 48, 1909, 3635, 1, 143, 985, 1759, 1859, 2460, 2123, 3584, 501, 638, 1305, 16, 34, 1516, 1588, 1619, 19, 4338, 1069, 3440, 620, 162, 1060, 3469, 219, 3439, 49, 912, 2970, 1033, 2615, 11, 1500, 3106, 70, 296, 122, 814, 2077, 1552, 2634, 2744, 2, 1259, 10, 2723, 6, 283, 2447, 2610, 4405, 3558, 632, 1044, 29, 285, 513, 1261, 37, 184, 2539, 2920, 1338, 56, 555, 768, 3243, 32, 348, 3055, 401, 169, 658, 708, 748, 998, 1263, 3167, 2896, 35, 3455]
RKP_05000_01000_3_06.txt|9941.01|10290|0.17877174200002854|[4, 12, 227, 488, 813, 4258, 2251, 45, 1917, 46, 288, 760, 801, 4322, 4808, 94, 85, 213, 931, 3214, 1978, 3, 7, 55, 734, 1522, 1551, 2026, 665, 1, 41, 1119, 2741, 82, 249, 702, 3390, 76, 603, 16, 135, 2623, 368, 623, 1359, 767, 4582, 2, 1212, 1697, 39, 71, 206, 276, 889, 3324, 3533, 4315, 1991, 84, 286, 287, 469, 573, 1610, 3433, 88, 2705, 946, 1726, 1833, 2799, 4000, 4039, 1506, 1466, 1640, 4911, 79, 1462, 86, 124, 184, 418, 1030, 1296, 3264, 93, 755, 102, 404, 431, 859]
RKP_05000_01000_3_07.txt|9879.89|10196|0.1812430379999978|[291, 413, 13, 79, 94, 293, 762, 827, 1003, 1783, 1792, 60, 593, 1470, 2716, 216, 3628, 427, 884, 896, 1998, 125, 295, 398, 2357, 360, 487, 883, 36, 849, 218, 4233, 84, 891, 370, 2104, 2966, 658, 1709, 73, 76, 100, 1179, 1789, 2448, 3146, 422, 8, 4659, 1173, 3402, 2, 417, 1123, 2900, 3085, 3731, 4131, 2111, 991, 91, 707, 1561, 3323, 214, 1055, 2587, 3854, 2381, 500, 80, 477, 4578, 655, 18, 75, 527, 28, 1086, 2462, 3, 11, 220, 608, 714, 1044, 3438, 3157, 5, 1262, 1544, 3609]
RKP_05000_01000_3_08.txt|9655.05|9997|0.1786318349999897|[4022, 134, 394, 1588, 3214, 3808, 80, 525, 28, 217, 1976, 4, 3237, 14, 1036, 3087, 3571, 301, 901, 2858, 556, 152, 250, 953, 1135, 1733, 2977, 474, 654, 1513, 1077, 77, 260, 270, 1970, 2019, 2364, 2402, 1273, 1636, 1117, 1134, 7, 22, 331, 883, 1009, 2088, 2484, 118, 126, 1050, 3017, 4767, 3557, 4487, 4700, 154, 226, 656, 35, 82, 895, 34, 489, 571, 4467, 230, 3324, 686, 1159, 1395, 4192, 244, 36, 279, 405, 922, 1924, 1967, 3140, 3396, 2029, 124, 183, 944, 4463, 32, 421, 614]
RKP_05000_01000_3_09.txt|9082.94|9400|0.17877782600000047|[760, 664, 1189, 655, 1322, 2051, 2511, 2621, 661, 1471, 556, 671, 3443, 73, 152, 242, 384, 2486, 3256, 4292, 2024, 7, 9, 3572, 751, 51, 2497, 3538, 252, 14, 77, 83, 99, 995, 2, 852, 1313, 86, 1003, 106, 281, 310, 376, 2401, 4, 426, 921, 87, 3392, 1104, 193, 222, 42, 412, 3020, 136, 492, 1148, 3868, 4136, 46, 444, 1468, 1800, 786, 12, 1108, 237, 1978, 2071, 2085, 3257, 299, 417, 462, 1684, 2055, 2941, 295, 1142, 26, 40, 159, 453]
RKP_05000_01000_3_10.txt|9773.96|10097|0.1800883699999963|[33, 393, 1329, 3150, 3589, 16, 119, 196, 219, 1125, 2322, 2764, 2894, 1, 3, 1785, 2940, 3240, 50, 270, 876, 3435, 4466, 145, 692, 811, 369, 2915, 3251, 1854, 25, 2813, 2749, 1498, 4227, 413, 1019, 1184, 3234, 223, 808, 1635, 344, 2, 2189, 1847, 14, 944, 1279, 191, 781, 1343, 308, 400, 434, 1530, 194, 275, 37, 2631, 4578, 342, 490, 62, 69, 3127, 4052, 13, 2708, 6, 89, 287, 907, 2213, 2224, 615, 52, 235, 1093, 2034, 112, 789, 1621, 4747, 4788, 151, 721, 108, 2265, 1803, 4631]
RKP_05000_01000_4_01.txt|999.32|1000|0.18076396299997896|[4922]
RKP_05000_01000_4_02.txt|999.29|1000|0.18083580199999005|[4971]
RKP_05000_01000_4_03.txt|999.67|1000|0.1801509420000002|[4966]
RKP_05000_01000_4_04.txt|999.52|1000|0.17990285699999048|[4559]
RKP_05000_01000_4_05.txt|999.92|1000|0.17936518199999454|[4575]
RKP_05000_01000_4_06.txt|999.86|1000|0.1809409609999898|[4578]
RKP_05000_01000_4_07.txt|999.56|1000|0.18093254600000136|[4589]
RKP_05000_01000_4_08.txt|999.85|1000|0.18016921200000297|[4885]
RKP_05000_01000_4_09.txt|999.86|1000|0.18084121699999514|[4561]
RKP_05000_01000_4_10.txt|999.77|1000|0.17972695699998667|[4520]
RKP_05000_01000_5_01.txt|957.33|1015|0.1789149619999921|[6, 16, 17, 20, 23, 25, 26, 32, 39, 40, 41, 49, 51, 57, 60, 68, 69]
RKP_05000_01000_5_02.txt|964.87|1019|0.17861171900000272|[5, 11, 16, 21, 22, 23, 33, 41, 49, 53, 54, 59, 61, 62, 67, 73]
RKP_05000_01000_5_03.txt|954.26|1022|0.1781752999999935|[6, 13, 15, 30, 34, 37, 43, 45, 46, 47, 52, 54, 55, 61, 69, 71, 73, 74, 83, 85]
RKP_05000_01000_5_04.txt|958.82|1034|0.17922778500001868|[15, 16, 19, 21, 22, 24, 27, 31, 33, 36, 37, 41, 42, 43, 52, 54, 66]
RKP_05000_01000_5_05.txt|961.55|1027|0.17888276100000666|[5, 7, 15, 16, 17, 18, 26, 28, 40, 41, 42, 47, 50, 51, 55, 57, 60, 64]
RKP_05000_01000_5_06.txt|953.66|1045|0.1785337059999938|[11, 13, 18, 27, 33, 36, 42, 43, 51, 53, 58, 60, 61, 62, 63]
RKP_05000_01000_5_07.txt|955.16|1027|0.17948951100001978|[9, 11, 16, 18, 19, 25, 31, 37, 50, 53, 59, 64, 65, 71, 74, 75, 78, 80]
RKP_05000_01000_5_08.txt|964.64|1031|0.17838998899998387|[3, 4, 11, 12, 13, 16, 18, 20, 25, 31, 33, 44, 45, 46, 48, 55, 62, 71, 75]
RKP_05000_01000_5_09.txt|957.81|1021|0.17793070300001773|[2, 12, 17, 25, 29, 30, 38, 57, 67, 71, 72, 75, 79, 87, 89]
RKP_05000_01000_5_10.txt|955.92|1013|0.1777872649999972|[1, 15, 16, 19, 28, 31, 33, 40, 47, 49, 52, 54, 55, 56, 62, 71, 75]
RKP_05000_05000_1_01.txt|250800.3|259612|0.18197004799999378|[2195, 1201, 226, 1260, 134, 254, 1200, 1416, 688, 74, 1247, 239, 2685, 263, 2997, 826, 1595, 255, 75, 496, 1674, 477, 1939, 4810, 36, 1305, 2945, 3721, 3813, 149, 40, 168, 562, 4777, 1437, 47, 1286, 2321, 2687, 901, 2002, 3, 279, 2, 100, 498, 4862, 1617, 1643, 1543, 78, 174, 940, 606, 358, 747, 290, 340, 21, 127, 1231, 8, 1715, 522, 2896, 4, 41, 601, 206, 3266, 120, 94, 2234, 4308, 234, 2890, 1083]
RKP_05000_05000_1_02.txt|307284.33|318939|0.1813350980000132|[474, 2706, 1005, 3921, 24, 2174, 787, 4402, 269, 297, 3940, 238, 805, 55, 113, 45, 537, 1115, 903, 3059, 361, 21, 2667, 8, 1041, 378, 10, 2177, 1855, 1044, 470, 117, 712, 1374, 2306, 1, 3696, 334, 4197, 396, 1107, 3754, 231, 240, 3842, 669, 444, 1152, 1786, 310, 9, 59, 785, 2322, 2089, 5, 2501, 365, 104, 1459, 4, 2313, 1428, 2, 2928, 4832, 3, 4712, 4382, 1870, 1069, 1075, 668, 1556, 20, 3588, 745, 3404, 3886, 213, 1979, 258, 1722, 102, 1309, 57, 4013]
RKP_05000_05000_1_03.txt|273623.06|286582|0.18155029399999875|[3247, 557, 435, 426, 78, 2859, 2760, 115, 1098, 233, 1265, 1, 4414, 25, 3493, 2630, 582, 249, 18, 1477, 1261, 1115, 39, 80, 1414, 3443, 3414, 7, 318, 482, 1441, 1309, 811, 393, 46, 110, 586, 1775, 488, 231, 133, 1099, 31, 1244, 4284, 2, 2264, 1594, 451, 86, 63, 3512, 1728, 2438, 3490, 206, 2943, 62, 8, 2389, 588, 1235, 339, 3593, 1236, 429, 246, 1083, 2426, 297, 481, 960, 2124, 779, 5, 2615, 1108, 654, 3417, 22]
RKP_05000_05000_1_04.txt|291073.72|297329|0.18205020099999727|[4668, 3850, 90, 5, 332, 34, 557, 2581, 484, 1072, 1677, 145, 376, 291, 9, 2328, 2003, 25, 1, 3, 148, 2372, 2061, 1758, 75, 559, 1417, 4260, 368, 2051, 1418, 408, 76, 2813, 1859, 169, 1389, 3813, 2584, 787, 222, 189, 1675, 809, 12, 105, 1875, 3305, 390, 2991, 4286, 422, 81, 85, 333, 3547, 3410, 935, 1938, 24, 96, 197, 3651, 240, 831, 1753, 2323, 675, 3260, 4172, 814, 48, 130, 135, 38, 1151, 158, 239, 13, 182, 1555, 318, 4715, 3568, 2013, 4384, 123, 173]
RKP_05000_05000_1_05.txt|292399.98|300824|0.18121260000000347|[130, 3722, 2352, 694, 227, 2579, 378, 2467, 301, 3024, 403, 46, 3186, 2657, 1, 4208, 1929, 143, 2, 2804, 153, 2309, 62, 1432, 22, 210, 1668, 582, 214, 559, 55, 1460, 2138, 1492, 1483, 2910, 838, 950, 127, 518, 1662, 1003, 38, 3175, 4108, 1521, 2223, 1690, 148, 23, 32, 2411, 4354, 4374, 4846, 2045, 131, 1088, 1993, 2118, 2025, 992, 1098, 1050, 923, 226, 3, 33, 1281, 12, 463, 348, 1887, 459, 44, 2703, 2297, 7, 3873, 1692, 245, 201, 2427, 787, 18, 4789, 261, 1016, 146]
RKP_05000_05000_1_06.txt|269904.09|277433|0.18172385099999247|[651, 1730, 1154, 1227, 693, 2701, 621, 2729, 1981, 378, 3361, 2309, 363, 1065, 581, 23, 925, 407, 4540, 87, 2, 2210, 715, 2509, 40, 120, 1927, 4561, 4692, 2204, 649, 2240, 82, 3978, 514, 7, 1305, 1054, 2048, 1041, 64, 830, 538, 813, 850, 18, 707, 613, 2949, 956, 243, 1125, 113, 361, 9, 1280, 71, 825, 2132, 1821, 608, 689, 66, 265, 396, 338, 4076, 43, 2386, 1308, 568, 3613, 85, 3363, 2646, 339, 8, 445, 3938, 274, 333, 1671, 582, 523, 3104, 1374, 2228]
RKP_05000_05000_1_07.txt|242600.25|252190|0.18142414299999018|[730, 1, 31, 457, 2688, 2854, 1267, 3, 1616, 536, 15, 3045, 1228, 1263, 829, 248, 380, 182, 44, 575, 529, 864, 294, 83, 2, 4664, 29, 287, 1520, 303, 739, 175, 215, 785, 4225, 4149, 8, 381, 30, 1820, 745, 1019, 2725, 16, 1246, 1849, 190, 4, 2529, 478, 1897, 346, 1315, 1406, 463, 4260, 137, 2846, 6, 249, 153, 640, 2937, 415, 1894, 7, 1713, 61, 1004, 2143, 3888, 9, 187, 2273, 1069, 230, 121, 4751]
RKP_05000_05000_1_08.txt|250587.21|258693|0.1807088169999952|[674, 253, 124, 91, 156, 596, 38, 3998, 523, 1421, 3, 836, 122, 2525, 2536, 4195, 342, 1439, 984, 451, 16, 1941, 4080, 371, 2047, 232, 275, 1167, 97, 2428, 1549, 2600, 1179, 4934, 850, 262, 706, 878, 560, 4527, 51, 4393, 2813, 3744, 949, 669, 2643, 171, 41, 30, 2681, 764, 3599, 1546, 902, 3666, 4596, 280, 2312, 2, 3545, 3833, 15, 1562, 1247, 471, 402, 467, 126, 192, 4516, 138, 1476, 303, 1737, 1678, 12, 367]
RKP_05000_05000_1_09.txt|264583.01|274743|0.18224236399999655|[5, 170, 66, 448, 542, 4248, 339, 682, 4615, 1458, 325, 4486, 565, 460, 4489, 871, 1314, 1635, 1416, 299, 1006, 1592, 2636, 139, 537, 3197, 234, 2593, 921, 1350, 1, 221, 1227, 113, 196, 701, 77, 492, 382, 2497, 312, 3, 12, 42, 1245, 438, 76, 1480, 385, 151, 2450, 282, 2554, 632, 1254, 1510, 1082, 2228, 6, 847, 820, 936, 539, 245, 1917, 137, 55, 2400, 1269, 2016, 160, 2143, 2834, 1788, 126, 2161, 114, 1808, 2, 1979, 478, 52, 17]
RKP_05000_05000_1_10.txt|232010.12|243026|0.18247304100000974|[3078, 7, 414, 472, 3067, 2580, 1609, 1652, 153, 2629, 756, 659, 2050, 185, 803, 4380, 1766, 3261, 959, 380, 2870, 2306, 2151, 286, 18, 1479, 3450, 4532, 1986, 144, 2942, 10, 3471, 3696, 467, 2281, 1504, 862, 2810, 1340, 3028, 1861, 3060, 2608, 38, 98, 596, 3101, 1402, 70, 909, 2641, 981, 60, 92, 1750, 89, 278, 746, 813, 972, 3666, 3, 428, 2786, 2, 73, 656, 2607, 24]
RKP_05000_05000_2_01.txt|21678.62|23307|0.18188518100000692|[2236, 411, 866, 953, 18, 293, 475, 515, 2251, 1885, 1045, 1635, 65, 70, 1665, 748, 32, 93, 1435, 235, 3808, 1292, 157, 33, 383, 4844, 68, 1367, 2937, 1059, 1308, 2870, 343, 1505, 1888, 986, 4544, 20, 2687, 279, 3883, 250, 1784, 1100, 2099, 21, 690, 3403, 750, 1937, 1482, 579]
RKP_05000_05000_2_02.txt|19314.81|20458|0.18120774099998244|[3100, 15, 2244, 563, 220, 1069, 3796, 2429, 1649, 1172, 530, 2162, 14, 4007, 710, 2060, 1287, 96, 2814, 762, 582, 3641, 696, 722, 56, 3515, 2272, 1171, 106, 973, 1592, 997, 276, 1867, 1058, 208, 104, 4262, 3164, 2774, 36, 5]
RKP_05000_05000_2_03.txt|18389.74|19480|0.18042994499997347|[3630, 983, 1269, 4565, 3839, 1429, 1, 3090, 177, 2272, 1422, 477, 4235, 94, 1481, 3368, 44, 21, 72, 659, 544, 2790, 502, 13, 411, 2868, 1998, 729, 1432, 387, 3428, 375, 146, 3662, 3957, 8, 394, 4, 4296, 92, 968, 164, 1205, 1122, 1207, 583, 441]
RKP_05000_05000_2_04.txt|25531.78|26389|0.18124467999999525|[455, 122, 307, 37, 832, 2382, 23, 71, 2705, 47, 21, 2, 1335, 3257, 187, 4, 1124, 322, 1586, 625, 583, 131, 372, 2773, 2318, 491, 406, 1606, 3593, 60, 126, 637, 1223, 3704, 1508, 78, 1, 264, 422, 862, 2632, 554, 2308, 238, 147, 314, 2343, 43, 893, 1329, 3735, 34, 115, 655, 3, 966, 346, 1412, 1165, 2075, 246, 165, 84, 1553]
RKP_05000_05000_2_05.txt|20774.59|21968|0.18180428699999537|[1022, 513, 113, 1813, 1011, 1103, 932, 1153, 103, 1232, 5, 595, 1588, 4902, 3798, 2569, 163, 1034, 2493, 501, 350, 976, 551, 128, 4330, 2906, 2057, 312, 1784, 481, 1219, 4048, 1468, 858, 114, 4182, 34, 3604, 317, 13, 220, 606, 282, 4410, 70, 1768, 874, 1242, 120, 3215, 1394, 3623, 147, 2678]
RKP_05000_05000_2_06.txt|17791.38|19313|0.18053519699999923|[731, 3580, 832, 1073, 3064, 449, 574, 1070, 637, 30, 1756, 74, 985, 373, 1342, 1814, 3371, 2039, 3248, 526, 17, 326, 356, 1807, 106, 629, 872, 1638, 1256, 136, 912, 6, 129, 1107, 2365, 3764, 785, 437]
RKP_05000_05000_2_07.txt|21356.68|22534|0.18065563800000292|[2118, 1734, 129, 1137, 411, 1460, 725, 926, 4066, 932, 1115, 1819, 30, 199, 624, 452, 903, 3180, 3704, 461, 4779, 1988, 36, 16, 872, 713, 232, 667, 12, 1438, 989, 75, 1326, 3995, 931, 1730, 23, 3935, 1380, 3396, 367, 24, 4811, 152, 98, 2045, 273, 17, 1581, 267, 357, 3005]
RKP_05000_05000_2_08.txt|22277.96|23806|0.18210482900000444|[3356, 3617, 116, 449, 1262, 659, 3119, 760, 2, 286, 155, 1834, 1835, 2024, 1692, 179, 724, 83, 17, 1597, 30, 1464, 1520, 1714, 899, 3691, 2598, 1473, 603, 3274, 112, 461, 291, 2814, 2078, 1822, 746, 274, 953, 811, 826, 919, 3257, 818, 3188, 551, 332, 2345, 4071, 3420, 1239, 192, 782, 3335]
RKP_05000_05000_2_09.txt|23796.44|25256|0.18081482099998084|[83, 3, 1231, 105, 1308, 385, 82, 1179, 3741, 893, 634, 1378, 423, 7, 2, 36, 973, 1213, 1, 129, 2129, 4959, 279, 84, 26, 173, 1555, 899, 181, 44, 1812, 1184, 394, 2555, 164, 327, 829, 1478, 128, 519, 74, 38, 68, 157, 3042, 1228, 180, 1482, 2889, 1771, 61, 1802, 47, 3192, 413, 137, 60]
RKP_05000_05000_2_10.txt|21487.54|22538|0.18041631499997948|[2884, 1620, 70, 1, 666, 725, 899, 205, 330, 97, 311, 42, 856, 185, 14, 1530, 1136, 1230, 1078, 23, 723, 481, 35, 3185, 2, 117, 3568, 728, 452, 153, 351, 3018, 424, 2690, 102, 133, 3467, 2524, 1945, 261, 1950, 1908, 3618, 82, 2605, 386, 2002, 1357, 6, 58, 2732, 2854]
RKP_05000_05000_3_01.txt|48867.51|49989|0.17989019799998004|[1430, 88, 106, 1410, 1075, 2024, 1328, 449, 1004, 528, 54, 2987, 1409, 736, 2738, 646, 1080, 39, 2100, 21, 2544, 563, 1846, 336, 45, 2454, 926, 2266, 480, 1887, 83, 79, 452, 2831, 198, 814, 3210, 16, 58, 94, 1664, 3941, 638, 55, 4483, 1291, 800, 4143, 66, 634, 102, 132, 628, 2025, 122, 1539, 4117, 6, 870, 289, 4348, 3, 521, 530, 95, 352, 1850, 179, 3953, 165, 2119, 3715, 210, 787, 1290, 43, 17, 625, 4, 1132, 3160, 2043, 164, 906, 407, 1179, 510, 3361, 171, 1158]
RKP_05000_05000_3_02.txt|47069.51|48500|0.18016137300001447|[2345, 2392, 2826, 773, 3922, 33, 51, 4134, 151, 885, 3230, 217, 969, 2038, 509, 4488, 25, 407, 1198, 601, 38, 1509, 99, 133, 59, 3096, 2025, 507, 1199, 32, 3282, 3779, 409, 2259, 4221, 106, 47, 2529, 1914, 92, 493, 558, 3478, 3717, 30, 1220, 4553, 384, 769, 1132, 221, 303, 8, 50, 4589, 205, 58, 747, 9, 1093, 42, 360, 598, 1675, 2203, 2223, 738, 155, 4027, 126, 970, 985, 1151, 2712, 1, 55, 647, 227, 1232, 1763, 786, 1970, 3743, 5, 115, 80, 87]
RKP_05000_05000_3_03.txt|48896.59|49980|0.17964371400000345|[523, 2585, 3112, 3909, 636, 13, 3385, 194, 950, 3819, 1029, 1960, 1677, 1129, 323, 1255, 1, 2430, 3452, 127, 185, 223, 682, 856, 90, 1099, 67, 1011, 489, 970, 963, 219, 2297, 79, 763, 3389, 46, 1703, 1696, 471, 4, 1729, 281, 25, 2713, 1547, 2420, 1800, 366, 372, 1187, 2, 1505, 3213, 140, 88, 8, 1875, 742, 2439, 1613, 1777, 592, 2683, 4833, 3, 1715, 2750, 542, 1434, 1911, 1955, 826, 476, 4548, 167, 21, 1061, 12, 1278, 100, 614, 1516, 1433, 6, 618, 1691, 1238, 4503, 18]
RKP_05000_05000_3_04.txt|49705.21|50992|0.1795305949999829|[936, 779, 479, 61, 3625, 343, 476, 2854, 868, 454, 156, 2428, 1589, 2727, 3391, 256, 27, 585, 3856, 4, 1, 1276, 229, 2441, 843, 505, 455, 404, 3143, 2704, 3454, 2018, 547, 183, 640, 1804, 2146, 93, 1119, 109, 11, 177, 642, 4107, 4713, 1033, 215, 274, 4104, 648, 173, 2343, 3841, 34, 51, 249, 412, 1834, 304, 1208, 2312, 1464, 14, 71, 3543, 3870, 4678, 922, 7, 118, 429, 101, 965, 3065, 12, 1564, 1800, 2915, 1698, 1412, 102, 3872, 4170, 70, 1135, 169, 198, 3497, 3217, 3042, 241, 718]
RKP_05000_05000_3_05.txt|47452.14|48994|0.18054401100000633|[81, 97, 2428, 537, 1680, 1771, 72, 139, 331, 2606, 13, 368, 2910, 1044, 207, 3566, 406, 1519, 44, 50, 3138, 70, 259, 1004, 969, 2, 1182, 1506, 1664, 166, 2386, 150, 4138, 628, 268, 814, 12, 984, 1640, 555, 95, 839, 4707, 32, 372, 620, 138, 375, 1982, 8, 652, 1843, 1758, 2994, 76, 20, 4618, 1951, 203, 5, 75, 617, 816, 958, 141, 945, 15, 115, 4267, 3181, 1960, 379, 176, 1427, 1466, 1062, 1686, 3569, 24, 1212, 34, 202, 3442, 1740, 28, 779, 1313, 1696]
RKP_05000_05000_3_06.txt|49181.04|50996|0.18033960999999635|[313, 480, 2697, 1678, 28, 234, 1191, 1989, 3441, 1005, 3251, 1123, 645, 924, 2300, 386, 2537, 1115, 22, 2115, 115, 845, 2724, 1, 285, 839, 78, 43, 617, 4180, 262, 2338, 909, 623, 737, 4300, 318, 2412, 817, 671, 93, 3946, 97, 1745, 2540, 219, 3448, 18, 6, 23, 3359, 30, 55, 3327, 692, 607, 2334, 132, 377, 382, 9, 3065, 1248, 1190, 8, 2100, 241, 239, 148, 2793, 3700, 2702, 130, 2489, 1939, 44, 977, 2626, 4129, 242, 48, 101, 125, 934, 2169, 4383, 10, 1379, 199, 1967, 2481, 1523]
RKP_05000_05000_3_07.txt|45363.54|47000|0.18027151900001626|[217, 2, 1664, 924, 1728, 88, 718, 796, 304, 766, 2201, 4, 609, 684, 817, 813, 525, 4656, 2093, 1721, 835, 348, 490, 220, 3347, 232, 2511, 1497, 1338, 1403, 82, 2287, 717, 3, 1854, 1818, 1405, 4288, 412, 4750, 1420, 3987, 1939, 283, 652, 12, 143, 61, 1964, 2643, 2655, 1914, 487, 1264, 1102, 866, 2747, 224, 2824, 1953, 169, 1049, 231, 2345, 1133, 2476, 1, 45, 260, 3700, 459, 1279, 1584, 462, 1213, 4816, 841, 2399, 5, 290, 20, 2394, 897, 1127]
RKP_05000_05000_3_08.txt|44531.27|46494|0.17928043199997773|[938, 1969, 4469, 640, 1833, 2446, 351, 147, 150, 2750, 391, 18, 857, 16, 1311, 784, 762, 1104, 1105, 2, 1, 524, 54, 43, 39, 752, 1450, 2393, 205, 152, 2528, 22, 241, 89, 454, 4022, 4805, 254, 3967, 14, 2221, 9, 2945, 1145, 3072, 1042, 2413, 3, 876, 4, 66, 1778, 4510, 1371, 1266, 4731, 886, 294, 3711, 993, 2250, 28, 4789, 808, 1613, 92, 191, 486, 110, 122, 78, 484, 742, 71, 53, 1224, 3294, 73, 2636, 2367, 2150, 430, 1520]
RKP_05000_05000_3_09.txt|51824.02|53497|0.179576014999966|[42, 1667, 17, 1282, 609, 851, 345, 929, 4313, 629, 932, 1343, 1813, 233, 3677, 13, 789, 387, 1933, 317, 2885, 1146, 8, 111, 2994, 532, 643, 4240, 123, 1727, 767, 913, 3338, 534, 679, 19, 25, 43, 1746, 877, 2427, 54, 1945, 4246, 1563, 259, 1328, 4338, 4825, 830, 344, 2838, 2435, 2484, 1479, 431, 660, 3684, 10, 533, 4052, 1162, 3, 814, 2166, 133, 313, 520, 252, 1549, 406, 167, 96, 4, 512, 2926, 4804, 2247, 693, 1489, 7, 718, 150, 354, 3864, 4789, 593, 1747, 169, 3453, 664, 3725, 1469, 165, 299, 338, 1555]
RKP_05000_05000_3_10.txt|48951.4|50983|0.1813139880000017|[3, 1202, 1284, 1258, 3454, 577, 2698, 120, 59, 313, 60, 402, 2643, 4808, 44, 490, 1062, 3468, 481, 3222, 2573, 2748, 2923, 48, 1358, 1135, 3759, 1714, 1567, 278, 1639, 665, 13, 227, 243, 18, 3640, 1405, 57, 4, 202, 405, 1075, 9, 675, 1969, 616, 137, 261, 2521, 3218, 605, 26, 1224, 2536, 319, 1, 535, 576, 1307, 893, 10, 722, 2562, 1786, 3824, 51, 2131, 607, 46, 4381, 2, 1653, 3531, 49, 1987, 3937, 6, 306, 1099, 494, 14, 716, 3046, 27, 172, 4584, 664, 1146, 1891, 102, 1010]
RKP_05000_05000_4_01.txt|4998.43|5000|0.17995385400000485|[4658]
RKP_05000_05000_4_02.txt|4996.44|5000|0.1801287299999967|[4978]
RKP_05000_05000_4_03.txt|4998.72|5000|0.17995444500000757|[4795]
RKP_05000_05000_4_04.txt|4996.17|5000|0.17939864799999214|[4597]
RKP_05000_05000_4_05.txt|4997.82|5000|0.18021231300001092|[4783]
RKP_05000_05000_4_06.txt|4996.39|5000|0.18050289699996938|[4625]
RKP_05000_05000_4_07.txt|4993.52|5000|0.1802204040000015|[4778]
RKP_05000_05000_4_08.txt|4997.35|5000|0.18022282100001574|[4648]
RKP_05000_05000_4_09.txt|4998.39|5000|0.18149448199999824|[4988]
RKP_05000_05000_4_10.txt|4995.29|4999|0.17958654699998078|[4786]
RKP_05000_05000_5_01.txt|4828.43|5236|0.1770098560000042|[17, 31, 33, 35, 37, 38, 40, 46, 48, 49, 50, 52, 57, 58, 59, 64, 70]
RKP_05000_05000_5_02.txt|4801.44|5203|0.17785059500001807|[4, 11, 13, 14, 29, 33, 34, 35, 36, 37, 39, 40, 41, 58, 61]
RKP_05000_05000_5_03.txt|4827.7|5196|0.1774117749999914|[8, 10, 15, 18, 20, 23, 30, 34, 45, 49, 61, 62, 69, 77, 84, 86, 95]
RKP_05000_05000_5_04.txt|4735.11|5134|0.17731403400003728|[12, 16, 17, 18, 19, 25, 33, 34, 39, 49, 52, 54, 56, 57, 62, 63, 70]
RKP_05000_05000_5_05.txt|4832.76|5181|0.17733834100001786|[6, 7, 8, 14, 15, 18, 22, 23, 32, 33, 36, 43, 44, 47, 51, 66, 70, 72]
RKP_05000_05000_5_06.txt|4793.24|5136|0.1778118290000157|[11, 22, 24, 28, 34, 36, 38, 40, 49, 60, 72, 76, 79, 84]
RKP_05000_05000_5_07.txt|4794.79|5129|0.17848971300000813|[8, 15, 16, 18, 20, 26, 28, 29, 33, 37, 38, 46, 52, 53, 54, 61, 65, 71]
RKP_05000_05000_5_08.txt|4782.15|5166|0.17768399200001114|[11, 17, 19, 22, 27, 32, 40, 46, 47, 52, 54, 56, 58, 65, 67, 69, 73]
RKP_05000_05000_5_09.txt|4783.29|5223|0.1782253419999961|[14, 23, 25, 30, 31, 33, 34, 36, 37, 40, 41, 46, 50, 53, 54, 56, 57]
RKP_05000_05000_5_10.txt|4831.94|5091|0.17772774800000207|[2, 9, 13, 26, 30, 43, 48, 56, 66, 68, 70, 72, 77, 90, 92, 93, 98]
