RKP_00100_00100_1_01.txt|654.37|755|0.0005935640000000031|[1, 28, 17, 22, 31, 16, 3, 21, 29, 10]
RKP_00100_00100_1_02.txt|762.68|883|0.0006031759999999975|[1, 91, 50, 56, 37, 48, 44, 9, 16, 31, 15, 47, 23]
RKP_00100_00100_1_03.txt|657.66|709|0.0005984350000000017|[1, 2, 4, 15, 10, 14, 63, 5, 6, 70, 12]
RKP_00100_00100_1_04.txt|644.48|728|0.0005912299999999981|[15, 74, 43, 7, 9, 16, 3, 10, 4, 5]
RKP_00100_00100_1_05.txt|661.32|746|0.0005797170000000018|[79, 20, 22, 3, 11, 16, 30, 44, 66, 6]
RKP_00100_00100_1_06.txt|844.97|993|0.0006564059999999972|[57, 97, 48, 47, 16, 55, 17, 31, 50, 11, 20, 34, 5]
RKP_00100_00100_1_07.txt|425.42|506|0.000560792999999995|[39, 46, 60, 13, 37, 51, 9, 5]
RKP_00100_00100_1_08.txt|776.23|869|0.0006249909999999892|[2, 87, 6, 30, 92, 1, 7, 13, 76, 9, 24, 29, 11]
RKP_00100_00100_1_09.txt|518.69|598|0.0005741079999999998|[23, 18, 52, 29, 8, 24, 5, 13, 16]
RKP_00100_00100_1_10.txt|627.38|740|0.0005991440000000159|[27, 1, 11, 13, 4, 24, 3, 2, 33, 18, 20, 15, 5]
RKP_00100_00100_2_01.txt|118.13|152|0.0005480159999999956|[6, 20, 22, 1, 27, 87]
RKP_00100_00100_2_02.txt|120.17|151|0.0005534170000000138|[30, 5, 1, 36, 26, 28, 18]
RKP_00100_00100_2_03.txt|125.34|160|0.0005760039999999989|[75, 51, 31, 5, 48, 59, 16, 22]
RKP_00100_00100_2_04.txt|120.68|148|0.0005554970000000004|[11, 2, 8, 14, 68, 18]
RKP_00100_00100_2_05.txt|102.22|152|0.0005317099999999942|[30, 32, 36, 8, 7]
RKP_00100_00100_2_06.txt|99.57|126|0.000527878000000006|[67, 3, 23, 8, 28]
RKP_00100_00100_2_07.txt|119.06|146|0.0005368409999999991|[7, 28, 15, 13, 4, 11, 5, 22]
RKP_00100_00100_2_08.txt|109.89|147|0.0005428099999999825|[28, 16, 2, 6, 4, 5, 55]
RKP_00100_00100_2_09.txt|109.04|151|0.0005391540000000084|[66, 14, 84]
RKP_00100_00100_2_10.txt|107.92|151|0.0005468040000000052|[65, 40, 1, 64, 85, 14, 81]
RKP_00100_00100_3_01.txt|159.69|196|0.0005555380000000043|[8, 6, 44, 2, 16, 52, 9, 12, 5]
RKP_00100_00100_3_02.txt|162.1|200|0.0005650400000000056|[2, 24, 59, 52, 56, 48, 68, 17, 10, 49]
RKP_00100_00100_3_03.txt|194.35|229|0.0005902420000000008|[75, 3, 4, 49, 12, 45, 2, 14, 46, 19, 25, 7, 6]
RKP_00100_00100_3_04.txt|173.21|210|0.0005745499999999782|[34, 21, 26, 8, 6, 42, 4, 50, 14, 1, 68]
RKP_00100_00100_3_05.txt|165.88|201|0.0005678710000000042|[1, 12, 7, 2, 33, 10, 31, 59, 27, 5]
RKP_00100_00100_3_06.txt|211.86|241|0.0006068920000000255|[40, 3, 11, 66, 6, 2, 72, 12, 28, 8, 27, 35, 5, 31]
RKP_00100_00100_3_07.txt|173.91|200|0.0005756409999999957|[2, 7, 50, 5, 4, 67, 8, 14, 89, 12]
RKP_00100_00100_3_08.txt|166.58|200|0.0005619229999999975|[1, 7, 18, 3, 33, 15, 11, 4, 5, 9]
RKP_00100_00100_3_09.txt|152.92|181|0.0005535530000000221|[89, 32, 42, 2, 35, 44, 3, 31]
RKP_00100_00100_3_10.txt|182.53|211|0.0005809690000000023|[60, 20, 62, 69, 1, 93, 47, 34, 54, 24, 4]
RKP_00100_00100_4_01.txt|96.23|100|0.0005011430000000239|[97]
RKP_00100_00100_4_02.txt|96.55|100|0.0004977639999999894|[88]
RKP_00100_00100_4_03.txt|98.49|100|0.0004972679999999619|[84]
RKP_00100_00100_4_04.txt|96.57|100|0.0004981339999999879|[95]
RKP_00100_00100_4_05.txt|96.13|100|0.0004985780000000029|[95]
RKP_00100_00100_4_06.txt|94.67|98|0.0005040939999999994|[93]
RKP_00100_00100_4_07.txt|96.61|98|0.0005009459999999688|[98]
RKP_00100_00100_4_08.txt|95.59|100|0.000500352999999989|[97]
RKP_00100_00100_4_09.txt|95.24|99|0.0005014569999999808|[89]
RKP_00100_00100_4_10.txt|94.7|98|0.0005016269999999867|[88]
RKP_00100_00100_5_01.txt|95.21|127|0.0005311829999999684|[6, 9, 11, 12, 13]
RKP_00100_00100_5_02.txt|90.11|137|0.0005338310000000135|[12, 17, 18, 19, 21]
RKP_00100_00100_5_03.txt|92.98|131|0.0005465419999999987|[15, 18, 21]
RKP_00100_00100_5_04.txt|91.56|148|0.0005372630000000056|[12, 13, 14]
RKP_00100_00100_5_05.txt|91.43|137|0.0005409329999999945|[10, 16, 20, 21]
RKP_00100_00100_5_06.txt|94.77|136|0.0005212419999999795|[5, 8, 16, 19]
RKP_00100_00100_5_07.txt|86.29|119|0.0005357360000000178|[8, 9, 14, 19, 22]
RKP_00100_00100_5_08.txt|88.85|122|0.0005367619999999951|[14, 18, 24]
RKP_00100_00100_5_09.txt|93.64|136|0.0005257269999999936|[4, 12, 16, 18]
RKP_00100_00100_5_10.txt|87.12|106|0.0005676589999999981|[9, 21, 25]
RKP_00500_00100_1_01.txt|1558.21|1691|0.003559348999999985|[304, 211, 500, 284, 27, 269, 274, 75, 140, 280, 3, 40, 158, 25, 168, 2, 148, 222, 120, 173, 325, 6, 131, 4, 38, 5]
RKP_00500_00100_1_02.txt|1308.91|1495|0.0034934850000000184|[77, 87, 13, 89, 288, 351, 289, 175, 30, 394, 102, 205, 62, 28, 5, 388, 325, 132, 433, 4, 109, 14]
RKP_00500_00100_1_03.txt|1250.25|1366|0.0034914170000000144|[496, 11, 1, 147, 5, 113, 30, 16, 111, 158, 228, 15, 326, 327, 139, 40, 123, 360, 140, 354, 477, 227]
RKP_00500_00100_1_04.txt|1456.05|1596|0.0035041580000000306|[64, 315, 359, 41, 245, 156, 197, 11, 65, 93, 121, 467, 59, 212, 94, 61, 48, 254, 236, 62]
RKP_00500_00100_1_05.txt|1559.4|1679|0.003532692999999982|[72, 10, 17, 24, 11, 116, 5, 215, 13, 363, 402, 26, 192, 3, 1, 60, 2, 23, 269, 6, 48, 18, 203, 25, 76]
RKP_00500_00100_1_06.txt|1858.14|1981|0.0035299649999999795|[34, 13, 165, 35, 52, 89, 190, 281, 230, 3, 131, 411, 55, 240, 53, 7, 4, 22, 211, 182, 490, 5, 189, 225, 50, 83, 30]
RKP_00500_00100_1_07.txt|1820.3|1953|0.0035744380000000218|[97, 22, 31, 461, 2, 80, 469, 21, 40, 16, 359, 492, 47, 126, 257, 322, 133, 206, 183, 100, 7, 410, 192, 39, 165, 89, 49, 94]
RKP_00500_00100_1_08.txt|1507.95|1650|0.0035040989999999984|[258, 4, 10, 29, 146, 106, 156, 332, 185, 1, 378, 326, 150, 165, 23, 40, 3, 16, 25, 2, 450, 225, 149, 122]
RKP_00500_00100_1_09.txt|1483.39|1619|0.0036037850000000126|[19, 39, 108, 307, 180, 16, 153, 221, 496, 151, 77, 210, 68, 214, 148, 163, 257, 27, 348, 54, 344, 229, 324, 48, 173]
RKP_00500_00100_1_10.txt|1450.49|1566|0.003633978000000022|[14, 75, 234, 3, 277, 62, 5, 31, 30, 33, 413, 59, 342, 110, 4, 49, 78, 162, 6, 1, 214, 84, 64, 21]
RKP_00500_00100_2_01.txt|203.2|236|0.0036214710000000492|[11, 168, 259, 16, 148, 39, 50, 88, 100, 218, 351, 20, 441, 447, 32, 137, 60, 14]
RKP_00500_00100_2_02.txt|204.99|234|0.003602579999999964|[156, 336, 314, 131, 13, 142, 4, 59, 112, 186, 65, 6, 100, 72, 97, 7, 36, 167, 83]
RKP_00500_00100_2_03.txt|194.22|228|0.003664866999999985|[166, 107, 155, 436, 135, 164, 100, 382, 142, 64, 21, 318, 13, 37, 113, 71, 479, 12]
RKP_00500_00100_2_04.txt|196.54|228|0.0035311609999999407|[163, 58, 204, 14, 429, 306, 112, 20, 22, 38, 105, 131, 234, 26, 55, 216, 246]
RKP_00500_00100_2_05.txt|197.17|222|0.0034816619999999787|[5, 260, 426, 4, 2, 77, 275, 322, 182, 143, 10, 38, 55, 32, 48, 218, 294]
RKP_00500_00100_2_06.txt|172.09|207|0.0034216139999999127|[9, 155, 1, 3, 27, 150, 70, 117, 57, 5, 203, 53, 358, 13]
RKP_00500_00100_2_07.txt|180.36|208|0.0035128910000000067|[114, 5, 17, 260, 3, 308, 75, 123, 9, 162, 292, 226, 372, 452, 18, 10]
RKP_00500_00100_2_08.txt|167.27|195|0.003558543999999948|[96, 15, 495, 3, 7, 123, 87, 46, 384, 45, 40, 450, 167]
RKP_00500_00100_2_09.txt|148.05|171|0.003408109999999933|[335, 2, 108, 87, 277, 176, 74, 183, 378, 48, 38]
RKP_00500_00100_2_10.txt|167.12|201|0.003424478999999909|[9, 14, 20, 372, 118, 19, 216, 276, 498, 116, 83, 62, 76, 308, 199]
RKP_00500_00100_3_01.txt|284.59|321|0.00371307699999992|[1, 260, 3, 5, 11, 143, 2, 31, 33, 96, 77, 8, 24, 225, 248, 55, 78, 333, 19, 36, 43, 401]
RKP_00500_00100_3_02.txt|345.77|379|0.0036482389999999754|[160, 73, 5, 20, 39, 56, 152, 26, 202, 203, 3, 7, 38, 179, 1, 4, 103, 110, 167, 172, 15, 162, 331, 398, 263, 449, 32, 221]
RKP_00500_00100_3_03.txt|326.17|350|0.003577348999999952|[148, 52, 71, 93, 113, 444, 454, 142, 14, 45, 126, 191, 1, 351, 2, 75, 80, 228, 54, 144, 31, 11, 22, 258, 264]
RKP_00500_00100_3_04.txt|336.11|368|0.0035667839999999097|[104, 209, 2, 66, 68, 168, 312, 345, 163, 103, 156, 20, 27, 453, 278, 280, 282, 350, 8, 9, 11, 159, 219, 335, 149, 1, 142]
RKP_00500_00100_3_05.txt|358.75|389|0.00364306500000005|[12, 74, 319, 381, 33, 225, 377, 417, 8, 84, 294, 9, 32, 199, 392, 30, 189, 1, 92, 106, 143, 35, 167, 5, 373, 105, 87, 108, 211]
RKP_00500_00100_3_06.txt|313.89|341|0.003680811000000048|[16, 24, 45, 52, 204, 91, 12, 90, 5, 186, 189, 242, 311, 11, 199, 67, 405, 70, 56, 281, 433, 266, 15, 283]
RKP_00500_00100_3_07.txt|304.69|340|0.0034862109999999192|[5, 196, 2, 76, 302, 326, 99, 102, 430, 17, 30, 33, 200, 7, 57, 65, 193, 393, 35, 1, 4, 141, 157, 308]
RKP_00500_00100_3_08.txt|391.86|431|0.00365946399999995|[63, 62, 84, 144, 14, 31, 49, 57, 90, 114, 275, 301, 8, 35, 214, 484, 26, 470, 19, 58, 150, 172, 451, 141, 389, 64, 13, 313, 25, 133, 159, 302, 323]
RKP_00500_00100_3_09.txt|336.57|378|0.003581893999999881|[58, 294, 347, 434, 4, 12, 70, 154, 169, 231, 115, 221, 3, 269, 315, 104, 148, 171, 83, 122, 263, 304, 2, 185, 1, 24, 54, 108]
RKP_00500_00100_3_10.txt|316.28|347|0.0035176980000000847|[189, 165, 153, 159, 183, 322, 40, 10, 32, 99, 14, 38, 392, 13, 18, 305, 9, 60, 174, 11, 52, 114, 30, 1, 325]
RKP_00500_00100_4_01.txt|99.81|100|0.003381934999999903|[483]
RKP_00500_00100_4_02.txt|99.86|100|0.0032803989999999673|[454]
RKP_00500_00100_4_03.txt|99.75|100|0.003289940999999974|[436]
RKP_00500_00100_4_04.txt|99.72|100|0.0033457529999999023|[456]
RKP_00500_00100_4_05.txt|99.95|100|0.0034652330000000298|[455]
RKP_00500_00100_4_06.txt|99.06|100|0.0033343700000000175|[464]
RKP_00500_00100_4_07.txt|99.58|100|0.003331399000000239|[467]
RKP_00500_00100_4_08.txt|99.59|100|0.0033078110000000294|[449]
RKP_00500_00100_4_09.txt|99.77|100|0.003292760000000143|[461]
RKP_00500_00100_4_10.txt|99.53|100|0.0034545570000000226|[473]
RKP_00500_00100_5_01.txt|91.24|107|0.003503695000000029|[16, 17, 20, 26, 27, 39, 44, 45, 48]
RKP_00500_00100_5_02.txt|96.39|112|0.003475801000000054|[6, 21, 27, 29, 33, 35, 38]
RKP_00500_00100_5_03.txt|90.12|115|0.00345156700000004|[14, 17, 20, 22, 25]
RKP_00500_00100_5_04.txt|92.35|110|0.0034288620000001656|[5, 8, 10, 12, 16, 19, 28, 35, 39]
RKP_00500_00100_5_05.txt|93.59|106|0.0033758240000000585|[2, 6, 7, 10, 14, 16, 21, 24, 30, 35]
RKP_00500_00100_5_06.txt|93.9|109|0.0033670740000003364|[5, 11, 12, 14, 15, 19, 23, 37, 38]
RKP_00500_00100_5_07.txt|91.98|107|0.0033347889999999934|[4, 6, 10, 11, 18, 23, 24, 25]
RKP_00500_00100_5_08.txt|91.77|110|0.003437537000000113|[5, 11, 15, 21, 23, 24, 31]
RKP_00500_00100_5_09.txt|91.7|116|0.0034005320000000693|[11, 14, 19, 20, 24, 27, 36]
RKP_00500_00100_5_10.txt|90.84|105|0.0033991989999999105|[9, 10, 15, 18, 20, 28, 31, 35]
RKP_01000_00100_1_01.txt|1981.06|2161|0.010387661999999836|[67, 51, 123, 13, 261, 91, 10, 151, 560, 97, 50, 47, 260, 2, 64, 606, 465, 314, 317, 432, 745, 42, 1, 27, 39, 368, 604, 646, 8, 40]
RKP_01000_00100_1_02.txt|1919.44|2056|0.009954044999999922|[182, 696, 16, 754, 584, 294, 9, 292, 30, 171, 49, 8, 50, 108, 195, 89, 486, 694, 557, 624, 72, 38, 193, 359, 185, 1, 3, 2, 527, 519, 515, 21]
RKP_01000_00100_1_03.txt|1898.65|2068|0.009960108000000183|[174, 172, 199, 116, 32, 114, 50, 128, 182, 535, 725, 754, 800, 121, 2, 869, 268, 483, 498, 4, 48, 56, 134, 1, 326, 252, 19, 3, 16]
RKP_01000_00100_1_04.txt|2137.06|2278|0.010002554999999837|[726, 429, 12, 733, 1, 247, 283, 75, 44, 566, 14, 151, 184, 165, 5, 277, 20, 732, 42, 204, 91, 255, 53, 266, 376, 758, 2, 163, 67, 45, 3, 857]
RKP_01000_00100_1_05.txt|1978.78|2148|0.010112948999999958|[915, 75, 121, 41, 89, 673, 696, 307, 207, 1, 12, 553, 635, 188, 582, 49, 1000, 299, 159, 37, 101, 333, 776, 39, 222, 16, 561, 26, 74, 865, 151]
RKP_01000_00100_1_06.txt|2286.66|2449|0.010162554999999927|[790, 168, 1, 383, 10, 250, 58, 349, 33, 99, 176, 38, 177, 8, 57, 255, 78, 242, 244, 993, 442, 645, 37, 233, 6, 120, 52, 108, 632, 44, 4, 283, 265, 55, 35]
RKP_01000_00100_1_07.txt|2335.03|2575|0.010199694999999877|[128, 86, 436, 7, 204, 440, 37, 382, 49, 190, 226, 3, 556, 127, 874, 627, 1, 2, 130, 778, 12, 129, 90, 476, 342, 19, 170, 88, 372, 484, 80, 641, 18, 42]
RKP_01000_00100_1_08.txt|2035.04|2172|0.010114977000000138|[68, 223, 1, 356, 922, 716, 303, 274, 422, 4, 15, 421, 145, 5, 149, 80, 390, 6, 101, 16, 183, 22, 202, 242, 51, 366, 210, 26, 118, 401, 64, 10]
RKP_01000_00100_1_09.txt|1977.97|2143|0.010273675999999945|[196, 31, 36, 213, 672, 103, 782, 898, 32, 168, 14, 925, 27, 170, 427, 133, 290, 17, 513, 15, 155, 48, 691, 1, 52, 262, 7, 579, 489, 25, 2]
RKP_01000_00100_1_10.txt|2313.55|2469|0.010037903000000127|[76, 669, 19, 466, 618, 785, 1, 748, 159, 43, 253, 111, 480, 8, 331, 221, 286, 534, 55, 104, 491, 968, 663, 295, 11, 439, 825, 428, 37, 69, 813, 931, 805, 50, 188, 681]
RKP_01000_00100_2_01.txt|219.42|252|0.010182871999999996|[209, 7, 12, 264, 3, 111, 253, 24, 47, 690, 374, 21, 252, 13, 41, 76, 37, 90, 88, 901]
RKP_01000_00100_2_02.txt|207.09|248|0.010143376000000188|[63, 73, 179, 547, 84, 385, 357, 202, 183, 69, 8, 954, 3, 166, 376, 901, 375, 782, 129, 718, 147, 311, 366]
RKP_01000_00100_2_03.txt|259.49|295|0.010136610999999789|[171, 5, 416, 97, 58, 123, 87, 394, 335, 897, 84, 33, 13, 928, 282, 256, 347, 340, 417, 207, 708, 124, 141, 330, 7, 81]
RKP_01000_00100_2_04.txt|228.5|261|0.010012944000000062|[35, 21, 443, 37, 58, 94, 147, 130, 74, 24, 60, 77, 150, 553, 106, 265, 123, 428, 698]
RKP_01000_00100_2_05.txt|225.38|255|0.010140107000000285|[299, 380, 742, 152, 222, 84, 428, 30, 7, 501, 162, 420, 512, 5, 823, 293, 713, 98, 237, 236, 547]
RKP_01000_00100_2_06.txt|261.72|293|0.009903458999999941|[122, 876, 805, 602, 6, 259, 24, 138, 647, 154, 187, 9, 858, 8, 48, 383, 399, 233, 290, 894, 33, 725, 1, 16, 230, 276]
RKP_01000_00100_2_07.txt|215.97|238|0.009997971999999607|[796, 7, 396, 284, 950, 531, 173, 61, 444, 520, 783, 821, 1, 337, 682, 81, 457, 69, 18, 345, 180]
RKP_01000_00100_2_08.txt|254.07|280|0.010295180999999971|[10, 39, 44, 1, 11, 406, 121, 41, 49, 573, 661, 131, 3, 7, 21, 549, 171, 519, 862, 129, 609, 62, 19, 160]
RKP_01000_00100_2_09.txt|226.55|256|0.010116079999999883|[205, 436, 18, 13, 656, 127, 382, 573, 982, 30, 6, 9, 1, 176, 417, 411, 241, 759, 348, 595, 191, 235, 904]
RKP_01000_00100_2_10.txt|252.53|275|0.00995353399999992|[252, 15, 56, 164, 548, 122, 163, 282, 191, 341, 521, 1, 412, 755, 5, 196, 33, 42, 4, 309, 710, 57, 564, 14, 579]
RKP_01000_00100_3_01.txt|448.76|470|0.010044462999999481|[65, 340, 348, 32, 49, 51, 119, 249, 337, 537, 659, 763, 857, 2, 208, 326, 565, 567, 72, 118, 129, 143, 634, 816, 1, 11, 15, 55, 186, 456, 464, 704, 740, 795, 100, 68, 269]
RKP_01000_00100_3_02.txt|412.3|471|0.010078058999999868|[120, 79, 176, 644, 9, 18, 25, 137, 138, 295, 654, 31, 386, 286, 381, 178, 3, 37, 69, 94, 126, 300, 318, 533, 42, 51, 58, 38, 1, 2, 16, 19, 24, 53, 56, 70, 110]
RKP_01000_00100_3_03.txt|446.82|487|0.010072923000000102|[17, 143, 580, 652, 1, 13, 31, 54, 93, 325, 378, 431, 692, 836, 46, 62, 74, 99, 321, 738, 22, 142, 180, 181, 625, 797, 305, 3, 84, 170, 175, 204, 222, 270, 392, 530, 994, 5, 68]
RKP_01000_00100_3_04.txt|436.02|468|0.010067733999999788|[1, 274, 305, 389, 786, 44, 235, 3, 42, 142, 149, 277, 449, 645, 740, 10, 29, 293, 15, 24, 232, 535, 4, 5, 16, 65, 558, 639, 12, 757, 934, 2, 31, 41, 83, 161, 550]
RKP_01000_00100_3_05.txt|379.75|408|0.009928849999999514|[661, 2, 29, 57, 183, 460, 630, 86, 480, 1, 107, 128, 204, 315, 910, 76, 355, 851, 5, 23, 24, 31, 46, 108, 144, 163, 172, 72, 370, 8, 18]
RKP_01000_00100_3_06.txt|393.82|424|0.01001244799999995|[7, 224, 5, 14, 36, 112, 204, 242, 249, 71, 207, 901, 18, 64, 1, 6, 16, 22, 347, 471, 886, 970, 3, 12, 98, 388, 15, 28, 63, 129, 217, 278, 543]
RKP_01000_00100_3_07.txt|463.38|501|0.010300282000000322|[822, 27, 38, 354, 605, 750, 12, 16, 20, 23, 31, 53, 112, 129, 169, 190, 231, 591, 695, 888, 3, 56, 282, 337, 407, 124, 204, 583, 198, 581, 791, 1, 4, 5, 433, 867, 71, 134, 300, 431]
RKP_01000_00100_3_08.txt|359.96|391|0.010098262999999434|[340, 1, 71, 35, 179, 198, 53, 145, 703, 152, 233, 342, 883, 13, 528, 600, 2, 89, 97, 129, 131, 266, 303, 23, 137, 667, 3, 158, 540]
RKP_01000_00100_3_09.txt|377.1|410|0.010137286999999945|[211, 83, 141, 480, 647, 77, 257, 2, 930, 17, 216, 318, 385, 403, 578, 758, 871, 8, 96, 372, 601, 14, 153, 1, 6, 9, 16, 26, 48, 185, 202]
RKP_01000_00100_3_10.txt|430.53|471|0.010111603999999658|[764, 169, 632, 10, 12, 26, 122, 156, 245, 524, 677, 37, 56, 104, 187, 964, 1, 264, 566, 9, 217, 436, 3, 16, 18, 22, 35, 46, 72, 106, 227, 334, 467, 29, 229, 927, 974]
RKP_01000_00100_4_01.txt|99.73|100|0.009706006999999772|[882]
RKP_01000_00100_4_02.txt|99.75|100|0.009742486999999826|[866]
RKP_01000_00100_4_03.txt|99.99|100|0.009637741999999535|[863]
RKP_01000_00100_4_04.txt|99.99|100|0.009767647999999766|[939]
RKP_01000_00100_4_05.txt|100.0|100|0.009656738000000189|[949]
RKP_01000_00100_4_06.txt|99.74|100|0.009887825000000206|[926]
RKP_01000_00100_4_07.txt|99.78|100|0.009699391999999847|[956]
RKP_01000_00100_4_08.txt|99.96|100|0.00972638499999995|[851]
RKP_01000_00100_4_09.txt|99.85|100|0.009668884000000233|[952]
RKP_01000_00100_4_10.txt|99.97|100|0.009671320000000207|[981]
RKP_01000_00100_5_01.txt|94.76|108|0.009806202000000397|[3, 9, 10, 11, 27, 30, 33, 35, 37]
RKP_01000_00100_5_02.txt|92.06|108|0.009747142999999596|[4, 7, 8, 19, 21, 23, 25, 26]
RKP_01000_00100_5_03.txt|95.83|108|0.009829376999999796|[8, 16, 17, 30, 33, 36]
RKP_01000_00100_5_04.txt|95.76|106|0.009918848999998816|[7, 18, 21, 23, 36, 38, 39, 40, 41]
RKP_01000_00100_5_05.txt|93.49|109|0.010018403999999918|[13, 14, 17, 20, 39, 44, 46, 47, 67]
RKP_01000_00100_5_06.txt|92.7|110|0.009974556000000518|[12, 14, 18, 20, 21, 22, 26, 28, 34, 36]
RKP_01000_00100_5_07.txt|93.81|105|0.010000928000000471|[3, 8, 12, 15, 20, 21, 22, 32, 36, 37, 38, 42, 43]
RKP_01000_00100_5_08.txt|94.47|109|0.010009024000000722|[13, 20, 21, 22, 29, 30, 31, 33, 36]
RKP_01000_00100_5_09.txt|94.76|110|0.009903776999999536|[14, 15, 20, 22, 24, 28, 29, 31, 35]
RKP_01000_00100_5_10.txt|92.47|110|0.009745615999999444|[13, 22, 29, 32, 33]
RKP_05000_00100_1_01.txt|4426.77|4630|0.17212440499999956|[302, 1275, 1373, 465, 4, 9, 8, 20, 540, 589, 51, 3411, 1485, 1700, 1839, 4536, 852, 3, 2556, 5, 1, 553, 2091, 115, 99, 2478, 2692, 1723, 3645, 1406, 801, 1568, 642, 2106, 1268, 1021, 343, 116, 4474, 77, 130, 533, 904, 49, 150, 467, 1482, 68, 2398, 1366, 3733, 4060, 59, 89, 213, 1277, 155, 1181, 508, 1207, 24, 2548, 846, 21, 424, 847]
RKP_05000_00100_1_02.txt|4310.1|4477|0.17214727700000013|[463, 350, 4311, 1210, 104, 3013, 338, 3648, 601, 2939, 3415, 171, 135, 374, 31, 277, 18, 1821, 275, 892, 151, 2809, 1929, 301, 4066, 73, 4651, 174, 2669, 2, 28, 420, 448, 4439, 44, 2337, 1432, 57, 262, 1099, 42, 716, 1201, 501, 4324, 45, 16, 169, 1, 347, 445, 6, 229, 235, 304, 147, 3107, 51, 1720, 130]
RKP_05000_00100_1_03.txt|4263.41|4441|0.17210789499999904|[1, 4798, 136, 26, 1880, 6, 2, 2646, 22, 591, 929, 4436, 961, 1355, 1069, 207, 5, 81, 52, 4396, 2797, 4053, 193, 1237, 656, 1154, 401, 1283, 1588, 10, 2992, 3261, 208, 27, 684, 3127, 338, 3471, 1417, 3686, 1968, 1532, 3801, 1634, 3036, 114, 1171, 1520, 612, 203, 259, 3005, 7, 49, 2382, 326, 1550, 304]
RKP_05000_00100_1_04.txt|3994.22|4148|0.17238801899999828|[135, 3644, 795, 2831, 2, 41, 2565, 38, 233, 78, 3474, 1048, 147, 2594, 7, 2255, 4320, 1931, 69, 378, 713, 23, 2528, 1173, 1521, 5, 3006, 936, 3064, 4248, 898, 4470, 709, 444, 1309, 1237, 4280, 103, 3336, 159, 593, 4087, 3198, 16, 868, 1633, 1367, 19, 579, 3338, 131, 2859, 3225, 3503, 722, 1764, 205, 815, 416, 2304]
RKP_05000_00100_1_05.txt|4011.1|4184|0.17045643599999977|[2, 20, 174, 306, 1432, 2447, 64, 1169, 644, 38, 541, 96, 427, 542, 4588, 527, 8, 1759, 2347, 3160, 2850, 3856, 4630, 2922, 16, 428, 608, 4, 1309, 4251, 667, 5, 386, 530, 13, 1809, 33, 53, 2549, 101, 2995, 1559, 288, 60, 2089, 2362, 4969, 119, 2603, 92, 114, 4179, 44, 507, 356, 1088, 23, 270]
RKP_05000_00100_1_06.txt|4181.29|4308|0.17053017899999787|[25, 3, 2608, 866, 45, 745, 41, 208, 1606, 1799, 55, 71, 747, 920, 1259, 219, 569, 1542, 73, 457, 18, 3167, 115, 152, 3825, 4655, 9, 807, 6, 238, 133, 645, 554, 62, 896, 860, 1485, 122, 2326, 329, 1512, 338, 3834, 8, 1319, 590, 435, 21, 701, 14, 17, 35, 11, 1474, 147, 2, 111, 108, 2510]
RKP_05000_00100_1_07.txt|4592.9|4721|0.1705826090000005|[30, 97, 180, 1437, 188, 2037, 124, 79, 451, 1401, 1674, 3111, 3473, 219, 880, 244, 55, 3162, 1149, 3419, 155, 118, 582, 876, 2085, 204, 2883, 1762, 2207, 4, 1187, 3484, 11, 931, 32, 60, 1222, 8, 54, 1758, 1022, 90, 127, 76, 2591, 991, 1624, 453, 13, 3370, 459, 3, 2367, 1199, 362, 392, 3566, 104, 646, 457, 1477, 1299, 1827]
RKP_05000_00100_1_08.txt|4224.26|4368|0.17152071799999988|[2845, 264, 179, 985, 739, 1318, 820, 48, 3226, 6, 186, 441, 3911, 3876, 745, 266, 816, 2248, 2054, 865, 538, 300, 341, 502, 137, 29, 2399, 1079, 82, 260, 345, 1, 2994, 234, 276, 288, 1717, 1186, 3259, 2250, 66, 4344, 275, 4811, 1044, 148, 154, 687, 1267, 1926, 2874, 120, 52, 3137, 553, 4473, 2780, 215, 1781, 183, 1358]
RKP_05000_00100_1_09.txt|3833.88|4037|0.17141899599999988|[3051, 325, 10, 3572, 2965, 423, 230, 786, 2596, 270, 816, 4135, 447, 30, 588, 1309, 178, 1769, 3, 747, 190, 533, 329, 43, 4424, 1945, 1869, 1184, 1441, 512, 3200, 593, 1363, 3759, 93, 1329, 3697, 4341, 473, 121, 2, 70, 3594, 74, 1856, 463, 6, 42, 853, 1545, 2349, 2807, 307, 729, 383, 1260]
RKP_05000_00100_1_10.txt|4303.03|4406|0.17167738599999866|[25, 482, 1091, 4572, 1804, 43, 48, 1395, 3373, 437, 2061, 662, 230, 952, 3176, 445, 3086, 1221, 83, 956, 429, 176, 189, 321, 2958, 143, 484, 4185, 111, 1350, 629, 2028, 2552, 67, 3065, 1422, 2149, 235, 352, 843, 3390, 780, 1342, 2, 2616, 4369, 8, 60, 1, 4883, 26, 153, 795, 3734, 3279, 1122, 4257, 13, 654, 634]
RKP_05000_00100_2_01.txt|378.31|408|0.17092108700000097|[1741, 77, 540, 1647, 2210, 44, 110, 144, 2729, 148, 2218, 25, 1187, 2735, 1835, 2913, 551, 1057, 2019, 3518, 5, 204, 3043, 3020, 842, 273, 587, 648, 868, 534, 1740, 1292, 2000, 2892, 1078, 4551, 68, 220, 736, 839]
RKP_05000_00100_2_02.txt|438.92|457|0.17204428099999802|[578, 677, 656, 2707, 35, 1770, 407, 871, 152, 1014, 2437, 455, 532, 1793, 3238, 8, 22, 1194, 1838, 2992, 3004, 29, 275, 1570, 4063, 4978, 2360, 4, 73, 1493, 536, 33, 1307, 10, 1178, 144, 71, 287, 3640, 3, 14, 1540, 298, 3178, 3654, 481, 2768]
RKP_05000_00100_2_03.txt|431.19|452|0.1724310410000004|[2844, 840, 895, 769, 3625, 4655, 314, 3166, 1463, 1867, 4547, 9, 2973, 4028, 5, 242, 710, 1122, 1234, 4989, 1, 82, 17, 39, 1749, 54, 608, 839, 4, 388, 826, 4806, 639, 157, 442, 1925, 2550, 3332, 3969, 373, 1390, 2642, 341, 842, 2606, 87]
RKP_05000_00100_2_04.txt|400.88|427|0.17052959800000395|[1, 917, 506, 674, 950, 1551, 1671, 2126, 4139, 87, 225, 12, 168, 3153, 2299, 3585, 3838, 109, 637, 2042, 2052, 387, 531, 111, 291, 45, 283, 1864, 5, 483, 491, 687, 599, 1555, 2177, 99, 355, 1415, 1565, 1633, 100, 1317]
RKP_05000_00100_2_05.txt|436.31|461|0.1708541499999984|[1741, 942, 879, 3758, 452, 522, 1823, 797, 274, 355, 1029, 2365, 2703, 3238, 3555, 1076, 2614, 991, 426, 3241, 167, 2083, 51, 3549, 23, 744, 1503, 1735, 2146, 5, 22, 52, 1224, 1654, 2332, 2545, 3226, 545, 366, 752, 3406, 969, 611, 60, 73, 2785, 3383]
RKP_05000_00100_2_06.txt|410.24|440|0.1727406219999989|[326, 1288, 4405, 136, 324, 356, 2322, 3682, 437, 1208, 2453, 1688, 3081, 23, 466, 1, 853, 1433, 2422, 926, 1025, 222, 2075, 135, 816, 1581, 2118, 2148, 3347, 2039, 2974, 327, 3385, 62, 758, 2312, 702, 3264, 6, 2040, 2408, 9, 130]
RKP_05000_00100_2_07.txt|425.99|454|0.17223301500000163|[2528, 2, 7, 516, 2751, 141, 1, 396, 105, 194, 2641, 74, 244, 2332, 3, 71, 333, 43, 58, 180, 235, 938, 1389, 2246, 2419, 736, 2518, 260, 595, 1949, 2323, 4372, 102, 15, 373, 4183, 2838, 183, 261, 689, 2108, 3866, 4061, 177, 1063, 3229, 3555]
RKP_05000_00100_2_08.txt|398.92|429|0.17257601500000588|[98, 2584, 1638, 2068, 792, 1700, 636, 342, 48, 4332, 4658, 25, 1, 671, 735, 1415, 1204, 15, 291, 672, 967, 3696, 3365, 14, 99, 152, 953, 2915, 1301, 1330, 57, 491, 3854, 11, 24, 2149, 1011, 211, 117, 3421, 68, 941, 2, 41, 1387]
RKP_05000_00100_2_09.txt|451.04|468|0.17121623200000385|[2692, 86, 3113, 112, 846, 2179, 6, 18, 355, 5, 151, 1149, 1331, 218, 2520, 1203, 1397, 433, 1873, 2352, 2953, 238, 955, 1008, 15, 4171, 293, 294, 45, 747, 1400, 1611, 88, 392, 1338, 2318, 4070, 175, 2027, 964, 1045, 110, 142, 1723, 3325, 75, 2196]
RKP_05000_00100_2_10.txt|409.65|437|0.17143687599999624|[3300, 502, 2755, 2802, 3321, 2768, 120, 19, 2133, 1547, 1773, 315, 2022, 184, 210, 275, 2435, 163, 373, 1313, 4424, 660, 72, 302, 477, 123, 918, 1932, 2345, 58, 640, 8, 113, 2283, 2318, 4994, 9, 1916, 74, 136, 326, 2665]
RKP_05000_00100_3_01.txt|752.64|780|0.17258998999999903|[8, 11, 471, 588, 661, 900, 1096, 1751, 2039, 2321, 3675, 5, 28, 58, 67, 69, 77, 188, 297, 413, 530, 558, 821, 1119, 1286, 1702, 1733, 1994, 2090, 2768, 3020, 3683, 4835, 1, 3, 26, 48, 83, 97, 135, 145, 224, 231, 279, 288, 312, 334, 349, 361, 465, 610, 692, 1006, 1192, 1272, 1725, 1768, 2608, 3252, 3272, 3292, 3674, 4195, 15, 39, 120, 519, 700]
RKP_05000_00100_3_02.txt|879.19|900|0.17459272900000086|[22, 93, 356, 472, 1335, 1664, 1834, 2674, 2689, 3615, 4055, 4494, 89, 166, 168, 330, 355, 426, 554, 796, 917, 993, 1147, 1637, 1824, 2005, 2059, 2135, 2988, 3623, 1, 9, 36, 38, 94, 98, 132, 135, 145, 148, 167, 203, 219, 254, 272, 301, 312, 313, 351, 373, 392, 415, 434, 496, 512, 542, 776, 856, 973, 989, 1047, 1092, 1119, 1136, 1267, 1271, 1876, 2362, 2409, 2722, 2762, 2772, 2848, 3287, 3318, 3344, 3645, 4114, 4912, 62]
RKP_05000_00100_3_03.txt|847.07|870|0.17063831800000173|[86, 205, 258, 341, 387, 1256, 1571, 1847, 1888, 2962, 4528, 4563, 73, 124, 546, 647, 698, 714, 909, 963, 979, 996, 1086, 1525, 1732, 1890, 3260, 3566, 4111, 1, 5, 6, 15, 18, 20, 21, 27, 52, 76, 96, 129, 140, 156, 191, 283, 403, 520, 820, 894, 914, 945, 977, 1058, 1109, 1226, 1304, 1305, 1409, 1459, 1487, 1558, 1712, 1941, 2676, 2793, 2858, 2984, 2989, 3115, 4254, 4440, 4520, 4547, 4874, 2, 8, 36]
RKP_05000_00100_3_04.txt|827.13|859|0.1732585999999992|[5, 325, 578, 708, 769, 1193, 1264, 1283, 1338, 1433, 2156, 2433, 2600, 2810, 4679, 2, 4, 66, 99, 103, 122, 130, 205, 232, 315, 364, 473, 607, 991, 995, 1162, 1293, 1347, 1399, 2764, 3105, 3783, 4136, 1, 11, 16, 48, 56, 59, 100, 298, 318, 320, 335, 365, 375, 446, 688, 759, 770, 808, 898, 984, 1024, 1182, 1227, 1348, 1570, 1739, 1757, 1788, 1905, 2274, 2340, 2386, 2634, 3111, 3384, 3639, 3851, 4996]
RKP_05000_00100_3_05.txt|669.75|710|0.17195822399999827|[32, 480, 513, 669, 950, 2456, 2928, 25, 109, 206, 220, 235, 304, 435, 448, 486, 614, 769, 994, 1259, 1529, 1764, 1858, 2837, 2859, 3753, 4063, 4110, 7, 52, 79, 122, 238, 292, 295, 485, 573, 638, 905, 909, 936, 973, 1668, 2040, 2337, 2596, 2714, 3114, 3135, 4073, 4398, 4423, 3, 110, 115, 341, 357, 404, 920, 1921, 2353]
RKP_05000_00100_3_06.txt|836.69|860|0.17171855899999286|[26, 103, 270, 1130, 1376, 1884, 2159, 2205, 2978, 3082, 4, 5, 6, 12, 104, 157, 413, 440, 460, 588, 787, 1366, 1474, 1775, 2206, 2535, 3434, 4151, 1, 2, 10, 15, 24, 25, 27, 32, 35, 58, 79, 113, 119, 121, 179, 203, 244, 248, 352, 452, 492, 551, 564, 638, 683, 755, 796, 838, 956, 1046, 1148, 1451, 1477, 1657, 1698, 1735, 1860, 2457, 2528, 2710, 2738, 2878, 2889, 3112, 4282, 7, 13, 169]
RKP_05000_00100_3_07.txt|844.03|869|0.17156844200000365|[10, 18, 77, 89, 99, 114, 119, 281, 356, 372, 416, 507, 729, 812, 883, 890, 1960, 2632, 3232, 4835, 26, 68, 85, 178, 355, 526, 607, 799, 894, 913, 1109, 1116, 2528, 3542, 3596, 3863, 4083, 4185, 1, 2, 16, 20, 30, 93, 98, 169, 189, 206, 213, 222, 304, 362, 495, 500, 523, 550, 699, 750, 817, 876, 980, 1030, 1095, 1453, 1577, 1615, 1833, 1892, 2113, 2510, 2667, 2701, 2869, 3416, 3653, 7, 22]
RKP_05000_00100_3_08.txt|876.79|900|0.17325985800000582|[6, 47, 161, 169, 238, 328, 491, 925, 1238, 1517, 2091, 2276, 3001, 3335, 4062, 4178, 4225, 4735, 21, 35, 36, 89, 273, 309, 785, 807, 940, 1017, 1497, 1666, 2084, 2363, 2465, 3429, 3476, 3642, 3689, 3794, 1, 5, 13, 17, 92, 97, 100, 101, 129, 215, 227, 343, 346, 382, 428, 557, 563, 572, 645, 700, 969, 1076, 1208, 1240, 1244, 1355, 1414, 1478, 1502, 1589, 1802, 1973, 2154, 2430, 2572, 2702, 3330, 3410, 3716, 3821, 4353, 4604]
RKP_05000_00100_3_09.txt|842.18|870|0.17225034800000003|[24, 409, 600, 839, 986, 1161, 1558, 2897, 3727, 8, 18, 25, 49, 110, 116, 119, 277, 447, 501, 754, 882, 1004, 1328, 2032, 2618, 3127, 3477, 3830, 4097, 4459, 1, 2, 4, 40, 55, 63, 94, 111, 137, 205, 217, 262, 288, 355, 466, 585, 636, 662, 696, 789, 827, 981, 1067, 1532, 1683, 1913, 2033, 2048, 2227, 2372, 2453, 2595, 2609, 2846, 2862, 2925, 3120, 3500, 3562, 3603, 3987, 4348, 4681, 4813, 4902, 4948, 41]
RKP_05000_00100_3_10.txt|818.8|850|0.17131722999999965|[21, 119, 216, 383, 438, 659, 775, 881, 1046, 1419, 1463, 1946, 2181, 2312, 2990, 3361, 4448, 1, 39, 79, 110, 138, 142, 336, 337, 526, 559, 685, 933, 1111, 1132, 1396, 1928, 2583, 2816, 3506, 4016, 4218, 3, 8, 19, 22, 27, 30, 47, 52, 173, 236, 252, 283, 627, 666, 787, 860, 1075, 1166, 1426, 1430, 1547, 1938, 2107, 2195, 2235, 2244, 2477, 2567, 2929, 2988, 3869, 3877, 3997, 4628, 4783, 293, 446]
RKP_05000_00100_4_01.txt|100.0|100|0.17057683900000142|[4203]
RKP_05000_00100_4_02.txt|100.0|100|0.16907115800000042|[4304]
RKP_05000_00100_4_03.txt|100.0|100|0.17009831200000464|[4228]
RKP_05000_00100_4_04.txt|100.0|100|0.17022590300000956|[4409]
RKP_05000_00100_4_05.txt|100.0|100|0.17218246099999304|[4227]
RKP_05000_00100_4_06.txt|100.0|100|0.169700646|[4203]
RKP_05000_00100_4_07.txt|100.0|100|0.17050036499999124|[4210]
RKP_05000_00100_4_08.txt|100.0|100|0.1707942019999996|[4281]
RKP_05000_00100_4_09.txt|100.0|100|0.16951275400000212|[4280]
RKP_05000_00100_4_10.txt|100.0|100|0.17075697999999306|[4229]
RKP_05000_00100_5_01.txt|96.32|102|0.16915815399999815|[8, 13, 21, 23, 30, 40, 45, 51, 52, 53, 62, 66, 69, 75]
RKP_05000_00100_5_02.txt|97.21|106|0.16994051200000057|[7, 11, 16, 21, 35, 40, 45, 46, 56, 63, 67, 70, 74, 75]
RKP_05000_00100_5_03.txt|96.52|103|0.1690249830000073|[24, 31, 32, 36, 39, 41, 43, 54, 57, 58, 60, 66, 69, 81]
RKP_05000_00100_5_04.txt|95.66|107|0.17035051299998827|[7, 11, 18, 19, 26, 27, 33, 35, 42, 52, 55, 57, 65]
RKP_05000_00100_5_05.txt|96.62|105|0.170653003999995|[4, 7, 8, 10, 14, 15, 21, 22, 39, 46, 48, 49, 52, 55, 57]
RKP_05000_00100_5_06.txt|96.02|104|0.16890077100000325|[9, 16, 23, 25, 26, 30, 37, 38, 39, 45, 48, 54, 56, 60]
RKP_05000_00100_5_07.txt|96.6|103|0.16986286100000256|[6, 7, 9, 10, 12, 13, 17, 19, 20, 22, 24, 27, 31, 32, 37, 39, 47, 49, 61, 67, 69]
RKP_05000_00100_5_08.txt|95.29|102|0.1693988779999961|[22, 39, 40, 41, 47, 58, 67, 73, 77, 78, 82, 88]
RKP_05000_00100_5_09.txt|96.52|105|0.16955039400000146|[6, 9, 10, 13, 18, 20, 26, 30, 33, 38, 40, 58, 62, 69, 74, 77, 79, 80, 81]
RKP_05000_00100_5_10.txt|96.88|106|0.1703661079999995|[6, 18, 19, 27, 35, 37, 38, 46, 56, 57, 59, 63, 65]
RKP_05000_01000_1_01.txt|54841.44|56725|0.17796813700000144|[164, 53, 1742, 424, 3485, 2254, 1232, 4971, 700, 151, 328, 1858, 732, 18, 1724, 778, 226, 13, 3791, 4223, 4479, 78, 23, 661, 15, 17, 751, 8, 1034, 3256, 2481, 1756, 3187, 1233, 1591, 2077, 1841, 1145, 1, 334, 969, 379, 866, 118, 1431, 82, 1214, 4129, 2777, 2, 1919, 1979, 3534, 2814, 3799, 726, 974, 153, 491, 310, 2497, 2629, 96, 86, 10, 232, 2266, 368, 16, 318, 399, 2567, 684, 58, 1928, 2874, 33, 22, 39, 991, 5, 271, 1196, 1035, 252]
RKP_05000_01000_1_02.txt|58085.55|59574|0.17810332000000925|[918, 1590, 406, 675, 4489, 2800, 89, 304, 1055, 222, 36, 1414, 7, 728, 3565, 506, 3875, 2825, 2379, 588, 282, 1205, 1337, 109, 622, 2011, 1999, 2769, 3, 837, 4961, 1261, 2745, 539, 3795, 78, 2973, 3668, 988, 790, 22, 41, 3585, 2832, 2594, 10, 235, 2120, 2229, 2198, 3095, 1403, 1455, 2750, 293, 2093, 646, 425, 65, 3349, 17, 772, 2021, 155, 1677, 39, 609, 1329, 337, 965, 2208, 368, 1318, 3628, 236, 168, 917, 1604, 1277, 1286, 694, 1311, 2727, 96]
RKP_05000_01000_1_03.txt|52429.51|54323|0.17609366199999954|[1614, 882, 1039, 1854, 24, 135, 1534, 3194, 940, 3276, 933, 22, 1027, 1150, 2688, 1339, 649, 1822, 852, 1415, 272, 3232, 1475, 176, 2201, 339, 2080, 1478, 749, 62, 1719, 67, 533, 2016, 1364, 1, 2471, 344, 4640, 3392, 94, 13, 2682, 174, 3920, 4216, 400, 446, 479, 76, 32, 3682, 248, 165, 4104, 72, 1605, 1483, 3835, 2125, 114, 513, 60, 2848, 2314, 1070, 10, 3, 1219, 593, 129, 1815, 515, 1006, 1146, 988, 2161, 4193, 810, 611]
RKP_05000_01000_1_04.txt|55280.26|57387|0.17765009399999598|[135, 223, 61, 1218, 1450, 238, 1275, 952, 498, 4624, 4775, 716, 4277, 35, 16, 594, 794, 181, 546, 9, 724, 2060, 49, 4397, 10, 2, 1021, 114, 64, 24, 1107, 2047, 1, 3926, 318, 2470, 132, 4329, 886, 71, 1142, 191, 52, 1395, 3271, 3055, 687, 2550, 3023, 351, 2320, 482, 17, 3051, 1546, 533, 5, 2023, 2382, 4232, 33, 1174, 1916, 413, 50, 2999, 189, 939, 1311, 77, 14, 25, 133, 465, 1416, 248, 7, 1689, 4, 918, 270, 798, 2649, 395, 8, 2580]
RKP_05000_01000_1_05.txt|53921.7|55420|0.17683222399999862|[1142, 1649, 430, 2, 91, 385, 2069, 985, 2834, 2271, 14, 254, 65, 352, 259, 1607, 1316, 97, 1606, 339, 93, 1411, 1588, 132, 4385, 168, 2547, 4053, 3067, 1227, 651, 1474, 580, 1321, 1093, 94, 1049, 4118, 120, 467, 2004, 2263, 3468, 85, 279, 25, 231, 46, 72, 119, 1150, 1418, 667, 4, 1319, 1155, 1355, 1162, 1576, 267, 816, 1320, 157, 9, 1023, 58, 711, 8, 913, 3542, 1883, 4096, 16, 73, 943, 593, 130, 383, 48, 1669, 2819, 330, 19, 1893, 4204, 2397]
RKP_05000_01000_1_06.txt|52757.81|54188|0.1776374700000042|[736, 4603, 51, 1879, 336, 498, 8, 1689, 48, 2857, 1511, 1242, 2050, 52, 188, 107, 80, 2517, 10, 269, 503, 399, 6, 150, 159, 894, 343, 1097, 697, 646, 1916, 3109, 2633, 1040, 943, 601, 688, 163, 4793, 297, 2865, 2012, 37, 2025, 2442, 1910, 288, 192, 2168, 3076, 1145, 60, 2195, 998, 3846, 2, 2967, 3, 217, 1368, 1530, 9, 90, 2925, 616, 1002, 3468, 577, 1192, 42, 13, 2483, 612, 292, 157, 272, 45, 1062, 429, 3813, 656, 721, 1662, 1, 4196, 1494, 196]
RKP_05000_01000_1_07.txt|48663.14|50619|0.17564701599998217|[1904, 226, 753, 4009, 1741, 15, 2, 161, 1359, 213, 568, 84, 522, 188, 628, 130, 2669, 77, 1865, 198, 386, 204, 1697, 1, 65, 91, 569, 1607, 2593, 1489, 957, 1449, 44, 577, 453, 3438, 1175, 421, 1346, 393, 2087, 38, 94, 1052, 666, 1605, 523, 23, 21, 1433, 1367, 1764, 3402, 3455, 2001, 46, 110, 795, 2507, 2245, 2281, 616, 651, 108, 4242, 8, 848, 731, 4648, 4471, 985, 1047, 640]
RKP_05000_01000_1_08.txt|51061.27|52465|0.17592848000000458|[140, 2585, 4497, 427, 24, 20, 2356, 1275, 1088, 651, 190, 1487, 430, 2110, 109, 2382, 257, 115, 26, 4666, 81, 118, 411, 10, 531, 2528, 279, 785, 1391, 952, 527, 3788, 235, 670, 3288, 43, 217, 3925, 529, 575, 2841, 488, 15, 1138, 534, 78, 7, 8, 3318, 4618, 1537, 2723, 1574, 185, 738, 3, 151, 3937, 849, 12, 3112, 66, 890, 419, 226, 40, 39, 2070, 3170, 75, 892, 2737, 29, 32, 52, 548]
RKP_05000_01000_1_09.txt|53890.39|55364|0.17803569000000152|[684, 4115, 157, 1714, 128, 2381, 3179, 1434, 3964, 1, 1362, 104, 3744, 2, 883, 3245, 390, 51, 1366, 427, 1788, 47, 364, 6, 996, 18, 563, 163, 1761, 2364, 4, 2121, 190, 1242, 473, 1113, 2399, 191, 3156, 1699, 25, 1337, 39, 3644, 1481, 1679, 1495, 2034, 17, 32, 2844, 499, 8, 451, 2227, 1854, 2943, 3, 562, 3332, 2328, 2845, 1554, 998, 27, 1579, 29, 302, 714, 342, 1414, 844, 7, 2012, 3556, 3900, 2860, 1401, 2549, 1087]
RKP_05000_01000_1_10.txt|59081.69|60328|0.17763265399999228|[1640, 2671, 129, 888, 528, 500, 1, 461, 245, 1044, 1680, 384, 47, 104, 2153, 785, 359, 1479, 486, 2, 1313, 2309, 9, 11, 1914, 2184, 740, 2867, 212, 2541, 2216, 844, 261, 1430, 180, 1361, 1253, 103, 28, 2753, 1076, 1095, 3836, 193, 49, 100, 582, 1817, 286, 1641, 4815, 17, 1284, 807, 2544, 1554, 1636, 38, 2698, 839, 3137, 417, 43, 33, 1686, 3309, 187, 113, 2560, 30, 3828, 1436, 472, 1476, 2608, 198, 682, 634, 1553, 4698, 3371, 1731, 4036, 1413, 604, 1927]
RKP_05000_01000_2_01.txt|3897.2|4145|0.17916608700000325|[176, 28, 947, 1473, 951, 4166, 413, 103, 2000, 541, 339, 2351, 3060, 1487, 3764, 761, 1046, 32, 3919, 483, 81, 604, 4493, 724, 997, 147, 2671, 115, 2, 1173, 12, 22, 352, 88, 1573, 2400, 1730, 2057, 1100, 602, 1641, 265, 1896, 359, 1898, 2431, 212, 309]
RKP_05000_01000_2_02.txt|4186.92|4406|0.1769243359999905|[2, 1045, 88, 2682, 1577, 317, 365, 545, 1812, 311, 471, 491, 2308, 667, 1856, 1294, 78, 1693, 946, 214, 964, 1196, 44, 1068, 4977, 2515, 862, 1189, 3, 3342, 139, 462, 820, 3711, 1503, 1, 51, 2581, 345, 4784, 2756, 4017, 116, 62, 121, 3024, 4473, 126, 1739]
RKP_05000_01000_2_03.txt|4333.45|4636|0.17478240500000083|[465, 51, 726, 217, 3416, 305, 1002, 4964, 3938, 69, 86, 3540, 3351, 286, 862, 2340, 308, 2182, 507, 131, 655, 1550, 1732, 858, 3822, 2930, 2164, 235, 3180, 171, 1676, 2617, 49, 3321, 2754, 541, 1958, 17, 4457, 3343, 518, 4885, 104, 1672, 1354, 942, 229, 2548, 3087, 118, 1977]
RKP_05000_01000_2_04.txt|4617.1|4875|0.17581433900000093|[17, 1740, 3, 2408, 2928, 63, 183, 768, 2518, 585, 4454, 348, 371, 2989, 1906, 3530, 1086, 54, 1672, 1989, 2245, 153, 82, 758, 22, 247, 1539, 4424, 1799, 400, 163, 545, 59, 703, 84, 547, 667, 2237, 3498, 57, 23, 2508, 124, 274, 86, 222, 2249, 1712, 1926, 3872, 4833, 302, 509, 20, 15, 1]
RKP_05000_01000_2_05.txt|4010.5|4220|0.1775490839999975|[734, 34, 8, 4485, 3, 273, 1158, 12, 204, 1064, 360, 526, 201, 33, 1132, 1680, 876, 4215, 1762, 427, 1269, 260, 3321, 16, 390, 23, 30, 737, 5, 324, 156, 43, 1622, 4, 1223, 10, 208, 70, 2834, 449, 4386, 1471, 684, 2513, 682, 116, 248, 2314, 2943]
RKP_05000_01000_2_06.txt|4278.95|4499|0.1779073609999955|[473, 464, 61, 1, 105, 1933, 2638, 4951, 242, 2, 344, 1477, 1991, 900, 1948, 683, 138, 672, 403, 2476, 59, 707, 1898, 2446, 27, 3111, 2282, 739, 1852, 2690, 2201, 1569, 4545, 30, 184, 1746, 5, 114, 4407, 78, 793, 2204, 2435, 36, 443, 1619, 1134, 386, 282, 178, 586, 106, 154, 925, 152, 20]
RKP_05000_01000_2_07.txt|4490.75|4707|0.176400303000014|[4279, 759, 2608, 1, 157, 1902, 2282, 4495, 909, 1643, 2206, 1625, 3129, 771, 2233, 1437, 1265, 1811, 3275, 2461, 12, 2241, 4453, 11, 1945, 1552, 2341, 368, 751, 1425, 1886, 1139, 1702, 1976, 228, 1123, 997, 3507, 3031, 772, 3259, 239, 516, 238, 3147, 77, 199, 212, 1362, 505, 278, 2446, 3882]
RKP_05000_01000_2_08.txt|4489.18|4701|0.17676278300001058|[1499, 298, 312, 972, 59, 1184, 264, 3385, 6, 78, 17, 44, 3148, 658, 3191, 1783, 236, 2399, 580, 2941, 200, 108, 385, 1114, 2632, 201, 1802, 473, 362, 397, 30, 4386, 213, 1067, 371, 4129, 137, 1256, 413, 608, 4, 846, 881, 987, 2442, 677, 2808, 585, 747, 573, 634, 242, 255]
RKP_05000_01000_2_09.txt|4306.37|4580|0.17762796399999842|[897, 1556, 1226, 379, 3478, 1132, 128, 408, 10, 4, 2140, 15, 1786, 821, 2637, 63, 2317, 1583, 118, 310, 1967, 784, 1627, 3, 2, 561, 2789, 677, 25, 579, 2094, 22, 270, 2005, 247, 44, 175, 13, 1844, 151, 3297, 3399, 28, 335, 4804, 4005, 997, 1710, 1992, 536, 419]
RKP_05000_01000_2_10.txt|4154.19|4417|0.1781466860000114|[4015, 9, 18, 137, 1686, 3712, 2034, 2998, 420, 1494, 4050, 191, 1011, 1502, 4809, 99, 227, 2318, 82, 149, 36, 1926, 4084, 1619, 351, 29, 922, 1176, 4057, 19, 294, 2452, 55, 850, 64, 536, 2292, 749, 30, 2559, 1491, 2089, 1049, 1523, 3674, 1303, 555, 3584]
RKP_05000_01000_3_01.txt|9066.54|9392|0.1783132700000033|[562, 34, 46, 47, 1698, 1958, 2461, 3246, 21, 1615, 2851, 728, 108, 917, 237, 455, 1081, 2241, 2416, 2783, 2250, 2056, 2178, 276, 688, 40, 72, 97, 112, 372, 550, 1600, 87, 114, 996, 2429, 23, 1190, 77, 2748, 53, 4452, 1047, 45, 632, 1087, 176, 207, 284, 1198, 1779, 3421, 15, 539, 4101, 305, 3591, 13, 3545, 1038, 1894, 2874, 1923, 4476, 2608, 699, 119, 150, 4, 3, 384, 749, 27, 14, 9, 60, 398, 3683, 204, 371, 132, 193, 757, 1382]
RKP_05000_01000_3_02.txt|9946.28|10301|0.17927476300000536|[230, 28, 129, 140, 1041, 1087, 1499, 2113, 2425, 379, 542, 2330, 878, 2704, 849, 2067, 3308, 1885, 2978, 39, 90, 425, 562, 2853, 1161, 169, 446, 1486, 3041, 892, 1020, 305, 609, 1117, 2989, 13, 1046, 4, 41, 718, 1174, 2, 33, 3750, 2080, 235, 3171, 209, 1436, 2215, 263, 1193, 1488, 130, 295, 1, 25, 40, 107, 214, 1908, 3546, 116, 4419, 436, 883, 2667, 4134, 595, 55, 445, 730, 2772, 60, 206, 314, 451, 4507, 2905, 801, 2136, 2565, 423, 94, 2896, 66, 1022, 3393, 723, 1445, 2933, 2998, 4719]
RKP_05000_01000_3_03.txt|10309.5|10798|0.17808553600001914|[5, 975, 26, 36, 286, 881, 1498, 3273, 4215, 652, 158, 399, 621, 3166, 4813, 4, 22, 856, 2, 215, 360, 568, 4041, 709, 3545, 246, 609, 2319, 896, 4671, 38, 163, 763, 1022, 1523, 1559, 2202, 3928, 3, 199, 1663, 1465, 200, 11, 129, 239, 439, 710, 1597, 4529, 2034, 1605, 989, 1164, 2386, 3910, 4695, 544, 907, 3477, 153, 377, 1767, 3239, 3697, 2439, 1077, 1874, 2280, 3175, 465, 16, 1316, 2310, 983, 1, 156, 330, 339, 794, 1041, 2957, 258, 952, 105, 1016, 725, 115, 214, 4084, 4338, 17, 221, 1082, 1533, 2087, 6, 190]
RKP_05000_01000_3_04.txt|10108.38|10400|0.17920792699999993|[132, 111, 657, 1080, 175, 206, 448, 548, 680, 1872, 2150, 2372, 2868, 9, 6, 619, 4, 63, 261, 610, 989, 45, 18, 306, 70, 4880, 29, 58, 864, 7, 142, 1226, 4440, 1, 495, 709, 1049, 1064, 1276, 1396, 2516, 2568, 2865, 15, 1322, 321, 337, 360, 574, 2747, 82, 2593, 3612, 17, 27, 277, 3197, 3448, 13, 2575, 39, 472, 568, 1912, 3274, 827, 2871, 3523, 1493, 1557, 1852, 437, 1786, 3330, 35, 456, 51, 109, 1296, 2506, 5, 2541, 4042, 3625, 2132, 16, 2260, 769, 38, 50, 163, 21, 225, 747]
RKP_05000_01000_3_05.txt|9467.55|9797|0.17882523400000536|[26, 1859, 16, 162, 1, 7, 143, 344, 985, 1759, 2460, 219, 501, 34, 48, 1516, 1588, 1619, 1909, 3635, 1552, 2744, 3558, 1060, 29, 37, 56, 2123, 3439, 3584, 658, 748, 1263, 3167, 11, 638, 1305, 1500, 3106, 8, 112, 1033, 1090, 212, 296, 19, 2634, 4338, 2077, 2298, 256, 486, 1259, 3, 1069, 3440, 386, 2447, 2610, 632, 285, 513, 620, 1206, 91, 4357, 184, 2920, 3469, 15, 1003, 45, 509, 555, 768, 203, 110, 21, 32, 49, 348, 912, 2970, 3055, 5, 1120, 169, 708]
RKP_05000_01000_3_06.txt|10035.21|10294|0.1779447099999993|[12, 4808, 4, 6, 227, 488, 813, 4258, 85, 45, 1522, 1917, 46, 288, 760, 801, 4322, 1119, 213, 931, 2251, 3214, 7, 55, 734, 1551, 2026, 3, 573, 3433, 1640, 4911, 1, 41, 2741, 124, 1296, 82, 102, 431, 76, 94, 603, 16, 193, 265, 368, 623, 1359, 141, 767, 686, 1212, 1697, 206, 276, 889, 1978, 3324, 3533, 4315, 39, 1281, 3851, 2756, 286, 287, 469, 1610, 350, 540, 665, 946, 2799, 4000, 88, 1726, 3341, 1466, 10, 1209, 86, 184, 418, 1030, 3264, 238, 249, 404, 859, 403, 800, 2066]
RKP_05000_01000_3_07.txt|9960.94|10296|0.17826333799999702|[293, 1792, 413, 593, 13, 79, 94, 291, 762, 827, 1783, 36, 60, 1470, 891, 2716, 73, 76, 100, 427, 884, 896, 1998, 1789, 2448, 3146, 2357, 3731, 4131, 849, 18, 84, 11, 2966, 3438, 216, 3628, 1, 640, 6, 31, 2, 125, 295, 398, 417, 1123, 2900, 3085, 462, 1090, 1173, 33, 319, 214, 360, 487, 883, 1055, 2587, 3854, 29, 91, 136, 725, 2381, 477, 4578, 184, 75, 218, 527, 4233, 3, 220, 370, 608, 714, 1044, 2104, 2462, 5, 658, 1262, 1544, 3609, 32, 555, 113, 393, 1709, 3135, 3716]
RKP_05000_01000_3_08.txt|9778.15|10190|0.17828359099999488|[134, 1588, 3214, 3808, 4022, 80, 525, 28, 1135, 217, 394, 77, 1970, 2019, 2364, 883, 14, 1036, 3087, 3571, 154, 301, 901, 152, 250, 953, 1733, 2977, 686, 1395, 4192, 474, 4, 260, 270, 2402, 3237, 6, 725, 331, 1009, 2088, 2484, 2025, 3346, 126, 675, 1770, 3445, 4779, 2858, 1810, 3557, 4487, 2, 656, 707, 1364, 35, 73, 660, 489, 34, 116, 556, 1159, 230, 36, 279, 654, 1513, 1967, 3396, 26, 1342, 1924, 944, 1077, 4463, 431, 30, 1273, 1636, 38, 1117, 1134, 825, 7, 22, 162, 911, 1024]
RKP_05000_01000_3_09.txt|9257.21|9500|0.1783882730000073|[1322, 655, 760, 2511, 2621, 2486, 556, 664, 671, 1189, 73, 152, 242, 384, 661, 1471, 3256, 4292, 87, 51, 2497, 3538, 751, 4136, 237, 1978, 2941, 14, 453, 852, 1313, 3443, 3618, 1, 797, 106, 281, 310, 376, 2024, 2401, 13, 1003, 61, 354, 931, 7, 9, 3392, 3572, 136, 492, 1148, 3868, 57, 1420, 4818, 786, 100, 516, 252, 196, 4047, 2071, 462, 1684, 2055, 18, 600, 1997, 26, 40, 77, 83, 99, 159, 494, 995, 1142, 4168, 5, 2, 207, 886, 2287]
RKP_05000_01000_3_10.txt|9903.09|10198|0.17930862499998512|[2894, 50, 270, 393, 16, 33, 119, 196, 219, 1125, 2322, 2764, 369, 3, 876, 1329, 3150, 3435, 3589, 4466, 1184, 1, 25, 1785, 2813, 2940, 3240, 62, 1854, 3127, 6, 907, 52, 235, 1498, 145, 413, 692, 811, 1019, 3234, 1635, 4631, 2, 2189, 2139, 14, 2915, 10, 446, 944, 73, 191, 781, 1343, 434, 1530, 3251, 218, 627, 272, 275, 353, 1317, 3788, 69, 4052, 389, 159, 287, 2224, 2749, 89, 833, 3261, 1093, 4227, 2034, 112, 223, 789, 808, 1621, 4747, 4788, 1326, 1803, 155, 4834, 343, 344, 139]
RKP_05000_01000_4_01.txt|999.22|1000|0.17866006000000426|[4922]
RKP_05000_01000_4_02.txt|999.19|1000|0.1787991669999883|[4655]
RKP_05000_01000_4_03.txt|999.58|1000|0.1762082810000129|[4639]
RKP_05000_01000_4_04.txt|999.53|1000|0.1784213990000012|[4995]
RKP_05000_01000_4_05.txt|999.89|1000|0.17893554199999698|[4606]
RKP_05000_01000_4_06.txt|999.86|1000|0.17763225200001442|[4682]
RKP_05000_01000_4_07.txt|999.55|1000|0.1794308260000048|[4589]
RKP_05000_01000_4_08.txt|999.85|1000|0.17717009599998165|[4677]
RKP_05000_01000_4_09.txt|999.82|1000|0.17853961999998774|[4528]
RKP_05000_01000_4_10.txt|999.88|1000|0.1775051900000085|[4520]
RKP_05000_01000_5_01.txt|959.09|1030|0.17653656800000816|[7, 11, 14, 16, 25, 31, 35, 38, 46, 47, 52, 54, 56, 59, 60, 74, 78, 81]
RKP_05000_01000_5_02.txt|967.64|1038|0.1767989770000031|[11, 15, 17, 25, 26, 28, 32, 42, 44, 47, 55, 81, 88, 90, 94]
RKP_05000_01000_5_03.txt|961.23|1040|0.17747212000001128|[7, 10, 18, 21, 23, 24, 25, 34, 40, 42, 48, 57, 61, 72, 73, 75, 78, 80]
RKP_05000_01000_5_04.txt|954.62|1033|0.17591963500002067|[11, 16, 17, 18, 21, 22, 27, 30, 31, 36, 45, 46, 50, 54, 57, 61, 62]
RKP_05000_01000_5_05.txt|965.99|1030|0.1757921429999965|[7, 8, 9, 12, 13, 24, 28, 34, 37, 42, 44, 46, 52, 54, 57, 66, 67, 68, 69, 75, 76, 77, 79]
RKP_05000_01000_5_06.txt|956.06|1024|0.17736818300001006|[10, 11, 15, 27, 28, 29, 34, 38, 46, 51, 54, 59, 68, 75, 85, 89, 92, 93]
RKP_05000_01000_5_07.txt|960.72|1027|0.17501302799999394|[11, 20, 21, 23, 25, 29, 30, 41, 49, 51, 62, 65, 72, 77, 79, 80, 87]
RKP_05000_01000_5_08.txt|963.33|1040|0.17587712200002215|[4, 14, 23, 31, 35, 40, 45, 48, 51, 52, 59, 64, 65, 78, 86]
RKP_05000_01000_5_09.txt|951.3|1033|0.17637156500000628|[10, 16, 24, 42, 43, 45, 46, 54, 58, 60, 61, 68, 70, 71, 74]
RKP_05000_01000_5_10.txt|961.54|1035|0.17685711799999354|[10, 18, 23, 24, 27, 30, 31, 35, 45, 52, 53, 54, 55, 70, 81, 91, 93, 95]
RKP_05000_05000_1_01.txt|252837.01|263571|0.1807727540000178|[2195, 1201, 1260, 226, 74, 134, 239, 254, 1200, 263, 2997, 2685, 826, 1595, 255, 1416, 688, 75, 496, 1247, 477, 1939, 36, 940, 747, 2945, 290, 4, 3721, 149, 601, 206, 168, 4308, 234, 1083, 33, 1437, 248, 274, 449, 3113, 1685, 2321, 2687, 25, 3, 279, 2, 100, 1768, 498, 981, 2489, 1543, 78, 1617, 174, 1643, 1674, 4810, 358, 1305, 21, 127, 1231, 112, 8, 1781, 522, 884, 2896, 41, 3266, 3813, 799, 94, 40]
RKP_05000_05000_1_02.txt|308965.66|321585|0.17949318299999958|[474, 2706, 269, 297, 2174, 1005, 787, 3921, 45, 537, 1115, 903, 24, 3940, 2667, 55, 113, 1044, 4402, 1107, 3754, 361, 21, 8, 444, 1152, 310, 10, 1855, 238, 805, 2177, 104, 117, 712, 4712, 1374, 1870, 1, 334, 4197, 20, 396, 3059, 240, 3842, 231, 1722, 1203, 2039, 1041, 89, 378, 1434, 785, 1266, 2322, 1089, 38, 2501, 3538, 1459, 4, 365, 2786, 2783, 2, 470, 1390, 4832, 1987, 4382, 1322, 1069, 1075, 2306, 668, 3818, 1556, 108, 3588, 3696, 1231, 807, 3886, 213, 1979, 258, 1309, 57, 4013]
RKP_05000_05000_1_03.txt|277370.52|286134|0.179535857999997|[3247, 557, 435, 78, 4414, 3493, 2760, 2630, 426, 1098, 233, 1265, 1, 2859, 3443, 582, 249, 115, 1477, 110, 1261, 1115, 231, 25, 2264, 1414, 451, 3414, 318, 482, 1441, 1309, 811, 62, 18, 1236, 393, 46, 246, 1083, 297, 586, 3417, 1290, 1775, 39, 80, 1374, 1099, 4284, 692, 1594, 31, 86, 7, 63, 3512, 1728, 2438, 3490, 904, 3449, 1329, 361, 206, 8, 28, 1235, 1446, 339, 3593, 429, 2426, 481, 960, 2124, 779, 5, 2615, 1108]
RKP_05000_05000_1_04.txt|292080.27|300764|0.1792878189999965|[3802, 4668, 3850, 90, 5, 484, 332, 34, 557, 2581, 1072, 376, 291, 9, 2328, 1417, 2003, 1, 3, 148, 2372, 1677, 2061, 145, 189, 75, 2991, 422, 81, 1938, 4260, 368, 25, 1418, 408, 4172, 814, 1859, 1389, 318, 169, 3813, 2584, 787, 222, 1758, 3305, 390, 105, 1875, 299, 559, 2553, 3431, 85, 3547, 18, 202, 24, 2051, 3651, 240, 831, 197, 1753, 675, 3260, 76, 2283, 48, 2364, 135, 38, 2813, 70, 835, 4715, 3568, 239, 2013, 13, 20, 4384, 173, 1675, 226, 809, 12, 710, 811, 791]
RKP_05000_05000_1_05.txt|294417.91|301686|0.17848355899999432|[130, 3722, 2352, 378, 301, 227, 2579, 2467, 694, 2657, 1, 3024, 403, 55, 4208, 1929, 2, 2309, 62, 2411, 1088, 22, 210, 46, 1668, 1098, 582, 214, 559, 1460, 3186, 459, 1483, 1692, 950, 127, 245, 2427, 1662, 518, 38, 3175, 146, 143, 677, 2804, 20, 153, 1221, 32, 1690, 4354, 167, 4846, 2045, 1432, 131, 1993, 2118, 2025, 4691, 992, 511, 923, 3, 33, 2138, 979, 427, 1281, 12, 463, 348, 4170, 1887, 1020, 1492, 2703, 7, 3873, 4134, 2910, 838, 4573, 4789, 1003, 261, 1016]
RKP_05000_05000_1_06.txt|271914.17|278193|0.17938888300001055|[651, 1730, 1154, 693, 2701, 1065, 581, 925, 1227, 2729, 1981, 2210, 120, 1927, 4561, 23, 621, 4540, 407, 87, 378, 2, 3361, 850, 715, 18, 40, 707, 2309, 113, 4692, 2204, 363, 649, 71, 82, 3978, 4076, 1308, 568, 85, 7, 1305, 2048, 813, 2509, 613, 956, 243, 2011, 79, 1280, 3233, 825, 2132, 608, 66, 2240, 338, 514, 2151, 43, 2386, 3613, 2646, 8, 445, 3938, 4275, 274, 333, 1054, 1671, 523, 153, 815, 3104, 1374, 2228, 1034, 275, 76, 1041, 64]
RKP_05000_05000_1_07.txt|243758.01|253110|0.17922193799998923|[1, 730, 2854, 457, 2688, 3, 1616, 536, 15, 3045, 2, 829, 248, 1267, 4664, 29, 380, 303, 182, 4149, 381, 44, 864, 2725, 294, 83, 1228, 1263, 249, 1520, 739, 785, 215, 8, 3888, 4225, 30, 1820, 575, 529, 745, 1019, 1375, 1849, 190, 1804, 1246, 4, 2529, 478, 1897, 916, 690, 1315, 346, 1406, 4260, 153, 287, 6, 332, 1894, 7, 347, 3094, 175, 617, 1568, 443, 52, 187, 716, 2273, 230, 121, 4751]
RKP_05000_05000_1_08.txt|251852.14|259889|0.1786769810000146|[95, 674, 253, 124, 156, 596, 38, 523, 1421, 91, 1167, 836, 2600, 3998, 1179, 2525, 2536, 342, 3, 30, 451, 1941, 371, 2047, 1562, 97, 138, 2428, 1549, 122, 3792, 478, 850, 262, 560, 4527, 4195, 2042, 3744, 4393, 2813, 949, 171, 137, 764, 3599, 1546, 41, 2681, 314, 3666, 280, 2312, 1439, 984, 16, 2676, 4080, 2, 4199, 3833, 512, 1247, 471, 232, 275, 402, 192, 303, 247, 1737, 126, 4093, 1678, 333, 367, 140, 10, 4934, 706, 130, 1557]
RKP_05000_05000_1_09.txt|267554.91|277043|0.17994231099999752|[170, 66, 448, 565, 4248, 339, 542, 1458, 325, 4486, 871, 1314, 1635, 682, 1416, 4615, 1006, 299, 1592, 2636, 537, 3197, 460, 4489, 234, 2593, 820, 1350, 1, 1227, 113, 196, 701, 77, 139, 1788, 3, 17, 12, 42, 156, 1245, 438, 2450, 99, 76, 1480, 376, 385, 404, 1504, 1126, 1594, 632, 1254, 1078, 6, 1082, 1917, 921, 4, 936, 64, 221, 55, 323, 818, 2016, 2400, 160, 2143, 2834, 126, 492, 114, 1808, 2, 382, 1979, 2497, 2948, 312, 52, 563, 476, 1114]
RKP_05000_05000_1_10.txt|235185.5|247023|0.17850258300001087|[3078, 1652, 7, 414, 2629, 472, 756, 2580, 1609, 153, 659, 3067, 2050, 803, 185, 1504, 4380, 3261, 1766, 959, 909, 981, 278, 2870, 2151, 286, 2, 2306, 24, 1479, 1209, 144, 1930, 3198, 863, 467, 2281, 862, 3229, 2810, 2082, 2608, 38, 3101, 1402, 596, 380, 2641, 2821, 60, 92, 89, 746, 813, 1750, 428, 1381, 2786, 110, 2607, 73, 18, 3997, 2933, 2498, 3450, 4532, 1986, 867, 1725, 2504]
RKP_05000_05000_2_01.txt|22187.72|23177|0.1797427899999934|[2236, 293, 515, 4844, 2937, 411, 1045, 986, 2687, 279, 1635, 866, 690, 750, 1482, 579, 65, 1665, 70, 748, 3667, 18, 93, 32, 475, 235, 2458, 1435, 1497, 1292, 319, 52, 668, 1367, 1059, 1308, 1505, 2251, 198, 2582, 4544, 20, 1885, 3883, 250, 1784, 702, 21]
RKP_05000_05000_2_02.txt|19368.95|20693|0.17833448899998985|[3100, 2244, 710, 220, 582, 3641, 56, 1649, 1172, 15, 530, 208, 5, 2162, 14, 4007, 161, 563, 4564, 1069, 1287, 294, 836, 96, 762, 2069, 105, 2142, 3796, 696, 722, 2429, 3515, 1592, 1026, 997, 1058, 200, 1247, 1437, 462, 3678, 1547, 4262]
RKP_05000_05000_2_03.txt|18819.72|19953|0.1787946339999894|[3630, 983, 1429, 1, 1269, 4565, 3839, 1422, 44, 502, 477, 4235, 3090, 583, 94, 50, 38, 177, 3368, 4939, 1212, 41, 64, 49, 2868, 1432, 2512, 3428, 375, 3957, 394, 3757, 2272, 1536, 146, 4, 1770, 2688, 2579, 743, 4296, 34, 1207, 162, 441, 2224, 1481]
RKP_05000_05000_2_04.txt|25854.68|27076|0.18030642600000873|[455, 122, 307, 37, 832, 2, 2382, 3257, 23, 21, 1508, 187, 4, 1124, 893, 1329, 1586, 71, 2705, 346, 2773, 47, 2318, 491, 3288, 1606, 126, 3212, 406, 637, 1223, 3593, 1335, 19, 78, 1, 77, 2632, 1748, 554, 2308, 238, 147, 1519, 115, 655, 322, 340, 3, 16, 625, 1412, 583, 2376, 966, 131, 165, 11, 372, 49, 38, 82, 2093, 363, 2027, 60]
RKP_05000_05000_2_05.txt|21273.57|22288|0.18081118199999766|[1022, 113, 1813, 1011, 932, 163, 1153, 513, 103, 34, 1103, 317, 220, 606, 4410, 70, 1768, 1588, 3623, 2678, 2694, 962, 662, 1503, 501, 1034, 145, 128, 1489, 4330, 856, 734, 1232, 2057, 626, 96, 481, 2345, 858, 119, 4182, 5, 43, 914, 13, 47, 3604, 2736, 111, 874, 743, 1242, 282, 595, 1394]
RKP_05000_05000_2_06.txt|18289.06|19467|0.18023424699997576|[731, 3580, 832, 1073, 2245, 1070, 30, 866, 1756, 370, 726, 3105, 1542, 281, 3248, 17, 629, 872, 1807, 3746, 136, 912, 1256, 3064, 3764, 437, 449, 4763, 2365, 117, 141, 574, 637, 2357, 352, 74, 985, 373, 2264, 411, 1342]
RKP_05000_05000_2_07.txt|21450.87|22611|0.17918154799999683|[1734, 1460, 2118, 4066, 30, 129, 1137, 725, 932, 1115, 1438, 3995, 3396, 624, 903, 421, 411, 7, 3704, 461, 4779, 528, 36, 926, 957, 2838, 1435, 383, 713, 1819, 989, 1326, 1730, 253, 3935, 152, 1380, 2045, 273, 24, 1581, 199, 1361, 20, 349, 850, 3005, 4239, 142, 1958, 2207, 1049, 452, 1614]
RKP_05000_05000_2_08.txt|22472.87|23713|0.18017804299998716|[116, 3617, 449, 3119, 2024, 659, 17, 1262, 2598, 760, 2, 286, 155, 1834, 192, 1692, 179, 83, 1064, 1597, 9, 1520, 1464, 899, 1714, 603, 93, 259, 461, 291, 944, 315, 746, 274, 953, 811, 1277, 127, 919, 8, 1479, 551, 332, 3257, 1239, 64, 4071, 1835, 1190, 782, 3335, 2907, 20]
RKP_05000_05000_2_09.txt|24083.76|25440|0.18189780300001077|[83, 3, 1231, 3741, 385, 82, 105, 1308, 1179, 129, 4959, 1378, 634, 7, 36, 1213, 1, 893, 2889, 61, 413, 137, 2129, 84, 26, 173, 423, 899, 1555, 4230, 152, 181, 2, 394, 1012, 2555, 1812, 164, 360, 327, 973, 1478, 128, 519, 829, 251, 184, 178, 74, 95, 157, 632, 38, 180, 1482, 1228, 1771, 13, 1802, 60]
RKP_05000_05000_2_10.txt|21842.45|22836|0.1792210440000099|[2884, 1620, 725, 1, 666, 311, 70, 330, 3568, 351, 42, 3467, 82, 185, 2732, 1136, 23, 899, 1015, 24, 175, 2, 3272, 233, 205, 1757, 268, 2102, 452, 153, 3018, 657, 294, 424, 97, 2556, 2524, 261, 9, 856, 1908, 3618, 460, 2605, 134, 14, 468, 546, 2854, 1055, 1115, 4608, 1530, 1230]
RKP_05000_05000_3_01.txt|49245.46|50939|0.17918970799997624|[1430, 106, 88, 1410, 528, 1075, 449, 2024, 54, 2544, 1328, 1887, 1409, 39, 1004, 2100, 55, 800, 21, 45, 926, 2987, 521, 79, 480, 83, 1290, 2831, 17, 452, 625, 736, 2738, 814, 3210, 164, 16, 58, 94, 646, 1080, 510, 3361, 1664, 638, 4143, 595, 12, 731, 132, 563, 628, 2781, 6, 870, 9, 26, 1846, 336, 289, 2454, 1223, 1019, 530, 3, 1850, 2266, 352, 3309, 3715, 179, 3953, 42, 787, 210, 105, 120, 4, 1132, 198, 854, 712, 2483, 171, 1158, 13, 1758, 3941, 833, 4483, 1, 1180]
RKP_05000_05000_3_02.txt|47655.11|48916|0.1791568690000031|[2345, 2392, 2826, 2038, 773, 133, 507, 51, 151, 969, 1220, 303, 509, 4488, 407, 601, 155, 38, 1509, 99, 985, 3922, 115, 32, 33, 3779, 3282, 117, 2259, 4134, 4221, 607, 85, 885, 3230, 2529, 106, 389, 1914, 47, 4338, 217, 30, 4553, 493, 3478, 221, 2556, 50, 384, 8, 25, 4589, 58, 16, 2589, 9, 1093, 3092, 1675, 123, 747, 1198, 365, 45, 3903, 69, 107, 37, 1979, 2320, 970, 1151, 126, 1, 55, 227, 1232, 1763, 131, 59, 1819, 1970, 3096, 3743, 5, 2025, 1199]
RKP_05000_05000_3_03.txt|49516.43|50497|0.17709919200000512|[13, 3112, 3909, 636, 2585, 3385, 3819, 1029, 1960, 856, 1677, 1129, 489, 194, 219, 950, 3452, 2430, 185, 127, 4, 682, 1729, 90, 67, 1187, 1505, 323, 1255, 1, 970, 2297, 963, 3, 763, 79, 542, 1911, 3389, 46, 1696, 21, 1061, 12, 1278, 1703, 6, 223, 1238, 281, 58, 25, 2713, 366, 2420, 1099, 372, 15, 2, 88, 38, 128, 2143, 183, 2768, 1011, 1875, 937, 1777, 136, 742, 1128, 2657, 3837, 2794, 1715, 432, 2750, 126, 826, 42, 4837, 2287, 1516, 2862, 471, 207, 68, 618, 1691, 1433]
RKP_05000_05000_3_04.txt|50236.5|51953|0.17796461800003727|[936, 779, 343, 868, 454, 3625, 476, 479, 585, 61, 3856, 156, 2428, 1589, 843, 505, 3391, 27, 2854, 109, 304, 4, 71, 1, 2727, 229, 404, 3143, 455, 256, 2704, 3454, 169, 183, 1804, 177, 642, 93, 1033, 4104, 173, 2688, 3841, 51, 249, 412, 32, 3330, 375, 1208, 83, 981, 1834, 14, 3, 3543, 3870, 16, 4678, 1276, 4332, 101, 965, 2441, 3065, 549, 12, 2356, 1564, 1800, 2915, 429, 1969, 102, 3872, 4170, 198, 3497, 2360, 115, 241, 718, 4343, 3217, 2018, 94, 208, 547, 1130, 640, 888, 1433, 19, 907]
RKP_05000_05000_3_05.txt|48244.43|49500|0.17802168800000345|[81, 2910, 2428, 72, 97, 139, 331, 13, 368, 2606, 1044, 2, 1506, 4138, 628, 984, 406, 537, 1680, 1640, 44, 50, 1771, 3138, 1843, 4618, 75, 259, 969, 4267, 207, 3566, 3569, 1664, 150, 1182, 779, 1313, 12, 4, 814, 555, 4707, 309, 372, 1519, 32, 620, 138, 1982, 62, 743, 375, 1758, 2994, 442, 2222, 271, 20, 1951, 5, 67, 617, 958, 3285, 29, 111, 2358, 178, 1010, 141, 1526, 70, 945, 15, 115, 1004, 3664, 1960, 205, 1686, 379, 24, 176, 34, 202, 3442, 28, 166]
RKP_05000_05000_3_06.txt|49900.25|51500|0.1775465899999972|[2697, 234, 313, 1123, 1191, 1989, 3441, 2724, 480, 645, 924, 2300, 386, 1678, 2537, 737, 4300, 817, 28, 1115, 2115, 6, 23, 115, 377, 1, 78, 1005, 3251, 239, 130, 2338, 909, 671, 7, 93, 3690, 97, 985, 3857, 165, 3214, 22, 2540, 3448, 30, 55, 18, 607, 2334, 2868, 132, 382, 845, 3065, 141, 403, 955, 1248, 285, 839, 8, 1087, 2100, 43, 617, 2793, 241, 3700, 4180, 1104, 262, 1939, 44, 977, 2626, 4129, 396, 242, 48, 101, 125, 623, 934, 2169, 1566, 4383, 10, 1379, 195, 1967, 3455, 318]
RKP_05000_05000_3_07.txt|45565.6|47496|0.17965561099997557|[217, 718, 2, 1664, 1728, 88, 766, 796, 4, 609, 304, 924, 2201, 684, 817, 1338, 525, 1818, 4656, 3987, 2093, 143, 2643, 835, 348, 490, 220, 2345, 232, 1213, 2399, 544, 82, 2287, 717, 813, 119, 3503, 1005, 1405, 192, 46, 4288, 1420, 4796, 4750, 395, 1939, 283, 1721, 652, 61, 2655, 3295, 487, 1090, 866, 2747, 2824, 1323, 1049, 2255, 224, 231, 1953, 1, 459, 1279, 38, 3320, 3700, 462, 3347, 1148, 2191, 2511, 161, 2472, 21, 70, 1497, 5, 3815, 897, 1127]
RKP_05000_05000_3_08.txt|45347.01|46490|0.1790366350000113|[938, 1969, 4469, 640, 1833, 2446, 147, 1105, 524, 150, 54, 18, 351, 1311, 2528, 762, 1104, 1, 2750, 391, 39, 752, 1450, 2393, 43, 78, 1224, 857, 16, 128, 152, 22, 784, 241, 828, 4022, 4805, 89, 2, 3967, 14, 2221, 1145, 1042, 2413, 91, 3512, 2945, 237, 563, 876, 6, 1371, 4731, 8, 1778, 294, 2250, 491, 3711, 28, 84, 160, 2202, 1613, 110, 498, 205, 122, 15, 484, 742, 19, 53, 30, 4474, 73, 2636, 21, 2150, 3042, 430, 1520]
RKP_05000_05000_3_09.txt|52176.13|53001|0.17924974599998222|[42, 609, 1667, 1282, 629, 932, 233, 3677, 17, 851, 2885, 1146, 643, 767, 1343, 877, 1945, 259, 4338, 4825, 13, 789, 431, 3684, 317, 313, 111, 2994, 345, 4240, 96, 929, 123, 2247, 913, 3338, 693, 7, 150, 4313, 19, 1469, 299, 43, 2427, 4246, 1328, 1813, 2838, 1563, 2435, 2484, 1, 344, 1562, 2111, 660, 184, 1479, 387, 1933, 2525, 4052, 2166, 26, 133, 3, 8, 252, 1549, 520, 1422, 406, 2090, 2139, 532, 51, 4, 512, 1727, 2926, 1489, 255, 1921, 32, 354, 3864, 4789, 238, 534, 593, 679, 3453, 848, 165, 3725]
RKP_05000_05000_3_10.txt|49610.0|51880|0.17932221099998968|[3, 1202, 1284, 59, 1258, 3454, 1062, 3468, 313, 2748, 1358, 577, 2698, 3759, 402, 2643, 4808, 490, 120, 1075, 3222, 2573, 137, 535, 2923, 60, 48, 1786, 1135, 51, 4381, 1653, 3937, 44, 172, 13, 227, 665, 243, 1405, 3640, 102, 4, 988, 405, 481, 675, 1969, 3301, 2521, 616, 26, 1224, 2536, 668, 261, 1, 3218, 576, 319, 190, 1307, 10, 355, 3824, 607, 1714, 2, 1567, 3531, 119, 1598, 2953, 1099, 306, 3924, 278, 14, 716, 3046, 1639, 664, 18, 2317, 1891, 1860, 1444, 276, 4391, 499, 57, 5, 202, 28]
RKP_05000_05000_4_01.txt|4998.74|5000|0.17850477599999068|[4658]
RKP_05000_05000_4_02.txt|4996.69|5000|0.17900839500000074|[4978]
RKP_05000_05000_4_03.txt|4998.81|5000|0.17857727000000068|[4795]
RKP_05000_05000_4_04.txt|4996.95|5000|0.17784146999997574|[4597]
RKP_05000_05000_4_05.txt|4998.29|5000|0.17801114999999754|[4946]
RKP_05000_05000_4_06.txt|4996.2|5000|0.17961120999998|[4625]
RKP_05000_05000_4_07.txt|4993.92|5000|0.1771020910000152|[4778]
RKP_05000_05000_4_08.txt|4997.99|5000|0.1781567060000134|[4648]
RKP_05000_05000_4_09.txt|4998.4|5000|0.17887914899999488|[4770]
RKP_05000_05000_4_10.txt|4996.35|4999|0.1788218979999874|[4786]
RKP_05000_05000_5_01.txt|4758.69|5113|0.1753761070000246|[8, 11, 17, 24, 26, 32, 37, 40, 41, 42, 47, 53, 55, 59, 60, 63]
RKP_05000_05000_5_02.txt|4763.63|5136|0.17529597100000957|[4, 8, 9, 12, 13, 18, 20, 24, 28, 29, 33, 35, 48, 49, 50, 52, 53, 54, 55, 57]
RKP_05000_05000_5_03.txt|4815.51|5155|0.17459942100002082|[9, 14, 21, 25, 26, 27, 31, 32, 33, 48, 55, 62, 65, 66, 68, 73, 74, 75, 79]
RKP_05000_05000_5_04.txt|4711.82|5047|0.17433039999998073|[4, 10, 12, 17, 20, 22, 24, 27, 29, 31, 33, 43, 45, 47, 49, 51, 52, 53]
RKP_05000_05000_5_05.txt|4849.63|5185|0.17377989699998125|[7, 13, 18, 23, 25, 26, 28, 29, 32, 38, 40, 43, 45, 48, 51, 53, 55, 57]
RKP_05000_05000_5_06.txt|4793.32|5263|0.1744070349999811|[7, 21, 26, 29, 33, 39, 44, 46, 49, 50, 54, 55, 57, 58, 60]
RKP_05000_05000_5_07.txt|4786.46|5096|0.17513573700000507|[5, 9, 13, 15, 20, 21, 23, 25, 27, 47, 48, 50, 51, 54, 62, 66, 69, 71, 81]
RKP_05000_05000_5_08.txt|4804.44|5231|0.17473543099999916|[10, 13, 14, 24, 35, 43, 44, 48, 56, 57, 64, 82, 83, 86, 91, 97]
RKP_05000_05000_5_09.txt|4817.24|5185|0.17410431400004656|[9, 10, 12, 18, 19, 28, 31, 33, 38, 40, 45, 52, 57, 61, 62, 67]
RKP_05000_05000_5_10.txt|4835.29|5245|0.17418208899998716|[9, 15, 19, 20, 26, 33, 34, 37, 39, 42, 49, 51, 52]
