RKP_00100_00100_1_01.txt|679.56|771|0.000571406000000001|[17, 1, 3, 29, 22, 10, 31, 28, 16, 14]
RKP_00100_00100_1_02.txt|771.04|884|0.0005985959999999957|[50, 37, 91, 1, 56, 15, 48, 44, 23, 2, 9, 31, 47]
RKP_00100_00100_1_03.txt|634.62|709|0.000574101000000008|[1, 10, 63, 5, 6, 70, 12, 4, 15, 2, 14]
RKP_00100_00100_1_04.txt|616.36|728|0.0005752710000000072|[15, 74, 43, 3, 7, 10, 4, 5, 9, 16]
RKP_00100_00100_1_05.txt|659.29|746|0.0006035939999999973|[79, 20, 16, 30, 44, 66, 22, 6, 3, 11]
RKP_00100_00100_1_06.txt|844.49|1002|0.000610357999999992|[57, 97, 48, 47, 16, 31, 55, 17, 20, 34, 5, 50, 12]
RKP_00100_00100_1_07.txt|429.75|532|0.0005384549999999932|[60, 39, 51, 9, 5, 13, 46, 1, 4]
RKP_00100_00100_1_08.txt|774.41|883|0.0005974999999999997|[92, 87, 6, 30, 1, 7, 2, 76, 24, 13, 88, 9, 12, 5, 29]
RKP_00100_00100_1_09.txt|536.8|636|0.0005555230000000044|[18, 5, 16, 52, 23, 29, 2, 8, 24, 4]
RKP_00100_00100_1_10.txt|622.62|704|0.0006041970000000041|[1, 11, 2, 13, 4, 33, 18, 24, 20, 12]
RKP_00100_00100_2_01.txt|129.03|164|0.0005591679999999988|[6, 20, 1, 43, 22, 13, 57, 68]
RKP_00100_00100_2_02.txt|137.25|168|0.0005872539999999948|[30, 28, 80, 4, 8, 5, 40, 1, 36, 26]
RKP_00100_00100_2_03.txt|135.63|172|0.000553183999999991|[59, 51, 75, 31, 5, 1, 48, 3, 47, 16]
RKP_00100_00100_2_04.txt|131.44|162|0.00052198999999999|[11, 18, 50, 2, 8, 9, 28, 26]
RKP_00100_00100_2_05.txt|125.27|159|0.0005643979999999904|[32, 36, 29, 7, 16]
RKP_00100_00100_2_06.txt|110.03|136|0.0005684769999999939|[67, 47, 79, 2, 23, 8]
RKP_00100_00100_2_07.txt|126.14|148|0.0005245069999999785|[7, 22, 15, 3, 36, 4, 49]
RKP_00100_00100_2_08.txt|122.69|150|0.0005679129999999932|[28, 16, 1, 6, 2, 4, 29]
RKP_00100_00100_2_09.txt|120.06|146|0.0005209419999999954|[37, 9, 20, 23, 38, 8]
RKP_00100_00100_2_10.txt|128.59|154|0.0005344649999999906|[65, 64, 2, 40, 1, 85, 30, 4]
RKP_00100_00100_3_01.txt|180.02|206|0.000551694000000007|[8, 3, 6, 29, 44, 2, 47, 10, 24, 21, 22]
RKP_00100_00100_3_02.txt|188.76|221|0.0005537870000000078|[1, 17, 24, 3, 59, 52, 8, 2, 25, 41, 7, 49]
RKP_00100_00100_3_03.txt|214.4|251|0.0005820929999999969|[46, 6, 4, 75, 49, 12, 64, 2, 23, 1, 3, 14, 19, 81, 15]
RKP_00100_00100_3_04.txt|197.59|221|0.0005642190000000058|[34, 26, 8, 6, 42, 48, 50, 2, 31, 15, 1, 21]
RKP_00100_00100_3_05.txt|191.59|218|0.0005528330000000059|[1, 12, 52, 7, 25, 2, 15, 22, 70, 3, 33, 72]
RKP_00100_00100_3_06.txt|223.47|251|0.000589577999999984|[40, 2, 27, 31, 11, 66, 12, 16, 3, 72, 1, 19, 28, 10, 8]
RKP_00100_00100_3_07.txt|185.74|208|0.0005594839999999657|[72, 14, 89, 27, 83, 7, 5, 4, 88, 8, 13]
RKP_00100_00100_3_08.txt|178.99|212|0.0005546169999999462|[1, 12, 7, 18, 3, 62, 15, 58, 70, 2, 11]
RKP_00100_00100_3_09.txt|174.54|201|0.0005505779999999572|[1, 89, 32, 57, 8, 42, 2, 35, 44, 9]
RKP_00100_00100_3_10.txt|199.79|239|0.0005679300000000165|[20, 60, 5, 62, 66, 69, 46, 1, 61, 93, 47, 45, 54, 86]
RKP_00100_00100_4_01.txt|98.13|100|0.0006127709999999808|[97]
RKP_00100_00100_4_02.txt|98.62|100|0.0004795349999999976|[88]
RKP_00100_00100_4_03.txt|99.56|100|0.00047980399999998814|[84]
RKP_00100_00100_4_04.txt|98.68|100|0.00047578799999996145|[95]
RKP_00100_00100_4_05.txt|98.91|100|0.0004884470000000008|[87]
RKP_00100_00100_4_06.txt|96.63|98|0.0004881439999999904|[93]
RKP_00100_00100_4_07.txt|97.41|98|0.0004750599999999983|[98]
RKP_00100_00100_4_08.txt|98.39|100|0.00047618900000000685|[97]
RKP_00100_00100_4_09.txt|97.83|99|0.0004960999999999904|[89]
RKP_00100_00100_4_10.txt|96.71|98|0.00047040700000001935|[88]
RKP_00100_00100_5_01.txt|92.15|115|0.0005188789999999699|[2, 4, 5, 8, 11, 12]
RKP_00100_00100_5_02.txt|89.28|115|0.0005516029999999849|[2, 5, 6, 7, 8, 10]
RKP_00100_00100_5_03.txt|93.23|118|0.000540298999999993|[5, 6, 8, 13]
RKP_00100_00100_5_04.txt|86.53|112|0.0005619189999999818|[2, 7, 8, 12, 15]
RKP_00100_00100_5_05.txt|90.59|126|0.0005165829999999749|[6, 7, 8, 13, 14, 15]
RKP_00100_00100_5_06.txt|89.25|144|0.0004907860000000186|[7, 8, 10]
RKP_00100_00100_5_07.txt|92.84|120|0.0005705899999999886|[4, 8, 10, 11, 12]
RKP_00100_00100_5_08.txt|87.68|114|0.000519699999999994|[5, 6, 9, 10, 15, 16]
RKP_00100_00100_5_09.txt|92.98|131|0.0005018279999999731|[10, 11, 12, 14]
RKP_00100_00100_5_10.txt|86.26|110|0.0005281760000000002|[1, 2, 3, 4, 5, 6, 7, 8, 11, 15]
RKP_00500_00100_1_01.txt|1519.6|1644|0.0032298139999999797|[304, 211, 500, 140, 3, 40, 284, 2, 148, 222, 120, 173, 27, 6, 131, 269, 274, 4, 75, 280, 129, 158, 89, 25]
RKP_00500_00100_1_02.txt|1315.86|1451|0.003187748999999993|[13, 87, 288, 175, 77, 351, 289, 388, 132, 30, 394, 109, 102, 14, 89, 205, 170, 88, 62, 65]
RKP_00500_00100_1_03.txt|1244.03|1331|0.00328783099999995|[496, 5, 113, 1, 147, 11, 139, 40, 30, 123, 16, 111, 477, 158, 15, 228, 227, 73, 20, 128, 360, 44]
RKP_00500_00100_1_04.txt|1499.72|1612|0.003191529000000042|[64, 315, 156, 11, 359, 41, 59, 65, 254, 93, 245, 467, 62, 197, 5, 151, 258, 45, 94]
RKP_00500_00100_1_05.txt|1533.47|1688|0.0031720780000000027|[24, 10, 17, 72, 215, 11, 23, 18, 203, 5, 76, 136, 363, 402, 26, 192, 3, 1, 320, 2, 269, 6, 16, 116]
RKP_00500_00100_1_06.txt|1791.96|1921|0.0031757520000000117|[89, 13, 165, 230, 3, 34, 240, 35, 52, 190, 22, 490, 5, 189, 131, 30, 55, 411, 2, 211, 182, 203, 281, 225, 50, 188, 83]
RKP_00500_00100_1_07.txt|1805.72|1960|0.003203466999999964|[31, 97, 40, 47, 126, 322, 469, 22, 21, 7, 461, 410, 165, 89, 16, 94, 359, 492, 147, 2, 80, 257, 206, 5, 13, 100, 197, 192]
RKP_00500_00100_1_08.txt|1517.77|1663|0.0033076539999999533|[10, 4, 146, 258, 29, 156, 185, 1, 378, 165, 3, 16, 2, 332, 450, 326, 150, 149, 167, 35, 254, 106, 23, 40]
RKP_00500_00100_1_09.txt|1475.66|1596|0.003172568|[19, 307, 108, 148, 16, 153, 221, 39, 496, 151, 54, 344, 77, 324, 210, 48, 68, 214, 180, 163, 257, 27, 73]
RKP_00500_00100_1_10.txt|1431.06|1536|0.003224034999999974|[234, 62, 5, 413, 14, 4, 75, 3, 162, 6, 1, 214, 277, 21, 30, 59, 342, 8, 110, 15, 49, 78]
RKP_00500_00100_2_01.txt|215.88|244|0.003149742999999967|[226, 168, 11, 259, 16, 148, 447, 32, 137, 60, 102, 40, 3, 50, 88, 218, 36, 220, 39, 23]
RKP_00500_00100_2_02.txt|220.92|246|0.003082009999999986|[336, 131, 112, 156, 97, 167, 314, 195, 13, 142, 4, 59, 441, 65, 6, 21, 100, 141, 36]
RKP_00500_00100_2_03.txt|215.06|236|0.0031309949999999897|[166, 107, 155, 436, 135, 164, 100, 71, 2, 31, 142, 64, 104, 18, 21, 318, 13, 479, 12, 38, 50]
RKP_00500_00100_2_04.txt|207.27|234|0.0031176600000000576|[58, 112, 204, 26, 14, 55, 216, 11, 163, 125, 429, 9, 20, 22, 38, 19, 85, 105, 8]
RKP_00500_00100_2_05.txt|208.83|237|0.003124495999999963|[5, 260, 48, 218, 294, 4, 87, 2, 16, 77, 275, 322, 417, 52, 143, 426, 320, 10, 38]
RKP_00500_00100_2_06.txt|189.27|211|0.003118598999999875|[9, 70, 155, 35, 3, 27, 150, 57, 15, 302, 5, 452, 53, 24, 358]
RKP_00500_00100_2_07.txt|193.84|212|0.0031073010000000957|[1, 17, 452, 53, 114, 5, 83, 260, 308, 129, 75, 4, 67, 226, 292, 372, 404, 459, 33]
RKP_00500_00100_2_08.txt|183.64|206|0.003089863000000097|[87, 45, 96, 15, 495, 3, 6, 7, 123, 42, 184, 350, 46, 136, 54]
RKP_00500_00100_2_09.txt|164.74|183|0.0030880180000000656|[335, 108, 304, 70, 87, 277, 39, 312, 176, 16, 25, 72]
RKP_00500_00100_2_10.txt|181.35|211|0.003088982000000069|[9, 372, 20, 2, 21, 40, 166, 216, 276, 116, 76, 105, 14, 274, 157]
RKP_00500_00100_3_01.txt|301.23|329|0.003207701999999806|[5, 143, 1, 3, 43, 401, 2, 31, 38, 148, 158, 64, 344, 33, 96, 260, 77, 8, 24, 248, 333, 19, 20]
RKP_00500_00100_3_02.txt|362.64|390|0.0032732169999998817|[39, 189, 103, 110, 167, 172, 5, 20, 56, 160, 32, 221, 64, 111, 203, 3, 7, 38, 179, 195, 336, 1, 4, 73, 15, 68, 162, 143, 398]
RKP_00500_00100_3_03.txt|339.66|370|0.0032814749999999647|[71, 444, 1, 351, 9, 52, 93, 148, 454, 11, 22, 258, 264, 142, 198, 266, 292, 14, 40, 45, 118, 123, 139, 43, 75, 111, 168]
RKP_00500_00100_3_04.txt|356.39|389|0.003259283999999898|[66, 209, 280, 350, 2, 68, 104, 168, 312, 345, 1, 142, 163, 72, 103, 119, 156, 328, 20, 125, 217, 453, 278, 282, 4, 11, 17, 221, 301]
RKP_00500_00100_3_05.txt|364.53|396|0.003178807999999993|[12, 74, 92, 319, 33, 225, 377, 417, 8, 84, 108, 211, 294, 382, 102, 196, 199, 392, 7, 30, 189, 252, 397, 1, 106, 143, 381, 35, 167, 468]
RKP_00500_00100_3_06.txt|318.54|349|0.00315127500000008|[52, 5, 24, 189, 16, 204, 56, 91, 281, 12, 73, 90, 45, 186, 242, 311, 4, 11, 19, 68, 137, 199, 7, 316, 25]
RKP_00500_00100_3_07.txt|314.26|341|0.003145290999999979|[5, 17, 33, 196, 200, 1, 2, 4, 141, 308, 3, 76, 326, 99, 102, 430, 30, 77, 7, 57, 191, 335, 393, 429]
RKP_00500_00100_3_08.txt|389.03|419|0.003244807000000236|[14, 84, 144, 150, 172, 451, 31, 49, 57, 63, 90, 114, 301, 25, 159, 302, 323, 35, 214, 484, 4, 26, 280, 470, 19, 58, 62, 5, 32, 141, 389, 46]
RKP_00500_00100_3_09.txt|345.5|370|0.0031835680000001252|[12, 231, 104, 294, 347, 434, 4, 70, 154, 169, 2, 221, 3, 24, 54, 63, 269, 315, 148, 171, 83, 173, 208, 14, 13, 90, 152]
RKP_00500_00100_3_10.txt|339.17|369|0.0031748129999999543|[322, 165, 153, 159, 183, 189, 1, 325, 7, 25, 32, 99, 123, 193, 388, 14, 38, 392, 13, 18, 305, 9, 48, 60, 174, 222, 4]
RKP_00500_00100_4_01.txt|99.97|100|0.0029308590000000833|[445]
RKP_00500_00100_4_02.txt|99.97|100|0.0029459449999999342|[423]
RKP_00500_00100_4_03.txt|99.99|100|0.0030676519999999386|[434]
RKP_00500_00100_4_04.txt|99.95|100|0.0029951970000000293|[428]
RKP_00500_00100_4_05.txt|100.0|100|0.002949528999999913|[421]
RKP_00500_00100_4_06.txt|99.63|100|0.002948797000000045|[431]
RKP_00500_00100_4_07.txt|99.88|100|0.002948782999999846|[467]
RKP_00500_00100_4_08.txt|99.89|100|0.0030541729999999847|[449]
RKP_00500_00100_4_09.txt|99.98|100|0.0029304999999999913|[440]
RKP_00500_00100_4_10.txt|99.86|100|0.0029972100000000344|[489]
RKP_00500_00100_5_01.txt|94.42|107|0.0030630559999999998|[12, 14, 17, 18, 19, 20, 21, 26, 27]
RKP_00500_00100_5_02.txt|98.76|110|0.003017116000000044|[3, 9, 11, 13, 16, 19, 25]
RKP_00500_00100_5_03.txt|94.0|112|0.003228243999999947|[6, 12, 13, 14, 21, 24, 25]
RKP_00500_00100_5_04.txt|94.12|104|0.0030195530000000303|[2, 5, 10, 11, 15, 16, 19, 20, 21]
RKP_00500_00100_5_05.txt|93.24|107|0.003101854999999993|[2, 12, 13, 14, 15, 19, 20, 21, 22, 23, 24]
RKP_00500_00100_5_06.txt|93.45|105|0.0031583360000000836|[2, 7, 9, 12, 15, 16, 18, 21, 25, 26, 28, 32, 35, 36, 37]
RKP_00500_00100_5_07.txt|94.44|106|0.0030299320000000663|[2, 4, 6, 10, 12, 15, 16, 17]
RKP_00500_00100_5_08.txt|95.17|106|0.0029866929999998603|[6, 7, 8, 10, 11, 12, 16, 18, 20, 21, 22]
RKP_00500_00100_5_09.txt|91.31|104|0.0029774840000000324|[3, 5, 6, 7, 8, 11, 13, 14]
RKP_00500_00100_5_10.txt|88.94|108|0.003012695999999728|[6, 8, 9, 11, 13, 14, 16, 19, 21, 24]
RKP_01000_00100_1_01.txt|1998.86|2145|0.00864907199999994|[47, 260, 64, 51, 123, 67, 261, 91, 10, 604, 646, 560, 40, 151, 531, 97, 222, 50, 2, 376, 116, 347, 465, 4, 314, 317, 745, 13, 432, 42, 910]
RKP_01000_00100_1_02.txt|1887.29|2045|0.008630976999999937|[16, 30, 696, 182, 584, 486, 294, 72, 359, 49, 8, 171, 2, 519, 754, 50, 108, 89, 195, 64, 694, 872, 18, 9, 557, 331, 38, 193, 1]
RKP_01000_00100_1_03.txt|1924.76|2053|0.00867390400000005|[174, 199, 116, 114, 800, 50, 2, 498, 48, 56, 1, 128, 172, 326, 182, 19, 3, 535, 754, 366, 32, 813, 65, 330, 380, 704, 869, 134, 4]
RKP_01000_00100_1_04.txt|2168.62|2297|0.00866934900000011|[283, 75, 429, 12, 733, 1, 726, 247, 255, 163, 44, 857, 566, 14, 151, 165, 790, 5, 277, 69, 20, 732, 204, 592, 172, 53, 376, 67, 402, 2, 3, 263, 533]
RKP_01000_00100_1_05.txt|1974.62|2128|0.008638524999999895|[89, 75, 121, 41, 915, 673, 307, 123, 776, 39, 207, 222, 1, 16, 188, 635, 26, 865, 49, 1000, 29, 696, 82, 198, 159, 340, 37, 593, 139]
RKP_01000_00100_1_06.txt|2273.61|2451|0.008701072000000138|[33, 168, 38, 383, 10, 78, 790, 250, 993, 442, 645, 58, 52, 44, 176, 1, 99, 4, 177, 283, 265, 255, 242, 37, 233, 210, 6, 83, 120, 349, 56, 108, 591, 632, 2]
RKP_01000_00100_1_07.txt|2294.19|2447|0.008778022999999848|[128, 86, 226, 7, 204, 3, 556, 440, 37, 382, 130, 778, 476, 342, 19, 436, 88, 484, 80, 127, 627, 641, 874, 18, 8, 49, 12, 147, 151, 129, 190, 90, 46]
RKP_01000_00100_1_08.txt|2077.23|2210|0.008853168000000017|[922, 4, 68, 421, 223, 1, 149, 80, 6, 356, 716, 22, 366, 26, 118, 422, 15, 10, 5, 145, 7, 29, 101, 294, 278, 16, 202, 303, 51, 212, 242, 274]
RKP_01000_00100_1_09.txt|1983.47|2103|0.008579376000000104|[31, 196, 14, 36, 213, 103, 513, 48, 691, 1, 782, 898, 32, 262, 579, 489, 168, 2, 108, 925, 27, 170, 427, 290, 15, 17, 409, 509, 728, 150]
RKP_01000_00100_1_10.txt|2292.98|2428|0.008825093000000095|[1, 253, 111, 8, 669, 534, 19, 466, 76, 618, 968, 785, 159, 748, 37, 813, 805, 331, 50, 221, 188, 55, 104, 158, 491, 663, 295, 4, 30, 198, 439, 368, 825, 724, 428]
RKP_01000_00100_2_01.txt|236.38|266|0.00876581900000005|[209, 7, 264, 3, 111, 366, 24, 47, 380, 690, 185, 186, 12, 374, 21, 375, 252, 33, 41, 76, 183, 13, 37]
RKP_01000_00100_2_02.txt|224.64|253|0.008447229999999806|[84, 311, 63, 73, 179, 583, 385, 183, 202, 213, 69, 397, 77, 625, 23, 166, 376, 901, 13, 375, 782, 129]
RKP_01000_00100_2_03.txt|274.96|298|0.008760110000000019|[416, 84, 5, 97, 171, 58, 123, 124, 141, 330, 87, 81, 897, 13, 746, 420, 928, 282, 404, 347, 340, 854, 149, 417, 371, 24, 264]
RKP_01000_00100_2_04.txt|243.47|260|0.00865515900000009|[35, 37, 94, 60, 443, 428, 698, 184, 58, 504, 130, 49, 74, 244, 158, 332, 21, 77, 553]
RKP_01000_00100_2_05.txt|238.66|260|0.008783788000000108|[152, 7, 380, 742, 222, 84, 299, 236, 26, 30, 162, 420, 2, 512, 5, 255, 823, 172, 846, 428, 293, 111]
RKP_01000_00100_2_06.txt|279.81|305|0.008780470999999963|[805, 858, 122, 590, 876, 1, 16, 602, 6, 259, 24, 255, 138, 52, 152, 154, 187, 647, 9, 8, 383, 399, 827, 322, 290, 894, 46, 289, 725]
RKP_01000_00100_2_07.txt|235.47|268|0.008521480999999866|[531, 208, 7, 457, 396, 284, 950, 3, 378, 173, 444, 783, 821, 796, 20, 1, 337, 305, 731, 271, 81, 69]
RKP_01000_00100_2_08.txt|268.63|289|0.00869655800000018|[10, 121, 3, 39, 44, 129, 609, 1, 9, 26, 11, 250, 573, 131, 661, 228, 7, 278, 294, 223, 54, 485, 519, 862, 62, 234]
RKP_01000_00100_2_09.txt|230.79|254|0.008544417999999112|[205, 127, 382, 436, 18, 348, 235, 904, 656, 651, 573, 31, 30, 225, 176, 175, 236, 411, 417, 148, 241]
RKP_01000_00100_2_10.txt|259.45|282|0.008802842000000198|[163, 341, 521, 15, 1, 5, 164, 548, 4, 309, 564, 252, 282, 579, 191, 89, 273, 700, 58, 71, 78, 184, 412, 56, 196, 402, 571]
RKP_01000_00100_3_01.txt|478.02|500|0.00875162300000028|[32, 65, 119, 133, 249, 337, 763, 1, 11, 15, 186, 348, 704, 49, 537, 659, 857, 2, 134, 157, 208, 326, 441, 565, 567, 962, 21, 83, 179, 240, 118, 143, 55, 340, 456, 464, 740, 795, 28, 297]
RKP_01000_00100_3_02.txt|444.79|480|0.008678264000000055|[18, 654, 3, 69, 79, 126, 300, 318, 533, 644, 9, 25, 120, 138, 295, 1, 2, 16, 19, 24, 53, 56, 70, 110, 121, 216, 386, 586, 600, 377, 978, 4, 35, 178, 37, 94, 176, 42]
RKP_01000_00100_3_03.txt|470.62|490|0.008604913999999582|[1, 378, 692, 3, 143, 170, 222, 270, 392, 580, 994, 13, 31, 54, 93, 325, 431, 836, 62, 74, 99, 321, 738, 822, 89, 142, 180, 256, 720, 28, 184, 427, 809, 84, 175, 204, 530, 652, 5]
RKP_01000_00100_3_04.txt|462.75|480|0.008757289000000341|[1, 149, 389, 449, 740, 786, 5, 16, 44, 65, 235, 558, 9, 42, 142, 274, 277, 305, 645, 2, 10, 29, 31, 41, 550, 119, 492, 24, 35, 58, 148, 339, 480, 527, 535, 816, 4, 639]
RKP_01000_00100_3_05.txt|406.46|440|0.008882785999999499|[183, 23, 46, 144, 163, 172, 57, 460, 630, 661, 86, 141, 151, 480, 1, 37, 85, 107, 128, 192, 204, 315, 876, 910, 674, 739, 851, 2, 5, 24, 29, 31, 108, 4]
RKP_01000_00100_3_06.txt|415.08|450|0.008795912999999444|[5, 36, 112, 204, 1, 6, 7, 16, 22, 37, 224, 886, 970, 242, 249, 15, 63, 71, 129, 207, 278, 543, 25, 153, 239, 901, 4, 13, 18, 64, 66, 158, 330, 347, 471]
RKP_01000_00100_3_07.txt|477.76|510|0.008722629000000098|[16, 190, 591, 695, 822, 888, 1, 27, 38, 605, 12, 20, 23, 31, 53, 112, 129, 231, 3, 56, 62, 282, 337, 407, 483, 8, 34, 124, 161, 942, 2, 287, 410, 581, 791, 4, 5, 354, 433, 750, 867]
RKP_01000_00100_3_08.txt|398.79|421|0.008647013000000143|[179, 129, 303, 35, 198, 340, 11, 53, 252, 257, 636, 703, 9, 33, 118, 233, 342, 472, 655, 13, 528, 600, 1, 2, 71, 89, 97, 131, 266, 23, 81, 88]
RKP_01000_00100_3_09.txt|408.7|430|0.00878136700000006|[83, 17, 211, 216, 385, 578, 758, 23, 141, 480, 647, 6, 9, 16, 26, 48, 185, 202, 2, 36, 47, 126, 825, 930, 39, 432, 502, 563, 318, 403, 871, 8, 29]
RKP_01000_00100_3_10.txt|452.16|470|0.008766974999999632|[12, 245, 677, 764, 3, 18, 334, 467, 632, 10, 26, 122, 524, 37, 104, 187, 319, 1, 103, 247, 264, 314, 687, 5, 9, 11, 87, 90, 426, 16, 22, 35, 46, 72, 106, 169, 227]
RKP_01000_00100_4_01.txt|99.94|100|0.00833987900000004|[866]
RKP_01000_00100_4_02.txt|99.97|100|0.008426171999999994|[858]
RKP_01000_00100_4_03.txt|100.0|100|0.008406888999999964|[856]
RKP_01000_00100_4_04.txt|100.0|100|0.008371705999999719|[828]
RKP_01000_00100_4_05.txt|100.0|100|0.008383475999999916|[851]
RKP_01000_00100_4_06.txt|99.98|100|0.008428146999999981|[977]
RKP_01000_00100_4_07.txt|99.96|100|0.008283593000000025|[888]
RKP_01000_00100_4_08.txt|100.0|100|0.008349479999999403|[847]
RKP_01000_00100_4_09.txt|100.0|100|0.008435875999999566|[877]
RKP_01000_00100_4_10.txt|100.0|100|0.008356759999999425|[886]
RKP_01000_00100_5_01.txt|97.47|108|0.00884158599999978|[3, 6, 7, 8, 9, 11, 14, 15, 18, 19, 20]
RKP_01000_00100_5_02.txt|94.57|110|0.008413108000000093|[7, 9, 11, 15, 16, 18, 19, 25]
RKP_01000_00100_5_03.txt|95.72|104|0.008513990000000077|[1, 3, 6, 7, 9, 12, 16, 19, 22, 23, 24, 25]
RKP_01000_00100_5_04.txt|97.03|103|0.008597264000000422|[4, 7, 9, 11, 12, 13, 14, 16, 17, 18, 20, 21, 22, 23, 24]
RKP_01000_00100_5_05.txt|94.23|104|0.008568262000000146|[2, 4, 6, 8, 9, 10, 11, 12, 14, 15, 16, 17, 18, 19]
RKP_01000_00100_5_06.txt|94.92|105|0.008519402000000368|[3, 5, 7, 11, 12, 13, 14, 18, 19, 24, 27, 30]
RKP_01000_00100_5_07.txt|94.55|105|0.008561578999999781|[3, 4, 7, 8, 10, 14, 19, 20, 22, 24, 25, 26, 28]
RKP_01000_00100_5_08.txt|97.61|106|0.008413093000000132|[2, 3, 4, 6, 7, 8, 9, 10, 12, 15, 17, 20, 23]
RKP_01000_00100_5_09.txt|95.21|105|0.008522354999999563|[2, 5, 7, 8, 9, 12, 13, 14, 15, 16, 18]
RKP_01000_00100_5_10.txt|92.98|104|0.008504069000000242|[3, 7, 9, 10, 15, 16, 18, 20, 21]
RKP_05000_00100_1_01.txt|4419.79|4554|0.1430854120000005|[31, 1373, 465, 2556, 4, 5, 553, 3645, 1406, 642, 2106, 1268, 589, 51, 904, 1485, 1700, 68, 302, 3733, 4536, 59, 1839, 852, 89, 1277, 155, 3, 1181, 9, 1207, 24, 2548, 1, 2091, 2478, 847, 8, 1568, 20, 2505, 22, 7, 4545, 13, 343, 518, 1731, 3251, 540, 116, 299, 3411, 1507, 49, 150, 1482, 3259, 4060, 2398, 15, 1366]
RKP_05000_00100_1_02.txt|4275.71|4489|0.14293262299999995|[463, 3415, 60, 31, 892, 4651, 2, 1210, 2337, 42, 716, 1201, 501, 16, 3013, 1, 347, 338, 601, 3648, 135, 374, 235, 304, 171, 277, 151, 1821, 275, 3107, 51, 1929, 130, 301, 3739, 4066, 73, 350, 2669, 4311, 99, 174, 75, 420, 4339, 3158, 4439, 1432, 4071, 262, 357, 1908, 2056, 2586, 65, 104, 1236, 2793, 2196, 4318, 238]
RKP_05000_00100_1_03.txt|4228.28|4411|0.14418690999999995|[2, 591, 207, 4798, 81, 52, 4396, 4053, 136, 193, 10, 3261, 3127, 3471, 26, 1417, 3686, 6, 3801, 2646, 4436, 1171, 929, 612, 961, 203, 1355, 3005, 7, 1, 2382, 1069, 5, 3382, 326, 1550, 304, 156, 793, 2939, 1020, 219, 1066, 350, 1237, 1154, 1283, 1588, 436, 208, 4693, 1912, 2992, 27, 47, 1958, 275, 1332]
RKP_05000_00100_1_04.txt|3950.01|4118|0.14334826099999987|[795, 147, 7, 1931, 69, 378, 2528, 5, 3064, 4470, 2030, 444, 4280, 3336, 3198, 868, 1367, 2831, 579, 3338, 41, 2565, 2859, 78, 38, 3474, 3503, 205, 2255, 416, 2304, 1048, 3703, 2594, 4320, 1675, 455, 20, 651, 713, 4914, 23, 1210, 979, 1521, 3006, 936, 3085, 3484, 337, 1814, 2934, 104, 135, 898, 997, 1603, 203, 4377, 48]
RKP_05000_00100_1_05.txt|3986.13|4125|0.14386725900000116|[1169, 541, 542, 4588, 2, 1759, 1433, 3856, 20, 1309, 33, 53, 2447, 2995, 288, 64, 60, 4969, 644, 119, 96, 4179, 427, 527, 356, 1088, 270, 2347, 8, 230, 3160, 1249, 2850, 14, 428, 16, 2886, 2537, 3454, 4, 667, 1510, 5, 386, 174, 1024, 530, 4331, 306, 1432, 976, 2549, 101, 171, 2089]
RKP_05000_00100_1_06.txt|4055.3|4278|0.1439648179999989|[2608, 41, 208, 1799, 219, 457, 3167, 3825, 9, 807, 645, 62, 860, 1319, 435, 21, 866, 745, 14, 11, 55, 111, 747, 2510, 569, 7, 25, 44, 1542, 73, 652, 2842, 1031, 3571, 131, 912, 115, 377, 3239, 139, 152, 594, 133, 455, 2055, 707, 1279, 896, 3020, 2032, 3708, 3, 122, 329, 1512, 467, 8, 701]
RKP_05000_00100_1_07.txt|4492.33|4669|0.1436808330000011|[30, 3473, 219, 1, 97, 55, 876, 2883, 124, 931, 32, 79, 90, 451, 2591, 991, 1401, 453, 13, 3111, 2367, 1199, 155, 880, 180, 244, 1149, 3419, 118, 104, 1437, 582, 457, 188, 1477, 2037, 1827, 930, 204, 5, 2207, 1762, 2438, 1187, 3484, 4252, 192, 4, 11, 35, 811, 551, 1913, 2018, 8, 1222, 98, 1713, 218, 54, 1758, 1624]
RKP_05000_00100_1_08.txt|4115.86|4314|0.1429389500000002|[1318, 441, 3876, 266, 816, 300, 82, 3259, 4344, 275, 148, 687, 985, 48, 2845, 820, 6, 2780, 215, 1781, 183, 3911, 745, 1632, 4998, 906, 264, 2248, 2054, 341, 865, 54, 29, 502, 1079, 345, 2994, 1, 1186, 276, 288, 1717, 2250, 1984, 3927, 66, 564, 359, 1044, 257, 4811, 154, 179, 1267, 202, 2874, 3222, 739, 3226, 120, 52, 3137, 4473]
RKP_05000_00100_1_09.txt|3695.57|3941|0.14320194599999922|[786, 270, 816, 4135, 30, 178, 1441, 1363, 3759, 3697, 10, 121, 2, 3572, 325, 74, 423, 463, 6, 42, 853, 2965, 2807, 729, 383, 1260, 3051, 987, 1309, 1769, 796, 3, 1427, 533, 1387, 329, 1736, 1945, 4220, 1869, 4424, 4062, 445, 635, 1184, 4378, 619, 430, 512, 3200, 593, 3704, 559, 410]
RKP_05000_00100_1_10.txt|4189.87|4423|0.14374881399999878|[3373, 83, 564, 429, 2958, 482, 352, 4572, 1342, 2, 4369, 1804, 8, 60, 43, 48, 1395, 26, 153, 795, 3734, 437, 13, 2061, 230, 445, 21, 3176, 25, 180, 363, 1221, 956, 3086, 176, 189, 2120, 321, 385, 484, 20, 1517, 143, 90, 15, 134, 714, 805, 1091, 111, 1350, 612, 2028, 14, 2149, 4544, 3065, 1422, 843, 4813]
RKP_05000_00100_2_01.txt|398.6|432|0.1439471700000007|[2218, 77, 648, 540, 1292, 1647, 2000, 2210, 44, 110, 144, 2729, 68, 148, 220, 736, 1741, 626, 848, 2735, 4039, 2120, 2295, 2913, 2948, 3573, 4620, 4675, 1715, 551, 1057, 2019, 3518, 3, 204, 493, 560, 1735, 1887, 3043, 842, 3020, 123]
RKP_05000_00100_2_02.txt|456.74|479|0.1432883989999999|[407, 4347, 152, 1014, 455, 532, 1793, 275, 4063, 4978, 1493, 10, 35, 1178, 3, 298, 578, 3178, 677, 1800, 2437, 656, 3238, 8, 22, 40, 103, 1194, 1838, 2992, 3004, 2439, 4384, 29, 1570, 101, 2263, 2501, 536, 4, 73, 2707, 33, 929, 1307, 2412, 3848, 3917, 71, 1674, 1770]
RKP_05000_00100_2_03.txt|425.65|448|0.1433964370000021|[769, 4547, 5, 242, 710, 1122, 1234, 4989, 39, 826, 4806, 442, 895, 1925, 2550, 3969, 2606, 3625, 3890, 4206, 314, 1332, 3166, 1463, 1867, 524, 711, 4028, 1, 22, 82, 1749, 17, 11, 54, 798, 1184, 639, 1771, 2287, 4, 388, 2844, 157]
RKP_05000_00100_2_04.txt|411.68|431|0.143390468999998|[506, 2126, 387, 5, 491, 917, 355, 1415, 1565, 1633, 950, 752, 1551, 35, 1107, 1, 4139, 156, 325, 1138, 1566, 2299, 12, 168, 3153, 72, 109, 637, 2042, 2052, 13, 3028, 3572, 531, 291, 840, 1295, 1489, 2568, 45, 283, 1864, 4, 2789, 25]
RKP_05000_00100_2_05.txt|448.58|473|0.14311486999999887|[1029, 991, 2083, 52, 1224, 1654, 2545, 3226, 366, 879, 3406, 2785, 3758, 452, 522, 1741, 984, 1823, 69, 693, 797, 274, 355, 2365, 2703, 3555, 29, 2614, 426, 3241, 829, 2208, 2261, 2815, 3573, 51, 434, 3481, 3549, 40, 1503, 1735, 2146, 684, 5, 22, 942, 2332]
RKP_05000_00100_2_06.txt|423.58|446|0.1435415389999969|[4405, 466, 135, 816, 2118, 3347, 62, 136, 324, 758, 6, 356, 2040, 326, 2322, 3682, 1109, 1288, 2453, 129, 369, 4478, 1688, 3081, 1, 639, 1433, 210, 3, 182, 1917, 1383, 602, 1193, 2974, 1581, 2148, 367, 374, 502, 1394, 3184, 3385, 342, 2312]
RKP_05000_00100_2_07.txt|426.35|457|0.14407780699999934|[1, 2641, 3, 71, 333, 2751, 43, 58, 235, 938, 141, 260, 595, 1949, 15, 373, 396, 2528, 4183, 79, 261, 2108, 3866, 177, 3229, 3555, 55, 74, 2332, 4327, 4507, 7, 516, 49, 744, 11, 28, 341, 345, 1073, 1601, 3488, 109, 179, 180, 1389, 2246, 2419]
RKP_05000_00100_2_08.txt|412.85|432|0.14324977900000022|[98, 342, 199, 1204, 14, 2584, 11, 24, 2149, 3421, 2, 41, 636, 1387, 1617, 1700, 48, 23, 4332, 25, 1, 79, 735, 15, 291, 367, 869, 7, 94, 464, 967, 3246, 3696, 1273, 3365, 1301, 2831, 99, 152, 953, 2915, 57, 394, 723, 2133, 2399, 2522]
RKP_05000_00100_2_09.txt|453.1|476|0.14313692299999958|[18, 86, 2352, 2953, 3113, 294, 112, 846, 1338, 2179, 2318, 4070, 110, 142, 6, 75, 355, 2365, 5, 1149, 1331, 2692, 755, 2520, 4778, 362, 1335, 1397, 61, 433, 1873, 315, 1679, 2213, 15, 796, 293, 20, 45, 66, 558, 574, 747, 1611, 1919, 537, 2027, 88, 392]
RKP_05000_00100_2_10.txt|412.09|443|0.14265319799999987|[275, 502, 2345, 2802, 113, 2318, 2768, 4994, 19, 74, 120, 326, 1547, 1773, 315, 184, 210, 253, 1459, 2435, 3300, 78, 163, 1313, 3005, 4424, 660, 1253, 72, 302, 3123, 935, 1183, 1576, 1608, 3484, 640, 1577, 250, 918, 1932, 2755, 3321]
RKP_05000_00100_3_01.txt|771.21|800|0.1440367090000001|[1, 8, 26, 145, 224, 312, 334, 349, 361, 465, 610, 1006, 1272, 1751, 2321, 3252, 3674, 3675, 4195, 2, 4, 5, 18, 22, 44, 55, 69, 77, 242, 345, 377, 395, 413, 506, 533, 534, 676, 995, 1037, 1119, 1187, 1286, 1335, 1994, 2090, 3046, 3323, 3683, 4057, 10, 11, 48, 83, 97, 135, 231, 279, 288, 471, 588, 661, 692, 900, 1096, 1192, 1725, 1768, 2039, 2608, 3272]
RKP_05000_00100_3_02.txt|821.47|890|0.14392944599999966|[9, 38, 98, 132, 145, 148, 167, 219, 272, 301, 312, 313, 351, 392, 472, 856, 989, 1047, 1092, 1136, 1267, 1335, 1876, 2362, 2689, 2762, 2772, 2848, 3287, 3344, 3645, 4912, 11, 31, 40, 89, 166, 304, 330, 365, 427, 554, 917, 1093, 1147, 1326, 1510, 1524, 1637, 1727, 1824, 2367, 3623, 1, 22, 55, 93, 94, 135, 203, 254, 356, 373, 415, 434, 496, 512, 542, 776, 973, 1119, 1271, 1664, 1834, 2409, 2674, 2722, 3318, 3615]
RKP_05000_00100_3_03.txt|866.22|880|0.1447591320000038|[18, 76, 86, 129, 156, 191, 258, 341, 520, 894, 945, 977, 1058, 1256, 1305, 1712, 1847, 1888, 2793, 2858, 3115, 4563, 4874, 3, 73, 124, 155, 165, 380, 459, 647, 656, 698, 714, 901, 996, 1525, 1672, 1732, 1890, 2351, 2659, 2662, 3260, 4968, 1, 5, 6, 15, 21, 27, 52, 96, 140, 159, 205, 283, 387, 403, 820, 914, 1109, 1226, 1304, 1409, 1459, 1487, 1558, 1571, 1941, 2676, 2962, 2984, 2989, 4254, 4440, 4520, 4528]
RKP_05000_00100_3_04.txt|832.68|860|0.14352520900000287|[1, 56, 100, 298, 318, 325, 335, 446, 688, 708, 759, 808, 1024, 1193, 1283, 1757, 1788, 2274, 2340, 2600, 2810, 3111, 3639, 3851, 4996, 2, 3, 4, 15, 28, 47, 98, 133, 205, 309, 377, 403, 819, 991, 995, 1162, 1293, 1347, 1817, 2992, 3697, 3783, 5, 9, 11, 16, 59, 320, 365, 375, 578, 769, 770, 898, 984, 1182, 1227, 1264, 1338, 1348, 1433, 1570, 1739, 1905, 2156, 2386, 2433, 2634, 3384, 4679, 7]
RKP_05000_00100_3_05.txt|721.62|750|0.14449281000000214|[32, 122, 238, 362, 485, 638, 669, 909, 936, 950, 2040, 2337, 2596, 3135, 4423, 1, 24, 25, 47, 60, 76, 206, 220, 345, 435, 588, 590, 614, 656, 769, 891, 994, 1088, 1491, 1526, 1529, 1760, 1810, 2471, 2837, 2877, 3492, 3753, 4063, 4074, 4118, 4182, 4207, 7, 52, 292, 295, 480, 513, 573, 905, 973, 1668, 2456, 2714, 2928, 3114, 4073, 4398, 2]
RKP_05000_00100_3_06.txt|841.8|870|0.14502129300000205|[2, 26, 27, 58, 179, 244, 352, 492, 683, 755, 796, 838, 956, 1148, 1376, 1477, 1698, 1860, 1884, 2159, 2205, 2710, 2738, 3082, 6, 45, 82, 108, 157, 181, 207, 434, 460, 588, 700, 787, 899, 1081, 1227, 1393, 1727, 2299, 2520, 3091, 3095, 1, 15, 24, 25, 32, 35, 68, 79, 103, 113, 119, 121, 203, 248, 270, 452, 551, 564, 638, 1046, 1130, 1451, 1657, 1735, 2457, 2528, 2878, 2889, 2978, 3112, 4282, 7]
RKP_05000_00100_3_07.txt|865.35|880|0.14443042799999944|[1, 10, 16, 20, 89, 99, 169, 206, 213, 222, 362, 372, 416, 523, 550, 699, 729, 817, 876, 883, 980, 1095, 1453, 1615, 1960, 2113, 2510, 2667, 2701, 2869, 3232, 3416, 3653, 4835, 32, 166, 167, 178, 185, 211, 355, 485, 549, 566, 583, 799, 865, 985, 1060, 1116, 1411, 3509, 4038, 4083, 4185, 4467, 14, 18, 30, 77, 93, 98, 114, 119, 189, 281, 304, 356, 495, 500, 507, 750, 812, 890, 1030, 1577, 1833, 1892]
RKP_05000_00100_3_08.txt|812.56|900|0.14435162400000195|[1, 6, 13, 92, 100, 101, 161, 238, 343, 428, 563, 700, 969, 1238, 1240, 1355, 1478, 1502, 1589, 1973, 2091, 2276, 2572, 3001, 4353, 4735, 2, 44, 60, 89, 99, 273, 294, 515, 525, 611, 685, 807, 888, 1228, 1344, 2084, 2363, 2465, 3689, 4049, 17, 28, 47, 97, 129, 169, 215, 227, 328, 346, 382, 491, 557, 572, 645, 925, 1076, 1208, 1244, 1414, 1517, 1802, 2154, 2430, 2702, 3330, 3335, 3410, 3716, 3821, 4062, 4178, 4225, 4604]
RKP_05000_00100_3_09.txt|815.69|870|0.14567292700000337|[2, 24, 94, 137, 262, 355, 409, 466, 585, 600, 662, 827, 839, 1067, 1683, 2033, 2227, 2595, 2609, 2862, 2897, 2925, 3500, 3562, 3987, 4681, 4902, 4948, 10, 18, 25, 49, 116, 154, 277, 307, 373, 419, 501, 610, 754, 973, 1004, 1210, 1430, 2275, 3283, 4425, 4677, 1, 40, 55, 63, 111, 205, 217, 271, 288, 636, 696, 789, 981, 986, 1161, 1532, 1558, 1913, 2048, 2372, 2453, 2846, 3120, 3603, 3727, 4348, 4813, 26]
RKP_05000_00100_3_10.txt|830.09|860|0.14420988599999818|[3, 22, 47, 52, 173, 283, 383, 438, 627, 666, 1046, 1419, 1426, 1430, 1463, 1547, 1938, 2235, 2244, 2477, 2567, 2929, 2988, 2990, 3869, 3877, 4783, 2, 5, 11, 50, 57, 79, 109, 110, 113, 141, 142, 166, 211, 227, 333, 559, 685, 780, 793, 798, 1040, 1688, 2720, 3415, 8, 19, 27, 30, 63, 119, 216, 236, 252, 659, 775, 787, 860, 881, 1075, 1166, 1946, 2107, 2181, 2195, 2312, 3361, 3997, 4448, 4628]
RKP_05000_00100_4_01.txt|100.0|100|0.141416267999997|[4279]
RKP_05000_00100_4_02.txt|100.0|100|0.14278153900000462|[4283]
RKP_05000_00100_4_03.txt|100.0|100|0.1422640819999981|[4262]
RKP_05000_00100_4_04.txt|100.0|100|0.14300852100001066|[4224]
RKP_05000_00100_4_05.txt|100.0|100|0.1424824120000028|[4227]
RKP_05000_00100_4_06.txt|100.0|100|0.14109499600001071|[4203]
RKP_05000_00100_4_07.txt|100.0|100|0.14458566799999517|[4210]
RKP_05000_00100_4_08.txt|100.0|100|0.14178252999999016|[4203]
RKP_05000_00100_4_09.txt|100.0|100|0.14331375700000534|[4209]
RKP_05000_00100_4_10.txt|100.0|100|0.14267559899999696|[4213]
RKP_05000_00100_5_01.txt|96.3|102|0.14185328199999844|[8, 10, 11, 12, 13, 14, 15, 17, 18, 20, 25, 27, 31, 33, 37, 41, 42, 43, 44, 46, 50, 51, 52]
RKP_05000_00100_5_02.txt|98.45|105|0.14320512000000007|[4, 7, 10, 11, 13, 15, 18, 20, 22, 23, 26, 27, 29, 30, 32, 36, 37]
RKP_05000_00100_5_03.txt|97.19|102|0.14175794499999939|[4, 6, 16, 18, 19, 21, 25, 29, 30, 32, 33, 34, 38, 39, 41, 43, 44]
RKP_05000_00100_5_04.txt|98.04|105|0.14580832100001204|[7, 8, 10, 12, 14, 19, 21, 25, 26, 29, 34, 35, 36, 38, 42, 45, 46]
RKP_05000_00100_5_05.txt|96.4|105|0.14428848500000072|[4, 7, 8, 14, 16, 18, 19, 20, 23, 25, 26, 28, 29, 30, 33, 34, 36, 37]
RKP_05000_00100_5_06.txt|96.8|102|0.14284558199999423|[7, 9, 14, 15, 18, 21, 22, 23, 25, 26, 28, 33, 34, 35, 36, 40, 41, 46, 47]
RKP_05000_00100_5_07.txt|97.24|102|0.14416879700000096|[2, 4, 6, 7, 8, 15, 16, 17, 18, 19, 20, 25, 26, 28, 30, 35, 41, 45, 46]
RKP_05000_00100_5_08.txt|96.62|102|0.14293885499999986|[4, 5, 6, 8, 9, 11, 12, 15, 16, 19, 21, 23, 24, 25, 26, 27, 29, 30, 31, 32, 34, 36, 42, 44]
RKP_05000_00100_5_09.txt|96.14|101|0.14297915200000147|[4, 6, 8, 9, 10, 12, 15, 17, 18, 23, 25, 29, 30, 33, 36, 38, 39, 42, 43, 44]
RKP_05000_00100_5_10.txt|98.54|104|0.141552719999994|[4, 6, 9, 11, 16, 17, 21, 22, 23, 24, 27, 29, 31, 36, 38, 39, 42, 44, 45, 46]
RKP_05000_01000_1_01.txt|54430.12|56344|0.15139598599999884|[424, 53, 2254, 3485, 1232, 164, 732, 18, 4971, 1742, 151, 700, 23, 17, 328, 2481, 778, 1, 13, 226, 379, 866, 4223, 3791, 78, 661, 2777, 15, 1979, 751, 3534, 3799, 96, 86, 8, 3256, 2266, 1034, 368, 16, 1858, 3187, 1724, 2874, 1756, 1591, 33, 2077, 22, 1841, 271, 1196, 969, 252, 334, 800, 30, 921, 118, 212, 82, 511, 1431, 4479, 3144, 3282, 1214, 35, 1919, 2, 551, 2814, 726, 59, 974, 123, 2497, 1686, 491, 2629, 1512, 232, 1564, 1425, 10]
RKP_05000_01000_1_02.txt|57769.33|60383|0.15163133199999607|[406, 2800, 918, 675, 4489, 7, 728, 3565, 89, 1205, 1337, 304, 4961, 1590, 222, 36, 1414, 988, 22, 41, 2832, 2594, 235, 2379, 588, 1403, 109, 425, 622, 1999, 3349, 17, 3, 837, 1677, 39, 1055, 1261, 337, 965, 368, 2745, 236, 539, 917, 1604, 1277, 2973, 78, 694, 3668, 2727, 207, 3585, 84, 464, 506, 3875, 2120, 2825, 10, 2198, 282, 2041, 2750, 471, 293, 165, 646, 1455, 130, 65, 1, 2011, 4414, 2769, 1687, 1698, 772, 155, 4495, 1329]
RKP_05000_01000_1_03.txt|52084.69|54231|0.1538311620000002|[1614, 882, 3194, 3276, 22, 1039, 1854, 1150, 24, 1534, 1822, 852, 272, 940, 176, 67, 1, 2471, 3392, 2688, 135, 174, 3920, 479, 76, 1415, 248, 165, 3232, 72, 1605, 1483, 933, 1475, 60, 339, 1478, 2314, 1027, 749, 62, 1719, 3, 129, 533, 1815, 515, 1006, 2016, 1146, 988, 1364, 4640, 810, 192, 1979, 344, 875, 13, 1339, 4283, 441, 2468, 33, 4216, 649, 400, 186, 8, 1268, 1384, 20, 1128, 28]
RKP_05000_01000_1_04.txt|54655.26|56505|0.14916969100000188|[1218, 61, 223, 4624, 1450, 238, 4775, 1275, 135, 35, 952, 498, 794, 716, 4277, 4397, 16, 594, 1107, 1, 3926, 52, 9, 482, 724, 3051, 533, 33, 1174, 1916, 2060, 2999, 49, 25, 2, 248, 1021, 10, 7, 1689, 2047, 114, 270, 64, 395, 8, 181, 132, 2580, 4329, 318, 886, 2470, 71, 1597, 1142, 522, 1395, 191, 3271, 670, 792, 3055, 687, 546, 210, 105, 421, 3023, 351, 2320, 882, 304, 1546, 625, 2382, 5, 2023, 100, 4232, 30, 413, 50]
RKP_05000_01000_1_05.txt|53530.55|55461|0.15077659899999843|[1142, 1649, 91, 385, 430, 2, 65, 259, 2069, 1606, 1411, 1588, 132, 985, 2547, 4053, 14, 1093, 254, 352, 467, 3468, 279, 1316, 339, 97, 93, 46, 119, 168, 4, 3067, 2834, 1227, 2271, 1474, 711, 8, 580, 1321, 1883, 1049, 4096, 16, 73, 943, 593, 94, 130, 120, 48, 1607, 4118, 2004, 330, 19, 2263, 85, 1893, 2256, 201, 231, 903, 2360, 72, 27, 4385, 1418, 1708, 1319, 434, 1355, 667, 1155, 1162, 189, 1853, 267, 816, 1320, 334, 157, 651, 9, 1023, 2740, 1842]
RKP_05000_01000_1_06.txt|52560.98|54384|0.1525140009999973|[736, 51, 8, 691, 4603, 48, 2050, 52, 80, 2517, 269, 1097, 1879, 2857, 1916, 1511, 1242, 943, 297, 2865, 336, 1910, 498, 3076, 2, 3, 217, 1689, 1368, 90, 2925, 1002, 159, 1192, 894, 13, 697, 2483, 292, 646, 1062, 429, 656, 1040, 3109, 721, 1662, 688, 163, 4793, 1, 4196, 2012, 37, 2025, 192, 224, 2168, 4, 337, 288, 2861, 1720, 2048, 60, 883, 188, 107, 2195, 998, 3846, 2967, 10, 25, 503, 399, 88, 2028, 1530, 23, 9, 6, 150, 284, 830]
RKP_05000_01000_1_07.txt|48952.15|51202|0.1504810940000027|[753, 4009, 1741, 15, 2, 226, 2669, 213, 1865, 204, 91, 568, 84, 161, 957, 1449, 44, 522, 1175, 421, 2087, 23, 1359, 130, 2001, 46, 198, 77, 386, 2245, 616, 651, 1697, 4242, 1, 65, 8, 1607, 848, 731, 2593, 985, 1047, 1489, 2984, 993, 2145, 1378, 241, 453, 608, 3438, 1178, 577, 2235, 119, 38, 188, 94, 1052, 363, 424, 666, 637, 2537, 80, 115, 523, 21, 628, 1231, 1764, 110, 2507, 3455, 795]
RKP_05000_01000_1_08.txt|50454.05|52515|0.14885175799999387|[427, 140, 20, 4497, 24, 2382, 2356, 89, 2585, 1275, 1088, 651, 1487, 430, 2110, 10, 2528, 279, 785, 527, 109, 235, 670, 3925, 15, 257, 3318, 115, 738, 151, 3937, 66, 81, 890, 419, 39, 2070, 75, 190, 892, 29, 32, 548, 2099, 1391, 207, 3788, 952, 389, 3288, 3437, 43, 217, 117, 575, 2841, 1485, 488, 298, 8, 1138, 4618, 7, 823, 26, 2723, 3244, 1574, 3, 2885, 3112, 873, 4666, 849, 338]
RKP_05000_01000_1_09.txt|53539.7|56069|0.15001288000000612|[684, 4115, 157, 3179, 1714, 128, 2381, 1434, 51, 1366, 3964, 1788, 1, 364, 6, 1362, 996, 18, 163, 1242, 883, 191, 104, 2, 3245, 39, 1481, 17, 427, 47, 499, 1854, 3, 2121, 2364, 190, 2845, 4, 27, 1579, 714, 473, 1113, 1414, 2399, 2012, 3556, 3900, 73, 3744, 3156, 1699, 94, 25, 359, 3644, 1495, 390, 2034, 3448, 1679, 153, 49, 2239, 1911, 136, 320, 2651, 223, 1329, 429, 563, 107, 2943, 1761, 2452, 562, 93, 2328, 998, 29, 302]
RKP_05000_01000_1_10.txt|59018.91|60979|0.15229844899999762|[129, 528, 1044, 1640, 888, 500, 785, 1479, 486, 2, 2671, 1914, 1, 461, 2184, 2867, 245, 2216, 844, 384, 1680, 180, 1361, 47, 104, 1253, 2153, 359, 1095, 49, 100, 9, 11, 286, 4815, 807, 1554, 740, 43, 33, 2541, 1686, 3309, 187, 2560, 1436, 1476, 261, 2608, 198, 1430, 634, 1553, 4698, 28, 103, 4036, 1413, 604, 2753, 1076, 3836, 1313, 2309, 582, 1934, 813, 1817, 1423, 3687, 1641, 255, 904, 80, 464, 152, 1284, 2544, 38, 1333, 2698, 1617, 1175, 839, 2737, 3137, 13, 212, 2763]
RKP_05000_01000_2_01.txt|4077.01|4328|0.14961672200000295|[176, 103, 339, 1473, 947, 1844, 951, 3919, 483, 4166, 2, 2000, 88, 2400, 1100, 1641, 541, 2351, 3060, 1898, 3764, 2281, 761, 1046, 32, 7, 81, 413, 395, 4493, 147, 3395, 687, 115, 4598, 2671, 12, 38, 22, 1173, 352, 23, 2581, 716, 34, 1573, 165, 1730, 4001, 2057]
RKP_05000_01000_2_02.txt|4307.43|4540|0.1493848719999926|[1045, 2, 279, 491, 2308, 1693, 1068, 462, 1577, 317, 2581, 545, 365, 62, 121, 1739, 1812, 311, 471, 667, 76, 2983, 653, 1856, 1294, 94, 2259, 964, 1000, 44, 379, 4977, 862, 3342, 139, 1189, 2213, 820, 2682, 3, 1159, 1503, 299, 79, 1, 3498, 162, 1284, 3942, 345, 4784]
RKP_05000_01000_2_03.txt|4389.57|4637|0.1497442699999999|[51, 305, 726, 3416, 217, 465, 308, 4964, 1002, 655, 69, 86, 3540, 2930, 3351, 286, 3180, 2340, 1958, 507, 3343, 131, 104, 3938, 942, 3087, 118, 177, 341, 1732, 858, 3822, 1132, 2610, 106, 63, 414, 235, 185, 589, 350, 862, 171, 1684, 1256, 49, 7, 155, 2182]
RKP_05000_01000_2_04.txt|4837.76|5039|0.1497569010000052|[17, 1740, 63, 2518, 585, 2408, 1989, 2245, 183, 153, 4454, 3, 2928, 371, 4424, 400, 545, 1906, 3530, 1086, 54, 1672, 2249, 3872, 302, 768, 509, 82, 758, 4236, 22, 7, 348, 916, 1319, 247, 557, 662, 1539, 51, 163, 2989, 84, 3183, 547, 667, 57, 23, 2237, 3498, 1412, 3767, 2508, 41, 222, 1996]
RKP_05000_01000_2_05.txt|4283.33|4506|0.15015096799999925|[734, 420, 204, 33, 1132, 273, 1680, 876, 34, 8, 360, 526, 1064, 201, 5, 4485, 3, 2513, 1158, 2943, 427, 1269, 4215, 260, 344, 16, 3321, 390, 2548, 453, 80, 23, 9, 1052, 30, 2686, 1672, 156, 43, 807, 1576, 784, 4, 1839, 208, 1478, 93, 125, 478, 541, 17, 70, 1967]
RKP_05000_01000_2_06.txt|4495.62|4748|0.14897840700000076|[464, 1933, 61, 1, 473, 900, 105, 683, 2638, 27, 344, 1569, 30, 1477, 1948, 793, 36, 1619, 1134, 138, 282, 672, 403, 154, 925, 152, 2476, 59, 707, 1898, 4951, 242, 3111, 739, 159, 862, 2, 94, 328, 2690, 2201, 2484, 109, 10, 4545, 670, 184, 5, 252, 1991, 63, 4407, 470, 1896, 78, 2328, 443, 4039, 3459]
RKP_05000_01000_2_07.txt|4656.56|4837|0.15153510100000062|[4279, 207, 2282, 759, 2206, 2608, 157, 1902, 4495, 909, 1811, 3275, 1643, 1625, 12, 3129, 4453, 11, 771, 1552, 1437, 1265, 516, 3147, 212, 2446, 3882, 2461, 294, 1593, 2843, 2241, 1945, 387, 44, 257, 3196, 368, 751, 1425, 2233, 1886, 1139, 997, 3507, 2864, 1231, 1123, 3031, 3259, 4429, 772, 3294, 1800, 3041, 238, 420]
RKP_05000_01000_2_08.txt|4628.65|4885|0.1496050119999836|[1499, 298, 312, 59, 1184, 78, 44, 972, 236, 264, 6, 17, 3148, 1067, 846, 3191, 1783, 677, 2808, 2399, 747, 242, 2941, 580, 1314, 200, 1114, 108, 385, 1156, 1924, 3857, 201, 14, 1664, 3385, 174, 114, 362, 278, 30, 823, 213, 371, 833, 720, 658, 413, 608, 386, 4, 1865, 313, 987, 324]
RKP_05000_01000_2_09.txt|4452.18|4732|0.15140747199999852|[897, 1556, 1226, 408, 4, 379, 3478, 1132, 128, 1583, 10, 1967, 2140, 3, 1786, 25, 175, 821, 13, 2317, 1992, 536, 419, 118, 310, 1259, 784, 1627, 935, 3113, 3974, 2789, 1428, 677, 15, 3583, 2094, 2005, 4669, 247, 1587, 22, 77, 44, 270, 1844, 116, 2982, 2637, 709, 3297, 63, 1594]
RKP_05000_01000_2_10.txt|4242.47|4500|0.1533405720000019|[4267, 4015, 9, 137, 2998, 18, 191, 1502, 99, 227, 2318, 149, 3712, 36, 1926, 4084, 922, 420, 19, 294, 1494, 2559, 1049, 1523, 3674, 1011, 1303, 4809, 3584, 1858, 95, 82, 587, 206, 1686, 2034, 351, 1619, 305, 3163, 25, 880, 1176, 15, 337, 55, 312, 2227, 64, 536]
RKP_05000_01000_3_01.txt|9205.37|9499|0.14878400899998723|[34, 1698, 1958, 562, 1615, 1, 47, 2461, 3246, 2416, 2783, 21, 2851, 40, 97, 112, 114, 108, 2748, 176, 284, 1198, 3421, 237, 455, 1081, 2241, 1894, 2178, 2874, 150, 276, 72, 372, 550, 384, 1600, 9, 60, 87, 3683, 132, 757, 1382, 2429, 728, 996, 23, 381, 604, 4452, 77, 917, 560, 1140, 1365, 45, 241, 1087, 15, 16, 37, 1139, 207, 1779, 305, 387, 3591, 109, 400, 2250, 527, 1021, 161, 1923, 8, 1038, 2056, 670, 3188, 3426, 119, 688, 1176, 2082]
RKP_05000_01000_3_02.txt|10024.6|10293|0.15107548100001622|[140, 1041, 28, 849, 2067, 129, 1087, 1499, 2113, 2425, 446, 878, 1486, 2704, 3041, 3308, 2, 33, 1885, 2978, 3750, 39, 90, 379, 425, 542, 562, 2330, 2853, 1161, 40, 107, 169, 1908, 892, 2667, 445, 1117, 2989, 4507, 13, 1046, 801, 2136, 2565, 66, 718, 1174, 3393, 2080, 4719, 2953, 71, 1240, 1334, 3832, 209, 1436, 2215, 263, 345, 1193, 38, 646, 448, 1, 25, 214, 3546, 116, 953, 1484, 303, 1083, 55, 111, 1243, 436, 883, 1020, 4134, 790, 309, 581, 1631, 10, 305, 378, 609, 730, 1692, 2772, 206]
RKP_05000_01000_3_03.txt|10269.91|10595|0.15086205600000313|[36, 3273, 4215, 158, 399, 975, 4813, 5, 26, 881, 1498, 215, 360, 609, 2319, 621, 3166, 3, 4, 199, 22, 129, 439, 710, 1597, 2, 568, 652, 4041, 989, 4695, 465, 896, 4671, 246, 1, 38, 163, 339, 763, 794, 1041, 1523, 1559, 2202, 1663, 1465, 4084, 4338, 200, 221, 1082, 1533, 2087, 2034, 11, 239, 856, 4529, 839, 1605, 1733, 480, 1157, 1222, 1164, 2386, 3910, 907, 2298, 153, 377, 765, 770, 879, 1767, 1926, 2529, 2901, 3239, 3697, 4149, 127, 1077, 1360, 1429, 709, 2439, 3545, 137, 16, 1188, 3674, 10, 18, 306]
RKP_05000_01000_3_04.txt|10374.8|10695|0.1505557909999925|[175, 548, 1872, 2372, 2868, 619, 1080, 132, 198, 448, 680, 2150, 4, 63, 261, 989, 9, 70, 4880, 6, 111, 657, 1, 495, 1064, 1276, 1396, 2516, 2568, 574, 2747, 610, 27, 3197, 3448, 18, 3523, 1786, 3330, 2541, 769, 1226, 709, 1049, 225, 747, 15, 962, 1322, 82, 205, 263, 977, 1589, 2593, 3612, 321, 337, 360, 3, 17, 1996, 2857, 13, 648, 1398, 2575, 45, 277, 568, 1912, 827, 1165, 1493, 1557, 1801, 306, 437, 650, 3645, 35, 51, 109, 144, 496, 1296, 3474, 29, 58, 864, 2506, 8, 3625, 5, 7, 142, 4042]
RKP_05000_01000_3_05.txt|9549.42|9995|0.14955006700000922|[26, 1, 7, 344, 1909, 3635, 162, 143, 985, 1759, 1859, 2460, 219, 2123, 1305, 16, 34, 48, 1516, 1588, 1619, 19, 1552, 2634, 4338, 3558, 29, 285, 1060, 2920, 3469, 56, 555, 3439, 3584, 32, 49, 348, 912, 3055, 658, 708, 748, 998, 1263, 8, 112, 1033, 1090, 11, 501, 638, 1500, 3106, 70, 212, 335, 358, 122, 183, 2077, 2298, 2744, 777, 1259, 1770, 3370, 3, 10, 2723, 6, 386, 491, 692, 2610, 3258, 1069, 3440, 632, 830, 1502, 117, 1044, 1068, 1206, 1037, 513, 620, 958, 1256]
RKP_05000_01000_3_06.txt|10045.6|10300|0.15092460999998822|[4, 813, 4258, 46, 288, 4808, 6, 12, 488, 213, 55, 1551, 760, 801, 4322, 41, 1119, 2741, 76, 603, 85, 931, 2251, 3214, 1359, 276, 889, 1978, 3533, 3, 286, 7, 45, 734, 1522, 1917, 2026, 665, 4000, 1466, 1640, 1, 184, 418, 1030, 1296, 102, 249, 404, 431, 702, 3390, 94, 193, 219, 2623, 368, 623, 141, 767, 2, 686, 1212, 1697, 4424, 39, 71, 1281, 3851, 206, 3324, 4315, 2138, 84, 350, 607, 3095, 287, 469, 573, 1610, 3433, 756, 88, 1595, 2442, 946, 2799, 4039, 1506, 4911, 9, 10]
RKP_05000_01000_3_07.txt|9881.51|10288|0.15034663500001444|[13, 293, 827, 1003, 1792, 60, 413, 79, 291, 762, 1783, 427, 1998, 36, 849, 593, 1470, 84, 891, 2716, 73, 100, 3628, 884, 896, 1789, 2, 125, 295, 417, 1123, 2357, 2900, 3085, 214, 487, 883, 1055, 2587, 3854, 477, 18, 218, 527, 4233, 3, 11, 370, 714, 1044, 2104, 2966, 3438, 658, 1544, 113, 393, 3135, 3716, 76, 216, 1, 251, 640, 1179, 2448, 3146, 194, 221, 1564, 4659, 462, 1066, 1090, 1173, 2043, 3402, 4456, 398, 3731, 4131, 20, 33, 1407, 2111, 29, 91, 1825, 2095, 360, 136, 725, 93]
RKP_05000_01000_3_08.txt|10011.4|10389|0.14996044600001368|[3214, 134, 1976, 1588, 3808, 4022, 14, 525, 1036, 3087, 28, 152, 953, 1135, 1733, 217, 394, 4, 260, 270, 1970, 2364, 2402, 883, 1009, 2484, 80, 3571, 2858, 556, 686, 4192, 250, 2977, 279, 474, 654, 1513, 1967, 3396, 944, 1077, 4463, 77, 2019, 3237, 6, 1273, 1636, 725, 1117, 22, 162, 2025, 3346, 331, 2088, 1050, 3017, 3284, 4779, 1014, 3557, 4700, 154, 301, 901, 1, 2, 295, 656, 707, 1364, 35, 73, 82, 213, 660, 895, 3, 1502, 2391, 2808, 489, 116, 498, 571, 2381, 230, 3324, 1159, 1395, 359, 177]
RKP_05000_01000_3_09.txt|9247.17|9599|0.15183857099999615|[760, 2051, 2511, 2621, 671, 1189, 655, 73, 242, 384, 661, 2486, 3256, 4292, 51, 2497, 556, 664, 852, 3443, 152, 1471, 106, 281, 376, 7, 9, 87, 3392, 3572, 136, 492, 751, 4136, 3538, 252, 462, 1684, 2055, 2941, 26, 83, 99, 159, 453, 494, 2, 207, 2287, 3618, 1313, 1, 8, 797, 13, 290, 1003, 310, 2024, 2401, 4, 111, 931, 2706, 57, 81, 412, 1420, 2657, 3020, 1148, 3868, 564, 4818, 100, 444, 516, 1153, 6, 20, 786, 296, 238, 4047, 237, 1978]
RKP_05000_01000_3_10.txt|9939.41|10194|0.15102441199999703|[16, 2894, 270, 3150, 33, 119, 196, 219, 1125, 2764, 1, 3, 25, 2940, 3240, 50, 393, 876, 1329, 3435, 3589, 4466, 145, 692, 811, 1019, 3234, 369, 14, 2915, 434, 3251, 69, 4052, 1785, 2813, 6, 2224, 2749, 52, 1093, 1498, 4227, 413, 1184, 112, 223, 789, 808, 1621, 4747, 4631, 343, 344, 2139, 2, 2189, 1847, 10, 3119, 458, 944, 1279, 2611, 73, 1343, 3064, 218, 312, 400, 417, 479, 3879, 1530, 66, 194, 360, 1317, 3788, 2030, 159, 342, 490, 1192, 2061, 3026, 62, 1854, 3127, 7, 1890, 4]
RKP_05000_01000_4_01.txt|999.72|1000|0.14990704099998084|[4922]
RKP_05000_01000_4_02.txt|999.73|1000|0.14969907600001306|[4971]
RKP_05000_01000_4_03.txt|999.94|1000|0.14742624700000534|[4567]
RKP_05000_01000_4_04.txt|999.95|1000|0.14943140500000482|[4995]
RKP_05000_01000_4_05.txt|1000.0|1000|0.14785395300000345|[4575]
RKP_05000_01000_4_06.txt|1000.0|1000|0.14953535199999807|[4578]
RKP_05000_01000_4_07.txt|999.92|1000|0.15010888500000874|[4685]
RKP_05000_01000_4_08.txt|999.97|1000|0.1511991799999987|[4575]
RKP_05000_01000_4_09.txt|1000.0|1000|0.14843538499999795|[4528]
RKP_05000_01000_4_10.txt|1000.0|1000|0.14905515799998967|[4469]
RKP_05000_01000_5_01.txt|967.88|1009|0.14610619500000438|[1, 6, 10, 13, 14, 15, 19, 20, 23, 26, 28, 32, 35, 36, 37, 39, 42, 43, 45, 47, 48, 49, 52, 55]
RKP_05000_01000_5_02.txt|966.16|1020|0.14702110500000118|[3, 5, 9, 12, 15, 17, 20, 21, 22, 24, 25, 27, 33, 35, 37, 38, 50, 52, 53, 54]
RKP_05000_01000_5_03.txt|964.72|1024|0.14811582900001213|[6, 7, 9, 10, 11, 12, 13, 17, 19, 21, 25, 27, 30, 32, 37, 38, 39, 40, 44, 45]
RKP_05000_01000_5_04.txt|964.93|1018|0.14746217200000727|[9, 10, 13, 15, 16, 17, 19, 25, 26, 27, 28, 29, 34, 35, 36, 38, 41, 44, 46, 48]
RKP_05000_01000_5_05.txt|971.86|1016|0.14765187199998991|[5, 7, 13, 15, 16, 18, 19, 20, 21, 22, 23, 26, 28, 30, 32, 33, 35, 36, 37, 38]
RKP_05000_01000_5_06.txt|952.39|1013|0.14834309800003212|[5, 7, 10, 11, 14, 17, 20, 23, 24, 28, 29, 30, 31, 32, 33, 34, 35, 36, 37, 40, 41, 42, 44, 46, 47]
RKP_05000_01000_5_07.txt|971.37|1020|0.150941992999999|[2, 4, 5, 7, 8, 10, 13, 16, 20, 24, 25, 26, 29, 31, 34, 37, 38, 40, 42, 45, 48, 49, 50, 52]
RKP_05000_01000_5_08.txt|968.48|1028|0.14571772799998825|[3, 4, 5, 6, 7, 9, 10, 12, 14, 18, 19, 21, 22, 23, 26, 27, 28, 31, 32, 33, 34, 35, 37, 38]
RKP_05000_01000_5_09.txt|968.49|1017|0.1472092509999925|[1, 2, 5, 7, 8, 11, 17, 18, 19, 23, 27, 28, 31, 33, 36, 38, 39, 40, 48, 49, 52, 53, 54, 56, 57]
RKP_05000_01000_5_10.txt|959.22|1019|0.14945430300000226|[5, 11, 12, 15, 18, 19, 20, 21, 26, 28, 29, 30, 32, 33, 34, 37, 38, 41]
RKP_05000_05000_1_01.txt|252803.26|260523|0.15203848099999276|[2195, 1201, 226, 254, 1200, 1260, 134, 239, 2685, 263, 2997, 74, 477, 1939, 36, 2945, 826, 1595, 255, 149, 1416, 688, 168, 1437, 75, 1247, 2687, 3, 2, 100, 78, 1674, 940, 4810, 358, 747, 1305, 21, 127, 8, 522, 41, 206, 3266, 3721, 40, 4308, 234, 33, 96, 798, 4077, 3113, 1270, 809, 1685, 496, 521, 1286, 25, 30, 2321, 1768, 279, 203, 91, 267, 498, 4862, 1617, 1643, 1543, 174, 1173, 2808, 86]
RKP_05000_05000_1_02.txt|307069.46|316221|0.15144047099998942|[2706, 787, 3921, 474, 269, 3940, 45, 4402, 24, 2667, 8, 297, 2174, 10, 805, 1044, 113, 537, 1115, 1374, 903, 4197, 240, 361, 21, 444, 1041, 2177, 1855, 238, 2322, 55, 2501, 4, 470, 4832, 4712, 117, 712, 1870, 1069, 2306, 1, 668, 1556, 3696, 334, 396, 3886, 1107, 3754, 3059, 213, 1979, 258, 3842, 1309, 57, 4013, 1203, 341, 2039, 126, 4074, 1434, 1152, 310, 378, 18, 1266, 59, 785, 1089, 349, 2089, 2403, 3538, 14, 876, 365, 104, 1459, 857, 1842, 1428, 1390, 2066, 2]
RKP_05000_05000_1_03.txt|274265.92|283942|0.15100754799999777|[3247, 557, 435, 233, 78, 1, 2859, 3493, 582, 426, 115, 1098, 1261, 1115, 4414, 25, 1414, 318, 482, 1441, 2760, 2630, 249, 18, 393, 1265, 1477, 1775, 39, 4284, 1594, 451, 3443, 3414, 7, 3490, 811, 206, 62, 8, 339, 429, 1083, 2426, 297, 481, 960, 46, 5, 22, 110, 586, 1290, 4374, 651, 504, 488, 3154, 1374, 231, 908, 80, 1212, 1227, 3843, 1099, 31, 2264, 2957, 73, 86, 434, 250, 3512, 1728, 583, 904, 901, 2438, 1309]
RKP_05000_05000_1_04.txt|292279.49|302240|0.15179075500002|[3802, 4668, 332, 3850, 90, 34, 5, 484, 1072, 376, 291, 2003, 557, 2581, 3, 148, 145, 9, 25, 1418, 1, 408, 2372, 1677, 1859, 3813, 787, 3305, 2991, 75, 81, 2328, 1417, 1938, 4260, 368, 3651, 831, 1753, 76, 4172, 814, 135, 38, 2813, 2061, 318, 169, 3568, 2013, 1389, 2584, 222, 189, 173, 1675, 226, 809, 710, 1758, 105, 326, 390, 4286, 422, 299, 559, 85, 3547, 2017, 18, 935, 68, 24, 96, 197, 2051, 240, 2323, 865, 675, 997, 2283, 3260, 2364, 50, 289, 2047, 70, 2032, 48]
RKP_05000_05000_1_05.txt|292989.8|300848|0.15150758499999029|[130, 3722, 378, 2467, 2352, 301, 694, 227, 2579, 3024, 2, 2309, 403, 22, 210, 46, 55, 2657, 1483, 1, 127, 4208, 1929, 143, 32, 2411, 62, 2045, 2118, 992, 1098, 1668, 3, 582, 214, 559, 33, 1460, 1281, 463, 348, 3186, 459, 1492, 2703, 7, 3873, 1692, 245, 2910, 2427, 950, 518, 4789, 1662, 1003, 261, 38, 3175, 677, 4108, 1521, 2223, 1221, 4301, 1690, 148, 2804, 23, 153, 4354, 4846, 2732, 1432, 1088, 163, 1993, 4691, 21, 43, 2025, 3933, 923, 226, 2761, 2138, 1339, 12]
RKP_05000_05000_1_06.txt|269389.28|276719|0.15260531499998478|[651, 1730, 1154, 693, 2701, 1227, 2729, 23, 925, 621, 1981, 87, 3361, 40, 120, 4561, 4692, 2204, 363, 3978, 1065, 581, 407, 4540, 2048, 378, 813, 2, 2210, 715, 2509, 707, 2309, 1927, 113, 1280, 825, 2132, 608, 82, 43, 568, 3613, 8, 7, 1305, 274, 333, 1054, 1671, 3104, 1374, 1041, 64, 1855, 236, 850, 18, 20, 613, 106, 122, 2011, 956, 243, 1125, 361, 9, 2640, 1483, 649, 1610, 71, 245, 66, 2240, 2003, 265, 338, 3, 4076, 514, 2386, 1308, 85, 2646]
RKP_05000_05000_1_07.txt|248782.99|256644|0.1507142050000084|[730, 1, 31, 1616, 2688, 15, 3045, 2854, 829, 3, 380, 457, 182, 536, 44, 83, 1228, 4664, 248, 1267, 303, 785, 8, 30, 575, 2725, 529, 864, 294, 1849, 4, 2529, 478, 1897, 2, 1263, 1315, 4260, 29, 153, 1520, 1894, 7, 739, 175, 215, 4225, 4149, 187, 381, 2273, 230, 121, 4751, 1820, 745, 1019, 109, 16, 266, 190, 916, 690, 79, 346, 2162, 1406, 463, 137, 3875, 119, 249, 287, 10, 28, 347, 415, 2017, 17, 1088, 23]
RKP_05000_05000_1_08.txt|252777.71|261948|0.15101307500000757|[95, 124, 674, 156, 253, 523, 91, 596, 38, 3998, 371, 2047, 1167, 836, 1549, 122, 1179, 1421, 2525, 2536, 4195, 3744, 342, 3, 764, 3666, 2312, 984, 451, 16, 1941, 4080, 3833, 1562, 1247, 471, 232, 402, 192, 138, 303, 1737, 97, 2428, 367, 3792, 2600, 4934, 478, 850, 706, 115, 560, 4527, 51, 2813, 949, 4186, 137, 171, 41, 30, 453, 2681, 314, 5, 3599, 1546, 7, 4596, 280, 2676, 3166, 1, 1439, 392, 2100, 147, 2, 4485, 15]
RKP_05000_05000_1_09.txt|268969.82|280924|0.1521971279999957|[66, 170, 5, 339, 448, 4248, 682, 542, 1006, 1458, 325, 4486, 2636, 565, 460, 234, 871, 1314, 1635, 2593, 1350, 1416, 4615, 1592, 701, 77, 139, 537, 3197, 1245, 2450, 4489, 1254, 820, 1917, 1, 55, 299, 1227, 113, 160, 2143, 196, 1788, 126, 492, 114, 1808, 382, 312, 52, 17, 3, 563, 1114, 156, 42, 726, 2557, 380, 544, 438, 99, 1480, 1596, 1466, 385, 404, 282, 1064, 1504, 1126, 1355, 14, 104, 3551, 632, 1510, 2228, 6, 4, 539, 4194, 667, 921, 1546]
RKP_05000_05000_1_10.txt|234770.83|245234|0.15173942899998794|[3078, 1609, 7, 414, 153, 2629, 659, 3067, 2580, 803, 1652, 4380, 959, 2870, 472, 286, 756, 2050, 144, 2281, 1504, 3261, 909, 2641, 981, 60, 92, 89, 278, 428, 2786, 2, 2151, 2607, 18, 24, 1209, 4532, 185, 1725, 2504, 2942, 3198, 3471, 863, 14, 322, 1015, 724, 467, 3229, 2810, 1340, 302, 1304, 3028, 519, 2608, 38, 1766, 596, 3101, 1402, 2821, 101, 108, 2397, 380]
RKP_05000_05000_2_01.txt|21666.82|22808|0.15202170699999898|[2236, 293, 515, 866, 748, 18, 475, 4844, 1367, 2937, 1059, 1308, 1505, 986, 4544, 411, 279, 1885, 3883, 1045, 1784, 1635, 21, 690, 3403, 1482, 579, 65, 335, 1665, 1, 32, 93, 49, 2458, 1435, 235, 19, 3722, 3808, 937, 52, 157, 1239, 33, 383, 391, 2191, 283, 2582]
RKP_05000_05000_2_02.txt|20336.53|21212|0.1502005469999949|[220, 1649, 15, 563, 1069, 3641, 56, 2429, 3100, 208, 530, 5, 2162, 707, 14, 4007, 2244, 710, 4564, 677, 79, 2060, 1287, 96, 2814, 762, 2069, 582, 2142, 696, 203, 3813, 3796, 1171, 106, 973, 1172, 1026, 997, 276, 200, 1247, 3455, 1867, 1058, 1195]
RKP_05000_05000_2_03.txt|19427.86|20710|0.15068269199999804|[3630, 4565, 3839, 983, 1, 1269, 1422, 1429, 3090, 1432, 375, 3957, 4, 477, 4235, 1207, 583, 94, 1481, 306, 50, 38, 783, 44, 177, 21, 4939, 72, 812, 659, 2790, 502, 64, 216, 411, 582, 2868, 729, 2512, 128, 387, 3757, 3428, 5, 8, 394, 2272, 2579, 743, 968]
RKP_05000_05000_2_04.txt|26036.85|27236|0.15024024299999156|[455, 37, 122, 21, 832, 2382, 3257, 187, 4, 23, 1586, 2705, 2773, 47, 126, 2, 1223, 1, 554, 238, 147, 1329, 1124, 115, 322, 625, 1412, 583, 71, 131, 165, 372, 2318, 2093, 3288, 406, 1606, 3593, 60, 637, 19, 3704, 154, 1335, 1508, 78, 77, 422, 1519, 2632, 2308, 314, 2343, 43, 1068, 893, 769, 1770, 693, 547, 2293, 340, 1965, 655, 3, 846, 346]
RKP_05000_05000_2_05.txt|21601.64|22885|0.1508845810000048|[1022, 113, 1813, 1011, 163, 501, 1153, 513, 481, 858, 4182, 34, 5, 317, 13, 1103, 220, 606, 4410, 1768, 595, 1588, 3623, 2678, 4, 2694, 962, 3798, 662, 167, 1503, 9, 2493, 350, 976, 551, 128, 856, 734, 8, 4330, 66, 103, 370, 1232, 626, 2060, 67, 2345, 1456, 1219, 4048, 1468]
RKP_05000_05000_2_06.txt|18680.79|19752|0.14879242400000067|[731, 3580, 832, 1073, 30, 136, 912, 437, 449, 574, 1070, 866, 2357, 985, 373, 370, 726, 1342, 689, 1814, 1542, 281, 8, 526, 17, 326, 523, 356, 1807, 748, 629, 872, 1638, 976, 51, 316, 6, 2900, 129, 1097, 3064]
RKP_05000_05000_2_07.txt|22396.98|23590|0.14957510100001173|[2118, 1137, 1734, 1460, 4066, 30, 129, 903, 411, 725, 932, 1115, 1438, 989, 1326, 1730, 152, 2045, 273, 199, 624, 3005, 452, 421, 7, 3180, 26, 4779, 528, 72, 1988, 36, 2664, 16, 926, 383, 2037, 872, 713, 232, 169, 3189, 1153, 667, 301, 1819, 3747, 781, 3995, 931, 3935, 1380, 3396, 24]
RKP_05000_05000_2_08.txt|23161.56|24197|0.14966256900000643|[3356, 116, 449, 3617, 760, 2, 286, 1834, 2024, 179, 659, 17, 1262, 603, 3119, 811, 155, 1239, 1835, 192, 3335, 1692, 20, 724, 83, 1064, 1597, 2856, 9, 30, 1464, 409, 1520, 899, 93, 3691, 2598, 259, 3274, 112, 461, 944, 2350, 2219, 125, 1822, 746, 668, 274, 953, 1277, 127, 1051, 826, 1479, 919]
RKP_05000_05000_2_09.txt|24589.17|25528|0.14875485299999355|[83, 3, 1231, 1308, 1179, 385, 82, 36, 105, 1, 3741, 2129, 4959, 634, 1378, 423, 7, 2, 394, 2555, 164, 1478, 519, 1771, 61, 129, 893, 413, 60, 279, 1687, 1462, 84, 26, 173, 1555, 1177, 899, 1012, 1812, 221, 19, 2382, 327, 829, 973, 2368, 2584, 1213, 128, 178, 74, 632, 33, 38, 574, 68, 157, 108, 180, 1482]
RKP_05000_05000_2_10.txt|22678.23|23590|0.15047232799999846|[2884, 666, 70, 1620, 42, 1136, 725, 2, 1, 3568, 330, 351, 97, 311, 2524, 856, 1908, 3618, 82, 2605, 2854, 1530, 1230, 1078, 23, 3271, 723, 1060, 2264, 1015, 899, 3185, 586, 233, 205, 1742, 2102, 452, 1601, 153, 3018, 657, 2312, 294, 424, 2690, 102, 133, 84, 2189, 595, 3467, 288, 1945, 261]
RKP_05000_05000_3_01.txt|49802.21|50995|0.14888412699997844|[1430, 88, 106, 1410, 528, 1075, 2024, 1409, 449, 39, 1004, 2100, 54, 2544, 2987, 1328, 2831, 2738, 814, 3210, 16, 58, 646, 1080, 1664, 638, 55, 800, 4143, 21, 132, 563, 6, 1846, 336, 45, 2454, 521, 926, 1850, 3715, 1887, 79, 17, 625, 4, 1132, 198, 736, 164, 171, 94, 1158, 833, 4483, 1, 1180, 1291, 12, 465, 731, 2145, 284, 102, 2312, 628, 2025, 122, 157, 2781, 9, 1539, 10, 499, 4117, 870, 289, 1223, 4060, 1013, 3020, 262, 927, 501, 530, 7, 241, 2266, 42, 2119, 480, 144]
RKP_05000_05000_3_02.txt|47607.21|48977|0.14979949500000658|[2345, 2826, 2392, 969, 2038, 509, 4488, 773, 407, 601, 1509, 3922, 32, 1914, 4553, 221, 25, 4589, 58, 9, 1093, 38, 970, 985, 1151, 99, 1, 55, 1232, 1763, 133, 1970, 3096, 3743, 5, 115, 2025, 507, 1199, 1793, 33, 3282, 117, 2, 51, 3779, 409, 2259, 4134, 4221, 151, 885, 3230, 2529, 2501, 568, 1229, 217, 558, 30, 1220, 769, 1132, 303, 8, 2118, 50, 2589, 212, 23, 205, 869, 3092, 1200, 123, 1814, 360, 598, 1675, 365, 45, 105, 1050, 1198, 1853, 2063, 738, 2320]
RKP_05000_05000_3_03.txt|50563.73|51491|0.1496420020000005|[523, 2585, 3112, 1029, 636, 13, 3385, 194, 3452, 1960, 682, 90, 1677, 67, 1129, 323, 489, 1, 2297, 950, 3819, 46, 127, 185, 4, 1729, 856, 281, 2713, 1099, 1187, 2, 1505, 88, 1011, 1255, 3, 1715, 219, 2750, 79, 542, 763, 3389, 826, 2430, 21, 12, 1696, 1516, 6, 471, 1238, 223, 433, 1495, 58, 777, 5, 25, 116, 703, 2420, 366, 372, 15, 183, 2274, 9, 1284, 2768, 553, 2147, 4032, 1875, 742, 1128, 2657, 2439, 1613, 1777, 561, 970, 286, 2077, 1984, 2794, 113, 432, 963, 242, 297, 912]
RKP_05000_05000_3_04.txt|50277.44|51972|0.15060092700001404|[936, 3625, 779, 476, 479, 61, 868, 454, 156, 343, 585, 2854, 3856, 4, 2428, 1589, 3143, 2704, 3454, 27, 109, 642, 1033, 4104, 51, 412, 304, 71, 3543, 3870, 4678, 1, 1276, 101, 965, 2441, 3065, 843, 505, 2727, 3391, 455, 102, 3872, 4170, 404, 169, 3497, 256, 718, 4343, 2018, 208, 547, 1130, 183, 888, 1433, 907, 284, 155, 1804, 720, 2081, 11, 177, 1793, 215, 31, 599, 1304, 173, 205, 3841, 32, 34, 236, 2551, 249, 3167, 83, 895, 981, 1112, 2495, 1208, 2312, 21, 5, 1740, 2547, 1464, 14, 3662]
RKP_05000_05000_3_05.txt|48642.74|50404|0.15201191299999436|[81, 13, 2910, 1044, 2428, 406, 537, 1771, 72, 97, 139, 3138, 331, 2606, 368, 259, 969, 207, 3566, 1664, 4138, 984, 1640, 555, 1680, 44, 50, 1843, 1758, 20, 4618, 1951, 5, 75, 617, 958, 141, 70, 945, 15, 115, 1004, 1960, 2, 3569, 24, 34, 202, 3442, 1182, 1506, 166, 779, 2386, 150, 17, 628, 268, 242, 12, 1, 95, 309, 839, 4707, 32, 25, 1655, 372, 1519, 620, 503, 138, 533, 62, 375, 3733, 1745, 1982, 247, 351, 652, 2222, 2994, 508, 18, 729, 2408, 76, 101, 2476]
RKP_05000_05000_3_06.txt|49510.63|51464|0.15059458100000483|[313, 234, 3441, 645, 2300, 2697, 386, 1678, 2537, 1115, 1191, 1989, 2724, 78, 1005, 480, 1123, 2338, 924, 4300, 817, 28, 22, 6, 23, 55, 2334, 845, 1, 3251, 43, 617, 2793, 130, 4180, 1939, 44, 977, 2626, 242, 909, 48, 101, 623, 934, 2169, 737, 10, 1379, 318, 2, 671, 7, 93, 97, 985, 3857, 3214, 3, 190, 430, 1745, 219, 2115, 18, 30, 3327, 2868, 233, 542, 607, 132, 115, 377, 3871, 141, 382, 3065, 213, 495, 285, 839, 1087, 1190, 2529, 8, 237, 4, 618, 2100, 241, 187, 239]
RKP_05000_05000_3_07.txt|47240.11|48986|0.14886326000000963|[217, 2, 1728, 796, 1664, 304, 88, 2201, 4, 609, 718, 684, 525, 2093, 924, 835, 348, 220, 766, 817, 1338, 813, 1818, 4656, 3987, 1721, 2643, 487, 2747, 490, 231, 462, 1213, 3347, 232, 2511, 1127, 544, 1403, 82, 2287, 3, 130, 1854, 119, 656, 599, 619, 1405, 192, 3036, 4288, 739, 1375, 412, 598, 2551, 1579, 1420, 2379, 395, 283, 1060, 652, 143, 61, 2655, 3295, 124, 1914, 1323, 476, 1264, 866, 2255, 50, 224, 2824, 1953, 1049, 2345, 2476, 1, 45, 3700, 459, 1279, 1494]
RKP_05000_05000_3_08.txt|46136.21|47973|0.148183853000005|[433, 1969, 938, 4469, 147, 150, 640, 1833, 2446, 351, 1311, 1104, 1105, 524, 54, 18, 752, 1450, 857, 784, 241, 762, 2, 14, 1, 1042, 2750, 4731, 294, 2250, 391, 1613, 43, 39, 2393, 205, 78, 484, 742, 1224, 430, 128, 152, 16, 2528, 105, 828, 22, 89, 1856, 454, 4022, 4805, 254, 2221, 692, 9, 192, 38, 91, 547, 3512, 2945, 1145, 2697, 3072, 2413, 3, 6, 876, 2859, 251, 1405, 4, 66, 3102, 8, 2418, 1371, 1266, 338, 886, 633, 28, 84, 120]
RKP_05000_05000_3_09.txt|52192.22|53943|0.14900372899999412|[42, 1667, 17, 851, 1282, 609, 932, 233, 1146, 2994, 643, 4240, 929, 767, 913, 3338, 629, 19, 1343, 877, 1945, 259, 1328, 3677, 13, 2838, 2484, 660, 3684, 387, 317, 2885, 313, 252, 1549, 111, 96, 532, 345, 123, 512, 1727, 2926, 7, 150, 354, 3864, 534, 593, 679, 3453, 4313, 165, 338, 1555, 25, 140, 43, 2773, 4192, 2427, 2, 4246, 112, 1563, 75, 1813, 4338, 4825, 1, 830, 344, 789, 793, 1562, 2435, 281, 35, 1479, 431, 2525, 10, 4839, 1933, 533, 4052, 413, 1162, 3, 2166, 133, 308, 8, 2090, 52, 1575, 511, 406]
RKP_05000_05000_3_10.txt|50481.69|52412|0.14766054799998757|[1202, 1284, 313, 1258, 3454, 577, 59, 2573, 2923, 1135, 2698, 402, 2643, 4808, 490, 1405, 120, 1062, 3468, 405, 1075, 481, 675, 3222, 137, 26, 1, 576, 2748, 1786, 60, 1358, 51, 3759, 2, 1567, 1653, 3937, 1099, 14, 716, 172, 44, 1639, 665, 13, 227, 243, 664, 18, 1891, 3640, 276, 988, 4391, 57, 4, 5, 202, 28, 9, 25, 1969, 3301, 1159, 23, 67, 616, 2521, 77, 605, 1224, 2536, 2978, 190, 535, 1307, 355, 848, 893, 10, 3459, 41, 48, 722, 2562, 457, 2131, 607, 46, 1887, 1714, 4381, 2953, 3531]
RKP_05000_05000_4_01.txt|4999.34|5000|0.14640399599998774|[4658]
RKP_05000_05000_4_02.txt|4998.99|5000|0.14735732100001087|[4978]
RKP_05000_05000_4_03.txt|4999.79|5000|0.14839785399999755|[4714]
RKP_05000_05000_4_04.txt|4999.11|5000|0.14911543899999968|[4597]
RKP_05000_05000_4_05.txt|4999.39|5000|0.14786792200000945|[4783]
RKP_05000_05000_4_06.txt|4998.48|5000|0.1477856219999967|[4625]
RKP_05000_05000_4_07.txt|4998.2|5000|0.1465911889999734|[4778]
RKP_05000_05000_4_08.txt|4999.53|5000|0.14721260699997402|[4648]
RKP_05000_05000_4_09.txt|4999.53|5000|0.1509627909999699|[4770]
RKP_05000_05000_4_10.txt|4997.85|4999|0.14668404999999438|[4786]
RKP_05000_05000_5_01.txt|4829.54|5076|0.14805337499999496|[4, 6, 13, 14, 15, 16, 17, 18, 21, 22, 23, 24, 26, 29, 30, 32, 34, 36, 38, 39, 41, 44, 45, 46]
RKP_05000_05000_5_02.txt|4838.44|5150|0.14842213999999784|[5, 7, 12, 13, 14, 15, 16, 17, 20, 23, 26, 28, 29, 30, 32, 33, 34, 36, 38, 40, 42]
RKP_05000_05000_5_03.txt|4813.68|5065|0.14587728200001948|[3, 4, 6, 7, 8, 9, 10, 11, 12, 13, 16, 18, 19, 21, 23, 24, 27, 28, 30, 31, 32, 37, 38, 39, 41]
RKP_05000_05000_5_04.txt|4784.09|5076|0.14621066600000177|[1, 5, 6, 7, 10, 12, 13, 14, 15, 16, 23, 26, 28, 30, 33, 34, 37, 40, 41, 42, 45, 47, 50]
RKP_05000_05000_5_05.txt|4836.33|5182|0.147266067999999|[6, 7, 8, 9, 10, 18, 21, 22, 23, 26, 29, 30, 32, 33, 34, 35, 39, 47, 48, 49, 50, 52]
RKP_05000_05000_5_06.txt|4838.53|5071|0.14810958000000482|[8, 11, 12, 13, 15, 17, 18, 23, 27, 28, 29, 31, 35, 36, 40, 41]
RKP_05000_05000_5_07.txt|4864.71|5036|0.14747540700001083|[3, 4, 5, 7, 8, 10, 11, 14, 18, 19, 20, 23, 24, 29, 30, 34, 35, 36, 38, 39, 40, 41, 43, 45, 47, 50]
RKP_05000_05000_5_08.txt|4840.91|5067|0.14813671599999453|[5, 11, 12, 15, 16, 21, 22, 25, 26, 29, 31, 32, 33, 34, 36, 40, 41, 42, 45, 46, 47, 48, 49, 50]
RKP_05000_05000_5_09.txt|4830.08|5066|0.14943303899997318|[8, 10, 11, 13, 14, 16, 19, 20, 23, 24, 25, 27, 29, 30, 31, 35, 36, 38, 39]
RKP_05000_05000_5_10.txt|4762.82|5068|0.1467880610000202|[3, 6, 7, 9, 10, 12, 13, 14, 15, 16, 17, 20, 21, 24, 25, 26, 27, 28, 29, 31, 32, 33]
