RKP_00100_00100_1_01.txt|677.88|772|0.0005685480000000076|[22, 1, 3, 29, 17, 10, 31, 16, 24, 28, 30]
RKP_00100_00100_1_02.txt|749.05|854|0.0005839580000000033|[1, 91, 15, 47, 50, 56, 37, 44, 23, 48, 2, 16]
RKP_00100_00100_1_03.txt|592.62|709|0.0005778620000000013|[1, 4, 14, 63, 5, 6, 70, 12, 15, 10, 2]
RKP_00100_00100_1_04.txt|605.12|700|0.0005687649999999989|[15, 74, 43, 3, 10, 4, 5, 7, 9, 6]
RKP_00100_00100_1_05.txt|641.34|746|0.0005613499999999993|[79, 20, 11, 30, 44, 66, 6, 3, 22, 16]
RKP_00100_00100_1_06.txt|849.82|1014|0.0005877390000000016|[57, 97, 48, 47, 16, 17, 55, 20, 31, 34, 50, 83, 12]
RKP_00100_00100_1_07.txt|435.88|529|0.0005647790000000019|[39, 46, 60, 51, 9, 5, 13, 71]
RKP_00100_00100_1_08.txt|777.84|885|0.0006284469999999942|[2, 87, 6, 30, 92, 76, 1, 7, 24, 13, 88, 9, 12, 11]
RKP_00100_00100_1_09.txt|519.93|622|0.0005539139999999998|[23, 18, 5, 16, 29, 42, 2, 77, 45, 24]
RKP_00100_00100_1_10.txt|613.99|726|0.0005764700000000067|[4, 1, 27, 11, 2, 13, 33, 18, 24, 20, 15, 5]
RKP_00100_00100_2_01.txt|130.86|166|0.0005353199999999947|[6, 20, 2, 43, 22, 13, 68, 59]
RKP_00100_00100_2_02.txt|130.4|169|0.0005334819999999984|[30, 28, 80, 4, 8, 5, 40, 47, 1, 26]
RKP_00100_00100_2_03.txt|139.25|171|0.0005414079999999921|[48, 51, 31, 1, 75, 5, 59, 64, 58, 25]
RKP_00100_00100_2_04.txt|129.19|162|0.0005185320000000315|[11, 18, 50, 2, 9, 28, 26, 41]
RKP_00100_00100_2_05.txt|122.83|155|0.0005185809999999669|[96, 64, 34, 13, 30, 32, 36]
RKP_00100_00100_2_06.txt|114.51|142|0.0005139720000000003|[47, 2, 3, 23, 8]
RKP_00100_00100_2_07.txt|123.79|152|0.0005210890000000034|[7, 22, 28, 15, 13, 49, 21]
RKP_00100_00100_2_08.txt|129.42|151|0.0005183319999999947|[28, 16, 1, 15, 5, 55, 2]
RKP_00100_00100_2_09.txt|122.64|151|0.0005284249999999835|[9, 27, 7, 38, 33]
RKP_00100_00100_2_10.txt|128.3|157|0.0005333840000000057|[65, 2, 40, 1, 85, 64, 14, 28]
RKP_00100_00100_3_01.txt|178.25|224|0.0005421329999999958|[5, 8, 3, 6, 29, 44, 2, 47, 10, 21, 16, 22]
RKP_00100_00100_3_02.txt|190.01|223|0.0005436170000000117|[2, 3, 59, 1, 24, 52, 25, 41, 48, 12, 10, 17]
RKP_00100_00100_3_03.txt|217.22|250|0.0005743439999999955|[46, 6, 49, 12, 45, 4, 75, 23, 66, 1, 19, 81, 15, 3, 14]
RKP_00100_00100_3_04.txt|193.36|221|0.0005569220000000042|[34, 21, 26, 9, 8, 4, 48, 50, 2, 31, 72, 1]
RKP_00100_00100_3_05.txt|190.54|221|0.0005499789999999916|[1, 52, 7, 12, 25, 2, 15, 70, 3, 72, 10, 31]
RKP_00100_00100_3_06.txt|213.77|240|0.000577234999999976|[40, 8, 31, 66, 11, 4, 12, 1, 19, 2, 3, 72, 95, 14]
RKP_00100_00100_3_07.txt|181.0|208|0.0005553180000000247|[2, 14, 89, 27, 83, 7, 5, 6, 67, 88, 55]
RKP_00100_00100_3_08.txt|182.41|214|0.0005874079999999848|[9, 7, 18, 3, 1, 62, 15, 58, 6, 11, 67]
RKP_00100_00100_3_09.txt|174.42|199|0.0005512849999999769|[32, 89, 1, 48, 57, 8, 4, 44, 61, 31]
RKP_00100_00100_3_10.txt|204.26|252|0.0005667949999999999|[5, 60, 67, 66, 69, 46, 20, 62, 1, 61, 93, 34, 45, 54, 55]
RKP_00100_00100_4_01.txt|98.35|100|0.00048700400000001754|[97]
RKP_00100_00100_4_02.txt|98.62|100|0.0005154800000000259|[88]
RKP_00100_00100_4_03.txt|99.34|100|0.0004725800000000202|[84]
RKP_00100_00100_4_04.txt|98.62|100|0.0004743550000000063|[95]
RKP_00100_00100_4_05.txt|98.28|100|0.000473791999999964|[87]
RKP_00100_00100_4_06.txt|96.54|98|0.0004770060000000065|[93]
RKP_00100_00100_4_07.txt|97.53|98|0.0004716469999999928|[98]
RKP_00100_00100_4_08.txt|98.71|100|0.0004755999999999982|[97]
RKP_00100_00100_4_09.txt|97.7|99|0.0004723710000000114|[89]
RKP_00100_00100_4_10.txt|96.8|98|0.0004717490000000035|[88]
RKP_00100_00100_5_01.txt|95.23|127|0.0005137290000000139|[6, 9, 11, 12, 13]
RKP_00100_00100_5_02.txt|88.43|117|0.0005153300000000005|[2, 8, 9, 11]
RKP_00100_00100_5_03.txt|94.22|119|0.0005133200000000171|[6, 8, 10, 12]
RKP_00100_00100_5_04.txt|87.54|109|0.0005105749999999709|[5, 13, 18]
RKP_00100_00100_5_05.txt|88.92|122|0.000515498000000001|[5, 7, 9, 10]
RKP_00100_00100_5_06.txt|90.09|134|0.0005526140000000179|[5, 8, 10]
RKP_00100_00100_5_07.txt|90.64|119|0.0005315849999999678|[6, 8, 9, 15, 18]
RKP_00100_00100_5_08.txt|88.5|105|0.0005188259999999811|[2, 6, 8, 11, 15]
RKP_00100_00100_5_09.txt|91.12|119|0.0005195630000000051|[1, 5, 6, 7]
RKP_00100_00100_5_10.txt|88.3|109|0.0005303890000000066|[1, 2, 3, 5, 6, 9, 10, 11]
RKP_00500_00100_1_01.txt|1477.22|1648|0.003114176999999958|[284, 75, 500, 25, 304, 148, 222, 120, 6, 131, 269, 274, 4, 38, 5, 211, 280, 63, 140, 17, 158, 3, 168, 40]
RKP_00500_00100_1_02.txt|1297.44|1432|0.003115972000000031|[288, 77, 13, 205, 87, 351, 289, 388, 325, 132, 433, 4, 30, 394, 14, 102, 88, 3, 89, 116]
RKP_00500_00100_1_03.txt|1210.82|1365|0.0031792249999999943|[1, 5, 113, 30, 16, 111, 496, 11, 139, 40, 123, 360, 140, 477, 158, 15, 326, 228, 32, 147, 20, 81]
RKP_00500_00100_1_04.txt|1471.56|1588|0.0031717949999999994|[64, 315, 41, 359, 93, 156, 11, 65, 254, 467, 245, 5, 151, 197, 45, 110, 83, 59, 94, 48]
RKP_00500_00100_1_05.txt|1490.09|1654|0.0031380340000000118|[11, 10, 17, 72, 215, 363, 24, 2, 23, 18, 203, 5, 76, 136, 402, 26, 60, 292, 320, 192, 130, 212]
RKP_00500_00100_1_06.txt|1746.73|1938|0.0031812090000000294|[89, 13, 165, 3, 411, 240, 52, 34, 190, 22, 182, 490, 5, 189, 281, 50, 83, 131, 230, 30, 55, 53, 35, 353, 491, 4, 211]
RKP_00500_00100_1_07.txt|1765.27|1934|0.0034822590000000452|[97, 22, 461, 492, 126, 80, 322, 31, 165, 49, 16, 40, 94, 359, 2, 47, 183, 5, 257, 4, 469, 206, 21, 24, 7, 278, 410, 192]
RKP_00500_00100_1_08.txt|1500.39|1684|0.0032592779999999965|[146, 10, 258, 29, 185, 1, 378, 4, 165, 3, 16, 2, 225, 156, 332, 326, 150, 357, 63, 35, 254, 23, 106, 32]
RKP_00500_00100_1_09.txt|1443.79|1576|0.0032026770000000405|[19, 39, 77, 148, 307, 496, 151, 344, 221, 229, 210, 48, 56, 68, 214, 150, 108, 180, 16, 105, 153, 163, 12, 348, 3]
RKP_00500_00100_1_10.txt|1390.96|1519|0.00324446899999999|[234, 4, 75, 162, 214, 84, 277, 62, 31, 5, 30, 33, 59, 342, 8, 49, 155, 2, 14, 464, 17, 3, 6, 1]
RKP_00500_00100_2_01.txt|210.54|242|0.0031544079999999753|[11, 168, 259, 39, 16, 441, 447, 148, 32, 137, 60, 102, 40, 3, 101, 88, 100, 218, 351, 472]
RKP_00500_00100_2_02.txt|214.5|236|0.0031889969999999578|[336, 131, 112, 65, 72, 97, 167, 156, 195, 142, 4, 186, 299, 21, 100, 141, 6, 7]
RKP_00500_00100_2_03.txt|212.88|231|0.003212829000000026|[107, 436, 155, 154, 2, 31, 382, 142, 166, 64, 104, 24, 60, 13, 37, 370, 479, 135, 164]
RKP_00500_00100_2_04.txt|201.72|231|0.0031774530000000744|[14, 58, 112, 204, 26, 55, 216, 163, 125, 429, 7, 9, 20, 22, 38, 19, 8, 131, 105]
RKP_00500_00100_2_05.txt|199.89|223|0.0031989639999999396|[5, 260, 426, 38, 218, 294, 4, 2, 58, 77, 275, 322, 417, 52, 240, 25, 143, 27]
RKP_00500_00100_2_06.txt|187.42|215|0.003178353999999892|[70, 9, 18, 1, 35, 117, 57, 15, 47, 50, 5, 203, 53, 358, 10]
RKP_00500_00100_2_07.txt|192.28|216|0.0031537859999998296|[75, 292, 452, 53, 114, 1, 83, 3, 17, 123, 6, 4, 9, 162, 260, 67, 2, 18]
RKP_00500_00100_2_08.txt|182.62|202|0.0030558249999998745|[495, 96, 15, 1, 3, 6, 50, 123, 42, 184, 46, 54, 87, 43]
RKP_00500_00100_2_09.txt|166.79|188|0.0031357550000001132|[2, 108, 304, 87, 277, 335, 39, 115, 312, 426, 16, 119, 183]
RKP_00500_00100_2_10.txt|175.31|205|0.0031835040000000882|[9, 372, 2, 118, 21, 20, 40, 154, 216, 46, 62, 76, 116, 157]
RKP_00500_00100_3_01.txt|301.28|331|0.0031603580000000163|[11, 33, 260, 1, 3, 5, 143, 43, 401, 31, 148, 240, 64, 344, 223, 225, 248, 96, 55, 78, 140, 20, 50]
RKP_00500_00100_3_02.txt|361.49|381|0.003157977000000081|[39, 1, 5, 20, 56, 152, 160, 189, 26, 64, 202, 203, 3, 7, 195, 336, 15, 331, 18, 4, 73, 103, 110, 167, 172, 164, 173, 449]
RKP_00500_00100_3_03.txt|339.0|369|0.003161326000000031|[9, 148, 1, 351, 71, 93, 113, 444, 454, 11, 22, 258, 264, 142, 193, 198, 266, 292, 45, 126, 191, 118, 43, 74, 75, 80, 111]
RKP_00500_00100_3_04.txt|354.02|379|0.003157442000000028|[66, 209, 278, 350, 2, 68, 104, 312, 345, 142, 163, 31, 72, 119, 146, 156, 328, 20, 125, 453, 4, 9, 11, 159, 3, 221, 280, 282]
RKP_00500_00100_3_05.txt|364.32|391|0.0031857749999999996|[33, 1, 92, 106, 319, 12, 225, 377, 417, 84, 211, 382, 9, 32, 196, 199, 340, 392, 7, 30, 88, 252, 263, 397, 3, 5, 15, 74, 143]
RKP_00500_00100_3_06.txt|321.19|351|0.0031554380000000572|[204, 45, 186, 242, 311, 16, 52, 91, 433, 283, 73, 90, 1, 2, 4, 19, 68, 137, 199, 7, 67, 5, 24, 189, 405]
RKP_00500_00100_3_07.txt|307.57|340|0.0031553729999999015|[5, 17, 30, 1, 4, 141, 157, 308, 3, 76, 326, 37, 102, 216, 24, 77, 244, 65, 191, 429, 33, 196, 200, 487]
RKP_00500_00100_3_08.txt|388.09|410|0.0032554629999999385|[14, 114, 275, 301, 58, 84, 144, 150, 172, 451, 49, 57, 63, 90, 8, 133, 159, 323, 214, 484, 4, 280, 1, 5, 93, 141, 389, 19, 62, 12, 13]
RKP_00500_00100_3_09.txt|344.7|380|0.0031693149999999725|[58, 154, 169, 231, 148, 294, 347, 4, 12, 2, 115, 221, 1, 3, 24, 54, 108, 63, 315, 83, 136, 14, 104, 171, 434, 90, 152, 263]
RKP_00500_00100_3_10.txt|331.91|371|0.0031702449999999518|[322, 13, 18, 165, 305, 153, 159, 183, 189, 1, 40, 325, 3, 10, 25, 32, 38, 57, 392, 36, 47, 48, 60, 174, 217, 222, 282]
RKP_00500_00100_4_01.txt|99.98|100|0.0029847660000000965|[434]
RKP_00500_00100_4_02.txt|99.99|100|0.002921864000000127|[423]
RKP_00500_00100_4_03.txt|100.0|100|0.0029199320000000382|[434]
RKP_00500_00100_4_04.txt|99.96|100|0.0030465010000001237|[428]
RKP_00500_00100_4_05.txt|100.0|100|0.0029576659999999855|[440]
RKP_00500_00100_4_06.txt|99.79|100|0.00291234600000001|[431]
RKP_00500_00100_4_07.txt|99.83|100|0.0029106130000000263|[467]
RKP_00500_00100_4_08.txt|99.87|100|0.0029737420000000548|[430]
RKP_00500_00100_4_09.txt|99.99|100|0.003079669000000056|[461]
RKP_00500_00100_4_10.txt|99.86|100|0.002931007000000019|[473]
RKP_00500_00100_5_01.txt|93.65|103|0.003047691999999973|[1, 3, 4, 5, 7, 8, 13, 14, 15, 17, 18, 19, 21]
RKP_00500_00100_5_02.txt|98.91|111|0.0029726339999998786|[5, 6, 7, 8, 9, 10, 13, 16, 17]
RKP_00500_00100_5_03.txt|93.94|107|0.003056847000000076|[5, 11, 12, 14, 15, 16, 17]
RKP_00500_00100_5_04.txt|95.28|111|0.003054461000000117|[5, 8, 9, 11, 12, 16, 17, 18, 19, 20]
RKP_00500_00100_5_05.txt|93.95|105|0.0029947280000001087|[2, 8, 11, 15, 16, 17, 19, 21, 22]
RKP_00500_00100_5_06.txt|93.15|106|0.00299139499999999|[1, 4, 6, 7, 10, 12, 13, 16, 17, 20, 23]
RKP_00500_00100_5_07.txt|94.1|107|0.003055043999999967|[3, 6, 8, 11, 12, 14, 16, 17]
RKP_00500_00100_5_08.txt|94.75|105|0.003041411000000238|[4, 5, 9, 10, 11, 13, 15, 16, 17, 18]
RKP_00500_00100_5_09.txt|91.52|103|0.0029821809999997484|[5, 13, 15, 16, 17, 20]
RKP_00500_00100_5_10.txt|91.49|105|0.00300371900000016|[3, 4, 5, 6, 9, 10, 11, 13, 15, 16, 21, 23]
RKP_01000_00100_1_01.txt|1946.64|2120|0.008648424000000219|[51, 91, 260, 123, 465, 13, 432, 42, 27, 10, 261, 604, 646, 560, 40, 531, 222, 151, 376, 97, 47, 50, 36, 2, 48, 64, 11, 19]
RKP_01000_00100_1_02.txt|1829.84|1943|0.008653384000000167|[584, 292, 696, 16, 754, 182, 486, 9, 38, 193, 359, 30, 49, 2, 527, 519, 108, 171, 515, 89, 64, 18, 81, 195, 599, 337, 76, 557, 72, 408, 25]
RKP_01000_00100_1_03.txt|1839.71|2013|0.008660575999999977|[174, 116, 199, 535, 800, 498, 4, 48, 56, 1, 326, 128, 172, 252, 19, 3, 725, 366, 704, 268, 483, 134, 32, 114, 50, 2, 869, 555]
RKP_01000_00100_1_04.txt|2127.98|2258|0.008981827000000102|[733, 726, 247, 44, 566, 14, 429, 151, 165, 12, 5, 20, 2, 163, 283, 3, 857, 75, 790, 6, 69, 204, 592, 277, 172, 53, 376, 732, 67, 402, 36, 255]
RKP_01000_00100_1_05.txt|1945.92|2134|0.0086292940000002|[121, 915, 123, 207, 75, 41, 696, 673, 37, 776, 39, 222, 16, 553, 188, 582, 1, 26, 865, 151, 299, 635, 29, 49, 82, 1000, 159, 340, 307, 139]
RKP_01000_00100_1_06.txt|2231.73|2352|0.008701169999999757|[10, 99, 168, 383, 78, 250, 790, 6, 349, 632, 44, 176, 4, 177, 8, 283, 33, 1, 38, 244, 55, 37, 242, 236, 210, 993, 56, 442, 645, 63, 108, 492, 120]
RKP_01000_00100_1_07.txt|2222.65|2396|0.008813417999999977|[440, 86, 436, 226, 7, 128, 204, 37, 130, 49, 382, 476, 342, 19, 170, 484, 80, 3, 556, 1, 2, 42, 8, 127, 874, 147, 628, 368, 778, 129, 190, 90, 108]
RKP_01000_00100_1_08.txt|2018.41|2188|0.008780809999999946|[223, 4, 68, 1, 145, 149, 356, 22, 303, 242, 922, 26, 15, 422, 10, 421, 7, 29, 294, 278, 780, 16, 80, 6, 183, 2, 51, 212, 716, 231, 274, 366]
RKP_01000_00100_1_09.txt|1909.04|2065|0.008803843000000065|[36, 213, 31, 290, 103, 48, 691, 1, 898, 32, 262, 196, 782, 489, 2, 168, 108, 14, 942, 170, 133, 27, 155, 509, 728, 17, 513, 135]
RKP_01000_00100_1_10.txt|2241.72|2438|0.008583385000000021|[1, 111, 8, 331, 669, 19, 466, 76, 618, 785, 43, 480, 748, 813, 805, 50, 221, 253, 188, 158, 534, 399, 55, 104, 663, 4, 198, 754, 439, 491, 968, 825, 58, 916, 463, 35]
RKP_01000_00100_2_01.txt|235.77|260|0.008504965000000198|[264, 12, 7, 13, 3, 111, 253, 366, 73, 690, 24, 47, 185, 186, 375, 41, 76, 374, 614, 37, 90, 88]
RKP_01000_00100_2_02.txt|222.57|247|0.008491413000000137|[84, 202, 375, 782, 311, 63, 179, 410, 357, 183, 69, 385, 8, 397, 77, 954, 3, 23, 166, 13, 718, 109]
RKP_01000_00100_2_03.txt|273.41|294|0.008599189999999873|[5, 417, 416, 97, 124, 141, 171, 330, 123, 81, 394, 335, 897, 64, 746, 420, 928, 55, 84, 256, 347, 340, 186, 149, 187, 207, 371]
RKP_01000_00100_2_04.txt|237.21|261|0.008628961999999945|[35, 21, 60, 698, 443, 58, 504, 147, 37, 8, 49, 94, 782, 74, 207, 244, 158, 77, 553]
RKP_01000_00100_2_05.txt|233.81|259|0.008779712999999916|[380, 84, 152, 222, 428, 299, 26, 73, 409, 501, 162, 2, 7, 5, 11, 214, 255, 420, 742, 172, 293, 111, 237]
RKP_01000_00100_2_06.txt|269.66|300|0.008612059000000052|[805, 122, 33, 1, 876, 259, 24, 255, 6, 138, 154, 187, 9, 57, 48, 827, 647, 322, 233, 858, 894, 258, 289, 590, 17]
RKP_01000_00100_2_07.txt|235.38|263|0.008554432000000532|[7, 81, 208, 396, 284, 3, 2, 61, 444, 531, 520, 783, 821, 433, 173, 1, 337, 480, 682, 796, 305, 597, 69, 47, 457]
RKP_01000_00100_2_08.txt|261.59|296|0.008797505999999941|[44, 121, 661, 3, 7, 39, 129, 609, 862, 26, 11, 1, 10, 250, 41, 49, 175, 131, 21, 294, 223, 16, 73, 133, 198, 519]
RKP_01000_00100_2_09.txt|229.87|257|0.008760136999999802|[13, 436, 348, 191, 235, 904, 205, 656, 573, 127, 382, 982, 31, 30, 225, 9, 1, 176, 470, 411, 148, 316]
RKP_01000_00100_2_10.txt|256.4|278|0.00856262799999989|[163, 191, 15, 164, 4, 710, 564, 548, 282, 252, 30, 89, 273, 314, 409, 341, 700, 58, 78, 521, 571, 1, 42, 75, 8, 356, 56]
RKP_01000_00100_3_01.txt|444.6|475|0.008850213999999993|[32, 337, 537, 1, 11, 55, 186, 340, 348, 456, 464, 704, 740, 795, 49, 51, 119, 133, 249, 659, 763, 857, 94, 134, 157, 208, 567, 605, 962, 22, 69, 83, 294, 118, 129, 143, 420, 634]
RKP_01000_00100_3_02.txt|407.87|458|0.00866133500000032|[9, 138, 3, 37, 69, 79, 126, 176, 300, 318, 533, 644, 18, 120, 137, 295, 654, 1, 2, 16, 19, 24, 53, 56, 110, 121, 216, 600, 7, 286, 377, 567, 4, 249, 30, 77]
RKP_01000_00100_3_03.txt|432.96|470|0.008719468999999763|[1, 325, 692, 143, 170, 175, 204, 222, 392, 530, 652, 994, 13, 17, 54, 93, 378, 431, 836, 62, 74, 99, 321, 822, 22, 44, 142, 180, 382, 448, 625, 720, 8, 87, 427, 542, 809]
RKP_01000_00100_3_04.txt|438.54|469|0.008650714999999991|[3, 42, 149, 277, 449, 645, 740, 786, 4, 5, 16, 65, 235, 558, 1, 142, 274, 305, 389, 2, 29, 41, 83, 161, 293, 15, 119, 433, 657, 24, 35, 62, 148, 201, 309, 480, 527]
RKP_01000_00100_3_05.txt|372.13|419|0.00871634799999967|[630, 2, 5, 23, 24, 31, 46, 163, 172, 57, 183, 460, 661, 10, 86, 100, 141, 151, 480, 1, 37, 107, 128, 204, 315, 21, 145, 355, 674, 739, 851, 4]
RKP_01000_00100_3_06.txt|389.12|420|0.008690047999999706|[14, 204, 7, 16, 37, 224, 970, 5, 112, 242, 249, 15, 28, 129, 217, 278, 543, 4, 64, 330, 116, 237, 345, 146, 160, 250, 1, 6, 22, 347, 471, 886]
RKP_01000_00100_3_07.txt|453.92|499|0.008692163999999778|[20, 112, 129, 169, 591, 695, 822, 888, 1, 4, 5, 27, 38, 433, 605, 750, 867, 12, 16, 23, 31, 190, 231, 3, 56, 131, 282, 337, 402, 483, 34, 124, 583, 942, 2, 6, 17, 63, 144, 529]
RKP_01000_00100_3_08.txt|367.85|400|0.008538728000000405|[179, 340, 2, 89, 97, 129, 131, 266, 35, 11, 53, 145, 252, 257, 292, 591, 33, 118, 152, 233, 655, 250, 23, 265, 72, 158, 782, 1, 71, 303]
RKP_01000_00100_3_09.txt|381.46|420|0.008608967999999918|[480, 17, 211, 318, 403, 578, 871, 23, 83, 141, 647, 1, 9, 16, 48, 77, 185, 257, 3, 4, 36, 47, 127, 199, 446, 885, 19, 39, 66, 100, 432, 502]
RKP_01000_00100_3_10.txt|411.16|448|0.00873113599999968|[26, 764, 3, 16, 18, 22, 35, 46, 72, 106, 169, 227, 467, 10, 12, 122, 156, 245, 524, 37, 104, 964, 1, 61, 103, 264, 566, 799, 2, 9, 11, 87, 90, 217, 426]
RKP_01000_00100_4_01.txt|99.94|100|0.008199395999999836|[866]
RKP_01000_00100_4_02.txt|99.95|100|0.008265762999999425|[971]
RKP_01000_00100_4_03.txt|100.0|100|0.008282645999999758|[856]
RKP_01000_00100_4_04.txt|100.0|100|0.008490642999999949|[886]
RKP_01000_00100_4_05.txt|100.0|100|0.008293463999999631|[853]
RKP_01000_00100_4_06.txt|99.99|100|0.008345445999999654|[977]
RKP_01000_00100_4_07.txt|100.0|100|0.008460968999999423|[887]
RKP_01000_00100_4_08.txt|100.0|100|0.008249083000000254|[847]
RKP_01000_00100_4_09.txt|100.0|100|0.008410281999999753|[889]
RKP_01000_00100_4_10.txt|100.0|100|0.008584381999999948|[843]
RKP_01000_00100_5_01.txt|97.86|108|0.008470703000000057|[3, 5, 6, 7, 8, 10, 13, 20, 21, 22, 27, 30, 31]
RKP_01000_00100_5_02.txt|93.57|108|0.008407419000000048|[4, 7, 8, 11, 12, 14, 17, 19, 22, 23]
RKP_01000_00100_5_03.txt|95.82|105|0.008342528999999743|[4, 6, 8, 10, 12, 13, 14, 15, 17, 19, 27, 33]
RKP_01000_00100_5_04.txt|96.83|105|0.008419928999999654|[6, 7, 10, 11, 16, 17, 19, 20, 21, 24, 25, 26, 27, 29, 30]
RKP_01000_00100_5_05.txt|95.17|106|0.00859605799999997|[4, 7, 9, 13, 16, 18, 19, 20, 21, 25, 26, 27]
RKP_01000_00100_5_06.txt|94.47|104|0.008369114000000408|[3, 5, 7, 9, 10, 11, 12, 13, 15, 16, 18, 19, 20, 23]
RKP_01000_00100_5_07.txt|95.55|104|0.008426483000000005|[3, 4, 7, 8, 11, 12, 13, 14, 19, 21, 23, 29, 30, 32, 34]
RKP_01000_00100_5_08.txt|96.76|106|0.008457102000000206|[2, 3, 5, 6, 9, 10, 11, 16, 17, 18, 19, 20, 21, 22]
RKP_01000_00100_5_09.txt|95.11|107|0.008358148000000298|[5, 6, 7, 8, 11, 12, 13, 14, 16, 17, 19, 20]
RKP_01000_00100_5_10.txt|93.98|104|0.008506452000000166|[4, 6, 7, 8, 9, 10, 11, 13, 14, 16]
RKP_05000_00100_1_01.txt|4237.77|4524|0.1429891569999998|[302, 1839, 4, 1, 553, 8, 20, 3645, 1406, 642, 2106, 1268, 540, 116, 51, 904, 49, 1485, 1700, 1482, 68, 2398, 1366, 4536, 59, 852, 89, 1277, 155, 31, 1207, 115, 1373, 2548, 465, 2692, 3, 21, 1723, 2556, 847, 5, 9, 1568, 2091, 2505, 1213, 2003, 4545, 16, 1021, 343, 4758, 3251, 299, 341, 4474, 4006, 3781, 1507, 589]
RKP_05000_00100_1_02.txt|4190.87|4432|0.1432922089999994|[3648, 277, 892, 73, 4651, 174, 2, 4439, 2337, 104, 716, 501, 16, 3013, 1, 347, 338, 601, 135, 235, 304, 2809, 3107, 51, 1929, 463, 2939, 301, 60, 171, 31, 1821, 275, 2669, 99, 28, 75, 420, 448, 4066, 437, 4339, 3158, 794, 1557, 350, 4071, 4311, 357, 2056, 2586, 213, 2196, 1210, 169, 616, 2037]
RKP_05000_00100_1_03.txt|4148.02|4319|0.14248647600000056|[2646, 961, 1069, 207, 3382, 4798, 52, 193, 1588, 3261, 3471, 3686, 3801, 1634, 4436, 3036, 1171, 203, 6, 3005, 7, 2, 22, 2382, 5, 591, 1355, 2797, 793, 1, 2939, 1020, 219, 1066, 1237, 656, 1044, 1363, 1154, 81, 1035, 4396, 4053, 1179, 436, 136, 208, 4693, 684, 1912, 47, 10, 1394, 2992, 27, 275, 1006]
RKP_05000_00100_1_04.txt|3886.43|4110|0.14319904299999933|[2, 147, 4320, 378, 2528, 5, 135, 4470, 2030, 444, 4280, 3644, 3198, 16, 868, 579, 131, 233, 2859, 3225, 3503, 795, 205, 2255, 2831, 416, 2565, 1527, 1675, 38, 455, 651, 557, 1048, 2594, 7, 792, 1173, 4914, 1210, 1931, 3053, 69, 26, 713, 936, 3085, 3484, 4248, 23, 337, 1521, 1814, 9, 1659, 397, 48, 1273, 1237, 3064, 1965]
RKP_05000_00100_1_05.txt|3859.3|4044|0.1427460589999994|[64, 4588, 2, 1759, 1433, 2850, 16, 1309, 174, 1432, 33, 53, 2447, 101, 2995, 288, 60, 4969, 96, 4179, 44, 507, 527, 356, 1088, 23, 1169, 2347, 38, 541, 427, 542, 977, 1249, 8, 4630, 158, 14, 428, 608, 4251, 907, 660, 2537, 4002, 3856, 30, 20, 81, 106, 386, 1024, 530, 4, 1809, 976]
RKP_05000_00100_1_06.txt|3931.93|4181|0.1422833760000023|[2608, 745, 41, 208, 1799, 219, 152, 3825, 1279, 896, 860, 122, 329, 1512, 8, 1319, 435, 21, 701, 14, 1606, 11, 147, 71, 920, 1259, 111, 866, 108, 2510, 7, 747, 652, 2842, 569, 25, 18, 131, 912, 377, 73, 457, 139, 3167, 171, 594, 1295, 2077, 455, 9, 807, 707, 1485, 189, 338, 3708, 126, 133]
RKP_05000_00100_1_07.txt|4380.82|4633|0.1428887820000014|[30, 1, 97, 180, 1437, 188, 1762, 11, 32, 1222, 1758, 79, 90, 2591, 991, 1401, 453, 13, 3111, 3370, 1199, 3162, 155, 362, 3566, 1674, 104, 3473, 880, 244, 55, 457, 1149, 3419, 118, 1477, 1827, 582, 930, 2207, 2438, 2037, 3484, 876, 204, 811, 3320, 2883, 60, 2018, 2258, 914, 124, 4, 46, 98, 3072, 127, 76, 931, 229]
RKP_05000_00100_1_08.txt|4018.77|4241|0.14204795699999948|[2845, 820, 6, 186, 906, 3876, 266, 816, 865, 288, 1717, 3259, 4344, 275, 4811, 148, 154, 179, 985, 1267, 739, 48, 3226, 120, 4473, 215, 1781, 1358, 1632, 4998, 441, 25, 538, 2535, 777, 29, 72, 264, 2248, 1029, 2054, 2994, 234, 300, 502, 1337, 2250, 1908, 82, 2337, 1, 66, 276, 257, 4109, 1518, 3222, 1010, 687]
RKP_05000_00100_1_09.txt|3628.33|3825|0.14278058099999924|[2965, 3, 1184, 1441, 3759, 3697, 2, 70, 3572, 74, 423, 1856, 463, 853, 2349, 2807, 325, 307, 729, 383, 4156, 83, 987, 1309, 2596, 270, 796, 816, 4135, 1427, 90, 190, 533, 3051, 30, 43, 1736, 1945, 4220, 178, 4062, 179, 619, 4424, 430, 512, 3200, 1448, 593, 3704, 802, 559, 410]
RKP_05000_00100_1_10.txt|4119.81|4345|0.14291311999999948|[1804, 230, 564, 176, 189, 2958, 482, 1091, 111, 1350, 3065, 352, 4572, 1342, 4369, 8, 60, 1, 4883, 153, 3734, 662, 13, 654, 445, 43, 48, 1395, 21, 180, 437, 2061, 956, 952, 3176, 2120, 25, 3086, 484, 4185, 20, 83, 1517, 304, 429, 134, 714, 805, 930, 321, 2552, 143, 67, 4544, 235, 17, 272, 843, 1021]
RKP_05000_00100_2_01.txt|393.15|424|0.14192203500000006|[44, 144, 2019, 3518, 3020, 77, 648, 868, 2210, 1078, 540, 1647, 68, 148, 220, 736, 25, 626, 848, 1187, 2729, 2735, 4039, 2120, 1741, 2218, 3573, 40, 4620, 4675, 5, 142, 246, 315, 3, 303, 493, 948, 1887, 2367, 3393, 551]
RKP_05000_00100_2_02.txt|443.67|472|0.14272643799999998|[407, 1014, 455, 532, 656, 1793, 29, 4, 1493, 10, 35, 1178, 1770, 14, 298, 3178, 3654, 871, 4347, 763, 1800, 8, 22, 152, 677, 1838, 2992, 3004, 2439, 4384, 3238, 101, 2263, 2360, 2501, 2984, 275, 1570, 4063, 4978, 61, 292, 1307, 1714, 2412, 3612, 3917, 25, 73, 2707]
RKP_05000_00100_2_03.txt|411.11|439|0.1424415350000004|[4655, 1867, 4547, 1234, 17, 388, 2844, 4806, 442, 840, 1925, 2550, 3332, 842, 6, 3890, 4206, 769, 3625, 314, 1332, 4028, 1, 22, 543, 113, 1749, 5, 242, 710, 1122, 4989, 11, 12, 195, 500, 610, 839, 1184, 39, 159, 2239, 2287]
RKP_05000_00100_2_04.txt|401.28|433|0.14270066799999967|[950, 168, 45, 283, 5, 483, 491, 687, 99, 1565, 752, 1551, 506, 1107, 1671, 67, 87, 156, 225, 325, 674, 1138, 3585, 1, 2126, 4139, 72, 637, 2042, 2100, 13, 363, 3028, 3572, 3153, 111, 143, 291, 840, 1295, 1489, 101, 387, 531]
RKP_05000_00100_2_05.txt|424.72|463|0.14307406800000422|[355, 3238, 3555, 991, 2083, 5, 22, 52, 1224, 1654, 2332, 3226, 366, 752, 879, 2785, 1823, 3374, 3758, 69, 797, 29, 99, 370, 452, 522, 1076, 1741, 1903, 3241, 274, 1029, 2365, 829, 2261, 2815, 3573, 413, 51, 3481, 3549, 3817, 23, 40, 61, 90, 489, 744]
RKP_05000_00100_2_06.txt|413.7|439|0.1423180820000016|[2322, 1109, 2453, 816, 62, 136, 324, 758, 6, 356, 2408, 1208, 129, 369, 2044, 326, 1688, 1, 639, 1288, 4405, 210, 2422, 23, 466, 3, 182, 926, 1917, 222, 2075, 8, 33, 1193, 2974, 327, 367, 502, 1394, 3184, 3385, 135, 1581, 2118, 2148]
RKP_05000_00100_2_07.txt|416.82|444|0.14281358700000113|[2528, 7, 3, 333, 2751, 58, 180, 235, 938, 1389, 141, 595, 1949, 2323, 105, 373, 261, 689, 1, 396, 1063, 3229, 3555, 55, 74, 79, 2164, 2332, 103, 649, 4507, 2, 49, 429, 744, 169, 516, 11, 341, 498, 1387, 1485, 1601]
RKP_05000_00100_2_08.txt|406.74|433|0.14293440899999665|[98, 14, 99, 11, 24, 1638, 2149, 2068, 3421, 2, 636, 1617, 48, 792, 1700, 23, 4658, 342, 524, 560, 671, 291, 367, 25, 199, 7, 94, 672, 3246, 3696, 9, 3365, 1330, 2831, 394, 723, 2133, 2522, 3097, 152, 293, 953, 2584, 2915, 232]
RKP_05000_00100_2_09.txt|439.79|472|0.14304818100000488|[6, 151, 1149, 1331, 2692, 293, 294, 88, 112, 392, 846, 1338, 2179, 2318, 4070, 142, 2196, 2365, 218, 755, 18, 5, 362, 1203, 61, 238, 955, 2520, 4778, 315, 1679, 2213, 15, 4171, 796, 86, 433, 1873, 2352, 2953, 3113, 20, 45, 1400, 1611, 1617, 1919, 3441, 175]
RKP_05000_00100_2_10.txt|390.79|422|0.14262964800000133|[120, 1773, 2435, 250, 502, 1932, 2345, 2755, 3321, 2318, 2768, 4994, 19, 326, 2133, 315, 2022, 184, 210, 253, 78, 163, 373, 1313, 3005, 275, 3300, 1253, 72, 935, 48, 123, 305, 387, 463, 1576, 1608, 2249, 3484, 477, 640, 8, 956]
RKP_05000_00100_3_01.txt|768.48|800|0.14237246099999482|[1, 11, 145, 224, 231, 279, 334, 349, 471, 588, 610, 661, 1006, 1192, 1751, 1768, 2321, 2608, 3252, 3272, 3675, 4, 5, 18, 22, 44, 58, 67, 109, 188, 322, 345, 383, 410, 413, 533, 558, 995, 1037, 1119, 1232, 1636, 1702, 1733, 1994, 2090, 2190, 2691, 3020, 4562, 4835, 3, 8, 26, 48, 83, 97, 135, 288, 312, 361, 465, 692, 900, 1096, 1272, 1725, 2039, 3292, 3674]
RKP_05000_00100_3_02.txt|828.15|899|0.14369727500000123|[9, 38, 132, 135, 145, 148, 203, 219, 254, 272, 301, 313, 356, 373, 434, 542, 973, 989, 1267, 1271, 1664, 1876, 2362, 2409, 2674, 2689, 2722, 3344, 3615, 3645, 4055, 4494, 4912, 54, 74, 168, 280, 365, 427, 554, 796, 879, 917, 1353, 1407, 1824, 2367, 2988, 3093, 3228, 3234, 4233, 1, 22, 55, 93, 94, 98, 167, 312, 351, 392, 415, 472, 496, 512, 776, 856, 1047, 1092, 1119, 1136, 1335, 1834, 2762, 2772, 2848, 3287, 3318, 4114]
RKP_05000_00100_3_03.txt|865.44|880|0.14481754000000138|[1, 18, 21, 52, 86, 96, 129, 140, 159, 387, 403, 894, 945, 1058, 1226, 1304, 1305, 1459, 1558, 1571, 1847, 2962, 2989, 4547, 4563, 4874, 3, 14, 24, 73, 155, 165, 380, 546, 656, 698, 714, 780, 963, 979, 1086, 1672, 2079, 2662, 3260, 3566, 3663, 4111, 5, 15, 20, 27, 76, 156, 191, 205, 258, 283, 341, 520, 820, 914, 977, 1109, 1256, 1409, 1487, 1712, 1888, 1941, 2676, 2793, 2858, 2984, 3115, 4254, 4440, 4520]
RKP_05000_00100_3_04.txt|834.2|860|0.14362003699999776|[9, 16, 48, 100, 298, 325, 365, 375, 446, 578, 688, 708, 759, 808, 984, 1024, 1227, 1283, 1338, 1348, 1739, 1757, 1788, 1905, 2433, 2810, 3639, 4679, 4996, 2, 3, 4, 24, 28, 51, 66, 72, 103, 118, 130, 136, 205, 309, 364, 377, 411, 607, 1162, 1817, 3399, 3697, 3783, 4136, 1, 5, 56, 59, 318, 320, 335, 769, 770, 898, 1182, 1193, 1264, 1433, 1570, 2156, 2274, 2340, 2386, 2600, 2634, 3111, 3384]
RKP_05000_00100_3_05.txt|718.1|740|0.1426932210000035|[7, 122, 362, 513, 573, 905, 973, 2040, 2337, 2456, 2714, 4398, 4423, 1, 25, 47, 60, 109, 147, 230, 235, 304, 435, 486, 542, 583, 588, 590, 614, 656, 769, 1529, 1760, 1764, 1810, 1858, 2877, 3492, 3753, 4063, 4118, 4182, 4207, 32, 79, 238, 292, 295, 480, 485, 638, 669, 909, 936, 950, 1668, 2596, 2928, 3114, 3135, 4073, 9, 11, 28]
RKP_05000_00100_3_06.txt|843.75|870|0.14299227800000097|[1, 15, 24, 26, 35, 58, 79, 103, 113, 270, 352, 452, 492, 564, 683, 755, 796, 838, 1046, 1130, 1376, 1477, 1698, 1884, 2159, 2889, 3112, 4282, 3, 4, 6, 29, 45, 80, 82, 86, 207, 440, 460, 700, 1227, 1366, 1393, 2299, 2520, 3091, 3434, 3943, 4211, 10, 25, 27, 32, 68, 119, 121, 179, 203, 244, 248, 551, 638, 956, 1148, 1451, 1657, 1735, 1860, 2205, 2457, 2528, 2710, 2738, 2878, 2978, 3082, 14]
RKP_05000_00100_3_07.txt|861.84|880|0.14331184299999905|[1, 10, 14, 18, 20, 98, 119, 169, 189, 213, 304, 362, 372, 495, 729, 750, 812, 817, 980, 1615, 1833, 1892, 2701, 2869, 3232, 3416, 3653, 26, 29, 68, 166, 185, 549, 566, 570, 583, 865, 1109, 1116, 1411, 1663, 2232, 2528, 3509, 3863, 4038, 4185, 16, 30, 77, 89, 93, 99, 114, 206, 222, 281, 356, 416, 500, 507, 523, 550, 699, 876, 883, 890, 1030, 1095, 1453, 1577, 1960, 2113, 2510, 2632, 2667, 4835, 3]
RKP_05000_00100_3_08.txt|804.97|890|0.1435999050000004|[1, 97, 101, 161, 215, 227, 238, 328, 343, 346, 491, 557, 572, 700, 925, 969, 1208, 1240, 1244, 1414, 1478, 1589, 1802, 2091, 2154, 2276, 2702, 3335, 3410, 4178, 4225, 4604, 4735, 21, 24, 99, 124, 191, 273, 502, 525, 685, 807, 888, 1017, 1028, 1047, 1458, 1747, 1914, 2465, 3476, 3642, 4708, 5, 6, 13, 17, 28, 47, 100, 129, 169, 382, 428, 563, 645, 1076, 1238, 1355, 1502, 1517, 1973, 2430, 2572, 3001, 3330, 3716, 3821]
RKP_05000_00100_3_09.txt|815.31|870|0.14372760099999765|[1, 24, 63, 217, 262, 355, 409, 636, 662, 839, 981, 986, 1161, 1532, 2033, 2453, 2595, 2846, 2925, 3120, 3562, 3987, 4348, 4813, 4902, 4948, 3, 25, 57, 78, 101, 110, 116, 119, 229, 373, 424, 579, 610, 882, 1328, 1517, 1715, 1972, 2032, 2275, 2805, 3596, 4609, 4, 40, 55, 94, 111, 137, 205, 271, 288, 466, 585, 600, 696, 789, 827, 1067, 1558, 1683, 1913, 2048, 2227, 2372, 2609, 2862, 2897, 3500, 3603, 3727]
RKP_05000_00100_3_10.txt|827.9|860|0.14365743400000155|[3, 21, 27, 30, 52, 173, 236, 383, 438, 627, 659, 666, 775, 1046, 1166, 1419, 1430, 1463, 1547, 1938, 1946, 2107, 2235, 2244, 2312, 2567, 2990, 3361, 3869, 3997, 4783, 2, 5, 11, 39, 227, 333, 336, 614, 685, 780, 793, 798, 933, 1040, 1132, 1323, 1396, 1457, 1928, 2051, 2280, 2720, 3415, 4016, 19, 22, 47, 63, 119, 216, 252, 283, 787, 860, 881, 1075, 1426, 2181, 2195, 2477, 2929, 2988, 3877, 4448, 4628]
RKP_05000_00100_4_01.txt|100.0|100|0.14296222600000022|[4203]
RKP_05000_00100_4_02.txt|100.0|100|0.14224655199999744|[4304]
RKP_05000_00100_4_03.txt|100.0|100|0.14252715599999988|[4228]
RKP_05000_00100_4_04.txt|100.0|100|0.14220419400000422|[4218]
RKP_05000_00100_4_05.txt|100.0|100|0.14241792600000167|[4227]
RKP_05000_00100_4_06.txt|100.0|100|0.14212957200000007|[4207]
RKP_05000_00100_4_07.txt|100.0|100|0.140803023000002|[4210]
RKP_05000_00100_4_08.txt|100.0|100|0.14288629699999889|[4205]
RKP_05000_00100_4_09.txt|100.0|100|0.14396043999999733|[4232]
RKP_05000_00100_4_10.txt|100.0|100|0.14289550999999961|[4213]
RKP_05000_00100_5_01.txt|96.0|100|0.14300320700000044|[1, 5, 13, 16, 17, 19, 20, 22, 28, 29, 30, 32, 34, 35, 36, 38, 40, 41, 43, 48, 51, 52]
RKP_05000_00100_5_02.txt|98.57|104|0.14264041699999666|[4, 6, 8, 9, 10, 11, 13, 14, 17, 20, 22, 24, 25, 27, 28, 30, 31, 32, 34]
RKP_05000_00100_5_03.txt|97.13|102|0.14221773699999743|[4, 5, 8, 9, 10, 11, 13, 15, 16, 17, 18, 23, 24, 26, 29, 30, 31, 32, 34, 35, 39, 40]
RKP_05000_00100_5_04.txt|97.79|104|0.14201172699999462|[5, 6, 7, 8, 11, 12, 14, 17, 19, 20, 21, 22, 26, 29, 30]
RKP_05000_00100_5_05.txt|96.67|102|0.14318168000000583|[3, 5, 6, 7, 9, 15, 18, 22, 30, 31, 32, 34, 35, 36, 39, 40, 42, 43]
RKP_05000_00100_5_06.txt|96.86|102|0.14218145999999934|[1, 2, 3, 6, 7, 8, 9, 12, 15, 16, 17, 19, 20, 22, 24, 25, 26, 29, 34, 36]
RKP_05000_00100_5_07.txt|96.91|102|0.14279347799999983|[2, 6, 8, 9, 10, 11, 12, 14, 15, 16, 18, 20, 22, 23, 24, 25, 26, 27, 29, 33, 34, 35]
RKP_05000_00100_5_08.txt|96.35|104|0.1431450920000009|[4, 5, 7, 8, 9, 10, 11, 12, 14, 15, 16, 18, 19, 20, 21, 27, 30, 32, 33, 35, 38, 41, 42, 43]
RKP_05000_00100_5_09.txt|96.46|103|0.1428551330000016|[4, 8, 10, 11, 14, 16, 19, 21, 23, 24, 25, 28, 29, 33, 36, 37, 39, 40, 46, 48, 51, 54]
RKP_05000_00100_5_10.txt|97.73|104|0.1426114090000044|[4, 5, 6, 8, 9, 10, 12, 13, 17, 19, 21, 23, 29, 30, 32, 33, 34, 40, 43, 48, 51]
RKP_05000_01000_1_01.txt|53541.14|56394|0.15077674500001081|[424, 1742, 2254, 53, 1232, 328, 18, 164, 4971, 151, 751, 700, 1034, 1858, 1591, 2077, 732, 13, 4223, 78, 226, 661, 2, 3791, 1979, 3534, 23, 491, 2629, 15, 17, 86, 8, 10, 3256, 2266, 368, 16, 399, 2567, 684, 1233, 2874, 1145, 22, 991, 2481, 271, 1724, 1196, 1756, 252, 778, 800, 1841, 118, 1, 212, 82, 1387, 334, 4129, 3144, 1775, 3282, 379, 551, 866, 1431, 4479, 2187, 153, 123, 1214, 3403, 2497, 2284, 2777, 1919, 436, 202, 3776]
RKP_05000_01000_1_02.txt|56643.43|59124|0.15073175700000208|[2800, 918, 304, 1590, 222, 36, 406, 7, 728, 3565, 588, 1205, 1337, 89, 622, 3, 4961, 1055, 1261, 1414, 988, 675, 41, 506, 3875, 2832, 10, 4489, 2379, 2011, 3349, 109, 772, 837, 1677, 39, 1329, 3795, 236, 917, 1604, 1277, 2973, 694, 3668, 2745, 539, 96, 3585, 78, 84, 464, 928, 2120, 1343, 2229, 22, 2041, 1860, 2750, 2594, 2825, 165, 2093, 646, 282, 235, 65, 203, 153, 1403, 971, 1455, 1687, 1698, 425, 609, 1999, 332, 2769, 17, 54]
RKP_05000_01000_1_03.txt|51183.51|53536|0.15165659200001072|[1614, 1039, 1534, 22, 882, 1854, 1150, 2688, 24, 1822, 1475, 176, 3194, 1027, 3276, 1, 2471, 344, 649, 3920, 135, 479, 76, 3682, 248, 165, 4104, 3232, 72, 852, 1415, 272, 2201, 3835, 940, 2125, 114, 2848, 933, 749, 62, 339, 1219, 1815, 515, 1006, 988, 4193, 192, 67, 1979, 94, 533, 875, 2110, 2016, 1364, 4283, 441, 2468, 33, 3392, 400, 186, 8, 1384, 1339, 20, 32, 1673, 174, 1945, 2136, 21, 678]
RKP_05000_01000_1_04.txt|53205.06|55356|0.1514439530000004|[238, 952, 223, 1218, 4775, 1275, 716, 35, 594, 61, 4624, 1450, 9, 2060, 10, 114, 64, 16, 181, 498, 794, 191, 687, 2320, 724, 33, 1174, 1916, 413, 50, 4277, 2999, 189, 25, 133, 465, 1416, 2, 1021, 24, 49, 1689, 270, 4397, 8, 132, 4329, 71, 1107, 1597, 1, 522, 3926, 318, 1395, 2470, 1901, 792, 1142, 52, 17, 2269, 3055, 547, 546, 882, 84, 304, 378, 625, 683, 3023, 351, 72, 482, 3051, 1546, 2099, 2404, 2376, 533, 14, 5, 2023, 4232]
RKP_05000_01000_1_05.txt|52392.53|55102|0.1507646909999994|[91, 1649, 14, 254, 352, 1142, 1316, 97, 385, 2069, 430, 132, 168, 4053, 2834, 1227, 2271, 2, 1093, 1607, 65, 279, 259, 46, 4385, 1606, 1418, 93, 1411, 1588, 667, 4, 1155, 1162, 985, 267, 2547, 816, 1320, 157, 651, 9, 1023, 711, 8, 580, 4096, 16, 73, 130, 120, 48, 2819, 2004, 330, 19, 94, 1893, 4204, 2397, 2256, 25, 4118, 201, 467, 67, 3468, 1012, 349, 339, 838, 2786, 2570, 1708, 1319, 1355, 119, 1576, 3770, 189, 1853, 350, 58, 876]
RKP_05000_01000_1_06.txt|51126.88|54225|0.150283704000002|[736, 48, 4603, 51, 336, 52, 498, 269, 8, 159, 894, 1097, 1916, 1879, 288, 3076, 107, 2195, 998, 2, 2050, 217, 10, 503, 1530, 9, 6, 80, 2517, 90, 343, 2925, 1689, 1002, 1192, 42, 13, 2483, 612, 292, 157, 1062, 429, 656, 697, 2633, 721, 163, 1, 2857, 1511, 3109, 4196, 1242, 2012, 1494, 943, 2025, 687, 2442, 192, 224, 2861, 1145, 297, 684, 60, 883, 2865, 4183, 1910, 188, 1812, 15, 54, 88, 3846, 2028, 2967, 3]
RKP_05000_01000_1_07.txt|48130.28|50575|0.15003809999999704|[4009, 1741, 15, 226, 753, 1904, 568, 161, 2669, 77, 1865, 204, 1, 2593, 84, 2, 957, 1449, 44, 522, 577, 1175, 188, 2087, 21, 628, 2001, 3455, 46, 795, 198, 1359, 386, 130, 2245, 616, 213, 651, 4242, 8, 1697, 65, 4471, 1047, 91, 640, 993, 2145, 1378, 608, 3438, 393, 1666, 4078, 2235, 119, 38, 1052, 363, 424, 666, 1605, 488, 1367, 80, 1198, 115, 421, 423, 205, 2507, 3964, 523, 23, 1764, 4146]
RKP_05000_01000_1_08.txt|48983.37|51591|0.15026464400000236|[4497, 427, 140, 24, 20, 2382, 1088, 89, 2585, 1487, 10, 651, 2528, 279, 785, 1391, 952, 527, 235, 3925, 2841, 15, 1138, 7, 257, 3318, 26, 1574, 2356, 738, 3, 151, 3937, 4666, 849, 118, 40, 39, 2070, 75, 1275, 892, 81, 32, 531, 52, 548, 190, 207, 430, 3788, 79, 3288, 2110, 1344, 117, 529, 4070, 3323, 109, 3908, 670, 244, 534, 78, 298, 53, 4618, 3083, 575, 823, 1736, 3680, 488, 3244]
RKP_05000_01000_1_09.txt|52124.89|55508|0.15058746700000256|[157, 1714, 2381, 4115, 3179, 1362, 684, 1434, 3964, 6, 996, 1, 3744, 883, 128, 104, 2, 1481, 1679, 17, 499, 51, 1366, 427, 1854, 563, 1788, 1761, 3, 364, 2121, 2328, 2845, 18, 163, 27, 1579, 714, 342, 473, 1113, 2399, 7, 2012, 2364, 3556, 3900, 4, 1401, 73, 3156, 1699, 94, 106, 25, 1242, 1509, 1337, 359, 3644, 191, 1495, 2034, 153, 3245, 2239, 136, 39, 390, 377, 8, 91, 451, 12, 5, 184, 223, 897, 47, 11, 906]
RKP_05000_01000_1_10.txt|57621.82|60193|0.1514441319999969|[129, 1640, 47, 785, 888, 528, 1479, 486, 11, 2671, 461, 2184, 740, 384, 245, 1430, 180, 1361, 1680, 1253, 2753, 359, 1076, 104, 49, 100, 2309, 9, 500, 2, 1914, 807, 1554, 2698, 3137, 1, 33, 212, 2541, 1686, 2560, 1436, 2867, 1476, 2608, 2216, 634, 1553, 4698, 844, 28, 261, 1731, 4036, 1413, 604, 193, 2153, 103, 1350, 4, 1095, 813, 2768, 3836, 1423, 3687, 255, 1313, 17, 152, 1333, 286, 1175, 4815, 2737, 1284, 2544, 113, 1765, 38, 3828, 6, 839, 43, 3309]
RKP_05000_01000_2_01.txt|3969.73|4204|0.14971199600000432|[176, 1844, 339, 1473, 3060, 28, 3919, 2671, 2, 4166, 88, 103, 2400, 1730, 2057, 2000, 541, 265, 2351, 1898, 1487, 3764, 309, 951, 395, 4493, 724, 997, 761, 687, 115, 413, 38, 483, 22, 1011, 23, 1154, 2168, 716, 34, 5, 165, 1173, 4001, 602, 2047, 2014]
RKP_05000_01000_2_02.txt|4285.78|4621|0.15024056599999994|[88, 2, 279, 1045, 317, 365, 964, 44, 1068, 862, 3, 462, 1, 1577, 2581, 545, 62, 121, 3024, 1739, 311, 471, 667, 76, 2983, 653, 491, 1049, 2308, 94, 946, 214, 1856, 2259, 1294, 1000, 2515, 2419, 1693, 2537, 3342, 2213, 1159, 299, 4977, 1189, 2682, 1112, 683, 3944, 345]
RKP_05000_01000_2_03.txt|4326.16|4564|0.1483222130000047|[305, 51, 726, 217, 1002, 86, 3351, 3416, 3938, 655, 3540, 69, 2930, 286, 235, 862, 2182, 1958, 4457, 308, 3343, 104, 1354, 4964, 2548, 3087, 118, 1550, 177, 341, 2601, 3822, 2164, 2610, 106, 1483, 414, 185, 477, 589, 350, 171, 88, 1676, 1684, 1256, 7, 3321, 3406]
RKP_05000_01000_2_04.txt|4768.84|5104|0.1506071269999893|[17, 2518, 3, 4454, 1740, 2928, 63, 183, 768, 153, 758, 585, 371, 2408, 2989, 545, 1906, 2237, 2249, 3872, 302, 1672, 509, 1989, 2245, 4236, 22, 567, 1136, 916, 82, 1319, 557, 662, 1210, 1539, 1799, 348, 1209, 59, 84, 3183, 547, 667, 1100, 4424, 400, 3767, 2508, 86, 3530, 41, 222, 1178, 3498, 1062, 1086, 54]
RKP_05000_01000_2_05.txt|4248.27|4574|0.14846258400000237|[734, 420, 33, 4485, 1132, 273, 1158, 876, 34, 204, 360, 526, 8, 1064, 201, 4, 70, 2513, 3, 2943, 1762, 1925, 1680, 260, 2008, 344, 16, 390, 2548, 453, 4215, 9, 1052, 30, 775, 1424, 737, 3321, 290, 2686, 1335, 43, 807, 1622, 1223, 5, 10, 784, 1839, 208, 1920, 2179]
RKP_05000_01000_2_06.txt|4445.15|4696|0.15029498499999136|[464, 1933, 344, 473, 900, 683, 672, 61, 242, 2, 30, 1, 1991, 1948, 1477, 1619, 1134, 386, 105, 282, 403, 154, 925, 138, 59, 707, 1898, 3111, 739, 2638, 2476, 159, 1064, 714, 4951, 1852, 328, 2201, 2484, 109, 27, 10, 4545, 670, 184, 1369, 1746, 252, 114, 1569, 4407, 1896, 78, 790, 4039, 3459, 2997]
RKP_05000_01000_2_07.txt|4530.55|4803|0.14987467700000592|[4279, 2608, 1, 1902, 4495, 2206, 759, 1625, 1437, 207, 2282, 909, 12, 1643, 4453, 11, 1552, 3129, 771, 157, 1265, 516, 238, 3147, 199, 212, 2446, 2461, 294, 2241, 5, 1811, 3275, 2341, 387, 44, 257, 3196, 1425, 1702, 368, 751, 997, 3507, 33, 1231, 2233, 59, 3259, 239, 3278, 1123, 193, 420, 2001, 77, 772, 1181]
RKP_05000_01000_2_08.txt|4547.82|4772|0.14937753699999803|[298, 1184, 78, 44, 1499, 3191, 312, 972, 580, 59, 385, 3385, 6, 264, 30, 213, 371, 658, 3148, 846, 1783, 2808, 242, 2941, 1314, 200, 660, 236, 2399, 1114, 2632, 1156, 3857, 201, 1664, 174, 114, 1802, 108, 4386, 17, 1016, 2683, 823, 137, 413, 386, 1766, 881, 987, 324]
RKP_05000_01000_2_09.txt|4311.51|4582|0.1515908380000019|[1226, 897, 3478, 1556, 408, 4, 379, 1583, 2140, 10, 2789, 677, 175, 13, 2637, 63, 2317, 997, 419, 36, 1132, 118, 2887, 310, 1259, 128, 784, 1627, 2, 4691, 935, 1967, 1428, 579, 130, 377, 2094, 3, 2005, 247, 1587, 44, 15, 1786, 1844, 25, 17, 2982, 22, 28, 270, 4804]
RKP_05000_01000_2_10.txt|4205.82|4503|0.15120108299998491|[4267, 4015, 9, 137, 420, 18, 1502, 99, 227, 2318, 149, 1686, 922, 19, 294, 2998, 749, 4050, 2559, 1049, 1523, 3674, 1303, 4809, 1494, 1858, 191, 95, 82, 587, 74, 29, 3887, 305, 25, 880, 1175, 3712, 2034, 4057, 15, 337, 36, 1926, 4084, 55, 1619, 2227, 64, 536, 3629, 939, 150]
RKP_05000_01000_3_01.txt|8994.08|9300|0.15069498799999564|[1698, 21, 562, 1, 34, 46, 47, 1958, 2461, 3246, 108, 237, 1081, 2783, 40, 97, 372, 550, 1615, 2851, 917, 2748, 176, 284, 1779, 3421, 2250, 1038, 2178, 2874, 455, 2241, 2416, 119, 688, 384, 749, 1600, 60, 398, 3683, 72, 112, 132, 757, 1382, 23, 53, 381, 604, 623, 114, 728, 996, 1047, 1140, 45, 632, 1087, 37, 539, 77, 274, 387, 1369, 3591, 2, 207, 1198, 140, 161, 181, 2794, 10, 3188, 2082, 1894, 2056, 429, 43, 890, 2517, 3368]
RKP_05000_01000_3_02.txt|9848.82|10194|0.149295644000008|[129, 1499, 2113, 2425, 849, 140, 230, 1087, 39, 562, 2330, 878, 1486, 3041, 13, 28, 2067, 3308, 2, 1885, 209, 1161, 1436, 90, 379, 425, 542, 2853, 25, 40, 107, 169, 1908, 3546, 883, 1020, 2667, 4134, 305, 445, 2772, 446, 2704, 1117, 2989, 4507, 801, 2136, 2565, 4, 41, 66, 1046, 2080, 2933, 4719, 235, 2953, 71, 931, 1240, 1334, 3832, 33, 2978, 3750, 345, 1193, 68, 130, 295, 448, 2215, 4419, 303, 1083, 55, 111, 1243, 1, 214, 790, 843, 65, 371, 1692, 133, 451, 1312, 436, 892, 77]
RKP_05000_01000_3_03.txt|10121.27|10491|0.1515598130000012|[5, 286, 4215, 621, 975, 4813, 26, 881, 1498, 3273, 215, 360, 652, 4041, 609, 4, 1663, 158, 399, 3166, 11, 710, 856, 1597, 2386, 3910, 2, 568, 4671, 1, 38, 156, 163, 763, 794, 1022, 1041, 1523, 1559, 2202, 2957, 246, 2319, 952, 115, 1465, 200, 1533, 2087, 3, 199, 190, 2034, 839, 1733, 308, 480, 544, 1157, 22, 129, 239, 439, 4529, 669, 2298, 153, 377, 765, 770, 879, 1767, 2529, 3239, 3697, 4329, 127, 592, 1077, 1429, 989, 1164, 4695, 137, 4447, 455, 3508, 14, 1245, 1316, 3042, 709, 2439, 3545, 306]
RKP_05000_01000_3_04.txt|10168.0|10598|0.14953126499999825|[132, 206, 448, 680, 2372, 2868, 619, 657, 1080, 198, 548, 1872, 2150, 261, 610, 989, 9, 4880, 1, 1396, 6, 111, 337, 360, 2747, 27, 277, 3197, 4, 63, 18, 306, 3523, 29, 58, 3330, 5, 7, 142, 4042, 70, 769, 1226, 4440, 225, 747, 962, 495, 709, 1049, 1064, 1276, 2516, 2568, 82, 205, 977, 1589, 1768, 2593, 3612, 94, 648, 1398, 2575, 321, 574, 472, 568, 730, 1309, 1912, 3274, 89, 400, 25, 784, 1165, 1493, 1557, 1801, 1852, 2115, 2601, 45, 3448, 362, 650, 835, 3645, 456, 4324, 51, 144, 1296, 3474]
RKP_05000_01000_3_05.txt|9378.96|9800|0.14930900300000075|[26, 344, 1759, 2460, 16, 48, 1619, 1060, 219, 2123, 3439, 3584, 1, 7, 143, 985, 1859, 1305, 1552, 4338, 34, 1516, 1588, 1909, 3635, 3440, 285, 513, 37, 184, 2920, 3469, 162, 56, 555, 768, 49, 348, 912, 3055, 748, 998, 8, 112, 1033, 2615, 212, 122, 183, 2298, 11, 501, 638, 1500, 3106, 2, 256, 777, 1259, 3068, 3370, 3, 10, 4, 6, 25, 386, 491, 1292, 2610, 3258, 4405, 19, 2634, 2744, 632, 830, 1044, 1068, 1206, 2381, 91, 1069, 3558, 224, 1003, 2180, 45]
RKP_05000_01000_3_06.txt|9861.96|10199|0.1491022049999947|[4, 813, 4258, 760, 801, 6, 12, 227, 85, 2251, 3214, 7, 45, 55, 1522, 1917, 1, 41, 46, 288, 4322, 4808, 603, 623, 1359, 213, 931, 206, 1978, 4315, 3, 286, 1610, 665, 946, 2799, 4000, 734, 1551, 2026, 1640, 4911, 124, 184, 418, 1030, 3264, 82, 249, 404, 431, 859, 1119, 2741, 193, 219, 76, 94, 141, 767, 686, 1035, 1212, 4424, 214, 839, 1281, 3851, 368, 1991, 2138, 126, 345, 350, 900, 276, 889, 3324, 3533, 119, 540, 165, 1595, 87, 507, 287, 469, 573, 3433, 1506, 10, 1594]
RKP_05000_01000_3_07.txt|9718.54|10000|0.1508887499999946|[79, 291, 762, 1792, 60, 413, 593, 13, 293, 827, 1003, 1783, 896, 2716, 1470, 76, 100, 3628, 427, 884, 1998, 295, 2900, 4131, 214, 360, 487, 883, 1055, 3854, 36, 849, 18, 75, 4233, 3, 11, 370, 608, 2104, 2966, 3438, 5, 658, 3609, 84, 891, 113, 1, 1179, 73, 216, 221, 422, 1564, 6, 8, 539, 1066, 1090, 1173, 2360, 3402, 4456, 1789, 2448, 3146, 33, 319, 1407, 919, 991, 65, 146, 1825, 2095, 2, 125, 398, 417, 1123, 2357, 3085, 3731, 265, 2381, 500, 1246, 80, 93]
RKP_05000_01000_3_08.txt|9682.85|9999|0.14942486899998358|[1588, 4022, 217, 394, 3214, 80, 525, 250, 953, 1135, 1970, 2019, 134, 1976, 331, 883, 1009, 154, 301, 901, 2858, 14, 1036, 3087, 3571, 489, 686, 1159, 1395, 4192, 279, 474, 654, 1513, 3396, 28, 152, 1733, 2977, 1077, 6, 30, 1273, 1636, 725, 1134, 4, 77, 260, 270, 2364, 2402, 3237, 22, 162, 2025, 3346, 126, 675, 1050, 4779, 20, 1014, 1810, 3557, 4487, 2088, 2484, 1, 122, 295, 656, 35, 73, 660, 34, 2808, 498, 4467, 466, 3939, 460, 177, 2070, 271, 922, 1924, 2479, 356, 771]
RKP_05000_01000_3_09.txt|9141.66|9599|0.14828869299999725|[655, 2621, 556, 671, 1189, 760, 1322, 2511, 73, 242, 384, 3256, 2497, 3538, 664, 3443, 106, 281, 310, 152, 661, 1471, 2486, 4292, 9, 87, 3392, 136, 492, 751, 3868, 4136, 51, 237, 252, 1684, 2055, 40, 77, 83, 99, 159, 453, 494, 995, 2, 207, 886, 2287, 3618, 1, 8, 797, 2577, 13, 86, 1003, 852, 1313, 4, 61, 931, 426, 376, 2024, 2401, 222, 830, 42, 81, 412, 2657, 7, 3572, 564, 1872, 2450, 4818, 444, 516, 1800, 6, 20, 1311, 1148, 238]
RKP_05000_01000_3_10.txt|9709.92|10198|0.14814287199999399|[119, 270, 3150, 4466, 16, 33, 196, 219, 1125, 2322, 2894, 25, 2813, 2940, 413, 811, 1019, 3234, 50, 393, 876, 1329, 3435, 3589, 2, 2915, 369, 3251, 62, 69, 1854, 3127, 6, 907, 2224, 1, 3, 1785, 3240, 52, 235, 1093, 1498, 4227, 112, 223, 808, 1621, 1635, 4747, 4788, 1803, 4631, 145, 692, 1184, 344, 1847, 2877, 10, 2189, 305, 446, 458, 1279, 73, 191, 781, 1343, 2458, 3064, 417, 479, 14, 66, 194, 1317, 149, 342, 445, 1192, 2061, 3012, 434, 1530, 7, 4, 2213, 300, 615, 4143, 4052]
RKP_05000_01000_4_01.txt|999.69|1000|0.14680812299999615|[4922]
RKP_05000_01000_4_02.txt|999.7|1000|0.14725386700000173|[4655]
RKP_05000_01000_4_03.txt|999.92|1000|0.14777112399999395|[4639]
RKP_05000_01000_4_04.txt|999.95|1000|0.14800936499999578|[4995]
RKP_05000_01000_4_05.txt|999.99|1000|0.1477045429999771|[4606]
RKP_05000_01000_4_06.txt|999.99|1000|0.14886865199999874|[4688]
RKP_05000_01000_4_07.txt|999.9|1000|0.14818998900000452|[4493]
RKP_05000_01000_4_08.txt|999.99|1000|0.14838268599999765|[4472]
RKP_05000_01000_4_09.txt|1000.0|1000|0.14734823299999789|[4528]
RKP_05000_01000_4_10.txt|1000.0|1000|0.14927844500001583|[4469]
RKP_05000_01000_5_01.txt|969.1|1035|0.14535468400000126|[6, 11, 14, 16, 19, 20, 21, 22, 24, 25, 27, 28, 30, 34, 35, 36, 38, 39, 45, 46]
RKP_05000_01000_5_02.txt|967.47|1014|0.1469136189999972|[3, 5, 6, 10, 11, 18, 19, 22, 23, 26, 27, 28, 30, 35, 36, 37, 45, 46, 47, 49, 53, 54, 56, 58, 60]
RKP_05000_01000_5_03.txt|971.36|1020|0.1460242919999996|[4, 7, 8, 9, 10, 11, 13, 15, 17, 19, 23, 24, 32, 33, 36, 37, 40, 42, 43, 44, 50, 53, 55]
RKP_05000_01000_5_04.txt|960.39|1022|0.14852082000001474|[7, 11, 14, 18, 19, 21, 22, 23, 24, 26, 27, 28, 29, 31, 33, 41, 43, 44, 45]
RKP_05000_01000_5_05.txt|969.66|1022|0.14702458300001353|[6, 7, 9, 10, 12, 16, 17, 18, 19, 20, 21, 24, 26, 27, 28, 31, 33, 34, 35, 36, 38, 41, 42]
RKP_05000_01000_5_06.txt|952.81|1006|0.14760280099998682|[8, 9, 10, 12, 13, 14, 15, 17, 18, 19, 20, 22, 23, 24, 27, 29, 30, 31, 32, 33, 44, 46, 47, 49, 52]
RKP_05000_01000_5_07.txt|969.26|1022|0.14708180200000243|[2, 5, 7, 8, 9, 19, 20, 24, 28, 31, 32, 34, 36, 38, 39, 40, 46, 47, 49, 52, 56, 57, 58, 59, 60]
RKP_05000_01000_5_08.txt|963.95|1030|0.14537779999998748|[3, 4, 5, 6, 7, 9, 14, 15, 16, 21, 22, 23, 24, 25, 27, 28, 31, 32, 34, 35, 39]
RKP_05000_01000_5_09.txt|976.47|1018|0.14496228099998235|[2, 4, 5, 6, 7, 10, 12, 13, 14, 15, 18, 19, 28, 30, 31, 32, 34, 37, 38, 41, 42, 44, 46, 49]
RKP_05000_01000_5_10.txt|961.81|1011|0.14653500399997255|[1, 3, 4, 5, 6, 9, 11, 13, 14, 17, 18, 19, 20, 24, 31, 33, 34, 38, 41, 43, 44]
RKP_05000_05000_1_01.txt|246591.11|254503|0.14891940199999681|[1201, 1260, 226, 1200, 74, 134, 239, 2685, 254, 263, 826, 1595, 255, 75, 1247, 477, 36, 2945, 149, 2997, 1416, 688, 1437, 496, 2321, 2, 100, 78, 174, 1674, 940, 358, 747, 290, 21, 127, 1939, 2896, 4, 41, 601, 206, 3813, 4308, 1246, 3721, 248, 798, 274, 168, 3113, 809, 47, 1685, 1034, 50, 1293, 30, 1999, 981, 203, 267, 137, 894, 2687, 1016, 3, 363, 279, 55, 498]
RKP_05000_05000_1_02.txt|302737.17|313465|0.1493757049999954|[2706, 24, 269, 297, 474, 3940, 1005, 45, 1115, 3921, 361, 2667, 8, 2174, 55, 1044, 712, 113, 1374, 1, 537, 396, 1107, 3754, 903, 240, 3842, 4402, 444, 1152, 21, 310, 378, 2177, 2501, 1459, 4, 10, 1855, 238, 805, 2, 470, 4832, 4712, 4382, 1870, 1069, 2306, 20, 3588, 3696, 117, 231, 1979, 334, 1722, 4197, 57, 4013, 2039, 3059, 126, 1434, 1786, 9, 18, 59, 1089, 38, 2403, 1041, 3538, 14, 5, 785, 2313, 574, 1428, 1390, 2066, 2322, 771, 2928, 1987, 3274, 104, 3042]
RKP_05000_05000_1_03.txt|270778.03|280687|0.14927639700000783|[3247, 426, 78, 557, 4414, 2859, 2760, 2630, 582, 115, 1098, 1265, 1477, 233, 1261, 3414, 1, 811, 3493, 249, 1775, 231, 39, 80, 1115, 451, 25, 3512, 1414, 3443, 2438, 3490, 1309, 318, 482, 206, 1441, 8, 339, 1236, 246, 1083, 2426, 297, 481, 960, 2124, 779, 22, 18, 353, 4374, 651, 393, 46, 504, 110, 645, 586, 3154, 133, 908, 1212, 3843, 1244, 69, 1897, 63, 434, 1099, 4284, 2850, 2264, 1594, 904, 4843, 86, 7, 1329]
RKP_05000_05000_1_04.txt|286473.66|298216|0.15095621200001233|[3850, 4668, 90, 3802, 5, 376, 332, 9, 1, 34, 557, 148, 2372, 484, 1072, 291, 2328, 1417, 4260, 25, 1418, 2003, 2581, 3, 2061, 222, 1677, 189, 145, 2991, 81, 85, 75, 2051, 3651, 240, 831, 1753, 675, 368, 3260, 76, 4172, 814, 135, 2813, 408, 318, 169, 4715, 3568, 4384, 1859, 226, 809, 12, 1389, 710, 3813, 105, 2584, 787, 326, 778, 2553, 3431, 1758, 3305, 390, 333, 422, 3410, 2017, 387, 935, 559, 2312, 96, 197, 3547, 1938, 398, 997, 2364, 50, 289, 6, 2047, 70, 2032]
RKP_05000_05000_1_05.txt|287885.92|299339|0.14983147399998187|[130, 3722, 378, 694, 2352, 2579, 403, 2467, 301, 1929, 227, 2309, 22, 210, 46, 582, 559, 55, 950, 127, 2657, 1, 4208, 3175, 143, 3024, 153, 32, 4354, 2, 1432, 1088, 1993, 2118, 62, 2025, 992, 1098, 923, 33, 2138, 1281, 463, 1668, 214, 1887, 1460, 459, 1492, 2703, 7, 3873, 1692, 2910, 2427, 3186, 518, 1483, 261, 1016, 146, 677, 1662, 1521, 2223, 1221, 4301, 148, 23, 38, 167, 8, 2732, 131, 156, 2804, 2215, 17, 163, 4691, 2411, 21, 511, 4846, 2045, 918]
RKP_05000_05000_1_06.txt|263064.5|273122|0.1477472149999926|[651, 1154, 693, 2701, 1730, 1227, 1065, 621, 87, 2, 2729, 1981, 4561, 2204, 363, 581, 23, 925, 2048, 4540, 813, 715, 18, 378, 3361, 613, 2210, 956, 243, 40, 1280, 2132, 120, 2309, 1927, 608, 66, 2240, 338, 4692, 4076, 43, 2386, 568, 85, 8, 82, 3978, 1305, 3938, 274, 1054, 1671, 523, 2228, 275, 1041, 407, 538, 236, 347, 299, 850, 1578, 2592, 2509, 2011, 1125, 3233, 707, 9, 19, 1508, 113, 689, 3, 307, 649, 71, 825, 1802]
RKP_05000_05000_1_07.txt|245191.53|256487|0.1516981190000115|[730, 1, 31, 2688, 536, 15, 3045, 2854, 829, 248, 380, 3, 1616, 457, 44, 864, 83, 2, 1263, 4664, 29, 303, 1267, 739, 785, 182, 1849, 190, 4, 478, 1315, 1406, 1228, 1520, 7, 175, 3888, 4225, 2273, 230, 121, 4751, 667, 4149, 8, 381, 30, 745, 1019, 1820, 109, 16, 575, 1246, 916, 2725, 690, 529, 79, 768, 294, 346, 2162, 507, 3875, 119, 2529, 1897, 332, 237, 640, 10, 4260, 57, 2833, 249, 1088, 153]
RKP_05000_05000_1_08.txt|246709.25|256026|0.149532920000006|[95, 674, 596, 253, 124, 91, 156, 2525, 2536, 38, 523, 451, 1167, 97, 2600, 122, 4195, 3744, 3998, 1421, 171, 30, 764, 342, 3, 2312, 1439, 984, 16, 4080, 2, 3833, 1562, 1247, 275, 1941, 402, 371, 2047, 303, 1737, 1678, 3792, 478, 2428, 850, 836, 262, 706, 878, 1549, 51, 2042, 1179, 2813, 949, 669, 2805, 4186, 560, 453, 2681, 7, 4596, 363, 1, 2959, 2523, 3599, 1546, 2100, 4199, 3666, 280, 4485, 2236, 4, 23]
RKP_05000_05000_1_09.txt|266276.35|282355|0.1500135520000117|[170, 5, 66, 542, 325, 1314, 1635, 4248, 682, 339, 4615, 2636, 1458, 537, 4486, 565, 4489, 871, 1350, 1416, 299, 1227, 1592, 196, 77, 139, 1006, 3, 42, 3197, 2450, 632, 1254, 460, 234, 6, 820, 1917, 921, 2593, 221, 55, 2016, 160, 2834, 1788, 1, 126, 492, 114, 1808, 2, 1979, 2497, 113, 312, 52, 17, 701, 12, 563, 2557, 380, 99, 76, 1480, 376, 1466, 179, 404, 282, 1064, 243, 1245, 438, 1355, 1078, 2554, 3551, 176, 4, 539, 667, 245, 578, 27, 323]
RKP_05000_05000_1_10.txt|228024.22|239600|0.14887766000001193|[3078, 1652, 153, 7, 2629, 414, 472, 756, 659, 3067, 1609, 3261, 959, 2870, 286, 185, 2050, 1504, 803, 2608, 38, 4380, 3101, 909, 380, 981, 60, 92, 278, 746, 813, 428, 2786, 2, 2306, 2607, 18, 2498, 3450, 4532, 2151, 1930, 2504, 10, 3198, 3471, 14, 322, 3696, 144, 862, 3229, 470, 302, 467, 2281, 3060, 1227, 78, 3654, 5, 101, 259, 2397, 1766, 48, 3728, 107]
RKP_05000_05000_2_01.txt|21010.1|22885|0.14826259900000197|[2236, 866, 1665, 748, 18, 93, 953, 293, 4844, 1367, 2937, 1059, 1308, 1505, 986, 4544, 20, 2687, 279, 1885, 3883, 1784, 1635, 750, 1482, 579, 411, 1045, 3667, 49, 2113, 2458, 8, 1435, 1497, 475, 3808, 937, 235, 319, 106, 52, 33, 383, 98, 391, 4833, 2351, 5]
RKP_05000_05000_2_02.txt|20023.29|21180|0.1468534700000032|[220, 15, 4007, 563, 1069, 582, 3641, 3796, 1058, 208, 3100, 1649, 5, 530, 2162, 707, 14, 2244, 91, 4564, 677, 79, 1287, 710, 836, 96, 2814, 762, 105, 28, 3355, 2142, 722, 203, 3813, 106, 1592, 485, 598, 56, 3455, 1437, 1195, 2429, 104, 1172, 77]
RKP_05000_05000_2_03.txt|18846.8|20375|0.14736129899999242|[3630, 4565, 3839, 1429, 1, 983, 1269, 1422, 44, 177, 502, 1432, 3428, 375, 3957, 394, 2272, 4, 4235, 1207, 583, 441, 477, 2224, 94, 1481, 3090, 783, 4939, 1212, 41, 544, 2790, 64, 216, 338, 45, 729, 2512, 128, 146, 5, 8, 61, 2688, 743, 4296, 92]
RKP_05000_05000_2_04.txt|25526.03|26895|0.14813029599999708|[307, 455, 832, 2382, 21, 122, 2, 37, 187, 1586, 23, 71, 2705, 47, 1606, 126, 1223, 1508, 78, 554, 2308, 3257, 893, 1329, 115, 322, 3, 625, 4, 346, 1124, 131, 165, 372, 82, 2093, 491, 2773, 406, 60, 19, 3704, 262, 77, 264, 637, 422, 1335, 1748, 1519, 1, 20, 2343, 2319, 43, 1068, 1187, 1770, 2632, 2293, 1965, 238, 34, 147, 206]
RKP_05000_05000_2_05.txt|21036.16|22367|0.1483706489999895|[1022, 1813, 1260, 932, 513, 1103, 1011, 501, 1232, 858, 5, 317, 13, 220, 606, 1768, 1242, 3623, 2678, 4, 2694, 4902, 3798, 1588, 2569, 662, 167, 4092, 1503, 9, 145, 2493, 350, 1489, 976, 734, 163, 8, 2906, 2057, 66, 370, 1153, 626, 128, 96, 2060, 67, 4330, 12, 103]
RKP_05000_05000_2_06.txt|18341.04|19801|0.14782456699999103|[303, 731, 3580, 832, 1070, 30, 872, 136, 3764, 437, 449, 1073, 2245, 574, 866, 2357, 1756, 74, 985, 726, 1342, 3105, 1814, 3371, 1542, 281, 2039, 8, 526, 326, 356, 1807, 16, 3746, 1638, 1461, 3749, 629, 1256, 316, 3437, 2795, 6]
RKP_05000_05000_2_07.txt|21852.82|23406|0.1486802349999948|[1734, 129, 1137, 1460, 725, 932, 2118, 624, 1438, 4066, 1326, 3995, 1730, 1115, 3935, 3396, 30, 152, 2045, 273, 1581, 199, 3005, 421, 7, 3704, 461, 903, 528, 72, 411, 1988, 957, 2664, 2838, 383, 409, 872, 713, 232, 3189, 36, 1153, 926, 301, 12, 3690, 4720, 3747, 75, 253, 1241, 23, 1819, 989]
RKP_05000_05000_2_08.txt|22839.09|24045|0.14832331599999407|[116, 3617, 449, 286, 155, 1692, 179, 17, 659, 1520, 899, 1262, 3119, 274, 953, 919, 760, 2, 551, 332, 1239, 1835, 192, 782, 2907, 20, 724, 1834, 1064, 2024, 1597, 2856, 160, 2390, 1714, 34, 3691, 259, 3274, 461, 2814, 944, 315, 2078, 2598, 2350, 603, 242, 1683, 127, 4709, 826, 1479, 3257, 746]
RKP_05000_05000_2_09.txt|24059.8|25383|0.14954366199999414|[83, 3, 1231, 385, 82, 1378, 36, 105, 1308, 1179, 4959, 3741, 899, 394, 2555, 164, 973, 1213, 7, 157, 61, 1802, 413, 1, 137, 60, 920, 129, 893, 279, 1462, 2129, 84, 26, 173, 4, 1555, 4230, 152, 181, 634, 423, 1184, 360, 221, 19, 829, 251, 2368, 2584, 2, 74, 95, 4702, 2551, 3975, 68, 327, 1478, 128]
RKP_05000_05000_2_10.txt|21778.23|23209|0.14795448100000386|[2884, 666, 311, 42, 1620, 23, 70, 725, 2, 3568, 1, 330, 97, 2524, 261, 856, 1908, 2605, 185, 2854, 1530, 1230, 1078, 3271, 723, 1136, 1060, 2264, 1015, 24, 175, 3185, 3272, 233, 117, 899, 4367, 268, 1742, 728, 2102, 452, 153, 4670, 2594, 2312, 424, 205, 2690, 351, 102, 133, 84, 2556, 2189, 2124]
RKP_05000_05000_3_01.txt|48700.37|50481|0.14819970799999965|[1430, 1410, 88, 106, 1075, 1409, 39, 449, 2100, 21, 2544, 528, 2024, 45, 926, 1887, 79, 1328, 3210, 58, 638, 1004, 563, 54, 6, 336, 2454, 530, 1850, 2266, 480, 83, 787, 1290, 2987, 17, 625, 4, 164, 510, 2831, 1158, 13, 736, 2738, 1758, 833, 814, 16, 94, 646, 1080, 595, 1664, 465, 731, 634, 55, 284, 102, 800, 4143, 137, 2025, 122, 157, 2781, 4085, 9, 56, 169, 1539, 10, 289, 2296, 132, 628, 1019, 2836, 4348, 262, 927, 7, 870, 352, 1429, 60, 760, 1846, 42, 2119]
RKP_05000_05000_3_02.txt|47074.09|48971|0.14706331499998668|[2345, 2826, 4175, 773, 2392, 969, 4488, 38, 133, 33, 2259, 2529, 217, 30, 4553, 303, 4589, 58, 2038, 9, 1093, 1675, 509, 1198, 155, 407, 970, 985, 601, 1232, 1763, 1509, 3096, 3743, 115, 2025, 99, 1793, 3282, 117, 2, 85, 3922, 409, 507, 389, 47, 32, 4338, 2501, 51, 3779, 967, 1229, 4134, 4221, 3717, 151, 885, 3230, 597, 2556, 1132, 8, 1914, 2118, 10, 1457, 1220, 221, 869, 3092, 50, 123, 1814, 42, 360, 45, 105, 1050, 2223, 25, 1853, 2063, 37, 1238, 738, 1979]
RKP_05000_05000_3_03.txt|49824.43|51996|0.1483122420000018|[3909, 636, 2585, 13, 1960, 523, 3112, 1677, 1129, 194, 950, 3819, 3385, 185, 1029, 856, 1, 219, 2297, 2430, 127, 3452, 223, 1729, 281, 25, 2713, 1099, 682, 2, 1505, 88, 90, 1875, 67, 963, 323, 489, 1255, 1715, 2750, 79, 1911, 3389, 763, 21, 1061, 1278, 1703, 1516, 6, 471, 46, 618, 1691, 1238, 1696, 1495, 58, 777, 5, 4, 1547, 2420, 1800, 372, 15, 1855, 373, 2143, 183, 2274, 9, 186, 366, 8, 2147, 4032, 1187, 136, 1128, 2657, 3837, 592, 2077, 1984, 2794, 113, 853, 1011, 297, 665, 1777, 350]
RKP_05000_05000_3_04.txt|49594.01|51982|0.1492529920000038|[936, 343, 479, 779, 868, 454, 156, 2428, 3625, 27, 476, 2854, 61, 3856, 843, 505, 2727, 3391, 404, 256, 3454, 1589, 183, 585, 51, 249, 304, 14, 3543, 3870, 4678, 1, 1276, 101, 965, 2441, 12, 1564, 2915, 4, 455, 102, 4170, 169, 241, 718, 2018, 94, 547, 3143, 1130, 640, 888, 1433, 2704, 19, 284, 155, 1804, 720, 6, 11, 1793, 215, 2688, 274, 3523, 599, 1304, 109, 2343, 177, 642, 9, 236, 934, 1109, 1033, 3167, 83, 4104, 2495, 24, 2312, 4637, 173, 2561, 1740, 3841, 412, 8, 65, 226, 1208]
RKP_05000_05000_3_05.txt|47874.1|49502|0.14803460700001325|[81, 2428, 97, 13, 2910, 537, 1680, 44, 50, 3138, 72, 139, 2606, 331, 969, 207, 368, 1506, 1044, 150, 4138, 12, 984, 1640, 555, 4707, 406, 1758, 1771, 4618, 1951, 5, 75, 617, 958, 141, 70, 945, 4267, 1960, 259, 3569, 24, 34, 28, 2, 1313, 2386, 3566, 17, 268, 814, 242, 1664, 1, 616, 309, 839, 42, 628, 25, 1655, 317, 620, 3509, 503, 138, 1378, 743, 3119, 3733, 247, 652, 2222, 372, 1519, 271, 465, 508, 729, 1220, 441, 196, 76, 1982, 67, 528, 1843, 101]
RKP_05000_05000_3_06.txt|48499.67|49966|0.14810378599999466|[313, 3441, 480, 645, 924, 2300, 1678, 2537, 2697, 28, 1115, 234, 1191, 2724, 1, 1123, 2338, 817, 671, 386, 22, 2115, 6, 23, 55, 115, 845, 3065, 1989, 285, 43, 239, 617, 2793, 130, 4180, 78, 1005, 3251, 262, 1939, 2626, 242, 909, 101, 125, 623, 934, 4383, 1967, 7, 737, 3690, 3857, 4300, 3214, 3325, 3, 190, 430, 2540, 219, 3448, 2035, 3327, 692, 2868, 233, 542, 132, 141, 955, 30, 607, 2334, 377, 1190, 2529, 382, 411, 3700, 2702, 839, 8, 3067, 756, 4610, 2100, 396, 4798]
RKP_05000_05000_3_07.txt|46199.6|47978|0.15105673399999658|[217, 2, 1664, 718, 796, 924, 766, 1728, 4656, 2093, 348, 304, 88, 2201, 1338, 4, 609, 82, 1818, 684, 817, 1420, 525, 1721, 2643, 487, 2747, 2824, 1049, 231, 2345, 1, 1279, 835, 462, 1213, 3347, 490, 220, 1127, 232, 544, 1403, 3, 130, 723, 1854, 119, 3503, 1005, 599, 619, 192, 2287, 4288, 1375, 4796, 4750, 2551, 813, 2379, 395, 283, 1060, 652, 12, 61, 2655, 3295, 1090, 3987, 1914, 476, 1264, 1102, 2255, 50, 143, 1588, 169, 2348, 6, 1133, 2476, 38, 3320]
RKP_05000_05000_3_08.txt|45700.42|47491|0.1495915100000002|[938, 4469, 433, 1969, 18, 1833, 2446, 1311, 1, 147, 2750, 150, 640, 391, 752, 857, 16, 2528, 241, 4805, 351, 2, 2221, 762, 1145, 1042, 2413, 1104, 1105, 876, 524, 1371, 2250, 28, 54, 1613, 43, 110, 205, 122, 78, 742, 53, 73, 39, 1450, 2393, 2150, 1520, 128, 152, 828, 89, 454, 60, 254, 3967, 22, 784, 9, 192, 38, 4022, 91, 547, 2945, 563, 2697, 3072, 289, 1405, 14, 1262, 66, 3102, 338, 491, 886, 633, 2700, 248, 722, 4789, 2202, 808]
RKP_05000_05000_3_09.txt|51235.56|53488|0.14906545699999696|[42, 1667, 1282, 609, 932, 1343, 3677, 317, 1146, 17, 851, 2994, 4240, 929, 767, 913, 4313, 19, 43, 877, 629, 1945, 259, 1813, 4338, 4825, 13, 2435, 431, 387, 1933, 233, 4052, 133, 313, 8, 252, 111, 406, 2885, 96, 532, 4, 2247, 693, 1489, 7, 150, 354, 345, 643, 593, 679, 3453, 1469, 165, 3338, 338, 1555, 140, 2773, 4192, 2, 2746, 1563, 3009, 75, 2427, 830, 793, 1562, 2111, 281, 35, 184, 356, 4246, 2525, 10, 1328, 26, 533, 789, 2838, 413, 1162, 2484, 2748, 308, 660, 3684, 1422, 1575, 642, 511, 2166, 2139]
RKP_05000_05000_3_10.txt|49535.29|51488|0.14850911200001066|[3, 1258, 1202, 577, 2698, 402, 2643, 3454, 120, 1062, 59, 313, 1358, 1135, 3759, 4808, 44, 13, 227, 4, 490, 405, 675, 137, 2521, 3468, 26, 1224, 2536, 3222, 1307, 10, 48, 2573, 1786, 607, 2748, 2923, 4381, 1567, 1653, 3531, 60, 278, 14, 716, 3046, 172, 1639, 665, 243, 664, 3640, 1444, 276, 988, 4391, 9, 25, 98, 1969, 3301, 1405, 23, 67, 616, 668, 261, 1075, 605, 319, 2978, 190, 481, 181, 355, 848, 3459, 41, 371, 722, 1, 535, 576, 457, 1598, 81, 49, 51, 436, 3004, 2366, 1714]
RKP_05000_05000_4_01.txt|4999.48|5000|0.14844517699999643|[4658]
RKP_05000_05000_4_02.txt|4998.99|5000|0.1477961389999973|[4978]
RKP_05000_05000_4_03.txt|4999.54|5000|0.14956980699998895|[4795]
RKP_05000_05000_4_04.txt|4998.69|5000|0.1477322950000098|[4597]
RKP_05000_05000_4_05.txt|4999.32|5000|0.1463854310000079|[4783]
RKP_05000_05000_4_06.txt|4998.52|5000|0.1448485400000118|[4625]
RKP_05000_05000_4_07.txt|4997.67|5000|0.1455736899999738|[4778]
RKP_05000_05000_4_08.txt|4999.69|5000|0.14713304900002186|[4648]
RKP_05000_05000_4_09.txt|4999.68|5000|0.14634718000003433|[4770]
RKP_05000_05000_4_10.txt|4997.81|4999|0.14672725100000206|[4786]
RKP_05000_05000_5_01.txt|4847.52|5080|0.14708550499998183|[4, 5, 6, 8, 11, 12, 13, 15, 16, 22, 24, 28, 29, 33, 34, 37, 38, 39, 41, 42, 46, 48]
RKP_05000_05000_5_02.txt|4860.5|5182|0.1487518559999853|[4, 7, 8, 9, 10, 11, 12, 13, 14, 15, 17, 18, 22, 24, 25, 26, 28, 29, 32, 34, 36, 37, 38]
RKP_05000_05000_5_03.txt|4815.96|5093|0.14782876700000544|[4, 8, 10, 12, 14, 15, 16, 18, 19, 20, 23, 25, 26, 29, 30, 31, 32, 34, 35, 36, 39, 40]
RKP_05000_05000_5_04.txt|4833.63|5079|0.1461036079999758|[7, 9, 11, 12, 13, 14, 15, 16, 18, 20, 23, 24, 25, 26, 27, 29, 30, 34, 35, 37, 39]
RKP_05000_05000_5_05.txt|4857.12|5127|0.14720302099998206|[4, 5, 6, 7, 9, 12, 13, 17, 18, 20, 24, 29, 32, 34, 35, 37, 42, 43, 44, 48, 49, 52, 53, 58]
RKP_05000_05000_5_06.txt|4802.07|5034|0.14540241700001844|[2, 4, 6, 7, 8, 9, 10, 12, 13, 15, 16, 20, 26, 27, 30, 32, 34, 35, 38]
RKP_05000_05000_5_07.txt|4870.2|5135|0.14552259799999775|[4, 8, 13, 15, 16, 17, 25, 26, 28, 31, 32, 33, 35, 38, 40, 42, 43, 45, 46, 48, 51]
RKP_05000_05000_5_08.txt|4838.12|5052|0.1464155189999792|[2, 3, 4, 7, 11, 12, 14, 15, 17, 18, 24, 25, 27, 29, 34, 35, 37, 38, 42, 45, 46, 47, 48, 49, 50, 51]
RKP_05000_05000_5_09.txt|4862.96|5063|0.14804578000002494|[2, 4, 5, 7, 12, 15, 18, 19, 23, 26, 27, 29, 30, 31, 33, 34, 35, 39, 43, 47, 49, 50, 52]
RKP_05000_05000_5_10.txt|4784.45|5081|0.1478602729999966|[2, 7, 14, 16, 21, 26, 27, 30, 31, 32, 33, 35, 43, 44, 46, 47]
