RKP_00100_00100_1_01.txt|655.48|761|0.0005733819999999957|[17, 1, 28, 3, 29, 31, 22, 16, 24, 66]
RKP_00100_00100_1_02.txt|734.5|862|0.0005885849999999992|[91, 37, 48, 9, 15, 1, 50, 56, 44, 23, 2, 31]
RKP_00100_00100_1_03.txt|583.08|720|0.0006042990000000026|[34, 1, 2, 14, 5, 6, 12, 15, 4, 67, 10]
RKP_00100_00100_1_04.txt|598.43|728|0.0005697319999999984|[15, 74, 43, 3, 10, 4, 5, 7, 16, 9]
RKP_00100_00100_1_05.txt|625.25|720|0.0005883830000000057|[79, 20, 11, 16, 30, 44, 6, 1, 14, 22]
RKP_00100_00100_1_06.txt|853.14|1001|0.0005974070000000065|[57, 97, 48, 31, 47, 55, 20, 16, 34, 5, 17, 50, 3, 10]
RKP_00100_00100_1_07.txt|439.08|506|0.0005367100000000036|[60, 39, 51, 9, 5, 13, 46, 37]
RKP_00100_00100_1_08.txt|753.94|885|0.0006069679999999966|[6, 87, 1, 30, 92, 2, 7, 13, 88, 76, 9, 12, 11, 24]
RKP_00100_00100_1_09.txt|507.24|604|0.0005826120000000001|[18, 5, 16, 42, 2, 23, 8, 77, 4]
RKP_00100_00100_1_10.txt|609.21|718|0.0005643280000000094|[27, 4, 1, 2, 11, 13, 18, 20, 15, 5, 12]
RKP_00100_00100_2_01.txt|128.0|173|0.0005323220000000051|[6, 20, 1, 2, 43, 22, 13, 57, 68]
RKP_00100_00100_2_02.txt|135.08|170|0.0005348520000000079|[30, 28, 80, 4, 8, 5, 47, 36, 26]
RKP_00100_00100_2_03.txt|141.17|174|0.0005926560000000069|[75, 48, 51, 31, 1, 5, 47, 59, 16, 64]
RKP_00100_00100_2_04.txt|128.46|156|0.0005276349999999952|[11, 18, 50, 2, 8, 28, 41, 64]
RKP_00100_00100_2_05.txt|126.21|152|0.000522972000000006|[64, 30, 32, 36, 29, 3]
RKP_00100_00100_2_06.txt|115.63|146|0.0005150900000000024|[47, 2, 23, 8, 28]
RKP_00100_00100_2_07.txt|122.03|151|0.0005230470000000076|[7, 22, 28, 3, 36, 4, 49]
RKP_00100_00100_2_08.txt|124.13|147|0.0005159390000000142|[16, 6, 48, 4, 29]
RKP_00100_00100_2_09.txt|122.44|147|0.000522318000000026|[9, 27, 8, 51, 17]
RKP_00100_00100_2_10.txt|126.8|158|0.0005315180000000064|[65, 2, 40, 1, 85, 14, 64, 3]
RKP_00100_00100_3_01.txt|180.05|214|0.000551139000000005|[5, 8, 3, 29, 44, 2, 10, 24, 16, 1, 52]
RKP_00100_00100_3_02.txt|188.21|222|0.0005497550000000051|[1, 17, 3, 59, 52, 24, 8, 56, 7, 68, 2, 49]
RKP_00100_00100_3_03.txt|215.05|245|0.0005759380000000047|[6, 12, 45, 64, 4, 75, 19, 81, 15, 13, 38, 3, 14, 46]
RKP_00100_00100_3_04.txt|190.43|216|0.0005609500000000067|[34, 8, 21, 26, 6, 9, 48, 50, 2, 31, 72, 14]
RKP_00100_00100_3_05.txt|190.89|210|0.0005564009999999997|[1, 12, 52, 7, 70, 3, 33, 10, 31, 26, 27]
RKP_00100_00100_3_06.txt|214.93|250|0.0005792900000000323|[40, 11, 2, 8, 27, 31, 66, 6, 12, 16, 1, 28, 3, 72, 35]
RKP_00100_00100_3_07.txt|179.22|200|0.0005531309999999445|[2, 14, 89, 83, 50, 5, 67, 13, 1, 12]
RKP_00100_00100_3_08.txt|179.4|212|0.0005465460000000188|[1, 9, 7, 18, 3, 33, 62, 15, 70, 11, 4]
RKP_00100_00100_3_09.txt|172.46|201|0.0005419360000000228|[32, 89, 1, 57, 8, 42, 4, 35, 3, 5]
RKP_00100_00100_3_10.txt|206.99|240|0.0005692300000000117|[62, 60, 67, 66, 69, 46, 1, 61, 5, 20, 45, 6, 55, 9]
RKP_00100_00100_4_01.txt|98.42|100|0.0004758770000000023|[97]
RKP_00100_00100_4_02.txt|98.56|100|0.0004921169999999942|[88]
RKP_00100_00100_4_03.txt|99.49|100|0.0005263549999999917|[84]
RKP_00100_00100_4_04.txt|98.69|100|0.0004963370000000023|[95]
RKP_00100_00100_4_05.txt|99.07|100|0.00047823299999998347|[95]
RKP_00100_00100_4_06.txt|96.57|98|0.00047909200000000317|[93]
RKP_00100_00100_4_07.txt|97.38|98|0.0005212659999999581|[98]
RKP_00100_00100_4_08.txt|98.43|100|0.00047735800000000774|[97]
RKP_00100_00100_4_09.txt|97.38|99|0.00047527799999999673|[89]
RKP_00100_00100_4_10.txt|96.38|98|0.00047651900000002636|[88]
RKP_00100_00100_5_01.txt|91.67|119|0.0005501020000000123|[5, 10, 12, 14, 16]
RKP_00100_00100_5_02.txt|87.84|113|0.0005321389999999804|[4, 5, 11, 12, 13]
RKP_00100_00100_5_03.txt|93.67|112|0.0005246040000000108|[7, 9, 14, 15, 17]
RKP_00100_00100_5_04.txt|87.01|126|0.0005184510000000086|[6, 12, 14]
RKP_00100_00100_5_05.txt|90.38|123|0.0005119740000000306|[5, 7, 8, 13, 14, 15]
RKP_00100_00100_5_06.txt|90.98|131|0.0004981420000000237|[6, 9, 10]
RKP_00100_00100_5_07.txt|91.69|118|0.0005198029999999898|[4, 9, 12, 15, 17]
RKP_00100_00100_5_08.txt|90.22|115|0.0005147179999999718|[6, 7, 8, 9, 11]
RKP_00100_00100_5_09.txt|91.39|114|0.0004980079999999809|[1, 5, 6, 9]
RKP_00100_00100_5_10.txt|86.38|109|0.0005253459999999954|[1, 2, 7, 8, 9, 10, 20]
RKP_00500_00100_1_01.txt|1460.79|1628|0.00312724000000002|[304, 211, 140, 3, 40, 500, 2, 148, 222, 120, 173, 284, 6, 274, 4, 5, 27, 280, 63, 75, 17, 129, 213]
RKP_00500_00100_1_02.txt|1300.11|1437|0.0030981369999999986|[175, 77, 13, 351, 87, 289, 288, 388, 433, 4, 30, 394, 170, 88, 62, 102, 89, 205, 65]
RKP_00500_00100_1_03.txt|1189.77|1322|0.0031133870000000117|[1, 11, 5, 113, 30, 228, 147, 496, 139, 40, 140, 477, 158, 16, 15, 111, 326, 73, 164, 37]
RKP_00500_00100_1_04.txt|1473.61|1617|0.003081922000000006|[359, 11, 315, 64, 41, 93, 245, 197, 59, 94, 156, 48, 254, 65, 121, 467, 62, 23, 151, 10]
RKP_00500_00100_1_05.txt|1474.81|1608|0.003133239000000074|[10, 72, 402, 26, 192, 11, 23, 18, 203, 5, 17, 13, 136, 215, 104, 363, 3, 320, 269, 237, 2, 116]
RKP_00500_00100_1_06.txt|1728.13|1914|0.0031153990000000677|[89, 230, 13, 165, 240, 52, 34, 190, 22, 490, 189, 50, 83, 30, 244, 53, 3, 2, 411, 16, 35, 211, 182, 252, 5, 281, 225]
RKP_00500_00100_1_07.txt|1736.46|1943|0.003131951000000024|[97, 22, 31, 40, 492, 2, 47, 80, 257, 7, 410, 192, 165, 49, 16, 461, 94, 359, 147, 5, 4, 197, 126, 322, 469, 206, 278, 21]
RKP_00500_00100_1_08.txt|1486.55|1700|0.0031185710000000365|[258, 4, 10, 156, 332, 185, 29, 106, 165, 146, 3, 16, 2, 450, 225, 326, 150, 149, 122, 1, 167, 35, 254, 378, 22]
RKP_00500_00100_1_09.txt|1415.43|1558|0.0032179709999999684|[19, 307, 221, 39, 77, 148, 163, 496, 151, 54, 344, 210, 173, 56, 68, 214, 150, 2, 257, 27, 108, 105, 180, 16]
RKP_00500_00100_1_10.txt|1376.62|1494|0.003146457000000025|[5, 3, 162, 6, 75, 1, 214, 84, 234, 277, 30, 33, 62, 59, 342, 110, 49, 78, 413, 464, 14, 38]
RKP_00500_00100_2_01.txt|209.09|233|0.0031169440000000125|[259, 168, 11, 226, 16, 32, 137, 60, 148, 102, 40, 3, 50, 101, 100, 218, 36, 472, 97]
RKP_00500_00100_2_02.txt|212.11|236|0.0030924129999999918|[336, 131, 112, 65, 6, 72, 97, 167, 314, 195, 142, 4, 441, 299, 21, 100, 7, 385]
RKP_00500_00100_2_03.txt|208.81|234|0.0031563389999999993|[100, 436, 107, 135, 155, 71, 154, 2, 31, 382, 142, 64, 3, 104, 166, 21, 13, 447, 97]
RKP_00500_00100_2_04.txt|197.75|223|0.0031032959999999755|[14, 58, 112, 105, 204, 26, 55, 216, 429, 163, 306, 9, 80, 19, 16, 85, 8, 236, 61]
RKP_00500_00100_2_05.txt|195.71|217|0.003062017000000008|[5, 260, 426, 10, 38, 48, 294, 58, 77, 275, 322, 34, 182, 52, 109, 125]
RKP_00500_00100_2_06.txt|188.19|222|0.0031109240000001125|[70, 9, 18, 1, 35, 3, 150, 117, 57, 50, 5, 203, 53, 89, 358]
RKP_00500_00100_2_07.txt|187.68|217|0.0030733409999999673|[1, 75, 292, 114, 5, 83, 3, 308, 123, 129, 6, 17, 4, 9, 67, 226, 372, 260]
RKP_00500_00100_2_08.txt|180.59|206|0.003105074000000112|[45, 15, 96, 3, 6, 7, 42, 23, 184, 350, 46, 136, 384, 495]
RKP_00500_00100_2_09.txt|167.04|184|0.0031268619999999282|[335, 108, 304, 70, 87, 277, 52, 39, 312, 176, 74, 19]
RKP_00500_00100_2_10.txt|172.02|198|0.003084506999999892|[9, 14, 372, 21, 40, 166, 20, 154, 216, 276, 498, 76, 105, 274, 308]
RKP_00500_00100_3_01.txt|300.88|330|0.0031454650000001115|[3, 96, 260, 43, 1, 5, 11, 143, 2, 31, 158, 240, 64, 344, 223, 8, 24, 225, 55, 78, 140, 33, 19]
RKP_00500_00100_3_02.txt|354.0|381|0.003345473999999928|[152, 1, 4, 103, 110, 32, 221, 5, 20, 39, 56, 160, 189, 3, 38, 179, 336, 413, 68, 331, 351, 143, 164, 263, 386, 73, 167, 172]
RKP_00500_00100_3_03.txt|332.61|360|0.0032974679999999345|[9, 93, 148, 444, 1, 11, 22, 264, 52, 113, 454, 142, 193, 198, 266, 40, 45, 126, 191, 5, 123, 139, 43, 49, 74, 75]
RKP_00500_00100_3_04.txt|344.97|370|0.003189577000000039|[2, 68, 312, 345, 209, 278, 280, 1, 163, 104, 168, 31, 72, 103, 119, 146, 20, 125, 453, 4, 8, 5, 400, 335, 282, 350, 149]
RKP_00500_00100_3_05.txt|346.42|380|0.003258637999999987|[417, 1, 92, 106, 143, 381, 8, 108, 211, 294, 12, 33, 225, 377, 9, 102, 196, 199, 392, 7, 30, 189, 263, 167, 468, 5, 15, 208]
RKP_00500_00100_3_06.txt|318.66|351|0.0031627920000000032|[204, 5, 45, 186, 189, 242, 56, 91, 281, 433, 16, 52, 73, 1, 2, 4, 11, 68, 137, 67, 316, 25, 24, 311, 70]
RKP_00500_00100_3_07.txt|303.34|341|0.0031291460000000626|[5, 30, 196, 200, 1, 2, 141, 157, 308, 3, 37, 99, 102, 111, 430, 77, 244, 287, 7, 65, 191, 193, 17, 33]
RKP_00500_00100_3_08.txt|379.66|408|0.003286224000000111|[14, 90, 275, 84, 144, 451, 8, 133, 159, 302, 49, 57, 63, 114, 301, 35, 214, 4, 26, 470, 1, 5, 389, 10, 46, 64, 19, 58, 62, 150, 172]
RKP_00500_00100_3_09.txt|343.04|368|0.0032115929999999614|[154, 171, 115, 221, 4, 12, 58, 70, 169, 231, 1, 24, 54, 108, 83, 122, 208, 14, 13, 90, 152, 263, 104, 148, 294, 347, 434]
RKP_00500_00100_3_10.txt|327.45|360|0.0031652909999999503|[183, 13, 18, 165, 305, 1, 325, 153, 159, 189, 322, 99, 123, 193, 388, 14, 28, 392, 36, 47, 48, 102, 174, 222, 2, 4]
RKP_00500_00100_4_01.txt|99.98|100|0.0029516479999999136|[434]
RKP_00500_00100_4_02.txt|99.97|100|0.002930653999999908|[467]
RKP_00500_00100_4_03.txt|99.99|100|0.0029840389999999674|[457]
RKP_00500_00100_4_04.txt|99.99|100|0.002978817000000031|[419]
RKP_00500_00100_4_05.txt|100.0|100|0.0030228600000000404|[421]
RKP_00500_00100_4_06.txt|99.72|100|0.0029754410000000673|[464]
RKP_00500_00100_4_07.txt|99.89|100|0.0029644610000000605|[467]
RKP_00500_00100_4_08.txt|99.89|100|0.002940279999999902|[449]
RKP_00500_00100_4_09.txt|100.0|100|0.0029581850000000107|[443]
RKP_00500_00100_4_10.txt|99.89|100|0.0029288819999999482|[473]
RKP_00500_00100_5_01.txt|93.61|103|0.00308348300000004|[1, 3, 4, 6, 8, 9, 12, 15, 16, 17, 18]
RKP_00500_00100_5_02.txt|97.36|112|0.0029665810000000727|[9, 10, 12, 13, 15, 17, 18, 20]
RKP_00500_00100_5_03.txt|93.17|111|0.003002638999999938|[6, 9, 10, 12, 13, 16, 17, 18]
RKP_00500_00100_5_04.txt|94.88|104|0.0030148740000000983|[2, 4, 9, 13, 14, 19, 20, 21, 22]
RKP_00500_00100_5_05.txt|93.8|106|0.003013372999999895|[2, 6, 7, 9, 10, 11, 12, 17, 19, 20, 21, 22, 23]
RKP_00500_00100_5_06.txt|92.9|105|0.003101049999999965|[2, 4, 7, 12, 14, 17, 19, 20, 21, 22, 25, 26]
RKP_00500_00100_5_07.txt|94.74|108|0.00301751599999978|[4, 6, 8, 9, 13, 15, 17, 19, 20]
RKP_00500_00100_5_08.txt|95.92|105|0.003064011000000164|[3, 5, 6, 7, 11, 16, 20, 21, 22]
RKP_00500_00100_5_09.txt|93.28|115|0.00301151999999977|[5, 6, 8, 10, 12, 15, 18, 19, 22]
RKP_00500_00100_5_10.txt|89.38|102|0.0031520270000001817|[4, 6, 7, 8, 11, 13, 15, 16, 19, 24]
RKP_01000_00100_1_01.txt|1921.13|2113|0.008731224999999938|[51, 91, 97, 50, 64, 465, 314, 13, 432, 42, 67, 10, 604, 646, 8, 560, 261, 40, 116, 151, 606, 19, 4, 47, 260, 2, 336, 147]
RKP_01000_00100_1_02.txt|1804.19|1965|0.008628092000000188|[182, 294, 30, 171, 754, 16, 195, 9, 557, 72, 38, 193, 359, 1, 292, 8, 2, 519, 696, 108, 515, 89, 64, 18, 81, 624, 32, 486, 905]
RKP_01000_00100_1_03.txt|1786.96|1952|0.008744205000000137|[199, 128, 114, 174, 2, 869, 498, 4, 48, 56, 1, 172, 252, 19, 754, 116, 535, 813, 121, 704, 206, 134, 80, 32, 800, 57, 62, 50, 75]
RKP_01000_00100_1_04.txt|2095.27|2259|0.008653760999999633|[733, 75, 44, 566, 14, 151, 165, 429, 5, 12, 732, 1, 726, 2, 247, 163, 283, 3, 857, 184, 63, 204, 91, 172, 53, 376, 277, 67, 402, 20, 263, 533, 8]
RKP_01000_00100_1_05.txt|1943.96|2137|0.008693870000000069|[121, 207, 1, 75, 307, 41, 89, 915, 673, 37, 776, 39, 222, 16, 123, 12, 188, 582, 26, 74, 151, 299, 635, 198, 159, 49, 1000, 340, 69, 696, 602]
RKP_01000_00100_1_06.txt|2188.91|2357|0.008736934999999769|[58, 33, 1, 38, 168, 78, 242, 383, 6, 10, 120, 790, 349, 52, 632, 44, 4, 177, 265, 57, 255, 99, 37, 233, 236, 210, 56, 63, 235, 250, 993, 442, 645]
RKP_01000_00100_1_07.txt|2188.6|2352|0.00891691600000005|[204, 86, 3, 556, 7, 128, 874, 440, 130, 37, 49, 778, 382, 129, 476, 170, 88, 372, 436, 484, 80, 226, 641, 1, 2, 42, 8, 146, 127, 96, 12, 147]
RKP_01000_00100_1_08.txt|1942.57|2145|0.008698992999999966|[356, 422, 1, 145, 149, 80, 223, 716, 22, 242, 274, 366, 922, 26, 118, 4, 68, 5, 101, 294, 278, 780, 421, 16, 183, 6, 51, 298, 303, 448, 48, 79, 106, 15]
RKP_01000_00100_1_09.txt|1884.55|2102|0.008636232000000205|[196, 27, 31, 36, 672, 103, 48, 691, 1, 898, 262, 782, 2, 925, 942, 168, 170, 14, 213, 248, 405, 10, 155, 52, 763, 191, 290, 17, 513]
RKP_01000_00100_1_10.txt|2218.53|2408|0.008884611999999912|[785, 111, 104, 669, 968, 19, 466, 76, 618, 159, 37, 480, 813, 931, 805, 1, 748, 221, 188, 253, 8, 331, 158, 399, 663, 11, 534, 439, 55, 368, 825, 724, 491, 916, 463, 35]
RKP_01000_00100_2_01.txt|231.75|264|0.00872863799999994|[7, 374, 13, 3, 264, 111, 253, 366, 73, 380, 690, 185, 186, 21, 24, 47, 209, 252, 76, 614, 470, 37, 361]
RKP_01000_00100_2_02.txt|220.82|251|0.008589418000000109|[84, 202, 375, 782, 311, 63, 73, 179, 410, 547, 583, 183, 213, 69, 385, 954, 625, 23, 376, 901, 129, 580]
RKP_01000_00100_2_03.txt|269.51|293|0.00866961700000001|[87, 84, 58, 417, 5, 124, 330, 416, 97, 171, 81, 123, 335, 33, 13, 746, 928, 282, 55, 256, 149, 371, 642, 225, 376]
RKP_01000_00100_2_04.txt|235.62|262|0.008580101000000085|[443, 37, 21, 60, 35, 184, 504, 147, 130, 8, 49, 782, 74, 24, 244, 94, 158, 332, 77]
RKP_01000_00100_2_05.txt|228.61|252|0.008613656000000063|[7, 380, 428, 152, 222, 236, 73, 409, 299, 30, 162, 2, 5, 11, 12, 214, 255, 351, 462, 172, 420, 293, 111, 713]
RKP_01000_00100_2_06.txt|268.85|299|0.008698950000000281|[138, 590, 33, 1, 16, 122, 602, 876, 259, 805, 255, 52, 152, 6, 154, 187, 9, 57, 48, 322, 290, 115, 894, 46, 289, 725, 858]
RKP_01000_00100_2_07.txt|229.97|257|0.008599562999999932|[208, 284, 531, 173, 796, 81, 457, 396, 950, 3, 378, 444, 520, 783, 1, 337, 480, 731, 218, 271, 597]
RKP_01000_00100_2_08.txt|260.96|289|0.008671237000000574|[39, 121, 661, 3, 7, 862, 9, 26, 44, 11, 406, 250, 41, 49, 573, 10, 228, 278, 294, 223, 54, 133, 198, 414, 485]
RKP_01000_00100_2_09.txt|227.56|266|0.008740939999999498|[127, 382, 417, 18, 348, 191, 436, 235, 904, 656, 205, 13, 982, 31, 30, 225, 9, 118, 1, 25, 236, 148, 414]
RKP_01000_00100_2_10.txt|251.18|273|0.008567493000000467|[252, 191, 521, 1, 56, 15, 122, 309, 710, 564, 579, 548, 30, 163, 314, 700, 58, 78, 341, 443, 522, 755, 402, 571, 42]
RKP_01000_00100_3_01.txt|441.52|480|0.00864063999999992|[49, 65, 337, 537, 1, 11, 186, 348, 456, 704, 740, 795, 94, 134, 322, 326, 441, 565, 567, 605, 32, 119, 133, 249, 659, 763, 857, 22, 69, 77, 83, 240, 294, 118, 129, 351, 816, 959]
RKP_01000_00100_3_02.txt|406.92|450|0.008740910999999726|[9, 137, 138, 295, 654, 3, 37, 69, 79, 94, 176, 300, 318, 2, 24, 31, 56, 70, 110, 121, 216, 386, 586, 600, 18, 120, 7, 286, 377, 35, 207, 249, 891, 8, 30]
RKP_01000_00100_3_03.txt|429.11|470|0.008796734999999813|[13, 431, 836, 3, 84, 170, 175, 204, 222, 270, 580, 652, 46, 62, 99, 443, 1, 31, 54, 93, 325, 378, 692, 22, 89, 142, 180, 181, 256, 382, 448, 720, 797, 305, 427, 542, 809]
RKP_01000_00100_3_04.txt|443.14|479|0.00878233700000017|[1, 277, 389, 449, 645, 786, 4, 16, 44, 65, 235, 558, 639, 2, 10, 29, 31, 41, 83, 161, 550, 3, 42, 142, 149, 274, 305, 740, 15, 492, 35, 58, 62, 154, 201, 232, 309, 339]
RKP_01000_00100_3_05.txt|370.72|408|0.008749408999999701|[57, 460, 630, 2, 5, 23, 29, 46, 108, 144, 163, 172, 10, 86, 100, 141, 661, 1, 37, 107, 192, 204, 308, 315, 76, 145, 355, 674, 739, 851, 4]
RKP_01000_00100_3_06.txt|374.94|409|0.008614971000000367|[5, 36, 112, 242, 6, 16, 22, 224, 347, 471, 886, 970, 15, 28, 207, 217, 278, 543, 204, 249, 901, 4, 13, 64, 66, 158, 330, 12, 237, 345, 160]
RKP_01000_00100_3_07.txt|457.81|496|0.00878358000000027|[20, 53, 112, 169, 190, 231, 695, 822, 888, 1, 4, 5, 27, 38, 354, 433, 605, 750, 56, 62, 131, 282, 337, 402, 407, 483, 12, 16, 23, 129, 591, 34, 124, 161, 204, 942, 6, 17, 144, 191]
RKP_01000_00100_3_08.txt|365.3|407|0.008642098000000119|[35, 1, 2, 71, 89, 131, 266, 303, 53, 130, 145, 252, 292, 524, 591, 636, 703, 179, 198, 9, 33, 118, 152, 154, 342, 472, 655, 883, 13, 23, 137]
RKP_01000_00100_3_09.txt|380.24|421|0.008867368999999882|[480, 17, 211, 216, 318, 385, 758, 1, 6, 9, 16, 26, 185, 202, 257, 23, 83, 141, 647, 2, 3, 36, 127, 446, 885, 5, 39, 66, 228, 432, 502, 8]
RKP_01000_00100_3_10.txt|412.09|440|0.008847224999999596|[122, 245, 524, 3, 18, 22, 72, 106, 169, 227, 334, 467, 632, 104, 187, 964, 10, 12, 26, 677, 764, 1, 61, 103, 566, 799, 9, 87, 217, 426, 436, 229, 302, 431]
RKP_01000_00100_4_01.txt|99.96|100|0.008468487000000309|[866]
RKP_01000_00100_4_02.txt|99.94|100|0.008496130000000122|[858]
RKP_01000_00100_4_03.txt|100.0|100|0.00851328199999962|[860]
RKP_01000_00100_4_04.txt|100.0|100|0.008371695000000158|[841]
RKP_01000_00100_4_05.txt|100.0|100|0.00830559500000021|[851]
RKP_01000_00100_4_06.txt|99.98|100|0.00830159299999984|[926]
RKP_01000_00100_4_07.txt|99.99|100|0.008425512999999753|[888]
RKP_01000_00100_4_08.txt|100.0|100|0.008444728999999923|[867]
RKP_01000_00100_4_09.txt|99.99|100|0.008380751999999915|[889]
RKP_01000_00100_4_10.txt|100.0|100|0.0083189440000001|[843]
RKP_01000_00100_5_01.txt|97.68|107|0.008436024999999958|[3, 5, 6, 7, 9, 11, 13, 14, 16, 17, 19, 20, 21, 26]
RKP_01000_00100_5_02.txt|94.54|111|0.008529187000000035|[7, 9, 10, 11, 12, 14, 18, 19, 21]
RKP_01000_00100_5_03.txt|96.23|105|0.00842928699999966|[1, 3, 9, 11, 12, 16, 17, 18, 20, 22]
RKP_01000_00100_5_04.txt|96.82|104|0.00843269599999985|[5, 6, 7, 11, 12, 14, 18, 19, 20, 23, 24, 27, 29]
RKP_01000_00100_5_05.txt|93.9|103|0.00845962899999961|[6, 7, 9, 10, 11, 12, 13, 16, 18, 21, 22, 25]
RKP_01000_00100_5_06.txt|94.03|107|0.008437363000000175|[3, 10, 11, 14, 16, 17, 20, 21, 22, 23, 24]
RKP_01000_00100_5_07.txt|94.88|105|0.00850611700000016|[3, 4, 5, 6, 7, 8, 11, 12, 14, 20, 23, 24, 25, 26, 28]
RKP_01000_00100_5_08.txt|97.92|109|0.00844981699999991|[1, 11, 13, 15, 18, 19, 20, 21, 22, 24, 26]
RKP_01000_00100_5_09.txt|95.64|109|0.008651913000000207|[5, 6, 7, 9, 10, 11, 12, 13, 14, 15, 18, 20]
RKP_01000_00100_5_10.txt|93.4|107|0.008473959999999892|[11, 13, 15, 16, 18, 19, 21, 22]
RKP_05000_00100_1_01.txt|4198.11|4450|0.1428440249999997|[1839, 4, 5, 9, 553, 2091, 8, 1406, 642, 2106, 1268, 540, 116, 51, 49, 1485, 150, 1482, 68, 1366, 3733, 4536, 852, 1277, 155, 1181, 1207, 24, 2548, 2478, 302, 1723, 31, 1275, 465, 801, 3, 2556, 2505, 1213, 22, 7, 363, 4545, 1, 16, 1021, 343, 1731, 4758, 3251, 183, 20, 3645, 130, 533, 467, 198]
RKP_05000_00100_1_02.txt|4126.69|4327|0.1430917700000002|[463, 171, 31, 275, 73, 350, 4311, 4651, 174, 2337, 716, 501, 3013, 1, 347, 338, 601, 135, 374, 304, 151, 2809, 3107, 51, 1720, 1929, 130, 301, 3739, 3648, 3415, 60, 2669, 277, 99, 75, 1821, 892, 1585, 794, 1432, 4071, 262, 1908, 2056, 4066, 1099, 1236, 2793, 2, 238, 4324, 45, 176, 2785, 4439, 83, 169, 1210]
RKP_05000_00100_1_03.txt|4099.19|4293|0.14279197500000038|[22, 929, 961, 1069, 207, 81, 4053, 1588, 10, 3261, 27, 3127, 26, 1880, 3686, 3801, 1634, 4436, 3036, 114, 1171, 203, 3005, 7, 2382, 5, 6, 304, 2, 2646, 156, 1066, 1355, 1044, 401, 1, 1035, 3382, 1179, 436, 4798, 208, 684, 52, 4396, 336, 136, 47, 193, 484, 1193, 2096, 2992, 1532, 1933, 4]
RKP_05000_00100_1_04.txt|3853.28|4036|0.1440042479999994|[795, 38, 7, 3064, 4470, 2030, 444, 16, 868, 1367, 579, 131, 233, 2859, 78, 3225, 3503, 205, 2255, 416, 2304, 1675, 455, 2831, 2, 41, 557, 1173, 4914, 979, 1048, 147, 2594, 3006, 936, 3085, 3484, 4320, 1931, 69, 337, 378, 1814, 713, 2934, 104, 9, 898, 997, 1603, 23, 397, 587, 1273, 1998, 2528, 1521, 5]
RKP_05000_00100_1_05.txt|3772.9|4015|0.14294044500000055|[64, 38, 541, 427, 8, 1759, 3856, 20, 16, 174, 1432, 33, 53, 2995, 288, 60, 4969, 96, 92, 44, 356, 1088, 23, 270, 2347, 3160, 1169, 1249, 4630, 14, 2922, 542, 4588, 428, 608, 2, 4251, 2886, 2537, 3454, 4002, 30, 1510, 81, 106, 386, 1433, 2850, 1024, 1809, 976, 1559, 4, 1309, 2399]
RKP_05000_00100_1_06.txt|3851.78|4070|0.1434933730000003|[745, 569, 25, 73, 457, 152, 9, 807, 133, 645, 62, 860, 3, 122, 1512, 8, 1319, 21, 701, 14, 17, 11, 71, 111, 108, 2608, 866, 1542, 45, 652, 1031, 208, 18, 1799, 3571, 912, 747, 115, 219, 377, 4655, 694, 6, 1186, 888, 155, 594, 1295, 2077, 455, 2055, 1226, 3167, 707, 3718, 189, 338]
RKP_05000_00100_1_07.txt|4317.8|4604|0.14293030700000087|[180, 1149, 118, 204, 4, 11, 931, 32, 1222, 79, 90, 451, 991, 1401, 453, 13, 3370, 3, 2367, 1199, 3162, 155, 104, 30, 1674, 3473, 219, 2085, 1, 97, 880, 1477, 244, 3419, 1827, 930, 5, 1437, 2438, 1187, 3484, 4252, 4639, 582, 494, 2041, 35, 188, 811, 3320, 2037, 60, 1913, 876, 914, 2883, 46, 1762, 76, 218, 1433, 229, 124]
RKP_05000_00100_1_08.txt|3962.31|4273|0.14168722199999934|[2845, 6, 186, 3876, 266, 816, 2248, 502, 82, 1, 276, 3259, 4344, 275, 739, 48, 3226, 52, 3137, 215, 183, 1358, 4638, 745, 1632, 4998, 25, 1318, 538, 777, 441, 29, 779, 72, 2399, 1079, 260, 345, 906, 2994, 264, 2899, 2054, 1984, 865, 300, 2337, 217, 564, 1926, 847, 288, 1717, 3222, 2965, 3705, 4811, 148, 154, 179, 687, 985, 1267]
RKP_05000_00100_1_09.txt|3605.88|3887|0.143050006|[786, 4135, 178, 4424, 1184, 1441, 1363, 3759, 3697, 4341, 10, 121, 2, 70, 74, 423, 463, 6, 230, 2349, 2807, 447, 307, 729, 383, 83, 987, 325, 1769, 2965, 747, 1387, 2596, 329, 270, 1736, 3051, 30, 445, 3, 179, 430, 593, 802, 185, 762, 845, 1929, 165, 3816, 93]
RKP_05000_00100_1_10.txt|4097.35|4264|0.14345942199999911|[1804, 48, 1395, 952, 25, 83, 429, 176, 2958, 482, 1091, 111, 3065, 1422, 1342, 2, 2616, 4369, 1, 4883, 153, 795, 3734, 662, 13, 654, 445, 180, 956, 3373, 2120, 437, 2061, 230, 1517, 3176, 304, 90, 805, 930, 629, 2462, 3086, 564, 612, 14, 2552, 189, 1983, 321, 67, 585, 4544, 17, 143, 843, 266, 3390]
RKP_05000_00100_2_01.txt|387.78|415|0.14250836499999991|[110, 1741, 551, 1057, 2019, 3518, 3020, 77, 648, 868, 2000, 2210, 1078, 148, 736, 25, 540, 626, 1187, 1238, 1647, 2735, 1835, 2120, 2295, 44, 144, 2948, 3573, 2218, 142, 246, 315, 3, 2367, 460, 665, 35, 273, 2607]
RKP_05000_00100_2_02.txt|440.82|472|0.14298674299999903|[578, 152, 677, 656, 275, 1570, 4063, 4, 73, 2707, 10, 35, 1178, 1770, 3, 14, 298, 3178, 3654, 763, 2437, 8, 40, 103, 407, 871, 1194, 1838, 2992, 2439, 1014, 101, 2360, 2501, 455, 532, 1793, 3238, 33, 61, 292, 1307, 2320, 2412, 3612, 29, 4978, 71, 1674, 2479]
RKP_05000_00100_2_03.txt|412.15|440|0.14352357600000004|[710, 4989, 17, 39, 388, 826, 2844, 4806, 442, 840, 895, 1925, 2550, 3969, 2606, 6, 4206, 1332, 3166, 9, 524, 769, 1469, 2973, 3625, 4655, 22, 82, 1463, 1867, 4547, 592, 11, 195, 610, 798, 3003, 5, 242, 1122, 639, 2239, 2352, 367, 385]
RKP_05000_00100_2_04.txt|397.71|426|0.14353375100000051|[506, 4139, 168, 531, 283, 1864, 5, 483, 491, 687, 1415, 1565, 1633, 1551, 1107, 1671, 31, 67, 87, 156, 225, 325, 1138, 1566, 3585, 3838, 674, 950, 109, 637, 2042, 2052, 2100, 3028, 2126, 291, 840, 1295, 2568, 12, 3153, 2050, 10, 2319]
RKP_05000_00100_2_05.txt|423.29|456|0.14304225800000495|[522, 2365, 2703, 3238, 991, 5, 22, 52, 942, 1224, 1654, 2332, 3226, 3406, 3383, 984, 3374, 693, 797, 29, 99, 1076, 1903, 3758, 426, 612, 3241, 452, 1741, 829, 2206, 2208, 2261, 3573, 274, 355, 3555, 51, 434, 3817, 23, 31, 40, 61, 473, 1503, 1735, 2146]
RKP_05000_00100_2_06.txt|404.36|430|0.14269503400000302|[326, 2453, 466, 816, 3347, 62, 136, 324, 758, 6, 2040, 2408, 437, 1208, 129, 369, 4478, 3081, 1, 639, 853, 2322, 3682, 1288, 4405, 3, 182, 926, 1917, 1383, 23, 33, 602, 1193, 2039, 2974, 327, 367, 1394, 3385, 2312, 2519]
RKP_05000_00100_2_07.txt|409.5|436|0.14261388400000044|[396, 2641, 516, 3, 71, 333, 43, 58, 180, 2246, 2419, 141, 260, 595, 1949, 2323, 15, 373, 183, 689, 194, 1063, 3555, 1, 55, 74, 2164, 2528, 103, 649, 79, 216, 429, 744, 169, 11, 28, 1073, 1103, 1601, 3488, 3689, 7, 927]
RKP_05000_00100_2_08.txt|395.32|421|0.14315235099999882|[98, 1204, 14, 99, 152, 2584, 11, 24, 2149, 3421, 2, 41, 636, 1387, 1617, 48, 23, 621, 79, 524, 735, 792, 1415, 1700, 367, 7, 94, 464, 672, 9, 1273, 2312, 3365, 25, 199, 1301, 34, 51, 227, 491, 723, 2399, 3854, 1011, 232]
RKP_05000_00100_2_09.txt|433.28|469|0.14246824300000413|[1149, 4778, 1873, 2352, 88, 112, 392, 846, 1338, 2179, 2318, 110, 142, 75, 2196, 2365, 218, 755, 6, 18, 355, 362, 1203, 1818, 61, 238, 955, 5, 151, 2692, 1008, 1679, 4171, 2520, 244, 678, 796, 20, 45, 558, 574, 673, 1611, 1919, 4480, 86, 433, 2953, 3113]
RKP_05000_00100_2_10.txt|388.8|418|0.1433767140000026|[120, 275, 2435, 477, 250, 502, 918, 2345, 3321, 113, 2283, 2318, 2768, 4994, 19, 136, 326, 291, 2022, 210, 78, 163, 978, 3005, 4424, 1773, 1253, 4012, 3300, 66, 48, 123, 387, 463, 1183, 1608, 2456, 3484, 58, 2497, 8, 1196]
RKP_05000_00100_3_01.txt|671.68|730|0.14330594599999869|[1, 26, 48, 83, 97, 135, 279, 312, 334, 349, 361, 465, 471, 588, 661, 1096, 1192, 1272, 1725, 1751, 2321, 2608, 3272, 3292, 3674, 3675, 7, 18, 22, 28, 55, 67, 69, 80, 188, 276, 297, 322, 345, 383, 410, 506, 530, 558, 676, 821, 995, 1037, 1119, 1232, 1286, 1335, 1556, 1636, 1702, 1733, 2035, 2090, 2190, 2691, 2908, 3020, 3683]
RKP_05000_00100_3_02.txt|721.76|790|0.14322682900000358|[1, 55, 93, 132, 135, 145, 219, 301, 312, 356, 373, 392, 434, 472, 512, 776, 856, 973, 1047, 1119, 1267, 1335, 1664, 1834, 1876, 2409, 2674, 2689, 2722, 2762, 2848, 3287, 3318, 3344, 3615, 4055, 4114, 4494, 4912, 3, 17, 74, 89, 168, 365, 426, 796, 863, 879, 917, 1093, 1147, 1322, 1326, 1407, 1524, 1637, 1727, 1824, 2135, 2337, 2367, 2988, 3093, 3228, 3234, 3623, 3676, 4]
RKP_05000_00100_3_03.txt|690.67|749|0.14311600000000113|[6, 20, 21, 27, 52, 76, 140, 159, 191, 205, 283, 341, 403, 520, 820, 977, 1058, 1256, 1409, 1459, 1558, 1571, 1847, 1941, 2793, 2858, 2962, 2984, 2989, 3115, 4440, 4520, 4563, 4874, 3, 42, 124, 155, 165, 192, 397, 656, 690, 698, 721, 901, 963, 979, 996, 1051, 1086, 1175, 1347, 1890, 2079, 2659, 2662, 3260, 3566, 3663, 4111, 4968, 2, 4, 11]
RKP_05000_00100_3_04.txt|685.53|759|0.14478495900000268|[1, 11, 48, 56, 59, 100, 298, 318, 320, 325, 365, 375, 446, 578, 688, 708, 759, 770, 808, 898, 984, 1227, 1264, 1283, 1348, 1570, 1757, 1788, 1905, 2600, 2634, 2810, 3111, 3384, 3639, 3851, 4679, 4996, 3, 4, 15, 24, 28, 47, 51, 68, 99, 103, 118, 122, 130, 309, 473, 607, 819, 991, 1399, 1455, 1817, 3105, 3783, 7, 89, 227, 311, 353]
RKP_05000_00100_3_05.txt|618.74|679|0.1441076750000036|[7, 52, 79, 122, 238, 292, 295, 362, 485, 513, 638, 669, 905, 936, 973, 2337, 2714, 2928, 3114, 4073, 4423, 1, 24, 25, 47, 60, 76, 81, 109, 147, 220, 235, 304, 345, 435, 486, 542, 563, 769, 891, 994, 1088, 1491, 1526, 1529, 1760, 1858, 2671, 2859, 2877, 3492, 4074, 4118, 4207, 2, 9, 28, 49]
RKP_05000_00100_3_06.txt|692.99|750|0.1432403730000027|[2, 32, 68, 103, 113, 121, 179, 203, 244, 248, 270, 452, 564, 638, 683, 755, 796, 838, 1046, 1130, 1148, 1376, 1477, 1657, 1698, 1860, 1884, 2159, 2528, 2710, 2738, 3112, 3, 4, 29, 80, 86, 157, 221, 278, 290, 413, 434, 440, 460, 700, 775, 787, 1227, 1347, 1393, 1474, 1775, 1854, 2206, 2299, 2412, 3091, 3095, 3151, 3943, 4151, 4211, 13, 14]
RKP_05000_00100_3_07.txt|686.17|758|0.1439231490000003|[1, 10, 16, 18, 20, 30, 77, 98, 99, 119, 169, 189, 206, 213, 222, 281, 304, 362, 372, 495, 507, 523, 729, 750, 812, 883, 890, 980, 1030, 1095, 1453, 1577, 1960, 2510, 2869, 3416, 3653, 9, 32, 68, 96, 130, 166, 167, 178, 355, 799, 859, 865, 913, 985, 1109, 1116, 1411, 1663, 2232, 2528, 3509, 3542, 4038, 4083, 4185, 4467, 4, 5, 6]
RKP_05000_00100_3_08.txt|723.3|780|0.1450639479999961|[5, 17, 97, 101, 129, 169, 227, 238, 346, 491, 557, 563, 572, 645, 925, 969, 1076, 1208, 1240, 1355, 1478, 1502, 1517, 1802, 1973, 2091, 2154, 2430, 2702, 3001, 3410, 3716, 3821, 4225, 4353, 4735, 24, 35, 36, 44, 59, 60, 89, 108, 115, 191, 216, 273, 294, 309, 426, 484, 515, 525, 611, 684, 685, 785, 807, 888, 1027, 1228, 1497, 2068, 2313, 2363, 3429, 3476]
RKP_05000_00100_3_09.txt|707.53|770|0.14406086799999854|[1, 4, 24, 40, 63, 94, 111, 137, 205, 217, 262, 355, 466, 585, 600, 636, 827, 839, 1067, 1532, 1558, 2033, 2048, 2227, 2453, 2609, 2846, 2862, 3120, 3562, 3603, 3987, 4348, 4681, 4813, 4902, 3, 8, 10, 18, 25, 29, 78, 101, 419, 424, 501, 610, 882, 1004, 1074, 1210, 1328, 1499, 1517, 1818, 2032, 2275, 2805, 2885, 3127, 3596, 4097, 4425, 4459, 7, 26]
RKP_05000_00100_3_10.txt|681.86|728|0.1443579340000025|[19, 47, 52, 63, 173, 216, 236, 252, 283, 438, 627, 659, 666, 775, 860, 881, 1426, 1430, 1547, 1938, 2107, 2181, 2195, 2235, 2312, 2477, 2929, 2988, 3361, 3869, 3877, 4448, 4628, 1, 5, 11, 57, 109, 110, 142, 211, 227, 540, 685, 793, 798, 933, 1132, 1187, 1323, 1457, 1639, 1688, 2280, 2583, 2816, 3415, 3506, 17, 117, 189, 293, 420]
RKP_05000_00100_4_01.txt|100.0|100|0.14259931300000234|[4203]
RKP_05000_00100_4_02.txt|100.0|100|0.1418446949999975|[4330]
RKP_05000_00100_4_03.txt|100.0|100|0.14254987499999858|[4262]
RKP_05000_00100_4_04.txt|100.0|100|0.14196214900000542|[4224]
RKP_05000_00100_4_05.txt|100.0|100|0.142766320999998|[4227]
RKP_05000_00100_4_06.txt|100.0|100|0.14292017400000304|[4219]
RKP_05000_00100_4_07.txt|100.0|100|0.14235360199999833|[4210]
RKP_05000_00100_4_08.txt|100.0|100|0.14258198900000252|[4203]
RKP_05000_00100_4_09.txt|100.0|100|0.14220005000000582|[4319]
RKP_05000_00100_4_10.txt|100.0|100|0.14309571000000232|[4226]
RKP_05000_00100_5_01.txt|96.42|102|0.14221393500000545|[7, 9, 10, 12, 14, 15, 18, 19, 20, 21, 22, 24, 27, 28, 30, 32, 35, 36, 38, 39]
RKP_05000_00100_5_02.txt|98.42|104|0.14172360400000003|[4, 6, 9, 13, 16, 17, 19, 20, 22, 26, 27, 32, 33, 34, 36, 37, 38]
RKP_05000_00100_5_03.txt|97.4|102|0.14272209499999122|[4, 6, 7, 10, 13, 14, 16, 17, 19, 20, 22, 23, 25, 27, 28, 29, 31, 32, 37, 39, 41]
RKP_05000_00100_5_04.txt|97.49|104|0.1427171880000003|[6, 7, 9, 11, 15, 19, 20, 21, 22, 23, 24, 29, 31, 33, 34, 35, 37, 39]
RKP_05000_00100_5_05.txt|97.69|104|0.14210483199999657|[5, 7, 10, 12, 14, 18, 22, 25, 27, 29, 32, 34, 35, 37, 41, 43, 44, 46, 48]
RKP_05000_00100_5_06.txt|96.92|102|0.1418587959999945|[1, 9, 10, 11, 12, 14, 15, 17, 18, 19, 21, 23, 27, 31, 32, 37, 39, 41, 42, 43, 44]
RKP_05000_00100_5_07.txt|96.6|102|0.1422999779999975|[2, 4, 6, 8, 9, 10, 13, 14, 16, 17, 18, 21, 23, 25, 27, 32, 37, 38, 39, 42, 43, 45, 46, 50]
RKP_05000_00100_5_08.txt|96.47|101|0.14183251500000324|[3, 4, 5, 6, 7, 11, 15, 16, 20, 21, 22, 23, 25, 26, 27, 29, 31, 34, 39, 43, 44, 46, 47]
RKP_05000_00100_5_09.txt|96.71|104|0.1421854979999989|[4, 6, 7, 8, 12, 18, 21, 23, 24, 27, 28, 33, 35, 36, 37, 38, 39, 40, 43]
RKP_05000_00100_5_10.txt|98.39|104|0.14191816499999277|[4, 8, 9, 10, 11, 12, 14, 18, 22, 26, 27, 28, 29, 30, 34, 35, 37, 38, 40]
RKP_05000_01000_1_01.txt|52899.64|56138|0.1501251579999996|[53, 4971, 700, 424, 3485, 732, 164, 23, 1742, 17, 2254, 1858, 1232, 2481, 1724, 1756, 1591, 2077, 1841, 13, 328, 18, 1431, 4223, 78, 2, 226, 1979, 3534, 3799, 3791, 2629, 151, 96, 86, 8, 10, 3256, 2266, 15, 16, 751, 2567, 684, 33, 22, 1034, 991, 969, 800, 30, 118, 212, 778, 1387, 4129, 3144, 1775, 1, 3282, 35, 551, 334, 2814, 726, 974, 2187, 153, 379, 123, 3403, 866, 2497, 436, 202, 4479, 3776, 1214, 232, 661, 2777, 1919]
RKP_05000_01000_1_02.txt|55715.87|58511|0.15074205099999405|[918, 304, 675, 4489, 7, 728, 406, 2379, 1205, 1337, 2800, 89, 4961, 539, 78, 988, 22, 1590, 222, 41, 36, 506, 3875, 2832, 2594, 2825, 1403, 3565, 2011, 425, 3349, 2769, 17, 588, 155, 837, 1677, 39, 109, 1329, 337, 622, 3795, 236, 917, 1604, 1277, 3, 2973, 694, 3668, 790, 1055, 1261, 2727, 96, 2745, 84, 464, 928, 2120, 1414, 1683, 2229, 2041, 2750, 471, 165, 646, 130, 1, 203, 681, 3957, 10, 282, 235, 2021, 971, 1687, 1698]
RKP_05000_01000_1_03.txt|50777.12|52902|0.15081108299999413|[1614, 882, 1039, 24, 1534, 22, 1854, 135, 933, 1027, 3194, 3276, 533, 1364, 1, 344, 1339, 649, 1150, 2688, 76, 3682, 165, 4104, 72, 1605, 1483, 2201, 3835, 2125, 1822, 114, 60, 852, 1415, 272, 2314, 940, 749, 3, 1219, 1815, 1475, 176, 1006, 339, 1146, 988, 4640, 4193, 810, 2682, 67, 4283, 441, 33, 1262, 4216, 400, 186, 2016, 1384, 2471, 1128, 3392, 1945, 366, 2779, 21, 1248, 174, 3920, 254, 1849, 1417]
RKP_05000_01000_1_04.txt|52071.19|55056|0.15059743399999548|[1218, 4624, 1450, 223, 1275, 238, 35, 498, 952, 794, 61, 4277, 4775, 716, 2060, 4397, 10, 114, 1107, 1, 3926, 16, 594, 1142, 191, 351, 482, 1546, 533, 5, 2023, 4232, 1174, 1916, 50, 9, 189, 1311, 25, 133, 1416, 2, 1021, 24, 1689, 270, 395, 132, 2580, 49, 886, 71, 3271, 64, 181, 670, 1901, 792, 318, 210, 2470, 421, 17, 2269, 304, 52, 378, 625, 3055, 687, 546, 100, 30, 3023, 939, 734, 2099, 2320, 4256, 724, 3051]
RKP_05000_01000_1_05.txt|51817.59|54350|0.15050517799999852|[430, 1649, 2, 1142, 1316, 1606, 91, 1411, 1588, 385, 2069, 985, 4053, 2834, 1227, 2271, 1607, 4118, 14, 339, 254, 65, 352, 259, 97, 1162, 3067, 93, 132, 816, 1320, 1023, 168, 1474, 711, 2547, 8, 1321, 1049, 4096, 16, 73, 943, 593, 120, 48, 2819, 330, 19, 2263, 85, 1893, 4204, 5, 2256, 25, 1093, 94, 592, 231, 2360, 1012, 467, 349, 838, 3468, 2570, 279, 1355, 1576, 1853, 46, 4385, 350, 119, 58, 876, 1418, 2740, 1842, 667, 4]
RKP_05000_01000_1_06.txt|50050.4|53187|0.15072157400000152|[4603, 736, 1879, 48, 51, 336, 498, 2517, 1689, 269, 8, 697, 1511, 691, 943, 1910, 188, 3076, 2, 2967, 3, 217, 10, 503, 399, 1530, 2050, 9, 6, 150, 52, 343, 2925, 616, 1002, 1192, 80, 13, 612, 292, 157, 646, 656, 2633, 721, 159, 1662, 894, 1097, 688, 4793, 4196, 2012, 1494, 37, 687, 2857, 1916, 192, 3109, 337, 1242, 2048, 60, 297, 2865, 594, 1812, 66, 54, 288, 2028, 73, 1004, 830, 107, 577, 1677, 2195, 174, 18, 998]
RKP_05000_01000_1_07.txt|47158.45|49284|0.1495036910000067|[1904, 1741, 226, 753, 4009, 2, 568, 161, 15, 1359, 2669, 213, 2593, 44, 522, 421, 23, 21, 628, 2001, 46, 795, 198, 386, 2245, 651, 130, 8, 1607, 77, 1865, 848, 731, 985, 204, 1697, 1, 1489, 2984, 65, 2145, 91, 241, 453, 608, 1178, 393, 1666, 2235, 27, 119, 1645, 38, 1659, 84, 666, 1605, 80, 1198, 957, 115, 1449, 1231, 577, 110, 205, 1175, 633, 2507, 3964, 188, 2087, 4146]
RKP_05000_01000_1_08.txt|47900.29|50599|0.15106467600000428|[140, 4497, 427, 2382, 1275, 20, 1487, 430, 89, 2585, 10, 2528, 279, 785, 1391, 651, 527, 109, 235, 3925, 575, 2841, 488, 15, 1138, 7, 3318, 26, 2723, 738, 3, 151, 12, 2356, 66, 419, 40, 39, 2070, 411, 75, 29, 32, 531, 52, 1088, 81, 2099, 207, 3788, 190, 389, 3288, 1344, 3437, 43, 117, 529, 3323, 2110, 244, 1029, 534, 1, 78, 952, 53, 670, 3083, 1065, 185]
RKP_05000_01000_1_09.txt|51670.31|54406|0.15053324599999882|[157, 684, 4115, 3964, 1, 2, 1714, 51, 2381, 1788, 3179, 1434, 6, 996, 18, 4, 1362, 1242, 3744, 883, 191, 3245, 390, 1679, 128, 17, 104, 499, 1761, 1366, 427, 3, 190, 2328, 2845, 364, 27, 1579, 29, 302, 714, 1113, 1414, 844, 2399, 7, 3556, 163, 1401, 2364, 106, 25, 359, 3644, 1495, 2034, 2239, 1911, 136, 320, 91, 2651, 12, 101, 39, 2227, 184, 1481, 107, 42, 906, 3332, 2452, 47, 355, 93, 138, 1854, 563]
RKP_05000_01000_1_10.txt|56822.0|58973|0.15016519400000447|[129, 528, 2671, 1640, 785, 486, 2, 888, 11, 1, 461, 2184, 2867, 844, 1430, 245, 1044, 2753, 1095, 1680, 3836, 49, 1313, 9, 47, 104, 500, 1479, 1284, 807, 2544, 38, 2698, 1914, 3137, 33, 212, 2541, 1686, 3309, 2560, 1436, 1476, 2608, 740, 634, 4698, 28, 1731, 4036, 604, 2216, 384, 261, 180, 1361, 1350, 4, 1934, 813, 220, 1253, 2153, 1817, 1423, 103, 359, 255, 1076, 80, 152, 100, 124, 2309, 428, 2737, 286, 113, 2615, 4815, 30, 3828, 827, 1554, 4805, 839, 58]
RKP_05000_01000_2_01.txt|3904.38|4175|0.14924643600000082|[176, 4166, 103, 339, 1473, 3060, 951, 1844, 413, 3919, 2671, 2, 88, 1730, 1641, 541, 265, 2000, 2351, 1898, 1487, 309, 1046, 7, 604, 4493, 997, 153, 687, 115, 4598, 761, 12, 38, 22, 23, 1154, 2581, 716, 34, 1573, 5, 483, 165, 26, 4001, 487]
RKP_05000_01000_2_02.txt|4188.75|4432|0.14960266900000418|[2, 279, 1045, 491, 1856, 1294, 1693, 4977, 862, 1189, 2682, 462, 1, 2581, 545, 1577, 317, 62, 126, 311, 667, 76, 365, 653, 78, 94, 214, 2259, 2308, 1000, 379, 2515, 2419, 2537, 338, 2213, 820, 3711, 1503, 299, 51, 964, 44, 1284, 3942, 229, 1068, 683]
RKP_05000_01000_2_03.txt|4265.06|4564|0.14973107000000596|[217, 51, 726, 1002, 305, 3351, 465, 308, 3416, 4964, 3938, 2930, 69, 86, 286, 235, 862, 3180, 2340, 2182, 1958, 4457, 3343, 518, 1354, 942, 3087, 118, 1732, 858, 375, 1132, 655, 2610, 1483, 63, 414, 3540, 477, 589, 350, 171, 88, 1256, 2617, 49, 15, 3321]
RKP_05000_01000_2_04.txt|4708.71|4959|0.14899935100000675|[17, 63, 2518, 2408, 2928, 1740, 1989, 2245, 768, 153, 348, 371, 4424, 585, 2989, 545, 3, 4454, 3530, 2237, 2249, 3872, 302, 509, 1, 1672, 22, 183, 1136, 916, 1398, 1319, 247, 557, 1210, 19, 82, 1799, 758, 51, 59, 703, 84, 3183, 57, 1100, 23, 1065, 1412, 124, 274, 857, 400, 1926, 1906, 71, 134]
RKP_05000_01000_2_05.txt|4225.81|4513|0.14925563399999306|[734, 1064, 201, 33, 4485, 3321, 12, 360, 420, 526, 204, 8, 4, 70, 2513, 3, 2943, 1132, 1762, 427, 1269, 273, 2008, 344, 16, 1158, 2548, 1680, 187, 453, 80, 1052, 30, 775, 876, 737, 290, 4215, 957, 324, 156, 43, 807, 1576, 10, 784, 269, 1839, 208, 1478, 93, 2179, 125, 5]
RKP_05000_01000_2_06.txt|4411.1|4750|0.15081075800000007|[473, 464, 61, 1, 344, 1477, 900, 105, 683, 672, 2476, 242, 1933, 1569, 30, 1948, 793, 1619, 1134, 386, 154, 925, 152, 59, 1898, 2446, 138, 2282, 159, 1064, 714, 862, 94, 1852, 2638, 2690, 2201, 2484, 336, 10, 4545, 481, 670, 4951, 184, 27, 1746, 2, 114, 1317, 63, 4407, 470, 78, 2328, 790]
RKP_05000_01000_2_07.txt|4507.42|4893|0.15032594799999288|[4279, 2608, 1902, 2282, 4495, 1643, 1625, 3129, 759, 771, 1, 1437, 207, 3275, 12, 4453, 909, 2206, 157, 772, 1265, 516, 238, 3147, 212, 2461, 294, 2241, 1935, 1945, 1811, 2341, 387, 44, 3196, 3085, 105, 1886, 228, 1461, 11, 3507, 2864, 3031, 1552, 368, 59, 3259, 751, 4429, 2233, 239, 193, 3041, 2001, 1123]
RKP_05000_01000_2_08.txt|4462.64|4773|0.15006882099999758|[1499, 972, 59, 298, 312, 108, 3385, 6, 17, 1184, 30, 264, 213, 658, 78, 4, 44, 3148, 1783, 677, 2808, 747, 634, 242, 2941, 3191, 1314, 1114, 2133, 236, 2399, 201, 14, 1664, 174, 1802, 580, 473, 362, 397, 901, 385, 4386, 278, 2683, 137, 833, 720, 608, 1766, 313, 324, 858]
RKP_05000_01000_2_09.txt|4266.15|4525|0.14915881200000286|[1226, 3478, 1556, 10, 379, 897, 128, 1583, 1967, 408, 677, 15, 175, 4, 13, 3297, 2317, 997, 1992, 419, 36, 1259, 784, 1132, 2, 561, 4691, 3113, 3974, 1428, 579, 377, 2094, 2005, 4669, 247, 1587, 77, 2037, 2140, 1844, 116, 151, 3, 2789, 3399, 1786, 1594, 25]
RKP_05000_01000_2_10.txt|4120.66|4362|0.15132507300000725|[4267, 4015, 9, 2318, 137, 1686, 2034, 36, 4084, 922, 294, 2998, 749, 4050, 420, 2559, 1491, 1523, 3674, 1011, 4809, 555, 1494, 18, 95, 82, 191, 206, 1502, 941, 3887, 305, 1416, 3163, 99, 1175, 227, 4057, 149, 55, 3712, 536, 2292, 3629, 1926, 939, 2474, 1619, 150, 1818, 3888, 30]
RKP_05000_01000_3_01.txt|8915.26|9300|0.1495968690000018|[34, 1698, 1958, 2461, 562, 2851, 1, 46, 3246, 237, 455, 1081, 2241, 40, 72, 97, 112, 21, 1615, 114, 77, 917, 284, 3421, 108, 2250, 1038, 1894, 2056, 2178, 2874, 150, 276, 2416, 2783, 384, 9, 87, 398, 132, 193, 12, 1190, 372, 550, 53, 381, 604, 4452, 560, 1047, 1140, 1365, 1087, 728, 996, 15, 16, 37, 539, 274, 305, 387, 2748, 2, 400, 140, 586, 1021, 2640, 567, 2183, 8, 2608, 2794, 176, 207, 1198, 1779, 670, 699, 10, 3188]
RKP_05000_01000_3_02.txt|9684.69|10098|0.1488662750000094|[129, 28, 849, 140, 230, 1041, 1087, 1499, 2425, 39, 542, 2330, 446, 878, 1486, 3041, 13, 2067, 3308, 33, 209, 1161, 1436, 2215, 25, 107, 169, 214, 90, 379, 425, 562, 2853, 436, 883, 892, 4134, 305, 445, 609, 730, 2772, 1117, 4507, 2704, 801, 2565, 4, 66, 718, 2998, 4719, 235, 2953, 3171, 1046, 1240, 1334, 1193, 1488, 38, 68, 130, 295, 759, 2, 1885, 2978, 3750, 448, 953, 1484, 2808, 303, 595, 1083, 55, 652, 727, 790, 65, 309, 371, 10, 60, 1, 40, 1908, 3546, 206, 314]
RKP_05000_01000_3_03.txt|10020.12|10495|0.15075673699999242|[3273, 158, 3166, 5, 26, 36, 286, 881, 1498, 4215, 215, 652, 4, 399, 621, 975, 4813, 22, 710, 1597, 989, 2386, 4695, 2439, 3545, 2, 360, 568, 4041, 465, 4671, 1, 156, 163, 330, 794, 1022, 1041, 1523, 2202, 952, 246, 609, 2319, 115, 1465, 221, 2087, 6, 190, 839, 1605, 1733, 3722, 3, 199, 1663, 308, 480, 544, 1157, 97, 3477, 153, 377, 765, 770, 879, 1169, 1926, 2529, 2901, 4149, 11, 129, 239, 439, 856, 4529, 592, 1077, 1360, 1429, 1688, 2280, 2613, 3175, 4447, 455, 1164, 3910, 14, 1316, 983, 306]
RKP_05000_01000_3_04.txt|10051.89|10485|0.14953228400000398|[132, 448, 1872, 2372, 6, 619, 1080, 198, 206, 548, 680, 2150, 2868, 4, 261, 4880, 1, 1064, 1276, 1396, 2516, 111, 657, 337, 360, 574, 2747, 277, 3448, 18, 306, 3523, 63, 610, 989, 58, 864, 1786, 3330, 5, 142, 2541, 4042, 769, 1226, 9, 70, 225, 2865, 962, 1322, 82, 205, 263, 977, 1589, 1768, 2593, 3612, 94, 1996, 495, 709, 1049, 2568, 648, 2575, 39, 568, 1309, 3274, 89, 400, 827, 321, 784, 1165, 1493, 1801, 2115, 362, 650, 835, 3645, 35, 4324, 27, 45, 3197, 51, 109, 144, 2132, 16, 1755]
RKP_05000_01000_3_05.txt|9296.64|9988|0.1487563870000031|[26, 143, 1859, 2460, 48, 1516, 1588, 1060, 2123, 3584, 1, 7, 344, 985, 1759, 11, 501, 1305, 3106, 19, 2634, 3440, 3558, 16, 34, 1619, 1909, 3635, 29, 285, 620, 37, 184, 3469, 56, 555, 768, 162, 32, 49, 348, 2970, 169, 708, 748, 998, 1263, 3167, 8, 112, 1090, 2615, 212, 296, 358, 219, 3439, 122, 183, 814, 2077, 2, 486, 1259, 1770, 3068, 3370, 3, 2723, 638, 1500, 4, 6, 25, 283, 386, 491, 2447, 2610, 3258, 4405, 632, 830, 1502, 54, 1068, 2381, 1552, 2744, 4338]
RKP_05000_01000_3_06.txt|9663.46|10098|0.15005666899998688|[6, 46, 288, 760, 4808, 4, 12, 227, 488, 813, 4258, 85, 3214, 7, 55, 734, 41, 1119, 2741, 801, 4322, 368, 206, 276, 3324, 213, 931, 2251, 3, 469, 573, 1610, 665, 946, 2799, 4000, 1640, 4911, 45, 1522, 1551, 1917, 2026, 86, 124, 184, 1296, 249, 859, 702, 3390, 16, 135, 193, 219, 2623, 1, 4582, 1035, 1212, 4424, 76, 94, 603, 39, 71, 1281, 3851, 2138, 2756, 106, 623, 1359, 84, 345, 607, 3239, 540, 88, 165, 1595, 2442, 2705, 1833, 889, 1978, 3533, 4315, 87, 128, 507]
RKP_05000_01000_3_07.txt|9545.58|9878|0.14959230699999806|[79, 762, 413, 1470, 13, 94, 293, 827, 1003, 1783, 1792, 427, 884, 896, 84, 60, 593, 73, 76, 216, 3628, 1789, 2448, 3146, 295, 398, 417, 1123, 2357, 3085, 4131, 1998, 487, 883, 1055, 2587, 3854, 477, 218, 527, 36, 849, 3, 11, 220, 714, 1044, 2104, 3438, 658, 1262, 3609, 113, 393, 1709, 3135, 891, 2716, 640, 1179, 221, 422, 1564, 100, 1090, 1173, 4456, 20, 33, 319, 1407, 991, 1561, 1825, 725, 2381, 500, 3996, 470, 1368, 2, 125, 2900, 3731, 184, 1086, 3269, 214, 360]
RKP_05000_01000_3_08.txt|9638.7|10299|0.14907704400000513|[1588, 134, 394, 3214, 3808, 14, 525, 3087, 3571, 28, 152, 953, 1135, 1733, 4, 270, 1970, 2019, 2364, 2402, 3237, 217, 1976, 883, 2088, 2858, 489, 80, 1036, 556, 686, 1395, 4192, 36, 279, 474, 654, 1513, 3396, 1077, 250, 2977, 6, 30, 1273, 1636, 725, 1134, 22, 162, 911, 3346, 118, 126, 675, 1050, 3017, 3445, 4767, 4779, 77, 260, 20, 1014, 1810, 4487, 4700, 2, 122, 656, 1364, 35, 73, 82, 213, 895, 331, 1009, 2484, 3, 116, 498, 466, 2812, 3939, 154, 301, 901, 460, 679, 3324, 244, 1729]
RKP_05000_01000_3_09.txt|8998.11|9300|0.1488379329999975|[760, 556, 671, 655, 1322, 2051, 2511, 2621, 384, 661, 2486, 3256, 2497, 664, 1189, 1313, 3443, 106, 281, 376, 2024, 7, 9, 3392, 73, 152, 242, 1471, 4292, 492, 751, 786, 237, 1978, 51, 3538, 462, 2941, 77, 83, 99, 159, 453, 995, 2, 207, 3618, 8, 1040, 2577, 13, 290, 111, 931, 852, 2706, 222, 830, 310, 2401, 57, 81, 412, 1420, 1488, 564, 444, 1800, 6, 87, 3572, 12, 1108, 196, 1954, 4047, 1881, 2085, 27, 926, 136, 1148, 3868]
RKP_05000_01000_3_10.txt|9661.5|10100|0.14911125500000025|[33, 2764, 50, 393, 4466, 16, 119, 196, 219, 2322, 2894, 369, 1, 3, 25, 2813, 692, 811, 1019, 1184, 270, 876, 1329, 3150, 3435, 3589, 2, 2189, 2915, 3251, 62, 69, 1854, 3127, 6, 287, 2224, 2749, 52, 235, 1093, 4227, 1785, 2940, 3240, 112, 223, 789, 1621, 4747, 4788, 1803, 343, 2139, 1097, 1847, 2877, 145, 413, 3234, 10, 3119, 305, 458, 944, 1279, 2611, 781, 2458, 3064, 218, 417, 66, 194, 272, 353, 360, 1317, 3788, 389, 2030, 14, 159, 445, 2061, 3012, 7, 1890, 2770, 13, 83]
RKP_05000_01000_4_01.txt|999.77|1000|0.14912832400000298|[4615]
RKP_05000_01000_4_02.txt|999.84|1000|0.1478118910000012|[4655]
RKP_05000_01000_4_03.txt|999.86|1000|0.14837796000000253|[4567]
RKP_05000_01000_4_04.txt|999.95|1000|0.1483224850000079|[4559]
RKP_05000_01000_4_05.txt|999.99|1000|0.14853694200001655|[4812]
RKP_05000_01000_4_06.txt|999.99|1000|0.14833283299999495|[4688]
RKP_05000_01000_4_07.txt|999.99|1000|0.1474115989999882|[4493]
RKP_05000_01000_4_08.txt|999.99|1000|0.14847472800001016|[4677]
RKP_05000_01000_4_09.txt|1000.0|1000|0.14802815000000463|[4561]
RKP_05000_01000_4_10.txt|1000.0|1000|0.14827759700001708|[4600]
RKP_05000_01000_5_01.txt|969.89|1020|0.14779176700001018|[3, 7, 9, 11, 12, 15, 17, 18, 19, 20, 25, 26, 28, 31, 32, 33, 37, 39, 42, 44, 46, 49, 51, 53]
RKP_05000_01000_5_02.txt|964.11|1020|0.14755807899998216|[3, 5, 8, 9, 13, 18, 20, 21, 23, 26, 27, 28, 30, 31, 37, 39, 40, 41, 42, 46, 48, 51]
RKP_05000_01000_5_03.txt|966.06|1014|0.1467948560000036|[4, 6, 8, 10, 11, 13, 14, 15, 19, 21, 22, 24, 26, 27, 31, 32, 33, 35, 38, 40, 41, 44, 45]
RKP_05000_01000_5_04.txt|966.95|1010|0.14694298799999161|[1, 5, 8, 11, 12, 14, 18, 19, 24, 26, 27, 28, 29, 33, 34, 35, 36, 37, 38, 39, 41]
RKP_05000_01000_5_05.txt|969.96|1018|0.1482611030000021|[7, 9, 10, 12, 13, 14, 15, 16, 17, 18, 23, 24, 27, 28, 34, 35, 38, 39, 40, 43, 45]
RKP_05000_01000_5_06.txt|948.85|1013|0.1484456100000125|[9, 11, 16, 20, 23, 24, 26, 29, 31, 33, 34, 37, 38, 39, 42, 43, 44, 49]
RKP_05000_01000_5_07.txt|971.43|1023|0.14725293800001282|[2, 4, 6, 7, 12, 18, 19, 21, 23, 27, 30, 31, 33, 35, 36, 38, 40, 42, 46, 47, 48, 50, 51]
RKP_05000_01000_5_08.txt|967.42|1036|0.15056510300000808|[4, 11, 12, 13, 16, 17, 19, 20, 26, 27, 28, 29, 30, 31, 34, 35, 36, 39, 40, 43, 46]
RKP_05000_01000_5_09.txt|973.65|1018|0.1480044860000021|[4, 6, 9, 10, 12, 16, 22, 25, 26, 28, 29, 31, 32, 33, 34, 35, 36, 38, 44, 45]
RKP_05000_01000_5_10.txt|956.33|1011|0.14880136200000607|[1, 6, 9, 11, 13, 15, 18, 19, 20, 21, 24, 25, 26, 29, 30, 31, 34, 36, 37, 40]
RKP_05000_05000_1_01.txt|242371.59|258748|0.14971854700001358|[1201, 2195, 1260, 134, 1200, 239, 2685, 263, 254, 826, 688, 74, 36, 2945, 168, 2997, 1437, 1595, 255, 1416, 496, 2321, 3, 2, 100, 498, 75, 1543, 78, 174, 1674, 1247, 940, 358, 747, 1305, 8, 522, 4, 477, 1939, 41, 601, 206, 3266, 94, 40, 4308, 234, 562, 4777, 1083, 1246, 33, 604, 96, 274, 449, 3721, 149, 4077, 3113, 1270, 47, 1685, 521, 50, 25, 1293, 2002, 1768, 981, 203, 2489, 137, 1235, 1850]
RKP_05000_05000_1_02.txt|300685.56|314232|0.1510192230000075|[474, 3921, 2706, 113, 1005, 903, 361, 21, 8, 24, 10, 238, 805, 55, 269, 297, 2174, 3940, 117, 712, 334, 396, 1107, 3059, 45, 537, 1115, 444, 310, 1041, 4402, 785, 2501, 1459, 2667, 4, 470, 1855, 4832, 4382, 1870, 1069, 1075, 1044, 2306, 668, 1556, 20, 3696, 3886, 213, 231, 1979, 1722, 1374, 4013, 1, 669, 1203, 341, 141, 126, 4197, 1434, 3754, 18, 1266, 240, 59, 3842, 1089, 814, 38, 2089, 3538, 14, 857, 1152, 574, 1428, 378, 235, 1987, 2177, 2322, 50, 1753, 99, 104]
RKP_05000_05000_1_03.txt|266823.03|276538|0.14964661499999693|[3247, 435, 2859, 557, 3493, 2630, 115, 1098, 1265, 1477, 426, 1261, 233, 1414, 3443, 3414, 318, 1, 4414, 811, 2760, 393, 582, 249, 1775, 80, 451, 86, 7, 1115, 2438, 3490, 25, 1309, 8, 482, 1235, 339, 1441, 3593, 429, 246, 1083, 297, 481, 779, 3417, 22, 4374, 18, 504, 488, 645, 46, 908, 110, 3843, 586, 31, 1244, 2, 2957, 1897, 250, 231, 39, 3326, 2850, 904, 4843, 3449, 1099, 4284, 1329, 361, 2264, 1594]
RKP_05000_05000_1_04.txt|282438.05|297336|0.14963284099999327|[3850, 4668, 332, 3802, 34, 557, 5, 90, 1072, 9, 1, 2372, 145, 484, 75, 376, 2328, 291, 25, 1418, 2003, 2061, 1389, 2581, 3, 3813, 189, 148, 1677, 3305, 390, 2991, 422, 81, 559, 85, 3547, 1938, 2051, 3651, 240, 831, 1417, 76, 4172, 814, 48, 4260, 368, 2813, 318, 169, 4715, 3568, 408, 173, 1675, 12, 710, 105, 1859, 1875, 326, 4286, 2553, 3431, 2584, 787, 222, 3410, 2017, 387, 18, 202, 935, 1758, 68, 2312, 96, 197, 2323, 468, 997, 50, 3228, 2036, 70]
RKP_05000_05000_1_05.txt|282914.57|296384|0.15038758500000313|[130, 3722, 227, 2579, 2352, 378, 1, 2467, 3024, 1929, 301, 694, 62, 210, 403, 559, 3186, 2657, 2804, 4208, 32, 4354, 2045, 1432, 1993, 2, 2025, 1098, 2309, 923, 3, 1281, 12, 463, 22, 459, 46, 2703, 1668, 7, 245, 582, 214, 2910, 55, 2427, 1460, 838, 518, 4789, 1003, 261, 1016, 146, 1642, 1483, 4108, 1521, 2223, 1221, 950, 127, 3813, 663, 1662, 4374, 38, 555, 3175, 471, 143, 163, 1008, 511, 3933, 153, 918, 2411, 2761, 979, 4846, 1088, 4170, 2118]
RKP_05000_05000_1_06.txt|259544.23|270336|0.15045547999998918|[651, 2729, 1730, 1154, 693, 2701, 581, 925, 4540, 87, 2, 3361, 2210, 1227, 1981, 40, 120, 2309, 1927, 4561, 363, 82, 3978, 2048, 1065, 23, 813, 621, 2509, 613, 378, 243, 113, 71, 825, 608, 2240, 4076, 514, 43, 1308, 3613, 2646, 4692, 8, 7, 2204, 1305, 445, 3938, 274, 333, 1671, 523, 2228, 275, 64, 830, 538, 1855, 236, 407, 1428, 427, 106, 2592, 850, 1125, 715, 18, 9, 19, 2640, 1483, 1508, 1610, 707, 1821, 46, 689, 3, 956, 1280, 2400]
RKP_05000_05000_1_07.txt|242484.98|253782|0.1508493419999968|[31, 1, 730, 2854, 3, 1616, 457, 15, 2688, 248, 536, 83, 1228, 3045, 29, 303, 739, 829, 785, 1267, 380, 8, 1820, 575, 182, 294, 1849, 44, 2529, 1315, 1406, 4260, 864, 249, 2, 1894, 1263, 175, 4664, 215, 3888, 2273, 121, 4751, 233, 745, 1019, 4149, 1375, 381, 109, 30, 266, 1804, 3965, 916, 690, 1525, 79, 768, 346, 2725, 463, 529, 507, 137, 3875, 119, 2846, 6, 237, 190, 2937, 4, 478, 1897, 28, 347, 2833]
RKP_05000_05000_1_08.txt|242119.57|257049|0.15023856599997998|[95, 124, 156, 674, 253, 38, 523, 596, 3, 451, 91, 1941, 2428, 836, 1549, 1179, 30, 3998, 764, 1421, 1546, 2525, 2536, 3666, 2312, 1439, 984, 342, 2, 3833, 1562, 471, 232, 275, 402, 192, 138, 303, 1737, 371, 2047, 367, 478, 850, 262, 1167, 706, 97, 878, 4527, 51, 2042, 4393, 2813, 949, 2805, 2600, 122, 41, 453, 2681, 528, 902, 7, 560, 4596, 363, 3166, 1, 1919, 4195, 2959, 3744, 1506, 1552, 392]
RKP_05000_05000_1_09.txt|263576.64|275020|0.1509537089999958|[5, 170, 66, 542, 565, 1635, 4248, 339, 4615, 1006, 3197, 1458, 325, 4486, 460, 2593, 871, 1314, 1, 682, 139, 42, 2636, 1245, 537, 820, 4489, 234, 221, 55, 160, 2143, 126, 1350, 1416, 114, 1808, 2, 382, 2497, 52, 299, 17, 563, 1227, 113, 1592, 1114, 196, 355, 726, 2557, 701, 77, 99, 1480, 1596, 376, 1466, 385, 404, 1126, 3, 1594, 243, 1355, 104, 176, 1082, 2228, 1396, 438, 2450, 245, 64, 1546, 137, 323, 632, 1254, 1695, 6]
RKP_05000_05000_1_10.txt|225611.37|239468|0.14864708700001075|[3078, 7, 2580, 1652, 472, 414, 3067, 4380, 959, 1609, 2870, 153, 2629, 756, 659, 467, 2281, 1504, 2050, 803, 2608, 1766, 3101, 909, 380, 2641, 60, 89, 428, 3261, 2, 2306, 2607, 18, 24, 1479, 2498, 867, 1930, 1725, 2942, 3198, 3471, 2151, 286, 863, 322, 3696, 724, 454, 862, 3229, 131, 1340, 470, 302, 185, 144, 2082, 3028, 1861, 519, 3060, 3654, 5, 852, 98]
RKP_05000_05000_2_01.txt|20802.07|22902|0.14881886799999391|[2236, 515, 1045, 93, 475, 235, 293, 4844, 1367, 2937, 2251, 4544, 20, 2687, 279, 1885, 3883, 250, 1784, 1635, 21, 690, 3403, 1482, 579, 65, 70, 1, 411, 49, 2458, 1435, 866, 1497, 1665, 19, 748, 1292, 18, 319, 52, 1239, 383, 98, 391, 4833, 5, 2191, 82]
RKP_05000_05000_2_02.txt|19559.19|20860|0.1489881330000071|[220, 15, 530, 4007, 3641, 56, 3796, 1172, 1058, 208, 3100, 5, 1649, 2162, 707, 161, 91, 4564, 14, 2060, 1287, 2244, 2814, 2069, 105, 28, 131, 3984, 710, 696, 1714, 3813, 563, 191, 2272, 2839, 106, 973, 1592, 485, 598, 1069, 276, 200, 1247]
RKP_05000_05000_2_03.txt|18877.16|19975|0.14956473600000664|[1269, 3630, 4565, 3839, 983, 1422, 477, 1429, 1, 1432, 3428, 3957, 4, 1207, 583, 94, 306, 50, 38, 783, 1289, 3368, 3090, 4939, 1212, 41, 544, 2790, 49, 216, 13, 411, 465, 45, 44, 177, 582, 1998, 729, 2512, 128, 387, 502, 146, 5, 8, 61, 2688]
RKP_05000_05000_2_04.txt|25132.62|26435|0.14913594100001093|[455, 122, 832, 23, 307, 3257, 187, 37, 4, 2382, 1586, 47, 1606, 1223, 21, 1, 2, 2308, 238, 1329, 115, 655, 322, 3, 346, 1412, 583, 131, 165, 372, 1124, 49, 82, 2093, 491, 3288, 71, 2705, 60, 19, 2773, 262, 264, 422, 126, 637, 1335, 314, 20, 2343, 1508, 43, 1068, 78, 1187, 693, 547, 340, 846, 2632, 2376, 2136, 2282]
RKP_05000_05000_2_05.txt|20932.44|22469|0.14906423300001506|[1022, 113, 1011, 932, 1103, 1813, 128, 4330, 1232, 858, 5, 513, 317, 13, 220, 606, 4410, 1768, 874, 1242, 595, 1394, 3623, 2678, 1175, 962, 4902, 3798, 2569, 167, 4092, 1503, 1588, 145, 2493, 976, 551, 734, 66, 370, 163, 96, 312, 2060, 501, 1784, 1153, 1219, 43, 914, 103, 928, 3604]
RKP_05000_05000_2_06.txt|18192.86|19842|0.1481262380000294|[303, 731, 3580, 832, 1073, 1070, 629, 136, 912, 3064, 3764, 437, 449, 2245, 574, 866, 637, 1756, 74, 985, 373, 411, 3105, 689, 30, 1814, 1542, 281, 2039, 356, 748, 106, 16, 3749, 51, 1256, 316, 3437, 2795, 3023, 2900]
RKP_05000_05000_2_07.txt|21314.31|22669|0.14934348500000624|[2118, 1460, 725, 1734, 932, 1115, 129, 1137, 989, 1326, 3995, 1730, 4066, 3396, 152, 273, 1581, 199, 30, 3005, 4239, 452, 1614, 421, 7, 3180, 624, 3704, 26, 528, 1988, 903, 3060, 2664, 411, 409, 713, 232, 3189, 1153, 301, 12, 36, 4720, 75, 926, 253, 1241, 1380, 367, 4811, 805, 349]
RKP_05000_05000_2_08.txt|22430.56|23782|0.14962283800000478|[116, 449, 3356, 3617, 1262, 760, 286, 155, 17, 899, 659, 746, 274, 953, 811, 3119, 919, 551, 1239, 2, 192, 3335, 3039, 1597, 2856, 1834, 9, 160, 2390, 2024, 409, 1692, 179, 34, 3691, 3274, 291, 2814, 944, 315, 2078, 125, 242, 1520, 668, 1277, 4709, 2598, 1051, 603, 8, 1479, 3188]
RKP_05000_05000_2_09.txt|23549.63|24794|0.14826102499999705|[83, 3, 82, 1308, 1231, 385, 1, 105, 2129, 4959, 1179, 3741, 899, 394, 2555, 327, 1378, 128, 7, 180, 1482, 36, 2889, 1771, 60, 920, 279, 1687, 1462, 129, 893, 84, 26, 173, 4, 1177, 4230, 152, 44, 1086, 360, 221, 634, 829, 423, 2368, 2584, 184, 178, 74, 632, 574, 234, 2, 1228, 164, 6, 973, 1478]
RKP_05000_05000_2_10.txt|21603.12|23152|0.1485831359999952|[2884, 725, 1, 666, 1620, 1136, 23, 899, 205, 351, 330, 3467, 2524, 856, 1908, 82, 2605, 14, 2732, 2854, 311, 1530, 42, 1230, 1078, 3271, 723, 1060, 2264, 35, 3185, 3272, 233, 1757, 4367, 268, 1742, 728, 2102, 452, 153, 4670, 3018, 657, 2594, 465, 294, 424, 2690, 2, 102, 317, 3568, 595, 4041, 460]
RKP_05000_05000_3_01.txt|48065.02|49977|0.1491707569999994|[1430, 106, 449, 88, 1410, 528, 1075, 1328, 1409, 39, 21, 54, 2544, 45, 2024, 2831, 3210, 16, 58, 94, 1080, 1664, 638, 800, 1004, 2100, 870, 336, 2454, 521, 530, 1850, 2266, 3715, 787, 1290, 452, 625, 4, 926, 2987, 171, 1158, 1887, 13, 1758, 3941, 79, 833, 4483, 1, 595, 1180, 1291, 736, 2738, 12, 814, 2145, 646, 284, 102, 2312, 137, 157, 55, 4085, 56, 169, 4143, 4117, 289, 1019, 2836, 4060, 4348, 3, 95, 7, 1446, 1884, 132, 563, 628, 1429, 60, 760, 42, 2464, 2410]
RKP_05000_05000_3_02.txt|46322.25|48899|0.1498313459999963|[2345, 2826, 773, 2392, 969, 2038, 407, 1509, 99, 32, 33, 51, 3779, 2259, 4134, 4221, 217, 30, 4553, 50, 25, 9, 1093, 1675, 1198, 509, 4488, 985, 1151, 1, 55, 227, 1232, 1763, 59, 1970, 3096, 3743, 601, 5, 115, 1199, 1793, 3282, 117, 38, 85, 409, 106, 389, 133, 47, 4338, 2501, 3922, 568, 92, 1229, 507, 558, 3478, 384, 769, 1132, 8, 405, 151, 885, 3230, 2529, 16, 2589, 212, 1914, 205, 747, 42, 360, 598, 1220, 15, 2223, 221, 303, 69, 1853, 37, 1238]
RKP_05000_05000_3_03.txt|49284.72|51428|0.14899009999998952|[2585, 13, 3385, 523, 3112, 3909, 1677, 636, 3819, 185, 1029, 1960, 682, 1255, 219, 1129, 46, 194, 950, 3452, 281, 366, 1099, 1187, 1505, 856, 1011, 1875, 1777, 90, 67, 963, 3, 1715, 2750, 542, 323, 489, 1911, 3389, 826, 1, 1061, 12, 1278, 1703, 2297, 1516, 763, 6, 471, 618, 2430, 58, 777, 1696, 5, 127, 116, 1547, 2420, 1800, 372, 15, 4, 373, 128, 2143, 223, 183, 2274, 3213, 140, 1284, 2768, 186, 1729, 8, 553, 2147, 136, 742, 2657, 2439, 1613, 592, 25, 2713, 561, 1984, 853, 242, 297]
RKP_05000_05000_3_04.txt|48809.24|50492|0.14937071999998808|[936, 479, 779, 61, 454, 156, 1589, 3625, 343, 476, 868, 3856, 4, 843, 404, 3143, 256, 3454, 2428, 109, 177, 27, 585, 1033, 2854, 3841, 51, 14, 71, 3543, 3870, 1, 101, 229, 965, 2441, 3065, 12, 1800, 455, 102, 3872, 169, 198, 241, 94, 547, 1130, 640, 888, 19, 907, 505, 2727, 3391, 2146, 1746, 2704, 93, 1119, 6, 11, 4107, 215, 2688, 183, 274, 31, 599, 1304, 32, 236, 3330, 1109, 83, 981, 1112, 2495, 642, 24, 2312, 2561, 5, 1740, 3, 1464, 36, 4104, 8, 65, 173]
RKP_05000_05000_3_05.txt|47233.4|48984|0.14875684299998285|[81, 97, 406, 537, 44, 2428, 50, 1771, 3138, 72, 139, 259, 969, 331, 13, 368, 2910, 628, 1044, 1640, 372, 1519, 1982, 1758, 2994, 1680, 1951, 5, 75, 958, 70, 15, 115, 1004, 4267, 1960, 1686, 2606, 28, 1313, 1696, 2386, 17, 268, 814, 242, 2, 207, 3566, 616, 95, 309, 839, 42, 1506, 1664, 25, 1655, 317, 3509, 150, 4138, 503, 1073, 1378, 62, 375, 3119, 3733, 1745, 1852, 8, 351, 12, 984, 2222, 271, 465, 508, 18, 729, 2408, 555, 4707, 441, 196, 528, 101]
RKP_05000_05000_3_06.txt|47722.6|49499|0.14929801299999781|[313, 2697, 1191, 3441, 480, 1123, 645, 386, 1678, 1115, 234, 2724, 817, 924, 2300, 22, 2115, 2537, 6, 23, 55, 28, 2334, 845, 3065, 285, 839, 8, 1989, 2100, 239, 617, 4180, 1, 44, 977, 2626, 4129, 242, 909, 78, 1005, 3251, 48, 623, 2169, 4383, 1379, 318, 3946, 97, 2338, 985, 3, 190, 203, 737, 430, 1745, 2540, 219, 3448, 4300, 3359, 671, 2868, 542, 616, 132, 955, 9, 1248, 213, 1087, 2529, 30, 4, 89, 618, 607, 241, 115, 377, 1104, 1215, 2827, 382, 756, 51]
RKP_05000_05000_3_07.txt|45446.63|47421|0.14881578299999546|[217, 796, 304, 2, 1664, 88, 766, 2201, 609, 1728, 684, 817, 718, 2093, 835, 348, 924, 232, 2287, 813, 4, 143, 1721, 2643, 525, 487, 4656, 866, 2747, 2824, 231, 1279, 462, 1213, 3347, 2399, 2511, 490, 897, 220, 1403, 717, 3, 130, 723, 3503, 656, 619, 1405, 192, 46, 4288, 739, 1375, 412, 598, 13, 2551, 1338, 1579, 2379, 82, 1939, 283, 12, 1818, 61, 1964, 2655, 124, 476, 1264, 1102, 2255, 224, 169, 1420, 3987, 2348, 6, 38, 3320, 115, 127, 1494]
RKP_05000_05000_3_08.txt|45183.5|47962|0.1492015830000105|[1969, 1833, 2446, 433, 938, 147, 640, 4469, 18, 1311, 1104, 1105, 2750, 54, 391, 150, 1450, 857, 16, 2528, 22, 241, 4805, 14, 1145, 351, 1042, 876, 762, 1371, 4731, 294, 1, 524, 2250, 28, 1613, 43, 110, 205, 122, 78, 484, 742, 53, 1224, 2636, 2150, 430, 1520, 105, 39, 752, 2393, 828, 60, 254, 3967, 692, 192, 3512, 563, 784, 3072, 3, 4022, 251, 1185, 1405, 4, 2988, 3102, 8, 1266, 2, 338, 491, 702, 3711, 2221, 633, 993, 160, 2413, 4789, 2202]
RKP_05000_05000_3_09.txt|50597.83|51989|0.14901937000000998|[42, 1667, 1282, 609, 851, 932, 1343, 233, 317, 4240, 17, 929, 3338, 4313, 19, 877, 259, 1813, 4338, 629, 789, 2838, 2435, 2484, 660, 387, 1933, 3677, 8, 1549, 111, 406, 96, 532, 4, 123, 2926, 2885, 693, 7, 1146, 354, 3864, 4789, 3453, 2994, 345, 643, 338, 1555, 25, 140, 1746, 2773, 767, 913, 54, 2746, 112, 1563, 3009, 75, 830, 2111, 281, 35, 184, 43, 2525, 2427, 10, 4839, 26, 533, 1162, 3, 1945, 4246, 2748, 1328, 4825, 13, 2090, 1575, 431, 167, 3268, 3684, 671, 2639, 4052, 288, 255, 2166]
RKP_05000_05000_3_10.txt|48638.92|51501|0.14926221899999517|[1284, 1202, 3, 1258, 3454, 59, 313, 2643, 120, 3468, 2923, 1135, 577, 2698, 227, 402, 490, 2536, 1, 1062, 48, 1786, 3222, 607, 2573, 1714, 4381, 1567, 1653, 3531, 3937, 2748, 1099, 60, 1358, 278, 716, 3046, 3759, 1639, 665, 243, 18, 1891, 102, 1444, 4808, 988, 4391, 57, 44, 9, 3301, 13, 1159, 309, 77, 1405, 605, 319, 2978, 190, 4, 181, 394, 355, 848, 405, 1075, 3459, 41, 371, 481, 675, 3824, 137, 457, 952, 2521, 24, 170, 1887, 26, 1224, 119, 49, 535, 576, 1987, 6, 1307, 96, 10]
RKP_05000_05000_4_01.txt|4999.35|5000|0.148369732999995|[4658]
RKP_05000_05000_4_02.txt|4998.91|5000|0.1479596600000059|[4978]
RKP_05000_05000_4_03.txt|4999.67|5000|0.148111361999986|[4714]
RKP_05000_05000_4_04.txt|4998.8|5000|0.14840724000000818|[4597]
RKP_05000_05000_4_05.txt|4999.65|5000|0.15005755200001203|[4783]
RKP_05000_05000_4_06.txt|4998.36|5000|0.1482643170000074|[4625]
RKP_05000_05000_4_07.txt|4997.8|5000|0.14874281299995346|[4778]
RKP_05000_05000_4_08.txt|4999.37|5000|0.14802780000005442|[4648]
RKP_05000_05000_4_09.txt|4999.46|5000|0.14713407799995365|[4770]
RKP_05000_05000_4_10.txt|4998.16|4999|0.1482302909999953|[4786]
RKP_05000_05000_5_01.txt|4830.07|5066|0.14631555999998455|[4, 5, 6, 7, 8, 10, 14, 17, 19, 20, 21, 22, 25, 26, 27, 28, 30, 32, 33, 34, 36, 37, 38, 40, 41, 42]
RKP_05000_05000_5_02.txt|4826.49|5152|0.14841081599999598|[5, 7, 12, 13, 16, 17, 18, 19, 21, 25, 27, 29, 31, 36, 39, 41, 45, 48, 49, 54]
RKP_05000_05000_5_03.txt|4835.12|5078|0.1468013780000183|[3, 4, 5, 7, 10, 11, 12, 17, 18, 21, 22, 26, 28, 29, 30, 31, 33, 38, 40, 42, 43, 44, 45, 48]
RKP_05000_05000_5_04.txt|4787.95|5062|0.14718716400001994|[1, 5, 6, 7, 10, 11, 13, 14, 15, 17, 18, 21, 22, 23, 24, 25, 26, 29, 33, 34, 36]
RKP_05000_05000_5_05.txt|4837.82|5140|0.14697055800002545|[7, 10, 11, 14, 16, 18, 23, 25, 27, 28, 29, 30, 32, 33, 34, 36, 39, 40, 47, 56, 58]
RKP_05000_05000_5_06.txt|4805.78|5070|0.1473827280000114|[2, 4, 6, 8, 9, 10, 11, 12, 14, 15, 16, 20, 21, 22, 26, 29, 34, 35, 36, 37]
RKP_05000_05000_5_07.txt|4871.13|5110|0.1473577579999619|[4, 5, 7, 10, 12, 13, 16, 17, 18, 19, 21, 22, 23, 25, 28, 34, 37, 39, 40, 41, 47, 49, 51]
RKP_05000_05000_5_08.txt|4840.9|5047|0.14708885900003224|[2, 3, 5, 8, 11, 12, 13, 16, 18, 21, 22, 25, 26, 27, 29, 30, 31, 33, 34, 35, 39, 43, 45, 49, 50, 51, 53]
RKP_05000_05000_5_09.txt|4869.86|5112|0.14720152599999436|[7, 8, 10, 12, 13, 14, 15, 16, 17, 18, 20, 21, 22, 24, 25, 26, 28, 31, 33, 34, 38, 40, 41, 42, 43]
RKP_05000_05000_5_10.txt|4791.89|5014|0.14776092100002644|[2, 5, 9, 10, 11, 12, 13, 14, 15, 16, 17, 18, 21, 22, 26, 27, 32, 33, 34, 39]
