RKP_00100_00100_1_01.txt|691.95|771|0.0005358310000000021|[22, 1, 28, 3, 29, 17, 10, 31, 16, 14]
RKP_00100_00100_1_02.txt|766.95|833|0.0005591060000000015|[91, 48, 9, 1, 15, 47, 50, 37, 44, 23, 2, 31]
RKP_00100_00100_1_03.txt|664.68|709|0.0005411729999999959|[1, 10, 2, 14, 63, 5, 6, 70, 12, 15, 4]
RKP_00100_00100_1_04.txt|690.49|728|0.0005334089999999925|[15, 7, 9, 74, 43, 3, 10, 4, 5, 16]
RKP_00100_00100_1_05.txt|682.07|730|0.000527863999999989|[79, 20, 22, 16, 30, 44, 66, 6, 1, 14]
RKP_00100_00100_1_06.txt|887.51|1017|0.000577580999999997|[57, 97, 48, 47, 16, 31, 55, 20, 17, 34, 5, 50, 83, 3]
RKP_00100_00100_1_07.txt|460.02|529|0.0005222489999999969|[60, 39, 46, 51, 9, 5, 13, 71]
RKP_00100_00100_1_08.txt|784.62|836|0.0005659840000000049|[6, 2, 87, 30, 1, 76, 7, 24, 13, 88, 9, 12, 5, 29]
RKP_00100_00100_1_09.txt|588.69|652|0.0005243830000000072|[23, 24, 18, 5, 16, 52, 29, 42, 2, 8]
RKP_00100_00100_1_10.txt|675.72|730|0.0005454030000000065|[27, 11, 13, 4, 1, 2, 33, 24, 20, 15, 5, 12]
RKP_00100_00100_2_01.txt|155.7|173|0.000529934999999988|[6, 20, 1, 2, 43, 22, 13, 57, 68]
RKP_00100_00100_2_02.txt|154.82|170|0.0005257320000000099|[30, 28, 80, 8, 5, 40, 47, 1, 36]
RKP_00100_00100_2_03.txt|156.6|172|0.0005436340000000062|[5, 48, 51, 31, 1, 75, 59, 3, 47, 16]
RKP_00100_00100_2_04.txt|152.91|162|0.0005113530000000144|[11, 18, 50, 2, 9, 28, 26, 41]
RKP_00100_00100_2_05.txt|138.23|156|0.00048299599999999997|[64, 30, 32, 82, 36, 29]
RKP_00100_00100_2_06.txt|119.4|142|0.0004801509999999887|[47, 2, 3, 23, 8]
RKP_00100_00100_2_07.txt|138.59|154|0.0005013989999999824|[7, 22, 28, 15, 3, 13, 4, 21]
RKP_00100_00100_2_08.txt|127.54|147|0.0004792130000000028|[28, 16, 1, 6, 4, 29]
RKP_00100_00100_2_09.txt|125.07|143|0.0004920439999999937|[37, 9, 42, 20, 23, 27, 7]
RKP_00100_00100_2_10.txt|146.04|157|0.0005104330000000124|[65, 2, 40, 1, 85, 64, 14, 28]
RKP_00100_00100_3_01.txt|212.76|225|0.0005419920000000089|[5, 8, 3, 6, 29, 44, 2, 47, 10, 21, 16, 1]
RKP_00100_00100_3_02.txt|209.78|232|0.0005179699999999942|[24, 2, 17, 3, 59, 1, 52, 8, 56, 25, 41, 48, 7]
RKP_00100_00100_3_03.txt|232.86|252|0.0005892409999999893|[75, 14, 46, 6, 49, 12, 45, 4, 64, 2, 23, 66, 1, 19, 81]
RKP_00100_00100_3_04.txt|218.18|231|0.0005326390000000036|[34, 21, 26, 6, 9, 8, 42, 4, 48, 50, 31, 72, 15]
RKP_00100_00100_3_05.txt|212.48|221|0.000520990999999984|[1, 12, 52, 7, 2, 15, 22, 70, 3, 33, 72, 10]
RKP_00100_00100_3_06.txt|242.89|251|0.000564281000000002|[11, 2, 72, 8, 27, 31, 66, 6, 4, 12, 16, 1, 19, 28, 3]
RKP_00100_00100_3_07.txt|200.63|210|0.0005193169999999969|[2, 14, 89, 27, 7, 50, 5, 4, 6, 67, 88]
RKP_00100_00100_3_08.txt|209.06|221|0.0005268950000000117|[1, 9, 12, 7, 18, 3, 33, 62, 58, 6, 70, 2]
RKP_00100_00100_3_09.txt|182.87|200|0.0005081900000000283|[1, 89, 32, 48, 8, 42, 4, 35, 44, 3]
RKP_00100_00100_3_10.txt|230.56|251|0.0005560080000000145|[62, 60, 67, 66, 69, 46, 5, 20, 61, 93, 47, 34, 45, 54, 6]
RKP_00100_00100_4_01.txt|99.77|100|0.00043407099999997367|[97]
RKP_00100_00100_4_02.txt|99.85|100|0.00043513700000001875|[88]
RKP_00100_00100_4_03.txt|99.87|100|0.0004333850000000039|[84]
RKP_00100_00100_4_04.txt|99.93|100|0.0004314790000000057|[95]
RKP_00100_00100_4_05.txt|99.97|100|0.0004265550000000262|[87]
RKP_00100_00100_4_06.txt|97.84|98|0.00043109799999998535|[93]
RKP_00100_00100_4_07.txt|97.92|98|0.000434060000000005|[98]
RKP_00100_00100_4_08.txt|99.72|100|0.0004627950000000025|[97]
RKP_00100_00100_4_09.txt|98.85|99|0.00045106399999998546|[89]
RKP_00100_00100_4_10.txt|97.76|98|0.00045847200000002973|[88]
RKP_00100_00100_5_01.txt|99.88|114|0.0004748359999999874|[2, 4, 5, 6, 7]
RKP_00100_00100_5_02.txt|83.44|106|0.0004780629999999997|[2, 4, 5, 6, 8]
RKP_00100_00100_5_03.txt|100.82|108|0.000467244|[1, 2, 3, 4, 5, 6]
RKP_00100_00100_5_04.txt|96.03|104|0.0004965650000000199|[1, 2, 3, 4, 5, 6]
RKP_00100_00100_5_05.txt|94.42|103|0.0004956260000000068|[1, 2, 3, 4, 5, 7, 9]
RKP_00100_00100_5_06.txt|95.5|99|0.00047696200000001186|[1, 3, 4, 5]
RKP_00100_00100_5_07.txt|82.34|102|0.0004761160000000464|[2, 3, 4, 5, 6, 7, 8]
RKP_00100_00100_5_08.txt|91.68|102|0.0005143769999999925|[1, 2, 4, 6, 7, 8, 9]
RKP_00100_00100_5_09.txt|95.57|115|0.0004769660000000231|[1, 4, 5, 6]
RKP_00100_00100_5_10.txt|88.16|109|0.0005063749999999878|[1, 2, 3, 5, 6, 9, 10, 11]
RKP_00500_00100_1_01.txt|1593.83|1698|0.0022594870000000045|[304, 211, 75, 140, 500, 3, 40, 25, 2, 284, 148, 222, 120, 173, 6, 131, 269, 274, 4, 38, 5, 280, 63, 17, 168]
RKP_00500_00100_1_02.txt|1415.76|1494|0.00218278300000001|[13, 87, 288, 175, 77, 102, 89, 205, 351, 289, 388, 325, 132, 433, 4, 30, 394, 109, 14, 170, 88]
RKP_00500_00100_1_03.txt|1304.22|1366|0.0022403900000000252|[1, 11, 5, 113, 30, 16, 111, 228, 147, 496, 139, 40, 123, 360, 140, 477, 158, 227, 326, 73, 164, 37]
RKP_00500_00100_1_04.txt|1527.83|1630|0.0022163169999999876|[64, 315, 65, 41, 359, 245, 197, 156, 59, 94, 48, 11, 254, 121, 467, 62, 93, 5, 23, 151]
RKP_00500_00100_1_05.txt|1620.09|1710|0.0022107919999999927|[24, 11, 10, 17, 72, 215, 363, 402, 26, 2, 23, 116, 18, 203, 5, 13, 76, 136, 104, 3, 1, 60, 292, 320]
RKP_00500_00100_1_06.txt|1848.62|1973|0.0022290919999999837|[89, 230, 13, 165, 411, 240, 35, 52, 34, 190, 22, 211, 182, 490, 5, 189, 281, 225, 50, 83, 131, 30, 244, 55, 3, 53, 2, 353]
RKP_00500_00100_1_07.txt|1881.83|1972|0.002240537000000051|[97, 22, 31, 461, 40, 492, 2, 47, 126, 80, 257, 322, 469, 206, 21, 7, 410, 192, 165, 89, 49, 16, 359, 147, 133, 183, 4]
RKP_00500_00100_1_08.txt|1573.33|1689|0.0022501250000000004|[29, 4, 146, 10, 258, 156, 332, 185, 1, 378, 106, 165, 3, 16, 2, 450, 225, 150, 149, 122, 167, 357, 63, 35]
RKP_00500_00100_1_09.txt|1584.76|1659|0.0022443339999999702|[19, 307, 221, 39, 77, 108, 148, 180, 16, 153, 163, 496, 151, 54, 344, 229, 324, 210, 48, 173, 56, 68, 214, 11, 150, 1]
RKP_00500_00100_1_10.txt|1495.45|1582|0.002328690000000018|[234, 62, 5, 413, 14, 4, 3, 75, 162, 6, 1, 214, 84, 277, 31, 21, 30, 33, 59, 342, 8, 110, 15, 49]
RKP_00500_00100_2_01.txt|238.18|250|0.002292455999999996|[168, 226, 259, 16, 148, 39, 441, 447, 32, 137, 60, 102, 40, 3, 50, 101, 88, 100, 351, 36, 472]
RKP_00500_00100_2_02.txt|232.66|249|0.0021446019999999955|[156, 131, 112, 65, 6, 336, 72, 97, 167, 314, 13, 142, 4, 59, 441, 186, 299, 21, 100, 7]
RKP_00500_00100_2_03.txt|230.33|247|0.002179185999999964|[155, 107, 436, 135, 164, 71, 100, 154, 2, 31, 382, 142, 64, 3, 104, 18, 24, 60, 318, 13, 37, 151]
RKP_00500_00100_2_04.txt|226.84|243|0.0021781529999999895|[14, 58, 112, 105, 204, 26, 55, 216, 11, 163, 125, 429, 306, 7, 9, 80, 20, 22, 38, 19, 16]
RKP_00500_00100_2_05.txt|230.72|242|0.002145587999999954|[5, 426, 10, 38, 48, 218, 294, 4, 87, 2, 16, 58, 77, 275, 322, 417, 34, 182, 52, 240, 260]
RKP_00500_00100_2_06.txt|214.04|234|0.0022079059999999375|[70, 9, 18, 155, 1, 35, 27, 150, 117, 57, 15, 47, 302, 50, 5, 203, 452, 53]
RKP_00500_00100_2_07.txt|214.13|227|0.0021717529999999386|[75, 292, 452, 53, 114, 5, 1, 83, 3, 17, 123, 129, 6, 4, 9, 162, 260, 278, 67]
RKP_00500_00100_2_08.txt|196.16|211|0.002111683999999965|[87, 45, 96, 15, 1, 3, 6, 7, 50, 123, 42, 23, 495, 46, 136, 384]
RKP_00500_00100_2_09.txt|178.17|191|0.0020944400000000043|[38, 2, 108, 304, 70, 87, 277, 335, 433, 52, 39, 115, 312, 176, 426]
RKP_00500_00100_2_10.txt|199.71|215|0.002126724000000033|[20, 9, 14, 372, 2, 118, 21, 40, 166, 19, 154, 216, 276, 498, 83, 46, 62]
RKP_00500_00100_3_01.txt|328.23|340|0.0021903250000000086|[1, 5, 11, 143, 33, 96, 260, 43, 401, 2, 31, 38, 148, 158, 240, 64, 344, 77, 8, 24, 225, 248, 55, 78]
RKP_00500_00100_3_02.txt|386.67|400|0.002244432999999937|[5, 56, 152, 160, 189, 1, 4, 73, 103, 110, 167, 172, 39, 26, 32, 221, 64, 111, 202, 203, 3, 7, 38, 195, 336, 15, 68, 162, 331, 351]
RKP_00500_00100_3_03.txt|367.55|380|0.0022368489999999496|[9, 71, 93, 113, 148, 444, 454, 1, 351, 11, 22, 258, 264, 142, 193, 198, 266, 292, 14, 40, 45, 126, 191, 5, 118, 123, 2, 43]
RKP_00500_00100_3_04.txt|381.6|390|0.002228813999999968|[2, 68, 104, 168, 312, 345, 209, 278, 280, 282, 350, 1, 142, 163, 31, 72, 103, 119, 328, 20, 27, 125, 217, 453, 4, 9, 11, 50, 159]
RKP_00500_00100_3_05.txt|399.23|410|0.0022611740000000147|[12, 225, 377, 417, 1, 74, 92, 106, 143, 319, 381, 8, 84, 108, 211, 294, 382, 9, 32, 102, 196, 199, 340, 392, 7, 30, 88, 189, 252, 263, 35]
RKP_00500_00100_3_06.txt|342.19|361|0.002209754999999962|[16, 5, 45, 186, 189, 242, 311, 52, 204, 56, 91, 281, 433, 283, 12, 73, 90, 1, 2, 4, 11, 19, 68, 137, 199, 7]
RKP_00500_00100_3_07.txt|343.78|361|0.002226550999999972|[5, 17, 30, 33, 196, 200, 1, 2, 4, 141, 157, 308, 3, 76, 302, 326, 37, 99, 102, 111, 216, 24, 77, 244, 287, 7]
RKP_00500_00100_3_08.txt|415.34|430|0.0023210159999998226|[14, 57, 63, 90, 275, 301, 19, 58, 62, 84, 144, 150, 172, 451, 31, 114, 8, 25, 133, 159, 302, 323, 35, 214, 4, 26, 280, 470, 1, 5, 32, 93, 141]
RKP_00500_00100_3_09.txt|376.88|390|0.0022242560000000997|[4, 154, 169, 148, 171, 294, 347, 434, 12, 58, 231, 2, 115, 221, 1, 3, 24, 54, 108, 63, 269, 315, 83, 122, 173, 208, 14, 59, 104]
RKP_00500_00100_3_10.txt|366.62|380|0.0022276119999999544|[153, 183, 189, 322, 13, 18, 165, 305, 1, 40, 325, 3, 7, 10, 25, 32, 99, 123, 193, 388, 14, 28, 38, 57, 392, 9, 36, 47]
RKP_00500_00100_4_01.txt|100.0|100|0.0019556090000000916|[434]
RKP_00500_00100_4_02.txt|100.0|100|0.002030650999999963|[423]
RKP_00500_00100_4_03.txt|100.0|100|0.002097725999999973|[436]
RKP_00500_00100_4_04.txt|100.0|100|0.002030072999999977|[419]
RKP_00500_00100_4_05.txt|100.0|100|0.0020053719999999055|[421]
RKP_00500_00100_4_06.txt|99.99|100|0.002044440000000005|[431]
RKP_00500_00100_4_07.txt|100.0|100|0.001976537000000018|[495]
RKP_00500_00100_4_08.txt|100.0|100|0.0019949510000000894|[430]
RKP_00500_00100_4_09.txt|100.0|100|0.002038040999999957|[440]
RKP_00500_00100_4_10.txt|100.0|100|0.0020038619999999518|[473]
RKP_00500_00100_5_01.txt|94.42|102|0.0021002740000000664|[1, 3, 4, 5, 6, 7, 8, 9, 11, 12, 13, 15, 16, 17]
RKP_00500_00100_5_02.txt|93.4|106|0.002088575999999929|[1, 2, 3, 4, 5, 6, 8, 9, 10, 11]
RKP_00500_00100_5_03.txt|93.09|101|0.0020331719999999542|[1, 2, 3, 4, 5, 7, 8, 9, 10, 11, 12, 13]
RKP_00500_00100_5_04.txt|95.36|102|0.002057680000000133|[1, 2, 3, 4, 5, 6, 8, 9, 10, 12, 13, 14, 15]
RKP_00500_00100_5_05.txt|92.23|102|0.0020918599999999897|[1, 3, 5, 6, 9, 10, 11, 12, 13, 14, 15, 16, 17]
RKP_00500_00100_5_06.txt|95.91|103|0.002098502|[3, 4, 5, 6, 7, 9, 10, 11, 12, 13, 14, 15]
RKP_00500_00100_5_07.txt|92.33|106|0.002027607000000007|[2, 3, 4, 5, 6, 7, 8, 9, 11, 12, 13]
RKP_00500_00100_5_08.txt|90.97|103|0.002059161000000085|[2, 3, 4, 5, 6, 7, 9, 10, 11, 12, 13]
RKP_00500_00100_5_09.txt|94.81|103|0.0020792990000001767|[3, 5, 6, 7, 8, 9, 10, 11, 12, 13]
RKP_00500_00100_5_10.txt|90.38|101|0.0021811649999999537|[1, 4, 5, 6, 7, 9, 10, 11, 12, 13, 14, 15, 16, 17, 18]
RKP_01000_00100_1_01.txt|2120.1|2199|0.004862257999999961|[51, 91, 151, 97, 47, 50, 260, 64, 123, 465, 314, 13, 432, 42, 67, 27, 39, 10, 604, 646, 8, 560, 40, 531, 222, 376, 116, 606, 2, 48]
RKP_01000_00100_1_02.txt|1985.43|2065|0.004807902000000155|[16, 294, 292, 30, 696, 171, 754, 182, 195, 486, 9, 557, 72, 38, 193, 359, 1, 49, 8, 2, 527, 519, 50, 108, 515, 89, 64, 694, 872, 18, 599]
RKP_01000_00100_1_03.txt|1975.32|2111|0.0048684090000000605|[174, 128, 172, 116, 199, 535, 32, 114, 800, 50, 2, 869, 4, 48, 56, 1, 326, 182, 252, 19, 3, 16, 725, 145, 754, 366, 813, 65, 330, 380]
RKP_01000_00100_1_04.txt|2225.28|2292|0.004953486999999992|[429, 1, 726, 247, 283, 75, 44, 566, 151, 165, 12, 5, 277, 20, 732, 255, 2, 163, 3, 857, 184, 14, 63, 6, 69, 42, 204, 592, 91, 172, 53, 266, 376]
RKP_01000_00100_1_05.txt|2111.84|2183|0.004909519000000042|[121, 915, 673, 123, 207, 1, 75, 635, 49, 89, 696, 37, 776, 39, 222, 16, 12, 553, 188, 582, 26, 74, 865, 151, 299, 29, 82, 198, 1000, 340, 307]
RKP_01000_00100_1_06.txt|2350.52|2435|0.004962264999999882|[168, 790, 58, 33, 1, 99, 38, 383, 78, 242, 250, 993, 442, 645, 6, 120, 349, 52, 632, 44, 176, 4, 177, 8, 283, 265, 57, 255, 244, 37, 117, 233, 236, 210, 546]
RKP_01000_00100_1_07.txt|2417.28|2488|0.004945280999999895|[128, 37, 382, 86, 226, 3, 7, 556, 127, 204, 874, 130, 49, 778, 129, 190, 90, 476, 342, 19, 170, 88, 372, 436, 484, 80, 627, 641, 1, 2, 18, 146, 96]
RKP_01000_00100_1_08.txt|2137.43|2222|0.004828211000000131|[223, 422, 4, 68, 1, 145, 149, 80, 6, 716, 356, 22, 303, 242, 922, 274, 366, 26, 118, 15, 10, 5, 421, 29, 390, 294, 278, 780, 16, 111, 183, 202, 2]
RKP_01000_00100_1_09.txt|2053.91|2144|0.004795315000000109|[36, 103, 196, 782, 168, 14, 213, 31, 290, 17, 513, 48, 691, 1, 898, 32, 262, 579, 489, 2, 108, 925, 942, 170, 427, 133, 39, 27, 15, 248]
RKP_01000_00100_1_10.txt|2411.41|2482|0.004891240000000323|[19, 618, 785, 1, 253, 111, 8, 331, 534, 669, 55, 104, 491, 968, 466, 159, 37, 43, 480, 748, 813, 931, 805, 50, 221, 188, 286, 158, 399, 663, 295, 4, 11, 30, 198, 754, 439, 368]
RKP_01000_00100_2_01.txt|253.78|267|0.004827718999999924|[264, 209, 12, 374, 7, 13, 3, 16, 111, 253, 366, 73, 380, 690, 24, 185, 186, 21, 375, 252, 33, 41, 76, 614]
RKP_01000_00100_2_02.txt|255.86|270|0.004675932000000244|[84, 385, 202, 375, 782, 311, 63, 73, 179, 410, 547, 357, 583, 183, 213, 69, 8, 397, 77, 954, 625, 3, 23, 376, 901]
RKP_01000_00100_2_03.txt|299.82|312|0.0048109460000000225|[5, 123, 84, 58, 417, 97, 124, 141, 171, 330, 81, 394, 87, 335, 897, 33, 64, 13, 746, 420, 928, 282, 55, 404, 256, 347, 854, 186, 187]
RKP_01000_00100_2_04.txt|257.03|274|0.004724420000000329|[35, 37, 94, 21, 60, 123, 428, 443, 184, 58, 504, 147, 130, 8, 49, 782, 74, 24, 207, 244, 158]
RKP_01000_00100_2_05.txt|251.33|262|0.0047933330000001105|[380, 222, 7, 420, 742, 84, 428, 236, 299, 26, 73, 409, 30, 501, 162, 2, 512, 5, 11, 12, 214, 255, 351, 462, 823, 172, 846]
RKP_01000_00100_2_06.txt|301.81|313|0.004793219000000199|[122, 805, 6, 138, 647, 858, 590, 33, 1, 16, 602, 259, 24, 255, 52, 152, 154, 187, 9, 57, 8, 48, 383, 399, 827, 185, 233, 290, 115]
RKP_01000_00100_2_07.txt|256.54|270|0.004706090000000138|[284, 173, 796, 81, 208, 457, 7, 396, 950, 3, 378, 2, 61, 444, 520, 821, 433, 20, 1, 337, 480, 682, 305, 731]
RKP_01000_00100_2_08.txt|291.98|301|0.00475637399999993|[39, 1, 10, 121, 661, 3, 7, 129, 609, 862, 9, 26, 11, 406, 250, 41, 49, 573, 175, 131, 228, 21, 278, 549, 223, 16, 54, 133]
RKP_01000_00100_2_09.txt|259.96|271|0.004776915000000202|[436, 127, 382, 417, 18, 348, 191, 235, 904, 205, 656, 651, 573, 982, 31, 30, 225, 6, 9, 118, 1, 25, 176, 470]
RKP_01000_00100_2_10.txt|277.63|288|0.0047789889999999245|[548, 252, 191, 341, 521, 1, 56, 5, 15, 164, 4, 122, 309, 710, 564, 282, 579, 30, 89, 273, 314, 409, 700, 71, 78, 184, 522, 755, 196]
RKP_01000_00100_3_01.txt|505.35|520|0.0049786219999997175|[32, 65, 119, 133, 249, 337, 537, 659, 857, 1, 11, 15, 55, 186, 340, 348, 456, 464, 704, 740, 795, 51, 763, 2, 94, 134, 157, 208, 322, 326, 441, 567, 605, 962, 21, 22, 69, 77, 83, 179, 240, 294]
RKP_01000_00100_3_02.txt|473.41|490|0.0048920629999998156|[9, 25, 120, 137, 138, 3, 37, 69, 79, 94, 126, 176, 300, 318, 533, 644, 295, 654, 1, 2, 16, 24, 31, 53, 56, 70, 110, 121, 216, 386, 586, 600, 7, 286, 377, 381, 567, 978, 4]
RKP_01000_00100_3_03.txt|495.67|510|0.004998084999999968|[1, 17, 54, 93, 325, 378, 431, 692, 836, 3, 84, 143, 170, 175, 204, 222, 270, 392, 530, 580, 652, 994, 31, 46, 62, 74, 99, 321, 443, 738, 822, 22, 44, 89, 142, 180, 181, 256, 382, 625, 720]
RKP_01000_00100_3_04.txt|481.43|490|0.005126264000000091|[1, 9, 42, 142, 149, 274, 277, 305, 449, 645, 740, 786, 4, 5, 16, 44, 65, 235, 558, 639, 389, 10, 29, 31, 41, 83, 161, 293, 15, 119, 433, 492, 657, 24, 35, 53, 58, 62, 154]
RKP_01000_00100_3_05.txt|424.75|440|0.004907538000000002|[57, 460, 630, 661, 2, 5, 23, 24, 29, 31, 46, 108, 144, 163, 172, 10, 100, 141, 151, 480, 1, 37, 85, 107, 128, 192, 204, 308, 315, 876, 910, 21, 50, 76]
RKP_01000_00100_3_06.txt|438.67|450|0.0049333969999999635|[5, 36, 112, 204, 242, 1, 6, 7, 16, 22, 37, 224, 347, 471, 886, 970, 249, 15, 28, 63, 71, 129, 207, 278, 543, 25, 153, 239, 13, 18, 64, 66, 158, 330, 3]
RKP_01000_00100_3_07.txt|507.17|520|0.004868225000000059|[16, 23, 31, 53, 129, 169, 190, 231, 591, 695, 822, 888, 1, 4, 5, 27, 38, 354, 433, 605, 750, 867, 12, 112, 3, 56, 62, 131, 282, 337, 402, 407, 483, 8, 34, 124, 204, 583, 942, 2, 6, 17]
RKP_01000_00100_3_08.txt|428.05|440|0.004872825000000063|[35, 340, 1, 2, 71, 89, 97, 129, 131, 266, 179, 7, 11, 53, 130, 145, 252, 257, 292, 524, 591, 636, 703, 9, 33, 118, 152, 154, 233, 342, 472, 655, 883, 13]
RKP_01000_00100_3_09.txt|434.15|450|0.004980374999999917|[23, 141, 480, 647, 17, 211, 216, 318, 385, 403, 578, 758, 871, 1, 6, 9, 16, 26, 48, 77, 185, 202, 257, 2, 3, 4, 36, 47, 127, 199, 446, 471, 825, 885, 930]
RKP_01000_00100_3_10.txt|469.98|480|0.0050581900000000605|[10, 26, 122, 156, 245, 524, 677, 764, 3, 16, 18, 22, 35, 46, 72, 169, 227, 334, 467, 632, 37, 56, 104, 187, 319, 439, 964, 61, 103, 247, 264, 314, 566, 687, 799, 2, 4, 5]
RKP_01000_00100_4_01.txt|100.0|100|0.004617573999999962|[866]
RKP_01000_00100_4_02.txt|100.0|100|0.004693646000000129|[858]
RKP_01000_00100_4_03.txt|100.0|100|0.00448801999999997|[860]
RKP_01000_00100_4_04.txt|100.0|100|0.004464879000000259|[828]
RKP_01000_00100_4_05.txt|100.0|100|0.004457056000000037|[851]
RKP_01000_00100_4_06.txt|100.0|100|0.004475566000000022|[878]
RKP_01000_00100_4_07.txt|100.0|100|0.0045115750000001495|[887]
RKP_01000_00100_4_08.txt|100.0|100|0.004424706999999763|[847]
RKP_01000_00100_4_09.txt|100.0|100|0.004437019999999734|[889]
RKP_01000_00100_4_10.txt|100.0|100|0.004449404000000001|[843]
RKP_01000_00100_5_01.txt|96.49|104|0.004515897999999936|[2, 3, 4, 5, 6, 7, 8, 10, 11, 12, 13, 14, 15, 16]
RKP_01000_00100_5_02.txt|94.07|102|0.00461443800000005|[1, 2, 3, 4, 5, 7, 8, 9, 10, 11, 12, 13, 14, 15]
RKP_01000_00100_5_03.txt|96.5|105|0.004529583000000273|[1, 3, 4, 5, 6, 7, 10, 11, 12, 13, 15, 16, 17, 18]
RKP_01000_00100_5_04.txt|95.17|103|0.004731081000000046|[3, 4, 5, 6, 7, 8, 9, 10, 11, 12, 13, 14, 15, 16, 17, 18]
RKP_01000_00100_5_05.txt|97.07|103|0.004583354999999969|[2, 4, 5, 8, 9, 11, 13, 14, 15, 16, 17, 18]
RKP_01000_00100_5_06.txt|96.23|103|0.004604602|[1, 3, 4, 5, 6, 7, 8, 10, 11, 12, 14, 15, 16, 17]
RKP_01000_00100_5_07.txt|99.47|102|0.004714247000000214|[1, 2, 4, 5, 6, 7, 8, 9, 10, 11, 12, 14, 15, 16, 17, 18, 19, 20, 22]
RKP_01000_00100_5_08.txt|94.62|106|0.004629313000000223|[2, 3, 4, 5, 6, 7, 9, 10, 11, 12, 13, 14, 17, 18]
RKP_01000_00100_5_09.txt|91.09|102|0.0046371959999994775|[1, 4, 5, 6, 7, 8, 9, 10, 11, 12, 13, 14, 15]
RKP_01000_00100_5_10.txt|94.91|101|0.004692504999999941|[1, 2, 3, 4, 5, 6, 7, 8, 9, 10, 11, 12, 13, 14]
RKP_05000_00100_1_01.txt|4690.51|4793|0.050246066999999645|[302, 1275, 1839, 1373, 465, 3, 2556, 4, 5, 9, 1, 553, 2091, 8, 20, 3645, 1406, 642, 2106, 1268, 540, 116, 589, 51, 3411, 904, 49, 1485, 150, 1700, 1482, 68, 2398, 1366, 3733, 4536, 59, 852, 89, 213, 1277, 155, 1181, 1207, 24, 115, 2548, 99, 2478, 2692, 1723, 847, 801, 1568, 2505, 1213, 2003, 22, 7, 363, 4545, 13, 16, 1021, 518]
RKP_05000_00100_1_02.txt|4539.1|4652|0.049892732000000065|[2939, 60, 171, 277, 1821, 275, 892, 4066, 73, 350, 4311, 4651, 174, 2, 4439, 1210, 2337, 104, 42, 716, 1201, 501, 16, 3013, 1, 347, 338, 601, 135, 374, 18, 235, 304, 151, 2809, 3107, 3648, 51, 1720, 1929, 463, 130, 301, 31, 3739, 2669, 99, 28, 75, 420, 448, 437, 4339, 3158, 44, 794, 1557, 1432, 4071, 57, 357]
RKP_05000_00100_1_03.txt|4524.65|4634|0.04962209300000019|[6, 2646, 22, 591, 929, 1355, 1, 1069, 207, 3382, 4798, 81, 52, 4053, 136, 193, 1588, 10, 2992, 3261, 27, 3127, 3471, 26, 1880, 1417, 3686, 3801, 1634, 4436, 3036, 114, 1171, 612, 203, 3005, 7, 2382, 5, 326, 1550, 961, 304, 156, 2797, 793, 2939, 1020, 219, 1066, 2442, 350, 1237, 656, 1044, 1363, 1154, 401, 1035, 1283, 4396]
RKP_05000_00100_1_04.txt|4304.59|4412|0.050195357999999995|[795, 2, 41, 2565, 38, 1048, 147, 2594, 4320, 1931, 69, 378, 713, 2528, 1521, 5, 3064, 135, 4470, 2030, 444, 4280, 3644, 3336, 3198, 16, 868, 1633, 1367, 579, 3338, 131, 233, 2859, 78, 3225, 3474, 3503, 1764, 205, 2255, 416, 2304, 3703, 1527, 3605, 1675, 455, 20, 651, 557, 7, 792, 4914, 1210, 3053, 979, 26, 3006, 936, 2940, 3085, 3484, 4248, 23, 337]
RKP_05000_00100_1_05.txt|4239.53|4347|0.049325391000000135|[64, 644, 427, 542, 2, 8, 1759, 2850, 3856, 20, 16, 4, 1309, 174, 306, 1432, 33, 53, 2447, 2549, 101, 2995, 288, 60, 4969, 119, 96, 92, 4179, 44, 507, 527, 356, 1088, 23, 270, 2347, 38, 230, 3160, 541, 4588, 977, 1249, 4630, 158, 14, 2922, 428, 608, 4251, 907, 660, 2886, 317, 1433, 2537, 3454, 4002, 30]
RKP_05000_00100_1_06.txt|4392.86|4491|0.048910169000000184|[2608, 41, 208, 1799, 747, 569, 25, 73, 457, 3167, 152, 3825, 9, 807, 133, 645, 62, 1279, 896, 860, 3, 122, 329, 1512, 8, 1319, 435, 21, 701, 14, 17, 1606, 11, 2, 71, 920, 1259, 111, 866, 45, 108, 2510, 7, 44, 1542, 652, 2842, 219, 1031, 18, 3571, 131, 912, 115, 377, 4655, 3239, 139, 6, 1186]
RKP_05000_00100_1_07.txt|4794.42|4907|0.048485288000000536|[30, 3473, 219, 97, 880, 180, 244, 55, 1149, 3419, 118, 1437, 582, 188, 876, 204, 2883, 1762, 124, 4, 11, 931, 32, 1222, 54, 1758, 79, 90, 451, 2591, 991, 1401, 453, 13, 3111, 3370, 3, 2367, 1199, 3162, 155, 362, 3566, 104, 1, 646, 457, 2085, 1477, 1299, 1827, 930, 2207, 3167, 2438, 1187, 2037, 3484, 4252, 4639, 494, 192, 2041, 35, 811, 551]
RKP_05000_00100_1_08.txt|4405.87|4506|0.05022898799999965|[2845, 6, 186, 441, 906, 3876, 264, 266, 816, 2248, 2054, 865, 300, 502, 82, 1, 276, 288, 1717, 3259, 4344, 275, 4811, 148, 154, 179, 687, 985, 1267, 739, 48, 3226, 120, 52, 3137, 4473, 2780, 215, 1781, 183, 3911, 1318, 1358, 4638, 745, 1632, 4998, 25, 538, 2535, 341, 777, 54, 137, 29, 779, 72, 2399, 260, 345, 1029, 2994, 234]
RKP_05000_00100_1_09.txt|4097.42|4201|0.04991874399999986|[325, 786, 2596, 270, 816, 4135, 3051, 30, 178, 3, 4424, 1184, 1441, 1363, 3759, 3697, 4341, 10, 121, 2, 70, 3572, 74, 423, 1856, 463, 6, 42, 853, 230, 2349, 2807, 447, 307, 729, 383, 1260, 4156, 588, 83, 987, 1309, 1769, 796, 747, 3556, 1427, 90, 190, 533, 1387, 329, 43, 1736, 1869, 4062, 445, 635]
RKP_05000_00100_1_10.txt|4526.81|4608|0.05021644299999935|[1804, 48, 1395, 3373, 2061, 230, 952, 3176, 25, 3086, 83, 564, 429, 176, 189, 321, 2958, 143, 482, 1091, 111, 1350, 3065, 1422, 352, 4572, 780, 1342, 2, 2616, 4369, 8, 60, 1, 4883, 26, 153, 795, 3734, 662, 13, 654, 445, 21, 180, 363, 1221, 437, 956, 2120, 385, 484, 4185, 20, 1517, 304, 90, 134, 714, 805, 930, 629]
RKP_05000_00100_2_01.txt|435.23|446|0.0496708389999992|[540, 110, 144, 2729, 1741, 2218, 551, 1057, 2019, 3518, 3020, 77, 648, 868, 1292, 2000, 2210, 1078, 68, 148, 220, 736, 44, 626, 848, 1187, 1238, 2735, 4039, 1835, 2120, 2295, 2913, 2948, 3573, 40, 4620, 4675, 5, 142, 246, 315, 1715]
RKP_05000_00100_2_02.txt|486.39|497|0.050420915999999066|[407, 152, 677, 1014, 455, 532, 656, 1793, 3238, 29, 4063, 4978, 4, 73, 1493, 2707, 10, 35, 1178, 1770, 3, 14, 298, 3178, 3654, 778, 578, 871, 763, 1800, 2437, 8, 15, 22, 40, 103, 1194, 1838, 2992, 3004, 2439, 4384, 101, 2263, 2501, 2984, 536, 275, 1570, 33, 61, 155]
RKP_05000_00100_2_03.txt|463.48|481|0.049623092000000354|[3625, 1463, 1867, 4547, 5, 242, 710, 1234, 4989, 17, 39, 4, 388, 826, 2844, 4806, 442, 840, 895, 1925, 2550, 3332, 3969, 842, 2606, 6, 3890, 4206, 769, 314, 1332, 3166, 9, 185, 202, 524, 711, 1469, 2973, 4028, 1, 22, 82, 543, 113, 592, 1749, 1122, 11, 12, 500]
RKP_05000_00100_2_04.txt|453.97|467|0.0485318100000002|[506, 950, 1, 2126, 4139, 12, 168, 3153, 387, 531, 45, 283, 1864, 5, 483, 491, 687, 917, 99, 355, 1415, 1565, 1633, 752, 1551, 35, 1107, 1671, 31, 54, 67, 87, 156, 225, 325, 1566, 2299, 3108, 3585, 3838, 72, 109, 637, 2042, 2052, 2100, 13]
RKP_05000_00100_2_05.txt|481.18|496|0.05031756200000103|[3758, 522, 1741, 274, 355, 1029, 2365, 2703, 3238, 3555, 991, 2083, 5, 22, 52, 942, 1224, 1654, 2332, 2545, 3226, 366, 752, 879, 3406, 2785, 3383, 984, 1823, 3374, 69, 693, 797, 29, 99, 370, 1076, 1903, 2614, 426, 612, 3241, 167, 829, 2206, 2208, 2261, 2815, 3573, 51]
RKP_05000_00100_2_06.txt|455.72|467|0.04967211200000008|[326, 1109, 1288, 2453, 23, 466, 135, 816, 1581, 2118, 2148, 3347, 62, 136, 324, 758, 6, 356, 2040, 2408, 437, 1208, 129, 369, 2044, 4478, 3682, 1688, 3081, 1, 639, 853, 1433, 4405, 2422, 3, 182, 926, 1025, 1917, 1383, 2075, 8, 33, 602, 2039, 2974, 327]
RKP_05000_00100_2_07.txt|473.97|489|0.04944030799999993|[396, 79, 2641, 516, 3, 71, 333, 2751, 43, 58, 180, 235, 938, 1389, 2246, 2419, 141, 260, 595, 1949, 2323, 15, 105, 373, 4183, 183, 261, 689, 2108, 3866, 1, 177, 194, 1063, 3229, 3555, 55, 244, 2164, 2332, 4327, 103, 649, 4507, 2, 49, 216, 429, 744, 7, 11, 28]
RKP_05000_00100_2_08.txt|448.03|462|0.04867613600000084|[98, 342, 25, 199, 1204, 14, 99, 152, 953, 2584, 2915, 11, 24, 1638, 2149, 2068, 3421, 2, 41, 636, 1387, 1617, 48, 792, 23, 621, 4332, 4658, 1, 79, 524, 560, 671, 735, 1415, 4543, 15, 291, 367, 869, 1492, 7, 94, 464, 672, 967, 3246, 3696, 9, 1273, 2312]
RKP_05000_00100_2_09.txt|483.17|496|0.04950427199999993|[6, 355, 5, 151, 1149, 1331, 2692, 2520, 4778, 86, 433, 1873, 2352, 2953, 3113, 293, 294, 88, 112, 392, 846, 1338, 2179, 2318, 4070, 110, 142, 75, 2196, 2365, 218, 755, 362, 1203, 1335, 1397, 1818, 61, 238, 955, 315, 1008, 1679, 2213, 15, 4171, 244, 678, 796, 13, 20, 45, 66, 558]
RKP_05000_00100_2_10.txt|452.64|469|0.04970648500000095|[120, 275, 2435, 3300, 477, 250, 502, 918, 1932, 2345, 2755, 2802, 3321, 113, 2283, 2318, 2768, 4994, 19, 74, 136, 326, 2133, 291, 315, 2022, 184, 210, 253, 1459, 78, 163, 373, 978, 1313, 1547, 3005, 3077, 4424, 660, 4012, 72, 302, 3123, 66, 935]
RKP_05000_00100_3_01.txt|781.13|800|0.04906643299999899|[1, 8, 10, 11, 26, 48, 83, 97, 135, 145, 224, 231, 279, 288, 312, 334, 349, 361, 465, 471, 588, 610, 661, 692, 900, 1006, 1096, 1192, 1272, 1725, 1751, 2039, 2321, 2608, 3252, 3272, 3292, 3674, 3675, 4195, 2, 4, 5, 7, 18, 22, 28, 44, 55, 58, 67, 69, 77, 80, 104, 109, 118, 188, 242, 276, 297, 322, 345, 377, 383, 395, 410, 413, 504, 506]
RKP_05000_00100_3_02.txt|870.57|900|0.049520229000000596|[1, 22, 36, 38, 55, 93, 94, 98, 132, 135, 145, 148, 167, 203, 219, 254, 272, 301, 312, 313, 351, 356, 373, 392, 415, 434, 472, 496, 512, 542, 776, 856, 973, 989, 1047, 1092, 1119, 1136, 1267, 1271, 1335, 1664, 1834, 1876, 2362, 2409, 2674, 2689, 2722, 2772, 2848, 3287, 3318, 3344, 3615, 3645, 4055, 4114, 4494, 4912, 3, 11, 17, 19, 74, 89, 166, 168, 175, 242, 280, 304, 355, 365, 426, 427, 452, 453, 554, 796]
RKP_05000_00100_3_03.txt|854.39|880|0.04977712100000048|[1, 6, 15, 18, 20, 21, 27, 52, 76, 86, 96, 129, 140, 156, 159, 191, 205, 258, 283, 341, 387, 403, 520, 820, 914, 945, 977, 1058, 1109, 1226, 1256, 1304, 1305, 1409, 1459, 1487, 1558, 1571, 1712, 1847, 1888, 1941, 2676, 2793, 2858, 2962, 2984, 2989, 3115, 4254, 4440, 4520, 4528, 4547, 4563, 4874, 3, 14, 24, 42, 155, 165, 192, 351, 380, 397, 446, 459, 546, 647, 656, 690, 698, 714, 721, 780, 901, 909]
RKP_05000_00100_3_04.txt|836.39|860|0.049062099000002204|[1, 9, 11, 16, 48, 56, 59, 100, 298, 318, 320, 325, 335, 365, 375, 446, 578, 688, 708, 759, 769, 770, 808, 898, 984, 1024, 1182, 1193, 1227, 1264, 1283, 1338, 1348, 1433, 1570, 1739, 1757, 1788, 1905, 2156, 2274, 2340, 2386, 2600, 2634, 2810, 3111, 3384, 3639, 3851, 4679, 4996, 3, 14, 15, 24, 28, 47, 51, 66, 68, 72, 98, 99, 103, 118, 122, 130, 133, 136, 205, 232, 266, 282, 309, 315]
RKP_05000_00100_3_05.txt|735.95|750|0.05012010499999917|[32, 79, 122, 238, 292, 295, 362, 480, 485, 513, 573, 638, 669, 905, 909, 936, 950, 973, 1668, 2040, 2337, 2456, 2596, 2714, 2928, 3114, 3135, 4073, 4398, 4423, 1, 25, 47, 60, 76, 81, 109, 113, 206, 220, 230, 235, 345, 435, 448, 486, 542, 563, 588, 590, 656, 769, 891, 994, 1259, 1491, 1526, 1529, 1760, 1764, 1810, 1858, 2471, 2671, 2837]
RKP_05000_00100_3_06.txt|843.17|860|0.0499236769999979|[1, 10, 15, 24, 25, 26, 27, 32, 35, 58, 68, 79, 103, 113, 119, 121, 179, 203, 244, 248, 270, 352, 452, 492, 551, 564, 638, 755, 796, 838, 1046, 1130, 1148, 1376, 1451, 1477, 1657, 1698, 1735, 1860, 2159, 2205, 2457, 2528, 2710, 2738, 2878, 2889, 2978, 3082, 3112, 4282, 3, 4, 6, 12, 29, 45, 80, 86, 104, 108, 157, 181, 207, 221, 278, 290, 413, 434, 440, 588, 700, 765, 775, 787]
RKP_05000_00100_3_07.txt|851.79|870|0.050393645999999424|[1, 10, 14, 16, 18, 20, 30, 77, 89, 93, 98, 99, 114, 119, 169, 189, 206, 213, 222, 281, 304, 356, 362, 372, 495, 500, 507, 523, 699, 729, 750, 812, 817, 876, 883, 890, 980, 1030, 1095, 1453, 1577, 1615, 1833, 1892, 1960, 2113, 2510, 2632, 2667, 2701, 3232, 3416, 3653, 4835, 9, 26, 29, 32, 68, 85, 96, 130, 166, 167, 185, 211, 355, 485, 526, 549, 566, 570, 583, 607, 719, 799, 859]
RKP_05000_00100_3_08.txt|865.44|889|0.049612550000000796|[1, 6, 13, 17, 28, 47, 92, 97, 100, 101, 129, 161, 169, 215, 227, 238, 328, 343, 346, 382, 428, 491, 557, 563, 572, 645, 700, 925, 969, 1076, 1208, 1238, 1240, 1244, 1355, 1414, 1478, 1502, 1517, 1589, 1802, 1973, 2091, 2154, 2276, 2430, 2572, 2702, 3001, 3330, 3335, 3410, 3716, 3821, 4062, 4178, 4225, 4604, 4735, 2, 4, 21, 24, 35, 44, 59, 60, 89, 115, 124, 191, 216, 273, 296, 309, 426, 484, 502, 515]
RKP_05000_00100_3_09.txt|843.97|870|0.04981397300000026|[1, 4, 24, 40, 55, 63, 94, 111, 137, 205, 217, 262, 271, 288, 355, 409, 466, 585, 600, 636, 662, 696, 789, 827, 839, 981, 986, 1067, 1161, 1532, 1558, 1683, 1913, 2033, 2048, 2227, 2372, 2453, 2595, 2609, 2846, 2862, 2897, 2925, 3120, 3500, 3562, 3603, 3987, 4348, 4681, 4813, 4902, 4948, 3, 10, 18, 25, 29, 49, 57, 78, 101, 110, 116, 119, 154, 229, 274, 277, 307, 350, 373, 419, 424, 447, 501]
RKP_05000_00100_3_10.txt|830.16|850|0.05003770900000063|[3, 19, 21, 22, 27, 30, 47, 52, 63, 119, 173, 216, 236, 252, 283, 383, 438, 627, 659, 666, 787, 860, 881, 1046, 1075, 1166, 1419, 1426, 1430, 1463, 1547, 1938, 1946, 2107, 2181, 2195, 2235, 2244, 2312, 2477, 2929, 2988, 2990, 3361, 3869, 3877, 3997, 4448, 4628, 4783, 1, 2, 4, 5, 10, 11, 39, 50, 57, 79, 109, 110, 113, 138, 141, 142, 166, 211, 227, 333, 336, 337, 526, 540, 559]
RKP_05000_00100_4_01.txt|100.0|100|0.04792147799999924|[4203]
RKP_05000_00100_4_02.txt|100.0|100|0.04876596800000101|[4283]
RKP_05000_00100_4_03.txt|100.0|100|0.04869380999999777|[4228]
RKP_05000_00100_4_04.txt|100.0|100|0.04801867599999838|[4218]
RKP_05000_00100_4_05.txt|100.0|100|0.04804161100000073|[4218]
RKP_05000_00100_4_06.txt|100.0|100|0.0475215500000013|[4203]
RKP_05000_00100_4_07.txt|100.0|100|0.04769359600000257|[4210]
RKP_05000_00100_4_08.txt|100.0|100|0.048423343999999986|[4203]
RKP_05000_00100_4_09.txt|100.0|100|0.04875950900000078|[4237]
RKP_05000_00100_4_10.txt|100.0|100|0.04899339900000086|[4213]
RKP_05000_00100_5_01.txt|96.58|100|0.048337473999999644|[1, 3, 4, 5, 6, 7, 8, 9, 10, 11, 13, 14, 15, 17, 18, 19, 20, 22, 23, 24, 25, 26, 27, 28]
RKP_05000_00100_5_02.txt|98.24|103|0.049004605999998035|[2, 3, 4, 6, 7, 8, 9, 11, 13, 15, 16, 17, 18, 19, 21, 22, 23, 24]
RKP_05000_00100_5_03.txt|98.09|101|0.04806147599999917|[1, 2, 4, 5, 6, 7, 8, 10, 11, 12, 13, 14, 15, 16, 17, 18, 19, 20, 21, 22, 23, 24, 25, 26, 27, 28]
RKP_05000_00100_5_04.txt|97.88|101|0.04802543899999904|[1, 2, 3, 4, 5, 6, 8, 10, 11, 12, 13, 14, 15, 16, 17, 18, 19, 20, 21, 22]
RKP_05000_00100_5_05.txt|96.88|101|0.04830272700000052|[2, 4, 5, 6, 7, 8, 9, 10, 11, 12, 13, 14, 15, 16, 17, 19, 20, 21, 22, 23, 24]
RKP_05000_00100_5_06.txt|98.63|102|0.048966965999997|[1, 2, 3, 5, 6, 7, 8, 9, 12, 13, 14, 15, 16, 17, 18, 19, 20, 21, 23, 24, 25, 26, 27, 28, 29]
RKP_05000_00100_5_07.txt|95.89|101|0.0491936899999996|[1, 2, 3, 5, 6, 7, 8, 9, 10, 11, 12, 14, 16, 17, 18, 19, 20, 21, 22, 23, 24, 26, 27, 28, 29, 30]
RKP_05000_00100_5_08.txt|96.39|101|0.048202392999997415|[1, 4, 5, 6, 7, 9, 11, 12, 13, 14, 15, 16, 17, 18, 19, 20, 21, 22, 23, 24, 26, 27, 28, 29, 30, 32, 33]
RKP_05000_00100_5_09.txt|97.03|100|0.04811464199999762|[1, 3, 4, 5, 6, 7, 8, 9, 10, 11, 12, 13, 14, 15, 16, 17, 18, 20, 21, 22, 23, 25, 27, 28]
RKP_05000_00100_5_10.txt|98.48|102|0.04991750399999944|[2, 3, 4, 5, 6, 7, 8, 9, 10, 11, 12, 13, 14, 15, 16, 18, 19, 20, 21, 22, 23, 24]
RKP_05000_01000_1_01.txt|57152.26|58521|0.051251803000004655|[53, 3485, 164, 1742, 2254, 700, 1232, 328, 732, 18, 226, 4971, 3791, 151, 23, 15, 17, 751, 1034, 1858, 1724, 1756, 778, 1591, 2077, 1841, 1, 13, 379, 866, 1431, 4223, 4479, 78, 1214, 661, 2777, 2, 1919, 1979, 3534, 3799, 491, 2629, 96, 86, 8, 10, 3256, 2266, 368, 16, 399, 2567, 684, 3187, 1233, 1928, 2874, 1145, 33, 22, 991, 5, 2481, 271, 1196, 969, 252, 800, 30, 921, 118, 212, 82, 511, 1387, 334, 4129, 3144, 1775, 3282, 35, 551, 1810, 2814, 726]
RKP_05000_01000_1_02.txt|60160.59|61611|0.05036447300000077|[406, 2800, 89, 918, 304, 1590, 222, 36, 675, 4489, 7, 728, 3565, 2379, 588, 1337, 622, 3, 1055, 1261, 2745, 1414, 78, 988, 22, 41, 506, 3875, 2594, 10, 282, 235, 1403, 1455, 2011, 1205, 425, 1999, 3349, 2769, 17, 109, 772, 155, 837, 39, 1329, 337, 965, 368, 3628, 236, 4961, 917, 1604, 1277, 2973, 694, 3668, 790, 539, 2727, 96, 207, 3585, 84, 464, 928, 2120, 1343, 1683, 2229, 2198, 3095, 2041, 1860, 2750, 471, 2832, 293, 2825, 165, 2093, 646, 130]
RKP_05000_01000_1_03.txt|55415.78|56633|0.05137014699999781|[1614, 882, 24, 1534, 3194, 3276, 22, 1039, 1854, 1150, 2688, 135, 852, 1415, 272, 940, 933, 1475, 176, 339, 1027, 67, 533, 2016, 1364, 1, 2471, 344, 3392, 1339, 174, 649, 3920, 479, 76, 3682, 248, 165, 3232, 72, 1822, 1605, 1483, 2201, 3835, 2080, 2125, 114, 60, 2848, 1478, 2314, 749, 62, 1719, 3, 1219, 129, 1815, 515, 1006, 1146, 988, 2161, 4640, 4193, 810, 192, 1979, 94, 875, 2110, 13, 2682, 4283, 441, 4191, 2468, 33, 1262, 4216]
RKP_05000_01000_1_04.txt|56965.58|58193|0.052074676000002|[223, 238, 135, 952, 61, 4775, 1275, 716, 35, 16, 594, 498, 794, 4624, 1450, 9, 4277, 2060, 49, 4397, 114, 64, 1107, 181, 318, 2470, 1142, 191, 52, 3055, 687, 546, 3023, 351, 2320, 482, 724, 3051, 1546, 533, 5, 2023, 4232, 33, 1174, 1916, 413, 50, 2999, 189, 1311, 25, 133, 465, 1416, 2, 248, 1021, 24, 7, 1689, 2047, 270, 2649, 395, 8, 132, 10, 2580, 4329, 886, 6, 71, 1597, 1, 522, 3926, 1074, 3271, 2550, 670, 792, 210, 105, 2922, 421]
RKP_05000_01000_1_05.txt|56307.91|57468|0.050838893999999184|[1649, 91, 385, 2069, 2, 14, 254, 65, 352, 259, 1316, 97, 1606, 93, 430, 1411, 1588, 132, 985, 168, 2547, 4053, 1227, 2271, 1093, 94, 1607, 4118, 3468, 279, 339, 46, 4385, 119, 1418, 667, 4, 1155, 1162, 3067, 267, 816, 1320, 157, 651, 9, 1023, 1474, 711, 8, 580, 2834, 1321, 1883, 1049, 4096, 16, 73, 943, 593, 130, 120, 48, 2819, 2004, 330, 19, 2263, 85, 1893, 4204, 2397, 5, 2256, 584, 25, 592, 231, 467, 67, 903, 2360, 72, 27, 208, 1012, 2350, 69, 1150]
RKP_05000_01000_1_06.txt|55139.41|56531|0.05057284100000117|[736, 51, 8, 691, 1879, 48, 336, 2050, 52, 498, 80, 2517, 1689, 269, 159, 1097, 697, 2857, 1916, 1511, 3109, 1242, 943, 297, 2865, 1910, 288, 188, 3076, 107, 2195, 998, 3846, 2, 2967, 3, 217, 10, 503, 399, 1368, 1530, 9, 6, 150, 90, 343, 2925, 616, 1002, 1192, 42, 13, 2483, 612, 292, 157, 646, 894, 1062, 429, 656, 2633, 1040, 721, 1662, 601, 688, 163, 4793, 1, 4196, 2012, 1494, 37, 2025, 2442, 192, 224, 2168, 4, 337, 2861, 1145, 1720, 2048, 684, 60, 1305, 883]
RKP_05000_01000_1_07.txt|51236.3|52370|0.05042868399999634|[753, 4009, 15, 226, 2, 568, 1741, 161, 1359, 130, 2669, 213, 77, 1865, 204, 1697, 1, 65, 91, 2593, 84, 957, 1449, 522, 577, 1175, 421, 188, 2087, 523, 23, 21, 628, 1764, 2001, 3455, 46, 795, 198, 386, 2245, 616, 651, 4242, 8, 569, 1607, 848, 731, 4471, 985, 1047, 1489, 640, 2984, 993, 2145, 1378, 241, 453, 608, 1178, 1346, 393, 4078, 27, 119, 1645, 38, 1052, 363, 1659, 666, 44, 488, 1433]
RKP_05000_01000_1_08.txt|53308.44|55036|0.050264111000003026|[4497, 427, 140, 24, 89, 2585, 651, 2356, 20, 1275, 1088, 81, 190, 1487, 2110, 10, 2528, 1391, 952, 527, 109, 235, 670, 3925, 575, 2841, 488, 15, 1138, 7, 257, 3318, 115, 26, 2723, 1574, 2382, 738, 3, 151, 3937, 4666, 849, 12, 66, 118, 890, 419, 40, 39, 2070, 411, 75, 892, 29, 32, 531, 52, 548, 2099, 207, 430, 3788, 79, 389, 3288, 1344, 3437, 279, 43, 217, 117, 785, 529, 4070, 3323, 3908, 244]
RKP_05000_01000_1_09.txt|56132.5|57554|0.05195645700000284|[4115, 1714, 684, 2381, 157, 3964, 1, 1362, 128, 104, 2, 51, 3179, 1366, 427, 1434, 1788, 364, 6, 996, 18, 163, 2364, 4, 1242, 3744, 883, 191, 3245, 39, 390, 1481, 1679, 17, 47, 499, 1854, 563, 1761, 3, 562, 2121, 190, 2328, 998, 27, 1579, 29, 302, 714, 342, 473, 1414, 844, 2399, 7, 2012, 3556, 3900, 1401, 73, 3156, 1699, 94, 106, 25, 1509, 1337, 359, 3644, 1495, 2034, 3448, 153, 49, 32, 2239, 1911, 2246, 320, 377, 2844, 8, 91]
RKP_05000_01000_1_10.txt|60639.49|62010|0.05108841699999687|[129, 888, 528, 2671, 245, 1680, 47, 104, 500, 785, 1479, 486, 2, 11, 1914, 1, 461, 2184, 740, 2867, 2216, 844, 1044, 261, 1430, 180, 1361, 1253, 103, 2753, 359, 1076, 1095, 3836, 49, 100, 1313, 2309, 9, 286, 4815, 1284, 807, 2544, 1554, 38, 2698, 839, 3137, 43, 33, 212, 2541, 1686, 3309, 187, 2560, 1436, 472, 1476, 2608, 198, 634, 1553, 4698, 384, 28, 1731, 4036, 1413, 604, 193, 2153, 1350, 582, 4, 1934, 161, 813, 2768, 220, 1817, 1423, 3687, 1641, 255, 495, 904, 17, 80, 152]
RKP_05000_01000_2_01.txt|4383.24|4512|0.049508478000000196|[176, 1844, 4166, 103, 2000, 339, 1473, 3060, 947, 951, 761, 413, 3919, 2, 1173, 88, 2400, 1730, 2057, 1100, 1641, 541, 265, 2351, 1898, 1487, 3764, 309, 2281, 1046, 32, 81, 604, 395, 4493, 724, 997, 153, 147, 3395, 687, 115, 4598, 12, 2569, 38, 483, 352, 23, 1154, 2168, 2581, 2671]
RKP_05000_01000_2_02.txt|4629.24|4781|0.05152616400000284|[1045, 2, 279, 88, 1577, 317, 365, 491, 2308, 1856, 1294, 1693, 964, 44, 1068, 4977, 862, 1189, 2682, 3, 462, 1, 2581, 545, 62, 121, 3024, 126, 1739, 1812, 311, 471, 667, 76, 2983, 653, 78, 1049, 94, 946, 214, 1196, 2259, 1964, 1000, 379, 2419, 3342, 338, 139, 2933, 2213, 820, 3711, 1159, 1503]
RKP_05000_01000_2_03.txt|4722.81|4925|0.05044348299999967|[217, 305, 465, 3416, 51, 726, 1002, 86, 3351, 308, 4964, 3938, 655, 3540, 69, 2930, 286, 235, 862, 3180, 2340, 2182, 1958, 507, 4457, 3343, 131, 518, 104, 1354, 2548, 3087, 118, 1550, 177, 341, 2601, 1732, 858, 3822, 375, 1132, 2164, 2610, 106, 1483, 63, 414, 185, 477, 589, 350, 171, 88, 1676]
RKP_05000_01000_2_04.txt|5145.1|5273|0.04949881800000071|[17, 1740, 63, 2518, 585, 3, 2408, 4454, 2928, 1672, 2245, 183, 768, 153, 82, 758, 371, 400, 2989, 545, 1906, 3530, 2237, 3498, 1086, 54, 2249, 3872, 302, 509, 1, 1989, 4236, 22, 567, 7, 1136, 916, 1319, 247, 557, 662, 1210, 19, 1539, 1799, 348, 51, 163, 1209, 59, 84, 3183, 547, 667, 57, 1100, 2242, 4424, 23, 1412]
RKP_05000_01000_2_05.txt|4672.64|4788|0.05078566000000137|[734, 420, 204, 8, 1064, 201, 33, 1132, 273, 1158, 1680, 876, 4215, 3321, 34, 360, 526, 5, 4, 70, 4485, 2513, 3, 2943, 1762, 427, 1925, 1269, 260, 2008, 344, 16, 390, 2548, 187, 453, 80, 23, 9, 1052, 30, 775, 1424, 737, 957, 2686, 324, 1335, 1672, 156, 306, 43, 4333, 807, 1576, 1622]
RKP_05000_01000_2_06.txt|4882.83|5019|0.050758206000001|[473, 464, 1933, 61, 1, 344, 1477, 900, 105, 683, 138, 672, 2638, 2476, 4951, 27, 2, 1569, 30, 1991, 1948, 793, 36, 1619, 1134, 386, 282, 403, 154, 925, 152, 59, 707, 1898, 2446, 3111, 2282, 739, 2287, 159, 1064, 714, 862, 1852, 242, 328, 4131, 2690, 2484, 109, 336, 10, 4545, 481, 670, 184, 1369, 5, 252, 114, 1317]
RKP_05000_01000_2_07.txt|5036.1|5145|0.04944533700000136|[4279, 2608, 1, 1902, 207, 2282, 4495, 909, 1643, 2206, 759, 1625, 3129, 771, 157, 1437, 1811, 3275, 12, 4453, 1552, 368, 751, 2233, 1123, 772, 1265, 516, 238, 3147, 199, 212, 3882, 2461, 294, 2843, 2241, 5, 1935, 1945, 2341, 387, 44, 257, 3196, 1425, 3085, 11, 105, 1139, 1702, 1976, 228, 1461, 997, 3507, 2864, 33, 1231, 3031]
RKP_05000_01000_2_08.txt|4978.34|5121|0.04951807999999858|[1499, 298, 312, 972, 59, 1184, 264, 78, 44, 3148, 236, 2399, 580, 108, 385, 3385, 6, 30, 213, 1067, 371, 658, 4, 846, 1783, 677, 3191, 2808, 747, 634, 242, 2941, 1314, 200, 660, 1114, 2133, 1156, 1924, 3857, 201, 14, 1664, 174, 114, 1802, 473, 955, 362, 397, 901, 4386, 278, 17, 1016, 2683, 823]
RKP_05000_01000_2_09.txt|4710.89|4845|0.04968116200000225|[1556, 897, 3478, 408, 10, 4, 379, 128, 1583, 1967, 2140, 3, 2789, 677, 15, 1786, 25, 22, 270, 175, 821, 13, 2637, 3297, 63, 2317, 997, 1992, 536, 419, 36, 1132, 118, 2887, 310, 1259, 784, 1627, 2, 4691, 935, 3113, 3974, 1428, 579, 3583, 130, 377, 2094, 2005, 4669, 247, 1587, 77, 44]
RKP_05000_01000_2_10.txt|4541.61|4697|0.049167704000001894|[4267, 4015, 9, 137, 2998, 420, 1494, 18, 191, 1502, 99, 227, 2318, 149, 2034, 1926, 1619, 922, 19, 294, 749, 4050, 2559, 1491, 1049, 1523, 3674, 1011, 1303, 4809, 555, 3584, 1858, 95, 1745, 82, 206, 74, 351, 941, 29, 3887, 305, 3163, 25, 880, 1175, 1686, 3712, 1176, 15, 337, 36, 4084, 55]
RKP_05000_01000_3_01.txt|9788.95|9998|0.05179875200000083|[1, 46, 47, 1958, 2461, 3246, 21, 562, 2851, 1698, 108, 237, 455, 1081, 2241, 2416, 2783, 40, 72, 97, 112, 372, 550, 1615, 114, 728, 996, 77, 917, 2748, 176, 207, 284, 1198, 1779, 3421, 2250, 1038, 1894, 2056, 2178, 2874, 119, 150, 276, 688, 384, 749, 1600, 9, 60, 87, 398, 3683, 132, 193, 757, 1382, 2429, 12, 23, 1190, 53, 381, 604, 623, 4452, 560, 1047, 1140, 1365, 45, 241, 632, 951, 1087, 15, 16, 37, 539, 1139, 4101, 274, 305, 387, 1369, 3591, 2, 400, 553]
RKP_05000_01000_3_02.txt|10553.49|10700|0.05239208799999744|[129, 230, 1041, 1087, 1499, 2113, 2425, 28, 2067, 39, 90, 379, 425, 542, 2330, 446, 878, 1486, 2704, 3041, 13, 1046, 849, 3308, 2, 33, 1885, 2978, 3750, 209, 1161, 1436, 2215, 562, 2853, 1, 25, 40, 107, 169, 214, 1908, 3546, 436, 883, 892, 1020, 2667, 4134, 305, 445, 609, 730, 2772, 1117, 2989, 4507, 801, 2136, 4, 41, 66, 718, 1022, 1174, 3393, 2080, 2998, 4719, 235, 2953, 3171, 71, 931, 1334, 3832, 263, 345, 1193, 38, 68, 130, 295, 646, 759, 448, 116, 304, 953, 1484, 2808, 4419, 303, 1083, 55, 111, 624]
RKP_05000_01000_3_03.txt|10958.03|11100|0.05077843600000051|[5, 36, 286, 881, 1498, 3273, 4215, 158, 399, 621, 975, 3166, 4813, 2, 215, 568, 652, 4041, 246, 609, 2319, 3, 4, 199, 1663, 11, 22, 129, 239, 439, 710, 856, 1597, 4529, 989, 1164, 2386, 3910, 4695, 360, 709, 2439, 465, 896, 4671, 1, 38, 156, 163, 330, 339, 763, 794, 1022, 1041, 1523, 1559, 2202, 2957, 952, 3928, 115, 214, 1465, 4084, 4338, 200, 221, 1082, 1533, 2087, 6, 190, 2034, 1733, 3722, 308, 480, 1157, 1222, 97, 669, 907, 2298, 3477, 153, 377, 770, 879, 1169, 1767, 1926, 2529, 2901, 3239, 3697, 4149, 4329, 127, 452, 592]
RKP_05000_01000_3_04.txt|10930.09|11099|0.05139995799999895|[132, 198, 206, 448, 548, 680, 1872, 2150, 2372, 2868, 6, 111, 619, 1080, 4, 261, 610, 989, 9, 70, 4880, 1, 495, 709, 1049, 1064, 1276, 1396, 2516, 657, 321, 337, 360, 574, 27, 45, 277, 3197, 3448, 63, 18, 306, 3523, 29, 58, 864, 3330, 5, 7, 142, 2541, 4042, 769, 1226, 4440, 225, 747, 1907, 2865, 15, 962, 1322, 2568, 82, 205, 263, 977, 1589, 1768, 2593, 3612, 3, 17, 94, 258, 1996, 2857, 13, 648, 2575, 2747, 39, 472, 568, 730, 1309, 1912, 3274, 89, 400, 827, 2871, 25, 784, 1165, 1493, 1557, 1801, 1852, 2115, 2601]
RKP_05000_01000_3_05.txt|10257.23|10401|0.05140747900000235|[26, 1, 344, 985, 1759, 1859, 2460, 16, 34, 1516, 1588, 1619, 1909, 3635, 162, 1060, 219, 2123, 3439, 3584, 7, 143, 11, 501, 638, 1305, 1500, 3106, 19, 1552, 4338, 48, 1069, 3440, 3558, 29, 285, 513, 620, 37, 184, 2920, 3469, 56, 555, 768, 32, 49, 348, 2970, 3055, 169, 658, 708, 748, 998, 1263, 3167, 8, 112, 1033, 1090, 2615, 212, 296, 335, 358, 122, 183, 814, 2298, 2, 486, 777, 1259, 1770, 3068, 3370, 3, 2723, 4, 6, 25, 283, 386, 491, 692, 1292, 2447, 2610, 3258, 4405, 2634, 2744]
RKP_05000_01000_3_06.txt|10567.3|10791|0.05114042199999517|[4, 12, 488, 813, 4258, 46, 288, 760, 801, 4322, 4808, 227, 85, 213, 931, 2251, 3214, 7, 45, 55, 734, 1551, 1917, 2026, 1, 41, 1119, 2741, 76, 603, 368, 623, 1359, 206, 276, 889, 1978, 3324, 3533, 4315, 3, 286, 287, 469, 573, 1610, 3433, 665, 946, 2799, 4000, 1522, 1466, 1640, 4911, 86, 124, 184, 418, 1030, 1296, 3264, 82, 102, 249, 404, 431, 859, 702, 3390, 16, 135, 193, 219, 265, 2623, 94, 141, 490, 767, 4582, 2, 686, 1035, 1212, 1697, 4424, 39, 71, 839, 1281, 3851, 1991, 2138, 2756, 106, 126, 84]
RKP_05000_01000_3_07.txt|10466.73|10698|0.05121430500000486|[13, 94, 291, 293, 762, 827, 1003, 1783, 60, 413, 593, 1470, 1792, 427, 884, 896, 1998, 36, 849, 84, 891, 73, 76, 100, 216, 3628, 1789, 2448, 3146, 2, 125, 295, 398, 417, 1123, 2357, 2900, 3085, 3731, 4131, 214, 360, 487, 883, 1055, 2587, 3854, 477, 18, 75, 218, 527, 4233, 3, 11, 220, 370, 608, 714, 1044, 2104, 2966, 3438, 5, 658, 1262, 1544, 3609, 2716, 113, 393, 3135, 3716, 1, 251, 640, 1179, 221, 422, 1564, 8, 31, 4659, 462, 539, 1066, 1090, 1173, 2043, 2360, 3402, 4456, 20, 33, 319, 1407, 2111]
RKP_05000_01000_3_08.txt|10602.34|10796|0.05005415799999753|[1588, 3808, 4022, 134, 217, 394, 1976, 14, 80, 525, 1036, 3087, 3571, 28, 250, 953, 1135, 1733, 4, 77, 260, 270, 1970, 2364, 2402, 3237, 331, 883, 1009, 2088, 2484, 154, 301, 901, 2858, 489, 556, 686, 1159, 1395, 4192, 36, 279, 474, 654, 1513, 1967, 3396, 152, 2977, 944, 1077, 4463, 6, 30, 1273, 1636, 725, 1117, 1134, 2019, 7, 22, 162, 911, 2025, 3346, 118, 126, 675, 1050, 1770, 3017, 3284, 3445, 4767, 4779, 20, 1014, 1810, 3557, 4487, 4700, 1, 2, 122, 226, 295, 656, 707, 1364, 35, 73, 82, 213, 660, 895, 3]
RKP_05000_01000_3_09.txt|9880.08|10000|0.05045945399999823|[760, 2511, 2621, 556, 664, 671, 655, 2051, 73, 152, 242, 384, 661, 1471, 2486, 3256, 4292, 51, 2497, 3538, 1189, 852, 1313, 3443, 106, 310, 376, 2024, 2401, 7, 9, 87, 3392, 3572, 492, 751, 1148, 3868, 4136, 786, 237, 252, 1978, 462, 1684, 2055, 2941, 14, 26, 77, 83, 99, 159, 453, 494, 995, 2, 207, 886, 2287, 3618, 8, 797, 1040, 2577, 13, 86, 290, 1003, 4, 61, 111, 354, 931, 426, 921, 281, 1104, 2706, 193, 222, 830, 42, 57, 81, 412, 673, 1420, 2657, 3020]
RKP_05000_01000_3_10.txt|10501.8|10600|0.05159528099999989|[16, 196, 1125, 2322, 2894, 270, 393, 876, 1329, 3150, 3435, 3589, 4466, 33, 219, 2764, 369, 1, 3, 25, 1785, 2813, 2940, 3240, 145, 413, 811, 1019, 1184, 3234, 50, 2, 2189, 14, 2915, 434, 1530, 3251, 62, 69, 1854, 3127, 4052, 6, 287, 907, 2224, 2749, 52, 235, 1093, 1498, 4227, 112, 223, 789, 808, 1621, 1635, 4747, 4788, 1803, 692, 344, 2139, 1097, 2877, 10, 3119, 305, 446, 944, 1279, 2611, 191, 781, 1343, 2458, 3064, 218, 312, 400, 417, 479, 502, 627, 3879, 5, 66, 272, 275, 353, 360, 3788, 37, 389]
RKP_05000_01000_4_01.txt|999.99|1000|0.049792211000001314|[4615]
RKP_05000_01000_4_02.txt|999.99|1000|0.048966369999995436|[4655]
RKP_05000_01000_4_03.txt|1000.0|1000|0.049296654000002604|[4567]
RKP_05000_01000_4_04.txt|1000.0|1000|0.04867359299999748|[4559]
RKP_05000_01000_4_05.txt|1000.0|1000|0.048479513000000335|[4575]
RKP_05000_01000_4_06.txt|1000.0|1000|0.0486182239999971|[4578]
RKP_05000_01000_4_07.txt|1000.0|1000|0.049907784000001815|[4589]
RKP_05000_01000_4_08.txt|1000.0|1000|0.04963054300000181|[4472]
RKP_05000_01000_4_09.txt|1000.0|1000|0.04962141699999904|[4528]
RKP_05000_01000_4_10.txt|1000.0|1000|0.04957115099999783|[4469]
RKP_05000_01000_5_01.txt|966.82|1009|0.04975438500000223|[1, 2, 3, 4, 5, 6, 7, 8, 9, 10, 11, 12, 13, 14, 15, 16, 17, 18, 19, 20, 22, 23, 24, 25, 26, 27, 28]
RKP_05000_01000_5_02.txt|975.22|1008|0.05064287700000307|[1, 2, 3, 5, 6, 7, 8, 9, 10, 11, 12, 13, 14, 15, 17, 19, 20, 21, 22, 23, 24, 25, 26, 28, 29, 30, 31, 33, 34, 36]
RKP_05000_01000_5_03.txt|970.04|1008|0.04962406099999441|[1, 3, 4, 5, 6, 7, 8, 9, 10, 11, 12, 13, 14, 15, 16, 17, 18, 19, 20, 21, 22, 23, 24, 25, 26, 27, 28, 29, 30, 31]
RKP_05000_01000_5_04.txt|969.04|1010|0.04985416799999712|[1, 3, 4, 5, 6, 7, 8, 9, 10, 11, 12, 13, 15, 16, 18, 19, 20, 21, 22, 23, 25, 26, 27, 28, 29, 30]
RKP_05000_01000_5_05.txt|977.03|1005|0.04970324700000162|[1, 3, 4, 5, 6, 7, 8, 9, 10, 11, 12, 13, 14, 15, 16, 18, 19, 20, 21, 22, 23, 24, 25, 26, 27, 29, 30, 31, 32, 33]
RKP_05000_01000_5_06.txt|966.24|1002|0.04872290599999815|[1, 4, 5, 6, 7, 8, 9, 10, 11, 13, 14, 15, 16, 17, 20, 21, 22, 23, 25, 26, 28, 29, 30, 31, 32, 33, 34, 36]
RKP_05000_01000_5_07.txt|972.97|1004|0.05054120999999668|[1, 2, 3, 4, 5, 7, 9, 10, 12, 14, 15, 16, 17, 18, 19, 20, 21, 22, 23, 24, 25, 26, 27, 28, 31, 32, 33, 34, 35]
RKP_05000_01000_5_08.txt|973.45|1011|0.04957413800000495|[1, 2, 3, 4, 5, 6, 7, 8, 9, 10, 11, 12, 13, 14, 16, 17, 19, 20, 21, 22, 24, 25, 26, 27, 28, 30, 31, 32]
RKP_05000_01000_5_09.txt|979.75|1017|0.04982037899999568|[1, 2, 3, 4, 5, 6, 7, 8, 9, 10, 11, 12, 13, 14, 15, 16, 17, 18, 19, 20, 21, 22, 23, 24, 25, 27, 28, 29, 30, 31, 32]
RKP_05000_01000_5_10.txt|975.54|1009|0.0496042540000019|[1, 3, 4, 5, 6, 7, 9, 10, 11, 12, 13, 14, 15, 16, 17, 18, 19, 20, 21, 22, 23, 24, 25, 27]
RKP_05000_05000_1_01.txt|266143.78|272205|0.04999121499999433|[1201, 226, 1260, 254, 1200, 74, 134, 239, 2685, 263, 2997, 1595, 255, 1416, 688, 75, 1247, 1939, 36, 2945, 3721, 149, 168, 826, 1437, 496, 2321, 2687, 3, 279, 2, 100, 498, 1543, 78, 174, 1674, 940, 4810, 358, 747, 290, 1305, 21, 477, 127, 1231, 8, 522, 2896, 4, 41, 206, 3266, 3813, 94, 40, 4308, 234, 562, 4777, 1083, 1246, 33, 604, 96, 248, 798, 274, 449, 4077, 3113, 1270, 809, 47, 1685, 1034, 521, 50, 1286, 25]
RKP_05000_05000_1_02.txt|319448.6|326518|0.05163733199999569|[2706, 787, 3921, 24, 269, 297, 474, 2174, 3940, 45, 537, 1115, 903, 361, 21, 2667, 8, 10, 1855, 238, 805, 1044, 117, 712, 113, 1374, 1, 334, 4197, 396, 1107, 3754, 3059, 240, 3842, 4402, 444, 1152, 310, 1041, 378, 785, 2177, 2322, 2501, 104, 1459, 4, 55, 2, 470, 4832, 4712, 4382, 1870, 1069, 1075, 2306, 668, 1556, 20, 3588, 3696, 3886, 213, 231, 1979, 258, 1722, 1309, 57, 4013, 669, 1203, 341, 2039, 141, 126, 4074, 1786, 9, 18, 1266, 59, 1089, 814, 38, 349, 2089]
RKP_05000_05000_1_03.txt|288078.22|294011|0.050952018000000404|[3247, 78, 557, 426, 233, 1, 4414, 2859, 3493, 2760, 582, 249, 115, 1265, 1477, 1261, 1115, 25, 1414, 3443, 318, 482, 1441, 811, 2630, 18, 393, 46, 110, 586, 1098, 1775, 231, 39, 80, 1099, 4284, 2264, 1594, 451, 86, 7, 3512, 2438, 3490, 1309, 3414, 206, 62, 8, 1235, 339, 3593, 1236, 429, 246, 1083, 2426, 297, 481, 2124, 779, 5, 2615, 1108, 3417, 22, 1290, 353, 4374, 651, 504, 488, 645, 1374, 133, 908, 399, 1212, 692, 1227]
RKP_05000_05000_1_04.txt|304252.91|311546|0.05123084899999526|[3802, 3850, 4668, 90, 332, 34, 557, 5, 1072, 376, 291, 9, 2003, 1, 2581, 3, 148, 2372, 1677, 484, 145, 2328, 1417, 4260, 368, 25, 1418, 408, 2061, 1859, 1389, 3813, 2584, 787, 222, 189, 3305, 390, 2991, 422, 559, 85, 75, 3547, 1938, 2051, 240, 831, 1753, 675, 3260, 76, 4172, 814, 48, 135, 38, 2813, 318, 169, 4715, 3568, 2013, 4384, 173, 1675, 226, 809, 12, 710, 105, 1875, 326, 4286, 778, 299, 2553, 3431, 3059, 1758, 333, 3410, 2017, 387, 81, 202, 68, 24, 2312, 96, 197, 3652]
RKP_05000_05000_1_05.txt|306534.63|312136|0.051644079000002424|[130, 3722, 2352, 378, 2467, 301, 694, 227, 2579, 403, 2657, 1, 4208, 1929, 2, 2309, 62, 22, 210, 46, 1668, 582, 214, 559, 1460, 1483, 950, 127, 38, 3175, 143, 3024, 2804, 153, 32, 2411, 4354, 4846, 2045, 1432, 1088, 1993, 2118, 2025, 992, 1098, 923, 3, 33, 2138, 1281, 12, 463, 348, 55, 1887, 459, 1492, 2703, 7, 3873, 1692, 245, 2910, 2427, 838, 3186, 518, 4789, 1003, 261, 146, 1372, 1642, 677, 20, 4108, 1662, 1521, 2223, 1221, 4301, 1690, 148, 23, 167, 3813, 663, 139, 8, 31, 156]
RKP_05000_05000_1_06.txt|282443.39|289693|0.051171886999999285|[651, 1730, 1154, 2701, 1227, 2729, 1981, 693, 1065, 23, 925, 621, 4540, 87, 2, 3361, 2210, 40, 120, 2309, 1927, 4561, 4692, 2204, 363, 3978, 581, 407, 2048, 813, 850, 715, 18, 2509, 378, 707, 613, 956, 243, 113, 1280, 649, 71, 825, 2132, 608, 66, 2240, 338, 4076, 514, 43, 2386, 1308, 568, 3613, 85, 2646, 8, 82, 7, 1305, 445, 3938, 274, 333, 1054, 1671, 523, 3104, 1374, 2228, 275, 76, 1041, 64, 830, 538, 1855, 236, 20, 347, 754, 299, 1428, 427, 2949, 1578, 106, 2592, 122]
RKP_05000_05000_1_07.txt|257811.55|262457|0.05091686300000219|[1, 2688, 730, 2854, 3, 1616, 457, 536, 15, 3045, 829, 248, 1267, 380, 44, 864, 83, 2, 1228, 1263, 4664, 29, 303, 739, 785, 4149, 8, 381, 30, 182, 1820, 575, 2725, 529, 190, 2529, 478, 1897, 1315, 1406, 4260, 153, 287, 1520, 1894, 7, 175, 215, 3888, 187, 2273, 230, 121, 4751, 667, 233, 745, 1019, 1375, 109, 16, 1804, 3965, 1246, 916, 690, 1525, 79, 768, 294, 346, 2162, 413, 1849, 463, 137, 3875, 119, 4, 2846, 332]
RKP_05000_05000_1_08.txt|266013.66|271437|0.05064717500000256|[95, 674, 253, 124, 156, 596, 38, 523, 91, 3998, 1421, 2525, 2536, 342, 3, 451, 1941, 371, 2047, 1167, 97, 2428, 836, 1549, 2600, 122, 1179, 560, 4195, 3744, 171, 30, 764, 3599, 1546, 3666, 280, 2312, 1439, 984, 16, 2, 3833, 1562, 1247, 471, 232, 275, 402, 192, 138, 303, 1737, 1678, 367, 140, 3792, 4934, 478, 262, 706, 115, 878, 4527, 51, 2042, 2285, 4393, 2813, 949, 2643, 2805, 4186, 137, 41, 453, 2681, 528, 314, 5, 902, 7, 4596]
RKP_05000_05000_1_09.txt|285018.4|289933|0.050663326000003506|[170, 66, 4248, 339, 542, 1458, 448, 325, 4486, 565, 871, 1314, 1635, 682, 4615, 1006, 2636, 537, 3197, 4489, 234, 2593, 1350, 1416, 1, 299, 1227, 113, 1592, 196, 701, 77, 139, 3, 42, 1245, 438, 2450, 632, 1254, 460, 6, 820, 1917, 921, 221, 55, 2016, 160, 2143, 1788, 126, 492, 114, 1808, 2, 382, 1979, 2497, 312, 52, 17, 12, 563, 1114, 156, 355, 726, 2557, 380, 544, 99, 76, 1480, 1596, 376, 1466, 385, 179, 404, 151, 282, 1064, 1504, 1126, 1594, 243, 1355]
RKP_05000_05000_1_10.txt|252797.18|258265|0.04930086499999902|[3078, 414, 1609, 153, 7, 756, 659, 2050, 803, 2580, 4380, 1652, 3261, 959, 2151, 286, 2629, 472, 185, 144, 3067, 467, 2281, 1504, 2608, 38, 1766, 1402, 909, 380, 2641, 981, 60, 92, 89, 278, 746, 813, 428, 2786, 2, 2306, 2607, 18, 24, 1479, 2870, 2498, 1209, 3450, 4532, 1986, 867, 1930, 1725, 2504, 2942, 10, 3198, 3471, 863, 14, 322, 3696, 1015, 724, 454, 862, 3229, 131]
RKP_05000_05000_2_01.txt|24008.93|24685|0.050407317999998896|[2236, 293, 515, 411, 1045, 866, 1665, 748, 18, 475, 235, 4844, 1367, 2937, 1059, 1308, 1505, 2251, 986, 4544, 20, 2687, 279, 1885, 3883, 250, 1784, 1635, 21, 690, 3403, 1937, 1482, 579, 70, 335, 1, 3667, 32, 49, 2113, 2458, 8, 1435, 1497, 93, 19, 3722, 3808, 1292, 319, 106, 52, 157]
RKP_05000_05000_2_02.txt|21337.34|22276|0.04958958000000734|[3100, 1649, 15, 530, 4007, 2244, 710, 563, 1069, 582, 3641, 220, 56, 3796, 2429, 1172, 1058, 208, 5, 2162, 707, 161, 14, 4564, 677, 79, 2060, 1287, 294, 836, 96, 2814, 762, 2069, 105, 28, 3355, 131, 3984, 2142, 696, 722, 1714, 203, 3813, 3515, 191, 2272, 2839, 106]
RKP_05000_05000_2_03.txt|21082.67|21804|0.05004157300000202|[3630, 983, 1269, 4565, 3839, 1429, 1, 1422, 477, 3090, 44, 177, 502, 1432, 3428, 375, 394, 2272, 4, 4235, 1207, 583, 441, 2224, 94, 1481, 306, 50, 38, 783, 1289, 3368, 21, 4939, 72, 1212, 812, 41, 659, 544, 2790, 64, 49, 216, 13, 338, 411, 465, 45, 582, 2868, 1998, 729, 2512, 966]
RKP_05000_05000_2_04.txt|27611.31|28349|0.051041167000011003|[455, 122, 307, 37, 23, 21, 2, 832, 3257, 2382, 4, 1124, 1586, 71, 2773, 47, 1606, 126, 637, 1223, 1335, 1508, 78, 2632, 554, 2308, 238, 147, 187, 893, 1329, 115, 655, 322, 3, 625, 346, 1412, 583, 131, 165, 372, 49, 2705, 82, 2093, 491, 3288, 3212, 406, 3593, 60, 19, 3704, 154, 262, 77, 264, 862, 1748, 1519, 1, 314, 20, 2343, 2319, 43, 1068, 1187, 769]
RKP_05000_05000_2_05.txt|23747.15|24389|0.05070080700000631|[1022, 113, 1813, 1011, 932, 513, 1103, 1588, 163, 501, 1153, 128, 4330, 103, 1232, 481, 858, 4182, 34, 5, 317, 13, 220, 606, 4410, 70, 1768, 874, 1242, 595, 1394, 3623, 2678, 1175, 4, 2694, 962, 4902, 3798, 2569, 662, 167, 4092, 1503, 9, 1034, 145, 2493, 350, 1489, 976, 551, 856, 734, 8, 2057, 66, 370]
RKP_05000_05000_2_06.txt|20872.66|21671|0.05004225600000154|[303, 731, 3580, 832, 1073, 1070, 30, 629, 872, 136, 912, 3064, 3764, 437, 449, 2245, 574, 866, 637, 2357, 1756, 74, 985, 373, 726, 411, 1342, 3105, 689, 1814, 3371, 1542, 281, 2039, 3248, 8, 526, 17, 326, 523, 356, 1807, 748, 106, 16]
RKP_05000_05000_2_07.txt|23976.39|24599|0.05068548700000292|[1734, 129, 1137, 1460, 725, 4066, 30, 624, 411, 36, 926, 1438, 1819, 989, 932, 1326, 3995, 1730, 1115, 3935, 3396, 152, 2045, 273, 1581, 199, 3005, 4239, 452, 421, 7, 631, 3180, 3704, 26, 461, 903, 4779, 528, 72, 1988, 957, 3060, 2664, 2838, 16, 1435, 383, 2037, 409, 872, 713, 232, 169, 3189, 212, 1153, 667]
RKP_05000_05000_2_08.txt|24890.52|25496|0.05032229999999686|[116, 3617, 449, 659, 3119, 760, 2, 286, 155, 1834, 2024, 1692, 179, 17, 1520, 899, 2598, 1262, 603, 746, 274, 953, 811, 919, 551, 332, 1239, 1835, 192, 782, 3335, 2907, 20, 724, 83, 3039, 1064, 1597, 2856, 9, 2390, 30, 1464, 409, 1714, 34, 93, 3691, 1473, 259, 3274, 112, 461, 291, 2814, 315, 2078, 2350, 2219, 125]
RKP_05000_05000_2_09.txt|26122.72|26982|0.05043403600000374|[83, 3, 1231, 385, 82, 1308, 1179, 3741, 1378, 36, 105, 1, 129, 893, 2129, 4959, 634, 423, 899, 2, 394, 2555, 164, 327, 973, 1478, 1213, 128, 519, 7, 157, 180, 1482, 2889, 1771, 61, 1802, 413, 137, 60, 920, 279, 1687, 1462, 84, 26, 173, 4, 1555, 1177, 4230, 152, 181, 44, 1012, 1812, 1184, 1086, 360, 221, 19, 2382, 829, 2368, 2584]
RKP_05000_05000_2_10.txt|24561.17|25144|0.04923616799999536|[2884, 666, 1620, 70, 725, 1, 330, 311, 42, 1136, 23, 899, 2, 3568, 205, 351, 97, 3467, 2524, 261, 856, 1908, 3618, 82, 2605, 185, 14, 2732, 2854, 1530, 1230, 1078, 3271, 723, 1060, 481, 2264, 35, 1015, 24, 175, 3185, 3272, 586, 233, 1757, 117, 4367, 268, 1742, 2102, 452, 1601, 153, 4670, 3018, 657, 2594, 2312]
RKP_05000_05000_3_01.txt|52985.22|53998|0.04959928900000023|[1430, 88, 106, 1410, 1075, 449, 528, 2024, 1328, 1409, 39, 1004, 2100, 21, 54, 45, 926, 2987, 1887, 79, 2831, 736, 2738, 814, 3210, 16, 58, 646, 1080, 1664, 638, 55, 4143, 132, 628, 2544, 6, 870, 1846, 336, 2454, 521, 530, 1850, 2266, 480, 3715, 83, 787, 1290, 17, 452, 625, 4, 1132, 198, 164, 510, 3361, 171, 1158, 13, 1758, 3941, 833, 4483, 94, 1, 595, 1291, 12, 465, 731, 2145, 66, 634, 96, 284, 102, 800, 137, 2025, 2122, 122, 157, 2781, 4085, 9, 26, 56, 4523, 1539, 499, 4117, 289, 1223, 563, 2836]
RKP_05000_05000_3_02.txt|51061.74|51996|0.05037218899999061|[2345, 2826, 4175, 969, 2038, 509, 4488, 407, 601, 773, 1509, 99, 2392, 133, 3922, 507, 32, 33, 51, 3779, 2259, 4134, 4221, 151, 885, 3230, 2529, 1914, 217, 30, 1220, 4553, 303, 50, 25, 4589, 58, 9, 1675, 1198, 155, 970, 985, 1151, 1, 55, 227, 1232, 1763, 59, 38, 1970, 3096, 3743, 5, 115, 1199, 1793, 3282, 117, 2, 607, 85, 409, 389, 47, 4338, 2501, 568, 92, 967, 1229, 493, 3478, 3717, 597, 2556, 384, 769, 1132, 8, 405, 2118, 10, 1457, 16, 2589, 212, 23, 205, 221, 869, 3092, 1200]
RKP_05000_05000_3_03.txt|52904.8|53992|0.05035220300000333|[523, 636, 2585, 13, 3385, 1029, 1960, 3909, 1677, 1129, 194, 950, 3819, 3452, 185, 682, 856, 90, 67, 323, 489, 1, 219, 2297, 763, 2430, 46, 1696, 127, 4, 223, 1729, 281, 25, 2713, 366, 1099, 1187, 2, 1505, 88, 1011, 1875, 1777, 970, 963, 1255, 3, 1715, 2750, 79, 542, 1911, 3389, 826, 21, 1061, 12, 1278, 1703, 1516, 6, 471, 618, 1691, 1238, 433, 1495, 58, 777, 5, 116, 703, 1547, 2420, 554, 1800, 372, 15, 1855, 373, 38, 128, 2143, 183, 2274, 3213, 9, 140, 1284, 186, 937, 8, 553, 2147, 4032, 136, 742]
RKP_05000_05000_3_04.txt|54261.63|54993|0.050023582000005715|[936, 779, 3625, 343, 476, 479, 61, 868, 454, 156, 2428, 1589, 27, 3856, 4, 843, 2727, 3391, 404, 3143, 256, 2704, 3454, 183, 585, 109, 642, 2854, 1033, 4104, 173, 3841, 51, 249, 412, 304, 1208, 14, 3543, 3870, 4678, 1, 1276, 101, 229, 965, 2441, 3065, 12, 1564, 1800, 2915, 455, 102, 3872, 4170, 169, 198, 3497, 241, 718, 4343, 505, 2018, 94, 208, 1130, 640, 888, 1433, 19, 907, 284, 1804, 2146, 720, 1746, 2081, 93, 1119, 6, 11, 141, 4107, 4713, 215, 2688, 47, 3523, 31, 599, 648, 1304, 205, 2343, 177, 9, 32, 34, 236]
RKP_05000_05000_3_05.txt|51739.7|52499|0.05090652700000646|[81, 2428, 97, 139, 331, 13, 368, 2910, 1044, 406, 537, 1680, 44, 50, 1771, 3138, 72, 2606, 259, 969, 2, 207, 3566, 1506, 1664, 150, 4138, 628, 12, 984, 1640, 555, 4707, 372, 1519, 1982, 1843, 1758, 20, 4618, 1951, 5, 75, 617, 958, 141, 70, 945, 15, 115, 1004, 4267, 1686, 3569, 24, 34, 202, 3442, 1182, 28, 166, 779, 1313, 1696, 2386, 17, 4, 58, 268, 814, 242, 1, 616, 95, 309, 839, 32, 42, 25, 1655, 317, 620, 3509, 503, 138, 533, 1378, 743, 375, 3119, 3733, 1745, 1852, 8, 247]
RKP_05000_05000_3_06.txt|53229.85|53997|0.051062745000011775|[313, 2697, 1191, 480, 1123, 645, 924, 2300, 386, 1678, 28, 234, 1989, 2724, 1, 1005, 3251, 3441, 2338, 737, 4300, 817, 671, 2537, 22, 2115, 6, 23, 30, 55, 1115, 607, 2334, 115, 377, 382, 845, 3065, 285, 839, 8, 2100, 43, 239, 617, 2793, 4180, 78, 262, 1939, 44, 977, 2626, 4129, 242, 909, 48, 101, 125, 623, 2169, 4383, 10, 1379, 1967, 318, 2412, 2, 7, 93, 3690, 3946, 97, 985, 3857, 165, 3214, 3325, 3, 190, 203, 1745, 2540, 219, 3448, 18, 1323, 3359, 2035, 3327, 233, 542, 132, 3871, 141, 403, 955, 9]
RKP_05000_05000_3_07.txt|50094.83|50995|0.04929775300000301|[217, 2, 1664, 1728, 718, 796, 304, 924, 88, 766, 2201, 684, 817, 525, 4656, 2093, 835, 490, 220, 232, 1338, 4, 609, 82, 2287, 813, 1818, 1420, 3987, 143, 1721, 2643, 487, 866, 2747, 1049, 231, 2345, 1, 459, 1279, 462, 1213, 3347, 348, 2399, 2511, 1497, 897, 1127, 544, 1403, 717, 3, 130, 723, 1854, 119, 3503, 656, 1005, 599, 619, 1405, 192, 3036, 46, 4288, 739, 1375, 412, 598, 4796, 4750, 13, 2551, 1579, 2379, 395, 1939, 283, 1060, 652, 12, 61, 1964, 3295, 1090, 1914, 1323, 476, 3890]
RKP_05000_05000_3_08.txt|48909.37|49934|0.05000820699999849|[938, 1969, 4469, 2446, 433, 147, 150, 640, 18, 1833, 351, 1311, 762, 1104, 1105, 1, 524, 54, 391, 39, 752, 1450, 2393, 857, 16, 2528, 22, 784, 4022, 4805, 2, 14, 2221, 1145, 1042, 2413, 876, 1371, 4731, 2750, 294, 2250, 28, 1613, 43, 110, 205, 122, 78, 484, 742, 53, 1224, 73, 2636, 2150, 430, 1520, 128, 152, 105, 828, 89, 1856, 454, 60, 254, 3967, 731, 280, 241, 692, 9, 38, 91, 547, 3512, 2945, 237, 563, 2697, 3072, 6, 289, 2859, 251, 1185, 1262, 2988, 3102]
RKP_05000_05000_3_09.txt|55254.67|56001|0.051209458000003|[42, 1667, 1282, 609, 17, 851, 629, 932, 1343, 233, 3677, 2885, 1146, 2994, 345, 643, 4240, 929, 767, 913, 3338, 4313, 19, 43, 877, 2427, 4246, 259, 1328, 1813, 4338, 4825, 13, 2838, 2435, 431, 660, 3684, 387, 1933, 4052, 2166, 133, 8, 252, 1549, 111, 406, 317, 96, 532, 4, 123, 512, 1727, 2926, 2247, 693, 1489, 7, 150, 354, 3864, 4789, 534, 593, 679, 1469, 165, 299, 338, 1555, 25, 1746, 2773, 4192, 2, 54, 2746, 112, 1563, 3009, 75, 1, 830, 344, 793, 1562, 35, 184, 356, 4077, 1945, 2525, 10, 4839, 26, 533, 789, 1162, 3, 2484]
RKP_05000_05000_3_10.txt|53458.58|54492|0.05081323799999609|[1284, 1202, 3, 1258, 59, 313, 577, 402, 2643, 3454, 1062, 3468, 3222, 2573, 2748, 2923, 60, 1358, 1135, 3759, 4808, 2698, 13, 227, 4, 490, 405, 1075, 481, 675, 120, 2521, 2536, 1, 535, 576, 1307, 10, 48, 1786, 51, 607, 1714, 4381, 2, 1567, 1653, 3531, 3937, 1099, 278, 14, 716, 3046, 172, 1639, 665, 243, 664, 18, 1891, 102, 44, 1444, 276, 988, 4391, 202, 9, 25, 98, 1969, 3301, 1405, 1159, 23, 67, 616, 668, 261, 309, 77, 3218, 605, 319, 2978, 190, 181, 394, 137, 355, 848, 893, 101, 3459, 41, 371, 26, 1224]
RKP_05000_05000_4_01.txt|4999.92|5000|0.04967462000000751|[4658]
RKP_05000_05000_4_02.txt|4999.94|5000|0.04851560600000198|[4978]
RKP_05000_05000_4_03.txt|5000.0|5000|0.050029612999999244|[4714]
RKP_05000_05000_4_04.txt|4999.87|5000|0.04932118700001297|[4597]
RKP_05000_05000_4_05.txt|5000.0|5000|0.048246897999996465|[4783]
RKP_05000_05000_4_06.txt|4999.75|5000|0.04958306999999422|[4625]
RKP_05000_05000_4_07.txt|4999.86|5000|0.04832243699999936|[4778]
RKP_05000_05000_4_08.txt|4999.99|5000|0.04888732800000753|[4648]
RKP_05000_05000_4_09.txt|4999.99|5000|0.049391091999999616|[4988]
RKP_05000_05000_4_10.txt|4998.89|4999|0.049965851000002885|[4786]
RKP_05000_05000_5_01.txt|4841.4|5013|0.04991323399999942|[1, 3, 4, 5, 6, 7, 8, 9, 10, 11, 12, 13, 14, 15, 16, 17, 18, 19, 20, 21, 22, 23, 24, 25, 26, 28, 29, 30]
RKP_05000_05000_5_02.txt|4830.2|5055|0.04922658899999533|[2, 3, 4, 5, 6, 7, 8, 9, 10, 11, 12, 13, 14, 15, 16, 17, 18, 19, 20, 21, 22, 23, 25, 26, 28, 29, 30, 31, 32]
RKP_05000_05000_5_03.txt|4835.96|5024|0.04877049299999385|[1, 3, 4, 6, 7, 8, 9, 10, 11, 12, 13, 14, 16, 17, 18, 20, 21, 22, 23, 24, 25, 26, 27, 28, 29]
RKP_05000_05000_5_04.txt|4875.11|5030|0.04905942600000231|[2, 4, 6, 7, 8, 9, 10, 11, 12, 14, 16, 17, 18, 19, 20, 21, 22, 23, 24, 25, 27, 28, 29, 30]
RKP_05000_05000_5_05.txt|5013.13|5106|0.04966971300000637|[4, 5, 7, 8, 9, 10, 11, 12, 13, 14, 15, 16, 17, 18, 19, 20, 21, 22, 23, 24, 26, 27, 29, 30, 31, 32, 33]
RKP_05000_05000_5_06.txt|4780.0|5009|0.0495428219999917|[1, 2, 3, 4, 5, 6, 7, 8, 9, 10, 12, 13, 14, 15, 16, 18, 20, 22, 23, 24, 25, 26, 27, 29]
RKP_05000_05000_5_07.txt|4879.78|5032|0.04983047400000032|[1, 2, 3, 4, 5, 6, 7, 8, 9, 10, 11, 12, 13, 14, 15, 17, 19, 20, 21, 22, 23, 25, 26, 27, 28, 29]
RKP_05000_05000_5_08.txt|4921.93|5035|0.049782834000000095|[2, 3, 4, 5, 6, 7, 8, 10, 11, 12, 13, 15, 16, 17, 18, 19, 20, 21, 22, 24, 25, 26, 27, 28, 29, 30, 31, 32, 33, 34, 35]
RKP_05000_05000_5_09.txt|4771.02|5001|0.04935138799999777|[1, 2, 3, 4, 7, 8, 10, 11, 12, 13, 14, 15, 16, 17, 18, 19, 20, 21, 22, 23, 24, 25, 26, 27, 28, 29]
RKP_05000_05000_5_10.txt|4859.54|5014|0.050423624999998536|[3, 5, 6, 7, 8, 10, 11, 12, 13, 14, 15, 16, 17, 18, 19, 20, 22, 23, 24, 25, 26, 27, 28, 29]
