RKP_00100_00100_1_01.txt|444.0|0.2560226|[51, 53, 60, 66, 67, 72, 74, 78, 79, 81, 17]
RKP_00100_00100_1_02.txt|628.0|0.08929409999999993|[51, 52, 59, 65, 66, 87, 94, 97, 98, 100, 6, 41]
RKP_00100_00100_1_03.txt|639.0|0.07532900000000009|[51, 52, 54, 55, 56, 60, 62, 64, 65, 84, 13, 20]
RKP_00100_00100_1_04.txt|415.0|0.07831580000000005|[52, 53, 54, 55, 57, 59, 60, 65, 93, 24]
RKP_00100_00100_1_05.txt|631.0|0.08034739999999996|[53, 61, 64, 66, 70, 72, 80, 94, 16, 29]
RKP_00100_00100_1_06.txt|683.0|0.08703060000000007|[55, 62, 66, 67, 70, 81, 84, 97, 98, 100, 5, 7, 47]
RKP_00100_00100_1_07.txt|384.0|0.07443169999999988|[55, 59, 63, 89, 96, 1, 10, 21]
RKP_00100_00100_1_08.txt|792.0|0.08852680000000013|[51, 52, 55, 56, 57, 59, 63, 68, 74, 79, 80, 26, 37, 38, 42]
RKP_00100_00100_1_09.txt|555.0|0.0927697999999999|[52, 55, 66, 68, 73, 74, 79, 92, 2, 27]
RKP_00100_00100_1_10.txt|671.0|0.1055858999999999|[51, 52, 53, 54, 55, 61, 63, 65, 68, 70, 74, 77, 83]
RKP_00100_00100_2_01.txt|727.0|0.0919044|[51, 52, 56, 63, 70, 72, 77, 91, 93, 9]
RKP_00100_00100_2_02.txt|485.0|0.09446290000000013|[51, 54, 55, 58, 61, 78, 80, 90, 97, 30]
RKP_00100_00100_2_03.txt|400.0|0.07636850000000006|[51, 53, 55, 66, 81, 97, 98, 1, 9, 25]
RKP_00100_00100_2_04.txt|541.0|0.07497860000000012|[52, 58, 59, 61, 62, 68, 76, 78, 100]
RKP_00100_00100_2_05.txt|452.0|0.09593209999999996|[53, 63, 79, 80, 82, 84, 14, 46]
RKP_00100_00100_2_06.txt|210.0|0.09200699999999973|[52, 58, 73, 97, 17, 29]
RKP_00100_00100_2_07.txt|430.0|0.0873434999999998|[53, 54, 57, 63, 65, 71, 72, 78]
RKP_00100_00100_2_08.txt|578.0|0.13817449999999987|[51, 52, 54, 56, 64, 66, 78, 79]
RKP_00100_00100_2_09.txt|383.0|0.08336239999999995|[54, 57, 59, 70, 77, 87, 25]
RKP_00100_00100_2_10.txt|382.0|0.07777750000000028|[51, 52, 64, 78, 90, 14, 15, 26, 35]
RKP_00100_00100_3_01.txt|705.0|0.08327789999999968|[51, 52, 53, 56, 58, 60, 66, 71, 79, 94, 97]
RKP_00100_00100_3_02.txt|793.0|0.08747740000000004|[51, 52, 53, 58, 67, 75, 91, 98, 2, 6, 9, 18]
RKP_00100_00100_3_03.txt|1001.0|0.08692909999999987|[51, 52, 53, 54, 56, 62, 64, 65, 73, 95, 96, 14, 16, 25, 31]
RKP_00100_00100_3_04.txt|1074.0|0.07371609999999995|[52, 54, 56, 58, 59, 64, 71, 76, 84, 92, 98, 100, 22]
RKP_00100_00100_3_05.txt|594.0|0.08012269999999999|[51, 52, 56, 57, 62, 65, 72, 75, 83, 2, 20, 22]
RKP_00100_00100_3_06.txt|1013.0|0.08039430000000003|[52, 53, 54, 56, 58, 60, 61, 62, 66, 77, 81, 89, 90, 16, 22]
RKP_00100_00100_3_07.txt|653.0|0.08507260000000016|[52, 54, 56, 63, 64, 77, 100, 17, 22, 33, 38, 39]
RKP_00100_00100_3_08.txt|670.0|0.09097829999999973|[51, 52, 53, 56, 57, 59, 62, 65, 68, 83, 12, 20]
RKP_00100_00100_3_09.txt|658.0|0.08358769999999982|[51, 53, 58, 66, 82, 92, 94, 98, 7, 39]
RKP_00100_00100_3_10.txt|837.0|0.08599800000000002|[51, 55, 56, 70, 84, 95, 96, 4, 10, 11, 12, 16, 17, 19, 43]
RKP_00100_00100_4_01.txt|66.0|0.06455989999999989|[47]
RKP_00100_00100_4_02.txt|45.0|0.06316260000000007|[38]
RKP_00100_00100_4_03.txt|67.0|0.06291659999999988|[34]
RKP_00100_00100_4_04.txt|59.0|0.06272929999999999|[45]
RKP_00100_00100_4_05.txt|46.0|0.06369159999999985|[45]
RKP_00100_00100_4_06.txt|25.0|0.06179610000000002|[43]
RKP_00100_00100_4_07.txt|69.0|0.06064829999999999|[48]
RKP_00100_00100_4_08.txt|72.0|0.06280449999999993|[47]
RKP_00100_00100_4_09.txt|10.0|0.06247669999999994|[39]
RKP_00100_00100_4_10.txt|18.0|0.06335510000000033|[38]
RKP_00100_00100_5_01.txt|81.0|0.06194140000000026|[48]
RKP_00100_00100_5_02.txt|4.0|0.06264360000000035|[45]
RKP_00100_00100_5_03.txt|65.0|0.06283039999999929|[50]
RKP_00100_00100_5_04.txt|62.0|0.06284080000000003|[42]
RKP_00100_00100_5_05.txt|77.0|0.06187290000000001|[48]
RKP_00100_00100_5_06.txt|6.0|0.06411239999999996|[50]
RKP_00100_00100_5_07.txt|67.0|0.06436980000000059|[47]
RKP_00100_00100_5_08.txt|67.0|0.06450910000000043|[46]
RKP_00100_00100_5_09.txt|29.0|0.06149819999999995|[46]
RKP_00100_00100_5_10.txt|105.0|0.0657520000000007|[51, 56, 36]
RKP_00500_00100_1_01.txt|1654.0|0.1743100000000002|[252, 253, 254, 255, 256, 275, 277, 288, 290, 313, 325, 370, 381, 390, 398, 408, 418, 423, 461, 472, 19, 24, 30, 34, 54, 250]
RKP_00500_00100_1_02.txt|1081.0|0.19539500000000043|[254, 263, 264, 280, 327, 337, 338, 339, 352, 359, 382, 420, 425, 455, 38, 39, 75, 101, 125, 138, 144, 183]
RKP_00500_00100_1_03.txt|1177.0|0.1778700999999998|[251, 255, 261, 265, 266, 280, 290, 294, 323, 361, 363, 373, 389, 390, 397, 408, 414, 477, 478, 76, 110, 227, 246]
RKP_00500_00100_1_04.txt|1000.0|0.1719236999999998|[255, 261, 273, 291, 298, 309, 312, 314, 315, 343, 344, 371, 406, 447, 462, 495, 4, 65, 109, 217]
RKP_00500_00100_1_05.txt|1232.0|0.17375689999999988|[251, 252, 253, 255, 256, 260, 261, 263, 267, 268, 273, 274, 276, 322, 326, 354, 366, 386, 442, 453, 465, 42, 70, 113, 152]
RKP_00500_00100_1_06.txt|1430.0|0.16505100000000006|[252, 253, 255, 263, 272, 280, 284, 285, 300, 302, 303, 305, 333, 339, 357, 381, 415, 432, 439, 440, 461, 475, 480, 490, 494, 31, 161, 240]
RKP_00500_00100_1_07.txt|1309.0|0.1701682|[252, 257, 266, 271, 272, 281, 290, 297, 299, 330, 339, 344, 347, 376, 383, 397, 415, 433, 442, 447, 456, 7, 72, 109, 160, 211, 219, 242]
RKP_00500_00100_1_08.txt|1205.0|0.16874680000000009|[251, 252, 253, 254, 260, 266, 279, 285, 313, 356, 372, 396, 399, 400, 406, 415, 417, 435, 475, 8, 76, 82, 107, 128]
RKP_00500_00100_1_09.txt|1462.0|0.1653096000000005|[261, 266, 269, 289, 298, 304, 306, 318, 327, 358, 398, 400, 401, 403, 413, 423, 430, 460, 464, 471, 479, 7, 57, 74, 94, 246]
RKP_00500_00100_1_10.txt|1382.0|0.1447048000000004|[251, 253, 254, 255, 256, 258, 264, 265, 271, 280, 281, 283, 299, 309, 312, 325, 334, 360, 412, 464, 484, 27, 92, 163]
RKP_00500_00100_2_01.txt|1469.0|0.19997310000000024|[253, 261, 266, 282, 289, 290, 300, 310, 338, 350, 351, 352, 387, 398, 400, 418, 468, 476, 2, 9, 191, 197]
RKP_00500_00100_2_02.txt|1305.0|0.2233363000000006|[254, 256, 263, 271, 286, 309, 315, 322, 347, 350, 362, 381, 392, 406, 417, 436, 445, 49, 64, 86, 191]
RKP_00500_00100_2_03.txt|1480.0|0.14395459999999982|[252, 253, 263, 268, 271, 274, 281, 287, 288, 310, 314, 321, 350, 354, 357, 385, 392, 404, 405, 414, 416, 68, 132, 186]
RKP_00500_00100_2_04.txt|1183.0|0.13471140000000048|[257, 259, 261, 264, 266, 269, 270, 272, 276, 288, 305, 308, 330, 355, 362, 375, 413, 454, 466, 56, 179]
RKP_00500_00100_2_05.txt|803.0|0.16153620000000046|[252, 254, 255, 260, 266, 284, 288, 298, 302, 308, 327, 337, 432, 468, 10, 25, 44, 72, 167, 173, 176]
RKP_00500_00100_2_06.txt|980.0|0.16917919999999942|[251, 253, 255, 259, 265, 268, 274, 277, 285, 300, 303, 307, 320, 367, 400, 405, 453, 52]
RKP_00500_00100_2_07.txt|1025.0|0.15494400000000041|[251, 253, 254, 255, 256, 259, 267, 303, 325, 333, 364, 373, 379, 412, 10, 28, 42, 58, 117, 122, 202]
RKP_00500_00100_2_08.txt|1023.0|0.13222669999999948|[251, 253, 256, 257, 265, 273, 292, 295, 296, 300, 337, 346, 373, 434, 100, 245]
RKP_00500_00100_2_09.txt|754.0|0.14577980000000057|[252, 266, 288, 289, 302, 320, 337, 358, 365, 27, 54, 62, 85, 176, 183]
RKP_00500_00100_2_10.txt|929.0|0.16451670000000007|[252, 259, 264, 269, 270, 271, 290, 326, 333, 366, 368, 404, 416, 466, 26, 122, 191, 248]
RKP_00500_00100_3_01.txt|1638.0|0.14565939999999955|[251, 252, 253, 255, 258, 261, 274, 281, 283, 288, 293, 314, 327, 346, 393, 398, 408, 473, 475, 490, 498, 10, 43, 94, 151]
RKP_00500_00100_3_02.txt|2177.0|0.1528614000000008|[251, 253, 254, 255, 257, 270, 276, 282, 288, 289, 306, 314, 323, 353, 360, 361, 402, 410, 417, 422, 429, 439, 445, 452, 453, 471, 81, 86, 101, 148, 163]
RKP_00500_00100_3_03.txt|1865.0|0.17114529999999917|[251, 255, 259, 261, 264, 272, 290, 295, 302, 321, 343, 361, 363, 368, 373, 376, 389, 392, 398, 441, 443, 448, 8, 14, 16, 42, 101, 194, 204]
RKP_00500_00100_3_04.txt|1905.0|0.15238529999999884|[251, 252, 253, 259, 261, 267, 270, 277, 281, 316, 318, 322, 353, 354, 369, 375, 392, 396, 406, 413, 418, 459, 467, 28, 30, 32, 62, 78, 95, 100]
RKP_00500_00100_3_05.txt|2146.0000000000014|0.14821300000000015|[251, 255, 257, 258, 259, 262, 280, 282, 283, 324, 334, 337, 342, 352, 356, 358, 393, 439, 446, 449, 461, 475, 2, 13, 44, 69, 90, 127, 131, 132, 142, 147, 167]
RKP_00500_00100_3_06.txt|1736.0|0.1619647999999998|[251, 252, 255, 257, 261, 262, 266, 269, 274, 295, 302, 306, 318, 323, 340, 341, 387, 436, 439, 454, 492, 31, 33, 34, 61, 183]
RKP_00500_00100_3_07.txt|1455.0|0.15210799999999836|[251, 252, 253, 254, 255, 267, 274, 280, 283, 287, 326, 349, 352, 361, 391, 407, 441, 446, 450, 466, 494, 37, 52, 58, 76, 180]
RKP_00500_00100_3_08.txt|2148.0|0.14944699999999855|[251, 254, 258, 260, 264, 269, 275, 276, 281, 282, 285, 299, 307, 308, 312, 313, 334, 340, 364, 383, 391, 394, 400, 409, 422, 464, 25, 30, 51, 52, 73, 201, 220, 234]
RKP_00500_00100_3_09.txt|2338.0|0.12499470000000024|[251, 252, 253, 254, 262, 264, 274, 304, 308, 313, 320, 333, 354, 358, 365, 372, 386, 398, 404, 419, 421, 423, 458, 471, 481, 19, 44, 65, 97, 184]
RKP_00500_00100_3_10.txt|1892.0|0.15152949999999876|[251, 253, 257, 260, 263, 264, 268, 275, 278, 288, 290, 307, 336, 349, 373, 403, 409, 415, 433, 439, 443, 467, 32, 55, 72, 75, 138, 142]
RKP_00500_00100_4_01.txt|39.0|0.1234958000000006|[184]
RKP_00500_00100_4_02.txt|49.0|0.12397670000000005|[173]
RKP_00500_00100_4_03.txt|58.0|0.17100340000000003|[184]
RKP_00500_00100_4_04.txt|55.0|0.12403189999999853|[169]
RKP_00500_00100_4_05.txt|45.0|0.1259668000000005|[171]
RKP_00500_00100_4_06.txt|59.0|0.12432259999999928|[181]
RKP_00500_00100_4_07.txt|60.0|0.12151090000000053|[217]
RKP_00500_00100_4_08.txt|39.0|0.12593060000000023|[180]
RKP_00500_00100_4_09.txt|40.0|0.12341319999999989|[190]
RKP_00500_00100_4_10.txt|70.0|0.12475260000000077|[223]
RKP_00500_00100_5_01.txt|56.0|0.12381490000000106|[222]
RKP_00500_00100_5_02.txt|12.0|0.12746980000000008|[217]
RKP_00500_00100_5_03.txt|74.0|0.18473519999999866|[231]
RKP_00500_00100_5_04.txt|18.0|0.12881179999999937|[236]
RKP_00500_00100_5_05.txt|72.0|0.13359709999999936|[229]
RKP_00500_00100_5_06.txt|68.0|0.12623059999999953|[215]
RKP_00500_00100_5_07.txt|72.0|0.13058389999999953|[227]
RKP_00500_00100_5_08.txt|63.0|0.12393239999999928|[229]
RKP_00500_00100_5_09.txt|42.0|0.12426210000000104|[228]
RKP_00500_00100_5_10.txt|80.0|0.1256157999999985|[243]
RKP_01000_00100_1_01.txt|1159.0|0.2779337000000002|[502, 508, 510, 513, 527, 536, 539, 540, 542, 547, 548, 550, 551, 564, 567, 591, 597, 616, 623, 651, 760, 761, 814, 876, 932, 965, 31, 60, 104, 146]
RKP_01000_00100_1_02.txt|1990.0|0.28080440000000095|[501, 502, 508, 509, 516, 518, 530, 538, 549, 550, 564, 572, 589, 608, 671, 682, 693, 695, 792, 794, 859, 986, 15, 19, 27, 57, 84, 194, 196, 254, 372]
RKP_01000_00100_1_03.txt|1282.0|0.2680517999999985|[501, 502, 503, 504, 516, 519, 532, 548, 550, 556, 614, 616, 621, 628, 645, 672, 674, 682, 699, 752, 826, 866, 880, 998, 35, 225, 254, 300, 313, 369]
RKP_01000_00100_1_04.txt|1807.0|0.2785630999999995|[501, 502, 503, 505, 506, 512, 514, 520, 542, 544, 553, 563, 569, 575, 591, 651, 663, 665, 672, 684, 747, 755, 766, 777, 783, 876, 929, 66, 92, 226, 232, 233, 290, 357]
RKP_01000_00100_1_05.txt|1289.0|0.2772813999999997|[501, 512, 516, 526, 529, 537, 539, 541, 549, 574, 575, 589, 601, 621, 623, 651, 659, 688, 698, 707, 722, 799, 807, 53, 82, 135, 173, 196, 276, 365, 415, 500]
RKP_01000_00100_1_06.txt|1673.0|0.24815539999999991|[501, 504, 506, 508, 510, 533, 537, 538, 544, 552, 555, 557, 558, 578, 599, 617, 620, 668, 676, 677, 710, 733, 742, 744, 750, 755, 765, 783, 849, 883, 942, 46, 132, 145, 290, 493]
RKP_01000_00100_1_07.txt|1691.0|0.29815959999999997|[502, 503, 507, 508, 518, 519, 537, 542, 549, 580, 586, 588, 590, 627, 628, 629, 630, 670, 690, 704, 726, 842, 872, 882, 936, 940, 976, 984, 56, 127, 141, 278, 374]
RKP_01000_00100_1_08.txt|1549.0|0.27440130000000096|[501, 504, 505, 506, 507, 510, 515, 516, 522, 526, 529, 568, 580, 601, 611, 618, 645, 649, 712, 723, 742, 774, 778, 794, 803, 856, 866, 890, 921, 922, 216, 280, 422]
RKP_01000_00100_1_09.txt|1466.0|0.27308170000000054|[501, 502, 514, 515, 517, 527, 531, 532, 536, 539, 548, 603, 608, 633, 668, 670, 696, 713, 748, 762, 790, 927, 13, 79, 172, 191, 282, 398, 425, 442]
RKP_01000_00100_1_10.txt|1862.0|0.2820632000000014|[501, 504, 508, 511, 519, 537, 543, 550, 555, 576, 604, 611, 658, 659, 688, 698, 721, 753, 786, 795, 831, 868, 899, 939, 966, 980, 991, 34, 118, 163, 169, 248, 254, 285, 305, 313, 431, 468]
RKP_01000_00100_2_01.txt|1726.0|0.3002982000000003|[503, 507, 512, 513, 516, 521, 524, 533, 541, 547, 573, 576, 611, 685, 686, 707, 709, 752, 753, 764, 866, 874, 875, 880, 114, 190]
RKP_01000_00100_2_02.txt|1188.0|0.2364190999999991|[508, 523, 563, 569, 573, 577, 584, 679, 683, 702, 713, 811, 857, 875, 876, 885, 897, 910, 47, 83, 125, 282, 401, 454]
RKP_01000_00100_2_03.txt|1676.0|0.23646889999999843|[505, 513, 533, 555, 558, 564, 581, 584, 587, 597, 623, 624, 641, 671, 686, 756, 782, 830, 835, 847, 894, 904, 916, 917, 920, 246, 354, 397, 428]
RKP_01000_00100_2_04.txt|1399.0|0.261948799999999|[508, 521, 524, 535, 537, 549, 558, 560, 574, 594, 611, 623, 630, 647, 684, 707, 744, 928, 943, 4, 198, 282]
RKP_01000_00100_2_05.txt|1628.0|0.21661359999999874|[502, 505, 507, 511, 512, 526, 530, 573, 584, 652, 662, 672, 714, 722, 736, 755, 799, 851, 880, 909, 920, 928, 962, 1, 12, 242, 323, 346]
RKP_01000_00100_2_06.txt|1753.0|0.2939374999999984|[501, 506, 508, 509, 516, 524, 533, 548, 552, 557, 622, 638, 652, 654, 685, 687, 733, 755, 759, 790, 803, 822, 883, 899, 90, 102, 147, 305, 327, 358, 376]
RKP_01000_00100_2_07.txt|1526.0|0.23004320000000078|[501, 502, 503, 507, 520, 561, 581, 638, 673, 708, 784, 805, 837, 878, 896, 933, 944, 957, 980, 20, 31, 182, 283, 296, 321, 450]
RKP_01000_00100_2_08.txt|1683.0|0.24757390000000257|[501, 503, 507, 509, 510, 511, 516, 521, 526, 539, 541, 544, 549, 621, 629, 631, 675, 723, 728, 750, 778, 794, 906, 911, 49, 73, 109, 161, 362]
RKP_01000_00100_2_09.txt|1231.0|0.23066730000000035|[506, 509, 513, 518, 525, 530, 531, 618, 627, 676, 691, 705, 725, 735, 848, 882, 917, 936, 970, 73, 151, 156, 404, 482]
RKP_01000_00100_2_10.txt|1399.0|0.23725710000000078|[501, 504, 505, 515, 530, 556, 558, 571, 578, 589, 622, 663, 664, 684, 691, 752, 773, 782, 809, 814, 841, 909, 943, 21, 22, 48, 64, 79, 200, 210, 255]
RKP_01000_00100_3_01.txt|2538.0|0.24596859999999765|[501, 502, 511, 515, 521, 522, 532, 549, 551, 555, 565, 569, 577, 583, 594, 619, 633, 634, 657, 679, 686, 708, 740, 749, 822, 826, 837, 840, 848, 941, 956, 964, 37, 65, 67, 105, 159, 204, 240, 263, 295, 357, 462]
RKP_01000_00100_3_02.txt|2624.0|0.22731080000000148|[501, 502, 503, 507, 509, 516, 518, 519, 524, 525, 531, 537, 553, 556, 569, 570, 579, 594, 610, 620, 621, 626, 637, 638, 676, 678, 716, 786, 795, 800, 818, 877, 881, 886, 33, 86, 100, 144, 154, 478]
RKP_01000_00100_3_03.txt|2590.0|0.2267916999999997|[501, 503, 513, 517, 522, 531, 544, 546, 554, 562, 574, 584, 589, 593, 599, 642, 643, 670, 675, 680, 681, 704, 722, 756, 770, 821, 825, 878, 892, 931, 943, 30, 80, 129, 152, 192, 238, 297, 322, 336, 494]
RKP_01000_00100_3_04.txt|2599.0|0.2309972000000009|[501, 502, 503, 504, 505, 509, 510, 515, 516, 529, 531, 534, 541, 542, 544, 562, 565, 583, 642, 649, 661, 732, 735, 774, 777, 793, 805, 889, 933, 949, 980, 992, 35, 50, 58, 139, 145, 157, 240, 286]
RKP_01000_00100_3_05.txt|2450.0|0.2270657000000007|[501, 502, 505, 510, 523, 524, 529, 531, 537, 546, 557, 576, 585, 586, 600, 607, 608, 628, 641, 644, 651, 663, 672, 683, 692, 704, 808, 815, 960, 980, 50, 130, 161, 376, 410]
RKP_01000_00100_3_06.txt|2423.0|0.2680872000000001|[501, 505, 506, 507, 513, 514, 515, 516, 518, 522, 525, 528, 536, 537, 563, 566, 571, 612, 629, 653, 658, 704, 707, 717, 724, 727, 739, 742, 749, 778, 847, 971, 43, 386, 401, 470]
RKP_01000_00100_3_07.txt|2996.0|0.2031427000000008|[501, 503, 504, 505, 506, 508, 512, 516, 520, 523, 527, 531, 534, 538, 553, 556, 562, 563, 612, 624, 629, 631, 661, 669, 690, 704, 731, 782, 837, 854, 902, 907, 933, 983, 83, 91, 105, 195, 250, 322, 367, 388, 442]
RKP_01000_00100_3_08.txt|2469.0|0.23179430000000067|[501, 502, 507, 509, 511, 533, 535, 571, 589, 597, 618, 629, 630, 631, 645, 652, 654, 679, 698, 733, 750, 752, 757, 766, 792, 803, 840, 842, 972, 24, 91, 136, 155, 203, 383]
RKP_01000_00100_3_09.txt|2118.0|0.26626059999999896|[501, 502, 503, 504, 506, 509, 516, 517, 523, 526, 540, 547, 548, 577, 583, 626, 627, 641, 685, 702, 711, 716, 757, 818, 885, 903, 946, 971, 980, 78, 147, 258, 371, 385, 430]
RKP_01000_00100_3_10.txt|2286.0|0.2693911|[501, 503, 510, 512, 516, 518, 522, 526, 535, 537, 541, 546, 556, 561, 572, 603, 604, 606, 613, 622, 656, 669, 687, 727, 745, 747, 764, 814, 819, 834, 939, 967, 24, 132, 177, 187, 264, 299, 464]
RKP_01000_00100_4_01.txt|64.0|0.21161949999999763|[366]
RKP_01000_00100_4_02.txt|38.0|0.20851679999999817|[358]
RKP_01000_00100_4_03.txt|29.0|0.2050245000000004|[356]
RKP_01000_00100_4_04.txt|16.0|0.20124219999999937|[328]
RKP_01000_00100_4_05.txt|40.0|0.24604869999999934|[351]
RKP_01000_00100_4_06.txt|14.0|0.20100940000000023|[378]
RKP_01000_00100_4_07.txt|47.0|0.20007439999999832|[387]
RKP_01000_00100_4_08.txt|28.0|0.20267120000000105|[347]
RKP_01000_00100_4_09.txt|39.0|0.20749750000000233|[377]
RKP_01000_00100_4_10.txt|23.0|0.24829779999999957|[343]
RKP_01000_00100_5_01.txt|4.0|0.2053407000000007|[500]
RKP_01000_00100_5_02.txt|42.0|0.2051452999999981|[447]
RKP_01000_00100_5_03.txt|58.0|0.20780510000000163|[445]
RKP_01000_00100_5_04.txt|70.0|0.2017111000000007|[447]
RKP_01000_00100_5_05.txt|51.0|0.237509799999998|[500]
RKP_01000_00100_5_06.txt|16.0|0.20464180000000098|[433]
RKP_01000_00100_5_07.txt|67.0|0.20264330000000186|[500]
RKP_01000_00100_5_08.txt|74.0|0.20321910000000187|[452]
RKP_01000_00100_5_09.txt|18.0|0.24146269999999959|[455]
RKP_01000_00100_5_10.txt|24.0|0.2080131999999999|[439]
RKP_05000_00100_1_01.txt|3260.0|0.938925600000001|[2501, 2503, 2504, 2505, 2507, 2508, 2509, 2513, 2516, 2520, 2521, 2522, 2524, 2531, 2549, 2551, 2559, 2568, 2589, 2599, 2615, 2616, 2650, 2655, 2713, 2802, 2863, 2965, 3040, 3053, 3089, 3142, 3301, 3347, 3352, 3404, 3681, 3707, 3713, 3768, 3775, 3777, 3866, 3873, 3906, 3982, 3985, 4068, 4200, 4223, 4339, 4503, 4591, 4606, 4898, 4978, 5, 48, 56, 192, 911, 1145, 1233, 2036, 2045]
RKP_05000_00100_1_02.txt|3103.0|0.9850585999999986|[2501, 2502, 2516, 2518, 2528, 2531, 2542, 2544, 2551, 2560, 2573, 2575, 2599, 2604, 2630, 2635, 2651, 2671, 2674, 2735, 2762, 2775, 2777, 2801, 2804, 2838, 2847, 2850, 2874, 2920, 2937, 2948, 2963, 3001, 3101, 3216, 3294, 3392, 3701, 3710, 3932, 4057, 4085, 4220, 4321, 4429, 4837, 169, 309, 439, 513, 607, 658, 915, 1148, 1239, 1566, 1571, 1811, 1839, 1939, 2151]
RKP_05000_00100_1_03.txt|3169.0|1.0192861999999998|[2501, 2502, 2505, 2506, 2507, 2510, 2522, 2526, 2527, 2552, 2581, 2614, 2636, 2656, 2693, 2703, 2707, 2719, 2804, 2826, 2850, 2901, 3091, 3112, 3156, 3293, 3429, 3461, 3520, 3535, 3544, 3566, 3569, 3654, 3671, 3737, 3783, 3855, 3917, 4050, 4088, 4134, 4380, 4882, 4942, 146, 297, 439, 492, 505, 536, 627, 761, 882, 971, 1186, 1301, 1553, 1896, 1936, 2298]
RKP_05000_00100_1_04.txt|3321.0|0.9549367000000011|[2502, 2505, 2507, 2516, 2520, 2523, 2526, 2538, 2541, 2569, 2578, 2631, 2635, 2647, 2705, 2733, 2878, 2916, 2944, 2955, 3057, 3079, 3151, 3213, 3292, 3295, 3368, 3436, 3479, 3548, 3673, 3710, 3867, 4021, 4027, 4133, 4175, 4264, 4431, 4530, 4755, 4804, 28, 65, 94, 331, 359, 440, 506, 553, 564, 585, 698, 725, 836, 838, 974, 984, 1003, 1105, 1144, 1203, 1748, 1780, 1820, 1970, 2414]
RKP_05000_00100_1_05.txt|3121.0|1.0242663000000007|[2502, 2504, 2508, 2514, 2516, 2520, 2523, 2530, 2533, 2538, 2544, 2553, 2560, 2564, 2592, 2596, 2601, 2619, 2658, 2674, 2730, 2770, 2788, 2806, 2817, 2856, 2927, 2928, 3007, 3027, 3041, 3042, 3108, 3144, 3160, 3407, 3477, 3588, 3669, 3749, 3809, 3932, 3933, 4259, 4847, 4947, 37, 49, 350, 386, 422, 495, 660, 954, 1356, 1679, 1751, 2088, 2130, 2469]
RKP_05000_00100_1_06.txt|3064.0|0.9559815|[2502, 2503, 2507, 2508, 2509, 2511, 2514, 2517, 2518, 2521, 2525, 2541, 2544, 2545, 2555, 2562, 2571, 2573, 2608, 2611, 2615, 2622, 2631, 2633, 2639, 2647, 2652, 2708, 2719, 2829, 2877, 2935, 2957, 3069, 3145, 3152, 3194, 3201, 3245, 3247, 3307, 3360, 3366, 3396, 3412, 3420, 3531, 3759, 3779, 3819, 4012, 4042, 4106, 4299, 10, 108, 342, 667, 739, 1071, 1325, 2155]
RKP_05000_00100_1_07.txt|3634.0|1.0055212000000004|[2501, 2503, 2504, 2505, 2511, 2513, 2530, 2532, 2554, 2555, 2579, 2590, 2597, 2604, 2618, 2624, 2655, 2680, 2688, 2692, 2704, 2719, 2744, 2862, 2951, 2953, 2957, 2994, 3082, 3146, 3311, 3376, 3380, 3430, 3431, 3491, 3649, 3687, 3699, 3722, 3799, 3901, 3937, 3977, 4174, 4258, 4262, 4327, 4537, 4541, 4585, 4707, 4867, 4938, 91, 383, 611, 662, 667, 820, 870, 919, 973, 984, 1066, 1752, 2139]
RKP_05000_00100_1_08.txt|3342.0|0.9681743999999988|[2501, 2506, 2525, 2529, 2548, 2552, 2554, 2572, 2582, 2620, 2637, 2648, 2654, 2679, 2683, 2686, 2715, 2734, 2760, 2764, 2766, 2775, 2776, 2788, 2800, 2841, 2845, 2941, 3002, 3038, 3187, 3239, 3245, 3277, 3279, 3316, 3320, 3365, 3406, 3485, 3529, 3579, 3767, 3818, 3858, 4132, 4217, 4281, 4554, 4748, 4899, 35, 280, 345, 637, 726, 759, 1376, 1411, 1844, 1973, 2138, 2311, 2498]
RKP_05000_00100_1_09.txt|3107.0|0.9761847000000046|[2502, 2503, 2506, 2510, 2530, 2542, 2543, 2570, 2574, 2583, 2590, 2621, 2678, 2690, 2730, 2770, 2807, 2825, 2829, 2883, 2923, 2947, 2963, 3033, 3088, 3229, 3247, 3286, 3296, 3316, 3353, 3487, 3684, 3760, 3809, 3863, 3887, 3927, 3941, 4236, 4269, 4356, 4369, 4445, 4849, 96, 307, 465, 551, 1056, 1072, 1197, 1259, 1635, 1656, 1720, 1841, 1924]
RKP_05000_00100_1_10.txt|2951.0|0.9808808000000013|[2501, 2502, 2508, 2513, 2520, 2521, 2525, 2526, 2543, 2548, 2560, 2583, 2590, 2611, 2634, 2643, 2653, 2676, 2680, 2689, 2730, 2804, 2821, 2852, 2863, 2885, 2929, 2937, 2945, 2982, 2984, 3064, 3129, 3154, 3162, 3214, 3280, 3295, 3305, 3430, 3452, 3456, 3591, 3721, 3842, 3850, 3895, 3922, 4017, 4304, 4561, 4620, 116, 458, 565, 586, 676, 873, 1234, 1685, 1869, 2072, 2383]
RKP_05000_00100_2_01.txt|2120.0|0.9658444000000017|[2505, 2525, 2540, 2544, 2568, 2577, 2610, 2642, 2644, 2648, 2720, 2746, 2815, 3040, 3051, 3126, 3148, 3236, 3348, 3368, 3557, 3578, 3687, 3738, 3792, 4147, 4215, 4241, 4335, 4500, 4519, 4620, 4710, 4718, 4795, 229, 235, 413, 448, 520, 1018, 1073, 1539, 2120]
RKP_05000_00100_2_02.txt|3023.0|0.9460252999999952|[2503, 2504, 2508, 2510, 2514, 2515, 2522, 2529, 2535, 2540, 2573, 2601, 2603, 2652, 2742, 2775, 2798, 2907, 2955, 3032, 3036, 3078, 3156, 3177, 3263, 3278, 3371, 3429, 3514, 3678, 3694, 3993, 4070, 4214, 4270, 4293, 4300, 4338, 4763, 4860, 4912, 4937, 4939, 1, 207, 484, 492, 504, 678, 738, 1154, 1348, 1563, 1847, 1884, 2478]
RKP_05000_00100_2_03.txt|2753.0|0.9668291999999994|[2501, 2504, 2505, 2506, 2509, 2517, 2522, 2539, 2554, 2582, 2613, 2685, 2702, 2742, 2814, 2888, 2942, 3024, 3043, 3092, 3110, 3210, 3211, 3269, 3298, 3326, 3340, 3342, 3395, 3622, 3734, 3832, 3963, 3969, 4249, 4367, 4425, 50, 106, 344, 473, 666, 832, 1125, 1390, 1469, 1528, 1706, 2047, 2155, 2306, 2489]
RKP_05000_00100_2_04.txt|3005.0|0.934541700000004|[2501, 2505, 2512, 2531, 2535, 2545, 2554, 2567, 2572, 2587, 2599, 2609, 2656, 2668, 2725, 2783, 2825, 2855, 2887, 2983, 2991, 3006, 3031, 3137, 3174, 3187, 3252, 3417, 3450, 3607, 3638, 3915, 4051, 4065, 4066, 4133, 4171, 4364, 4542, 4552, 4600, 4626, 4799, 608, 653, 1085, 1338, 1639]
RKP_05000_00100_2_05.txt|2694.0|0.9250624999999957|[2505, 2522, 2529, 2552, 2569, 2599, 2667, 2774, 2855, 2866, 2870, 2913, 2926, 2952, 3022, 3112, 3193, 3252, 3297, 3329, 3379, 3442, 3484, 3491, 3529, 3576, 3724, 4154, 4241, 4323, 4403, 4583, 4706, 4708, 4761, 4832, 4865, 45, 114, 203, 285, 315, 726, 738, 741, 874, 883, 906, 1055, 1073, 1258]
RKP_05000_00100_2_06.txt|2824.0|0.9414755999999969|[2501, 2503, 2506, 2508, 2523, 2533, 2562, 2629, 2635, 2636, 2682, 2710, 2722, 2824, 2826, 2856, 2869, 2937, 2966, 3102, 3139, 3258, 3316, 3353, 3525, 3609, 3693, 3708, 3788, 3883, 3933, 4081, 4188, 4417, 4540, 4544, 4575, 4618, 4648, 4822, 4908, 4922, 4953, 474, 581, 847, 1182, 1905, 1978]
RKP_05000_00100_2_07.txt|2700.0|0.9436584000000039|[2501, 2502, 2503, 2507, 2515, 2543, 2549, 2555, 2558, 2571, 2574, 2579, 2603, 2605, 2641, 2677, 2680, 2683, 2694, 2716, 2735, 2744, 2760, 2761, 2833, 2873, 2896, 2929, 3016, 3095, 3149, 3189, 3244, 3438, 3563, 3603, 3889, 4449, 4608, 4664, 4746, 4823, 4832, 4919, 28, 141, 251, 729, 1055, 1366, 1683, 1827, 2007]
RKP_05000_00100_2_08.txt|2939.0|1.0003689999999992|[2501, 2502, 2507, 2509, 2511, 2514, 2515, 2523, 2524, 2525, 2541, 2548, 2579, 2598, 2599, 2652, 2699, 2791, 2842, 2867, 2964, 3024, 3060, 3121, 3136, 3171, 3172, 3235, 3292, 3369, 3453, 3467, 3704, 3801, 3887, 3915, 3992, 4117, 4138, 4200, 4568, 4649, 4812, 84, 415, 746, 921, 1196, 1832, 2043, 2158]
RKP_05000_00100_2_09.txt|3007.0|0.9398379000000006|[2505, 2506, 2515, 2518, 2520, 2561, 2575, 2586, 2588, 2610, 2612, 2642, 2651, 2718, 2738, 2744, 2793, 2794, 2815, 2855, 2862, 2892, 2933, 3058, 3178, 3255, 3296, 3346, 3455, 3508, 3649, 3703, 3831, 3835, 3838, 3897, 4179, 4318, 4373, 4419, 4679, 4696, 4713, 4818, 4852, 4865, 20, 192, 453, 613, 1570, 1671, 2278]
RKP_05000_00100_2_10.txt|2588.0|0.9500653999999997|[2519, 2566, 2572, 2574, 2578, 2613, 2620, 2636, 2663, 2684, 2710, 2750, 2753, 2775, 2791, 2802, 2815, 2826, 2873, 2977, 3002, 3160, 3418, 3435, 3478, 3753, 3813, 3959, 4047, 4273, 4432, 4522, 4633, 4783, 4818, 4845, 4935, 255, 268, 302, 505, 577, 800, 821, 1512, 1924, 2494]
RKP_05000_00100_3_01.txt|4478.0|0.8999369000000002|[2501, 2502, 2503, 2504, 2508, 2510, 2511, 2526, 2544, 2548, 2555, 2567, 2577, 2580, 2583, 2597, 2635, 2645, 2724, 2731, 2742, 2779, 2788, 2797, 2812, 2834, 2849, 2861, 2883, 2895, 2965, 2971, 3006, 3030, 3033, 3034, 3088, 3110, 3161, 3192, 3400, 3506, 3596, 3687, 3692, 3732, 3772, 3786, 3835, 3863, 4202, 4225, 4251, 4268, 4494, 4535, 4539, 4590, 4821, 108, 408, 752, 772, 792, 823, 1174, 1175, 1183, 1695, 1971, 2062]
RKP_05000_00100_3_02.txt|4987.0|0.9170261999999951|[2501, 2509, 2511, 2517, 2519, 2522, 2536, 2538, 2555, 2574, 2593, 2594, 2597, 2598, 2632, 2635, 2645, 2648, 2667, 2703, 2719, 2742, 2754, 2772, 2780, 2801, 2812, 2813, 2830, 2851, 2856, 2865, 2873, 2892, 2915, 2934, 2953, 2972, 2996, 3012, 3042, 3276, 3356, 3473, 3489, 3493, 3547, 3592, 3593, 3619, 3636, 3647, 3767, 3771, 3826, 3835, 4164, 4227, 4334, 4376, 4505, 4862, 4867, 4909, 174, 189, 222, 262, 272, 348, 787, 818, 844, 1115, 1123, 1145, 1176, 1555, 1614, 1994, 2412]
RKP_05000_00100_3_03.txt|4810.0|0.899526299999998|[2501, 2503, 2505, 2506, 2514, 2515, 2518, 2520, 2521, 2527, 2552, 2573, 2576, 2586, 2596, 2629, 2640, 2656, 2659, 2665, 2691, 2705, 2758, 2783, 2841, 2851, 2887, 2903, 3020, 3147, 3156, 3190, 3198, 3214, 3320, 3394, 3401, 3414, 3445, 3477, 3479, 3496, 3551, 3558, 3586, 3609, 3726, 3756, 3804, 3805, 3847, 3909, 3959, 3987, 4058, 4071, 4172, 4212, 4232, 4347, 4388, 4390, 4441, 159, 162, 176, 293, 358, 462, 484, 489, 615, 1754, 1940, 2020, 2028, 2047, 2063, 2374]
RKP_05000_00100_3_04.txt|4881.0|0.8730110000000053|[2501, 2502, 2503, 2505, 2509, 2511, 2514, 2516, 2548, 2556, 2559, 2568, 2599, 2600, 2603, 2633, 2636, 2705, 2766, 2782, 2798, 2809, 2815, 2818, 2820, 2825, 2835, 2865, 2875, 2877, 2903, 2946, 3078, 3188, 3208, 3259, 3269, 3270, 3308, 3398, 3484, 3491, 3524, 3682, 3693, 3727, 3764, 3783, 3838, 3847, 3848, 3933, 4070, 4239, 4257, 4288, 4317, 4405, 4656, 4731, 4774, 4840, 4886, 4933, 100, 134, 264, 310, 611, 884, 899, 1139, 1283, 1351, 1636, 2179, 2496]
RKP_05000_00100_3_05.txt|4034.0|0.8815738999999994|[2501, 2507, 2524, 2525, 2532, 2547, 2552, 2560, 2579, 2581, 2613, 2622, 2706, 2720, 2730, 2738, 2792, 2795, 2804, 2845, 2862, 2935, 2948, 2980, 2985, 2986, 3013, 3042, 3063, 3073, 3083, 3088, 3114, 3138, 3156, 3169, 3405, 3409, 3436, 3450, 3473, 3494, 4026, 4168, 4260, 4310, 4358, 4540, 4837, 4956, 96, 171, 214, 337, 359, 377, 428, 614, 635, 992, 1253, 1563, 1573, 1707, 1898, 1923]
RKP_05000_00100_3_06.txt|5453.0|0.900185399999998|[2501, 2502, 2503, 2504, 2505, 2510, 2515, 2524, 2525, 2526, 2527, 2529, 2532, 2535, 2545, 2558, 2568, 2579, 2603, 2604, 2608, 2613, 2619, 2621, 2679, 2703, 2721, 2744, 2748, 2770, 2790, 2852, 2913, 2952, 2992, 3051, 3064, 3138, 3183, 3255, 3265, 3287, 3296, 3338, 3456, 3546, 3581, 3630, 3648, 3727, 3847, 3866, 3876, 3951, 3974, 3977, 4157, 4198, 4235, 4360, 4384, 4659, 4705, 4799, 4912, 4957, 28, 210, 238, 378, 389, 478, 582, 612, 651, 1651, 1711, 1782]
RKP_05000_00100_3_07.txt|5326.0|0.8948904999999954|[2501, 2502, 2510, 2514, 2516, 2518, 2520, 2526, 2530, 2532, 2577, 2589, 2593, 2596, 2598, 2599, 2614, 2619, 2669, 2678, 2685, 2689, 2706, 2711, 2713, 2722, 2781, 2804, 2855, 2856, 2862, 2872, 2916, 2995, 3000, 3007, 3023, 3049, 3050, 3070, 3083, 3199, 3229, 3250, 3299, 3312, 3317, 3365, 3376, 3383, 3390, 3394, 3413, 3480, 3485, 3530, 3560, 3595, 3609, 3953, 4077, 4115, 4163, 4333, 4392, 4460, 4613, 10, 132, 167, 201, 369, 732, 916, 1042, 1153, 1538, 1685, 2335]
RKP_05000_00100_3_08.txt|5405.0|0.9143994000000006|[2501, 2505, 2506, 2513, 2517, 2521, 2536, 2544, 2547, 2559, 2560, 2592, 2597, 2600, 2601, 2624, 2629, 2661, 2669, 2715, 2727, 2738, 2796, 2828, 2843, 2846, 2882, 2926, 2928, 2991, 3025, 3057, 3063, 3072, 3111, 3145, 3185, 3200, 3307, 3388, 3425, 3469, 3527, 3576, 3708, 3738, 3740, 3744, 3855, 3914, 3978, 3997, 4002, 4017, 4089, 4302, 4473, 4591, 4654, 4776, 4813, 4930, 72, 202, 501, 830, 835, 910, 1189, 1216, 1294, 1321, 1549, 1562, 1678, 1725, 1853, 2104, 2208, 2235]
RKP_05000_00100_3_09.txt|4746.0|0.8771229000000034|[2501, 2502, 2504, 2510, 2518, 2524, 2525, 2540, 2555, 2557, 2563, 2594, 2601, 2610, 2611, 2616, 2637, 2705, 2717, 2762, 2771, 2777, 2788, 2807, 2855, 2909, 2919, 2924, 2966, 3085, 3100, 3136, 3162, 3196, 3289, 3327, 3339, 3481, 3486, 3567, 3574, 3661, 3710, 3828, 3999, 4032, 4058, 4183, 4413, 4532, 4533, 4548, 4727, 4872, 4953, 95, 109, 118, 346, 362, 397, 425, 571, 620, 627, 1000, 1062, 1096, 1103, 1227, 1487, 1848, 1959, 2109, 2181, 2313, 2402, 2448]
RKP_05000_00100_3_10.txt|5226.0|0.9391212000000024|[2503, 2504, 2505, 2508, 2510, 2519, 2521, 2522, 2527, 2530, 2547, 2550, 2552, 2557, 2563, 2610, 2619, 2638, 2641, 2642, 2666, 2673, 2716, 2727, 2736, 2752, 2783, 2883, 2938, 3026, 3040, 3127, 3166, 3275, 3287, 3298, 3360, 3381, 3540, 3546, 3575, 3632, 3666, 3759, 3919, 3926, 3930, 3957, 3963, 4047, 4438, 4446, 4551, 4607, 4681, 4695, 4735, 4744, 4780, 4812, 4977, 67, 220, 358, 429, 488, 490, 861, 1369, 1377, 1497, 1516, 1718, 1948, 2128, 2283]
RKP_05000_00100_4_01.txt|47.0|0.8819846000000027|[2202]
RKP_05000_00100_4_02.txt|52.0|0.8797234000000032|[2222]
RKP_05000_00100_4_03.txt|44.0|0.8924883999999977|[2216]
RKP_05000_00100_4_04.txt|62.0|0.8785671999999991|[2200]
RKP_05000_00100_4_05.txt|43.0|0.8882402999999996|[2187]
RKP_05000_00100_4_06.txt|5.0|0.8834923999999944|[2204]
RKP_05000_00100_4_07.txt|58.0|0.9432802000000038|[2205]
RKP_05000_00100_4_08.txt|52.0|0.8892005999999952|[2228]
RKP_05000_00100_4_09.txt|5.0|0.895579699999999|[2200]
RKP_05000_00100_4_10.txt|67.0|0.8795196000000018|[2191]
RKP_05000_00100_5_01.txt|74.0|0.9106227999999987|[2233]
RKP_05000_00100_5_02.txt|78.0|0.9089965000000007|[2187]
RKP_05000_00100_5_03.txt|74.0|0.8960732000000036|[2222]
RKP_05000_00100_5_04.txt|11.0|0.9008860999999939|[2193]
RKP_05000_00100_5_05.txt|25.0|0.879804699999994|[2192]
RKP_05000_00100_5_06.txt|7.0|0.9228296|[2210]
RKP_05000_00100_5_07.txt|27.0|0.8852145000000036|[2193]
RKP_05000_00100_5_08.txt|62.0|0.9309330000000102|[2221]
RKP_05000_00100_5_09.txt|68.0|0.8698888999999923|[2196]
RKP_05000_00100_5_10.txt|36.0|0.8698097999999987|[2146]
RKP_05000_01000_1_01.txt|45701.0|1.2221157999999974|[2501, 2502, 2505, 2508, 2510, 2513, 2515, 2516, 2517, 2518, 2522, 2523, 2530, 2533, 2535, 2553, 2578, 2582, 2586, 2596, 2618, 2651, 2664, 2712, 2726, 2752, 2771, 2828, 2834, 2868, 2879, 2899, 2924, 2991, 3011, 3051, 3161, 3184, 3200, 3226, 3232, 3251, 3278, 3300, 3366, 3421, 3469, 3491, 3534, 3645, 3696, 3714, 3732, 3733, 3887, 3931, 4091, 4224, 4242, 4256, 4275, 4310, 4341, 4358, 4419, 4428, 4479, 4577, 4687, 4754, 4766, 4981, 67, 129, 277, 374, 644, 687, 756, 782, 985, 1034, 1291, 1299, 1629, 1723, 1979, 2471]
RKP_05000_01000_1_02.txt|47623.0|1.32385570000001|[2503, 2507, 2510, 2517, 2522, 2536, 2539, 2541, 2578, 2584, 2589, 2596, 2609, 2655, 2665, 2703, 2707, 2722, 2735, 2736, 2782, 2804, 2837, 2868, 2906, 2925, 2964, 2971, 3006, 3039, 3088, 3122, 3146, 3175, 3194, 3228, 3272, 3290, 3337, 3417, 3418, 3428, 3465, 3488, 3555, 3705, 3761, 3777, 3829, 3837, 3843, 3903, 3914, 3955, 4090, 4104, 4177, 4183, 4360, 4499, 4511, 4541, 4593, 4620, 4698, 4729, 4879, 94, 227, 245, 250, 269, 300, 325, 332, 473, 595, 849, 1065, 1085, 1128, 1168, 1295, 1375, 1989, 2461]
RKP_05000_01000_1_03.txt|43437.000000000044|1.2289639000000108|[2501, 2503, 2513, 2522, 2524, 2533, 2560, 2562, 2567, 2572, 2576, 2594, 2614, 2629, 2635, 2665, 2674, 2676, 2686, 2692, 2748, 2772, 2839, 2844, 2941, 2946, 2979, 3015, 3033, 3149, 3249, 3310, 3352, 3375, 3382, 3433, 3440, 3488, 3506, 3527, 3539, 3646, 3650, 3719, 3839, 3864, 3915, 3975, 3978, 3983, 4034, 4105, 4114, 4219, 4315, 4322, 4354, 4479, 4516, 4580, 4610, 4625, 4661, 4701, 4814, 4968, 4971, 182, 188, 348, 694, 732, 776, 892, 1182, 1335, 1420, 1604, 1691, 1693, 1716, 1783, 2140]
RKP_05000_01000_1_04.txt|47605.0|1.2509297000000004|[2501, 2502, 2505, 2506, 2507, 2508, 2509, 2510, 2516, 2524, 2525, 2533, 2535, 2549, 2550, 2552, 2561, 2564, 2571, 2614, 2632, 2633, 2635, 2681, 2689, 2691, 2710, 2723, 2738, 2748, 2770, 2818, 2851, 2895, 2913, 2921, 2965, 2982, 2998, 3022, 3033, 3046, 3094, 3170, 3187, 3216, 3224, 3292, 3294, 3386, 3452, 3521, 3607, 3642, 3674, 3718, 3775, 3811, 3895, 3916, 3950, 4046, 4097, 4189, 4401, 4416, 4523, 4547, 4560, 4677, 4820, 4970, 50, 80, 149, 422, 499, 523, 551, 555, 771, 1426, 1732, 1777, 1829, 1897, 2124, 2275]
RKP_05000_01000_1_05.txt|44799.0|1.296682599999997|[2502, 2504, 2505, 2508, 2509, 2514, 2516, 2519, 2525, 2527, 2546, 2548, 2565, 2567, 2569, 2573, 2585, 2591, 2593, 2594, 2597, 2619, 2620, 2630, 2632, 2657, 2668, 2701, 2708, 2731, 2754, 2759, 2767, 2779, 2830, 2839, 2849, 2852, 2885, 2930, 2967, 3080, 3084, 3092, 3093, 3151, 3167, 3211, 3316, 3403, 3443, 3485, 3512, 3523, 3549, 3593, 3642, 3650, 3655, 3662, 3727, 3816, 3820, 3821, 3911, 3918, 3974, 4088, 4106, 4107, 4149, 4383, 4393, 4504, 4569, 4756, 4763, 4771, 4860, 4897, 47, 319, 334, 567, 968, 1553, 1596, 1618, 1704, 1885]
RKP_05000_01000_1_06.txt|46868.0|1.1427438999999993|[2501, 2502, 2503, 2504, 2506, 2508, 2509, 2510, 2513, 2537, 2542, 2548, 2551, 2552, 2560, 2580, 2590, 2607, 2650, 2657, 2659, 2663, 2688, 2692, 2717, 2724, 2769, 2788, 2792, 2797, 2836, 2837, 2843, 2899, 2929, 2998, 3003, 3101, 3112, 3116, 3146, 3156, 3184, 3187, 3188, 3191, 3197, 3221, 3236, 3394, 3443, 3498, 3502, 3540, 3562, 3597, 3645, 3692, 3742, 3805, 3868, 3994, 4011, 4030, 4162, 4189, 4220, 4379, 4410, 4416, 4512, 4525, 4548, 4550, 4668, 4695, 4942, 4983, 17, 133, 357, 361, 365, 425, 467, 576, 609, 1346, 1696, 2103, 2293]
RKP_05000_01000_1_07.txt|36794.0|1.2432189999999963|[2501, 2502, 2508, 2515, 2521, 2523, 2527, 2538, 2544, 2546, 2565, 2577, 2584, 2591, 2594, 2619, 2630, 2661, 2688, 2698, 2704, 2713, 2726, 2741, 2863, 2886, 2893, 2921, 2924, 2953, 3022, 3023, 3068, 3069, 3077, 3108, 3116, 3128, 3140, 3151, 3231, 3253, 3295, 3348, 3457, 3485, 3493, 3547, 3552, 3675, 3678, 3846, 3859, 3878, 3949, 3989, 4107, 4145, 4166, 4197, 4241, 4264, 4365, 4404, 4501, 4587, 4645, 4735, 4745, 93, 169, 484, 938, 955, 1464, 1509, 1578, 1742, 1971]
RKP_05000_01000_1_08.txt|39841.0|1.1767918999999978|[2503, 2507, 2510, 2512, 2515, 2520, 2524, 2526, 2529, 2532, 2539, 2540, 2543, 2552, 2566, 2575, 2579, 2581, 2589, 2609, 2615, 2617, 2618, 2640, 2651, 2690, 2707, 2717, 2735, 2744, 2757, 2779, 2889, 2911, 2919, 2927, 2930, 2988, 3027, 3029, 3031, 3048, 3075, 3151, 3170, 3238, 3285, 3349, 3390, 3392, 3452, 3588, 3638, 3775, 3844, 3891, 3985, 3987, 4074, 4570, 4599, 4610, 4856, 4882, 28, 85, 223, 341, 788, 818, 823, 937, 1288, 1408, 1425, 1437, 1570, 1997, 2166]
RKP_05000_01000_1_09.txt|44009.0|1.2506476000000077|[2501, 2502, 2503, 2504, 2506, 2507, 2508, 2517, 2518, 2525, 2527, 2529, 2532, 2539, 2547, 2549, 2551, 2573, 2591, 2594, 2601, 2604, 2606, 2628, 2636, 2653, 2657, 2663, 2690, 2691, 2802, 2820, 2842, 2859, 2864, 2890, 2927, 2973, 2999, 3062, 3063, 3184, 3214, 3344, 3383, 3496, 3498, 3613, 3742, 3837, 3862, 3866, 3901, 3914, 3934, 3981, 3995, 4009, 4079, 4179, 4199, 4214, 4261, 4288, 4354, 4411, 4512, 4534, 4621, 4739, 4746, 4828, 4864, 4881, 4899, 345, 656, 679, 745, 948, 1056, 1144, 1244, 1400, 1464, 1615]
RKP_05000_01000_1_10.txt|48108.0|1.2579688000000004|[2501, 2502, 2504, 2509, 2511, 2517, 2528, 2533, 2538, 2543, 2547, 2549, 2580, 2600, 2603, 2604, 2629, 2661, 2680, 2687, 2693, 2698, 2712, 2720, 2745, 2755, 2761, 2786, 2859, 2884, 2945, 2961, 2964, 2972, 2986, 2995, 3000, 3028, 3082, 3104, 3134, 3240, 3285, 3307, 3313, 3339, 3344, 3388, 3544, 3576, 3595, 3753, 3784, 3813, 3850, 3861, 3913, 3923, 3930, 3936, 3976, 3979, 4053, 4054, 4140, 4141, 4180, 4186, 4231, 4317, 4414, 4434, 4653, 4684, 4716, 4809, 41, 44, 60, 108, 171, 198, 253, 268, 367, 637, 809, 1187, 1336, 1536, 2198, 2315]
RKP_05000_01000_2_01.txt|30425.0|1.4714249999999964|[2502, 2507, 2512, 2522, 2528, 2532, 2538, 2581, 2588, 2603, 2615, 2647, 2653, 2676, 2765, 2809, 2839, 2852, 2895, 2913, 2983, 3041, 3104, 3187, 3224, 3261, 3447, 3451, 3497, 3511, 3546, 3600, 3673, 3973, 3987, 4141, 4230, 4344, 4398, 4500, 4557, 4668, 4781, 4851, 4900, 69, 81, 171, 560, 895, 1264, 1419, 1666, 1993, 2098]
RKP_05000_01000_2_02.txt|29700.0|1.466641100000004|[2501, 2502, 2503, 2520, 2544, 2562, 2576, 2578, 2588, 2594, 2621, 2626, 2639, 2699, 2714, 2779, 2811, 2817, 2838, 2865, 2879, 2962, 2971, 2991, 3045, 3153, 3167, 3320, 3362, 3446, 3464, 3500, 3545, 3549, 3568, 3689, 3696, 3794, 4003, 4077, 4193, 4239, 4312, 4356, 4464, 4713, 4759, 4808, 4919, 15, 37, 81, 182, 433, 483, 524, 842, 1211, 2477]
RKP_05000_01000_2_03.txt|27667.0|1.458828699999998|[2551, 2563, 2569, 2586, 2588, 2604, 2606, 2618, 2631, 2677, 2685, 2717, 2735, 2786, 2805, 2808, 2841, 2850, 2875, 2914, 2965, 2977, 3007, 3018, 3089, 3155, 3226, 3358, 3362, 3442, 3502, 3632, 3854, 3983, 4050, 4176, 4184, 4232, 4458, 4664, 4682, 4840, 48, 101, 110, 430, 587, 680, 843, 851, 916, 1040, 1322, 1438, 1957, 2464]
RKP_05000_01000_2_04.txt|38257.0|1.4800173|[2501, 2503, 2507, 2517, 2519, 2522, 2523, 2551, 2554, 2557, 2559, 2563, 2582, 2584, 2653, 2663, 2683, 2747, 2802, 2848, 2871, 2900, 3009, 3045, 3047, 3057, 3067, 3085, 3162, 3167, 3203, 3258, 3268, 3416, 3565, 3586, 3636, 3709, 3710, 3819, 3898, 4039, 4172, 4240, 4299, 4406, 4489, 4737, 4745, 4749, 4908, 18, 428, 489, 683, 998, 1030, 1372, 1736, 1924, 1954]
RKP_05000_01000_2_05.txt|31123.0|1.4388820000000067|[2503, 2504, 2505, 2508, 2509, 2512, 2516, 2523, 2530, 2533, 2534, 2543, 2570, 2580, 2656, 2687, 2701, 2704, 2760, 2773, 2790, 2824, 2844, 2860, 2890, 2920, 2927, 2953, 3026, 3234, 3237, 3275, 3376, 3457, 3552, 3564, 3632, 3658, 3769, 3835, 3924, 4076, 4122, 4172, 4180, 4262, 4425, 4508, 4533, 13, 48, 186, 443, 821, 1715, 1833, 1985]
RKP_05000_01000_2_06.txt|38224.0|1.5297766999999993|[2501, 2502, 2505, 2510, 2527, 2530, 2536, 2559, 2561, 2594, 2605, 2609, 2638, 2652, 2654, 2659, 2684, 2742, 2752, 2782, 2828, 2836, 2844, 2886, 2903, 2964, 2973, 2981, 3170, 3172, 3183, 3207, 3214, 3239, 3293, 3362, 3400, 3425, 3564, 3634, 3869, 3977, 4069, 4119, 4246, 4352, 4398, 4433, 4448, 4491, 4701, 4782, 4787, 4828, 4946, 4976, 4984, 138, 190, 611, 1631, 2045, 2451]
RKP_05000_01000_2_07.txt|35107.0|1.5168491000000017|[2501, 2505, 2511, 2512, 2533, 2544, 2605, 2657, 2699, 2707, 2712, 2728, 2738, 2757, 2794, 2868, 2887, 3016, 3251, 3259, 3271, 3272, 3409, 3497, 3623, 3639, 3731, 3765, 3925, 3937, 3961, 4052, 4093, 4125, 4143, 4202, 4311, 4386, 4402, 4435, 4445, 4476, 4706, 4733, 4741, 4782, 4841, 4946, 4961, 108, 343, 585, 629, 647, 696, 775, 1007, 1382, 1779, 1929, 1953, 1995]
RKP_05000_01000_2_08.txt|31176.0|1.5537784999999928|[2504, 2506, 2514, 2517, 2530, 2538, 2544, 2559, 2578, 2608, 2614, 2674, 2700, 2701, 2713, 2736, 2742, 2764, 2778, 2798, 2812, 2862, 2871, 2885, 2897, 2973, 3080, 3134, 3158, 3160, 3177, 3247, 3346, 3401, 3455, 3472, 3516, 3567, 3614, 3656, 3684, 3814, 3999, 4164, 4283, 4302, 4424, 4633, 4899, 132, 308, 441, 648, 691, 885, 1357, 1629]
RKP_05000_01000_2_09.txt|34098.00000010153|1.527064799999991|[2502, 2503, 2504, 2510, 2513, 2515, 2522, 2525, 2536, 2544, 2563, 2577, 2618, 2628, 2675, 2747, 2770, 2810, 2877, 2879, 2908, 2919, 3036, 3061, 3079, 3177, 3284, 3321, 3397, 3435, 3497, 3632, 3726, 3759, 3928, 4056, 4083, 4094, 4127, 4286, 4467, 4492, 4505, 4537, 4594, 4640, 4817, 137, 289, 387, 613, 797, 978, 1083, 1474, 2169, 2191]
RKP_05000_01000_2_10.txt|32838.0|1.4375729000000064|[2509, 2515, 2518, 2519, 2525, 2529, 2536, 2574, 2582, 2595, 2599, 2637, 2649, 2691, 2706, 2727, 2794, 2805, 2837, 2851, 2920, 3055, 3087, 3249, 3380, 3422, 3441, 3511, 3549, 3675, 3676, 3803, 3814, 3916, 3991, 3994, 4002, 4023, 4119, 4186, 4245, 4358, 4426, 4534, 4818, 59, 498, 663, 1084, 1174, 1212, 1387, 1515, 1550, 1584, 1767, 2309]
RKP_05000_01000_3_01.txt|61774.0|0.9679935999999998|[2501, 2502, 2509, 2512, 2515, 2516, 2521, 2523, 2534, 2537, 2540, 2545, 2546, 2547, 2553, 2560, 2572, 2577, 2587, 2597, 2608, 2609, 2612, 2614, 2619, 2632, 2650, 2676, 2693, 2707, 2737, 2741, 2774, 2776, 2784, 2805, 2872, 2881, 2884, 2887, 2898, 2900, 2955, 3039, 3050, 3053, 3060, 3062, 3104, 3123, 3132, 3188, 3228, 3249, 3257, 3417, 3451, 3496, 3538, 3547, 3581, 3587, 3639, 3640, 3690, 3698, 3865, 3882, 4100, 4115, 4198, 4279, 4394, 4458, 4556, 4678, 4741, 4750, 4916, 4929, 4961, 248, 283, 351, 374, 746, 921, 1091, 1183, 1601, 1952]
RKP_05000_01000_3_02.txt|59658.0|0.9623514000000029|[2501, 2502, 2504, 2513, 2525, 2528, 2533, 2538, 2539, 2540, 2541, 2566, 2568, 2571, 2590, 2607, 2616, 2629, 2630, 2640, 2669, 2709, 2714, 2730, 2735, 2763, 2795, 2804, 2805, 2845, 2879, 2925, 2936, 2945, 2946, 2948, 3012, 3042, 3062, 3095, 3109, 3146, 3218, 3230, 3259, 3301, 3349, 3378, 3383, 3392, 3431, 3453, 3520, 3522, 3541, 3546, 3587, 3617, 3661, 3674, 3693, 3740, 3834, 3936, 3984, 3986, 3988, 3999, 4385, 4408, 4567, 4580, 4613, 4636, 4715, 4830, 4925, 65, 167, 204, 272, 308, 353, 433, 453, 478, 489, 498, 541, 671, 808, 893, 1046, 1250, 1332, 1634, 1919, 2007, 2219]
RKP_05000_01000_3_03.txt|65265.0|0.9441118999999958|[2501, 2502, 2503, 2504, 2505, 2506, 2511, 2522, 2526, 2536, 2538, 2597, 2615, 2629, 2653, 2656, 2658, 2663, 2690, 2699, 2700, 2714, 2715, 2721, 2739, 2746, 2786, 2808, 2830, 2839, 2860, 2877, 2899, 2939, 2965, 2980, 3044, 3068, 3109, 3121, 3152, 3169, 3209, 3210, 3263, 3265, 3270, 3294, 3339, 3356, 3379, 3381, 3396, 3452, 3475, 3489, 3522, 3541, 3582, 3657, 3664, 3669, 3722, 3731, 3965, 3998, 4023, 4033, 4059, 4097, 4105, 4163, 4233, 4267, 4426, 4534, 4587, 4702, 4798, 4819, 4886, 4939, 29, 457, 666, 739, 773, 977, 1045, 1197, 1222, 1410, 1428, 1541, 1584, 1649, 1715, 1829, 1838, 2029, 2171, 2195, 2313]
RKP_05000_01000_3_04.txt|63481.0|0.9679012999999941|[2501, 2503, 2504, 2505, 2506, 2507, 2509, 2513, 2515, 2517, 2518, 2527, 2529, 2539, 2545, 2558, 2563, 2570, 2582, 2589, 2594, 2611, 2632, 2642, 2675, 2698, 2705, 2706, 2725, 2758, 2761, 2763, 2777, 2806, 2821, 2837, 2860, 2900, 2948, 2972, 2995, 3048, 3068, 3074, 3110, 3119, 3148, 3157, 3180, 3209, 3230, 3247, 3269, 3284, 3327, 3364, 3462, 3477, 3489, 3548, 3549, 3564, 3580, 3665, 3726, 3776, 3809, 3822, 3896, 3898, 3993, 4057, 4089, 4268, 4286, 4372, 4407, 4412, 4496, 4615, 4650, 4872, 16, 41, 68, 75, 93, 101, 247, 357, 365, 368, 371, 697, 774, 830, 948, 1023, 1112, 1542, 1940, 2380]
RKP_05000_01000_3_05.txt|58716.0|0.9588066999999967|[2501, 2502, 2503, 2504, 2507, 2508, 2510, 2511, 2516, 2519, 2525, 2526, 2529, 2532, 2534, 2537, 2548, 2549, 2556, 2570, 2612, 2622, 2643, 2662, 2669, 2672, 2683, 2684, 2712, 2719, 2756, 2785, 2796, 2835, 2844, 2848, 2858, 2886, 2986, 3001, 3013, 3055, 3120, 3138, 3208, 3248, 3268, 3277, 3314, 3412, 3485, 3498, 3533, 3560, 3569, 3590, 3759, 3763, 3792, 3805, 4000, 4016, 4052, 4088, 4119, 4259, 4270, 4359, 4409, 4577, 4623, 4798, 4947, 4960, 115, 134, 223, 244, 420, 470, 555, 568, 606, 667, 758, 870, 939, 940, 969, 1058, 1084, 1135, 1838, 1905]
RKP_05000_01000_3_06.txt|58365.0|0.9808316000000019|[2501, 2502, 2503, 2504, 2506, 2507, 2512, 2516, 2539, 2541, 2545, 2546, 2555, 2571, 2576, 2582, 2585, 2586, 2594, 2602, 2606, 2624, 2626, 2635, 2641, 2684, 2693, 2706, 2713, 2714, 2719, 2727, 2749, 2765, 2776, 2786, 2787, 2788, 2868, 2904, 2918, 2931, 2969, 2988, 2990, 3073, 3103, 3123, 3165, 3186, 3202, 3234, 3260, 3267, 3301, 3313, 3359, 3389, 3431, 3446, 3530, 3535, 3619, 3712, 3721, 3781, 3796, 3859, 3966, 4022, 4051, 4110, 4140, 4197, 4417, 4478, 4491, 4526, 4638, 4751, 123, 241, 256, 299, 714, 764, 824, 890, 933, 1033, 1351, 1500, 1758, 1815, 1822, 1924, 2082, 2308, 2411]
RKP_05000_01000_3_07.txt|63916.0|0.9563911999999988|[2501, 2502, 2503, 2505, 2506, 2508, 2511, 2513, 2518, 2531, 2536, 2560, 2573, 2575, 2576, 2579, 2584, 2594, 2600, 2613, 2625, 2694, 2714, 2716, 2718, 2720, 2721, 2791, 2793, 2795, 2860, 2870, 2893, 2898, 2913, 2917, 2922, 2927, 2962, 2977, 2987, 3027, 3039, 3093, 3108, 3140, 3158, 3214, 3262, 3327, 3349, 3383, 3384, 3391, 3396, 3491, 3503, 3544, 3555, 3590, 3623, 3673, 3679, 3762, 3868, 3907, 3970, 4044, 4064, 4209, 4283, 4289, 4292, 4498, 4543, 4604, 4611, 4857, 4860, 4948, 87, 216, 400, 466, 585, 635, 646, 902, 938, 1109, 1128, 1216, 1231, 1354, 1631, 1733, 1956, 2159]
RKP_05000_01000_3_08.txt|60405.0|0.9847543999999999|[2501, 2502, 2503, 2504, 2506, 2507, 2514, 2520, 2522, 2528, 2530, 2535, 2536, 2573, 2577, 2580, 2582, 2618, 2622, 2626, 2634, 2652, 2654, 2662, 2713, 2717, 2726, 2750, 2760, 2764, 2770, 2779, 2795, 2801, 2831, 2894, 2974, 2989, 3025, 3056, 3154, 3156, 3160, 3175, 3186, 3207, 3225, 3383, 3395, 3401, 3411, 3444, 3453, 3509, 3514, 3536, 3550, 3577, 3617, 3634, 3635, 3659, 3773, 3864, 3895, 4013, 4088, 4136, 4233, 4270, 4310, 4467, 4470, 4476, 4519, 4525, 4588, 4864, 4902, 4984, 358, 477, 517, 587, 714, 737, 784, 846, 896, 945, 1057, 1071, 1308, 1522, 1692, 1963, 1987, 2200, 2267, 2279]
RKP_05000_01000_3_09.txt|57911.0|0.9401230999999939|[2501, 2502, 2504, 2507, 2508, 2509, 2513, 2514, 2526, 2540, 2542, 2551, 2557, 2561, 2573, 2577, 2581, 2583, 2586, 2587, 2599, 2606, 2611, 2636, 2652, 2659, 2707, 2737, 2742, 2752, 2781, 2790, 2810, 2854, 2876, 2884, 2912, 2926, 2953, 2962, 2992, 2994, 3056, 3064, 3155, 3161, 3164, 3171, 3173, 3251, 3260, 3286, 3297, 3352, 3386, 3421, 3431, 3495, 3503, 3540, 3648, 3689, 3813, 3822, 3920, 3971, 3988, 4184, 4478, 4524, 4551, 4555, 4787, 4901, 4986, 4997, 11, 77, 121, 157, 206, 441, 520, 756, 892, 943, 1038, 1072, 1118, 1368, 1636, 1792]
RKP_05000_01000_3_10.txt|63831.0|0.9549288000000047|[2501, 2502, 2503, 2505, 2506, 2510, 2514, 2516, 2525, 2533, 2550, 2552, 2562, 2566, 2569, 2573, 2612, 2619, 2645, 2694, 2696, 2718, 2719, 2723, 2735, 2770, 2772, 2787, 2805, 2808, 2812, 2843, 2844, 2860, 2869, 2893, 2900, 2913, 2917, 2934, 2946, 2958, 2990, 3002, 3127, 3192, 3281, 3289, 3308, 3311, 3376, 3407, 3444, 3519, 3593, 3597, 3625, 3684, 3779, 3829, 3843, 3998, 4030, 4121, 4135, 4285, 4303, 4347, 4354, 4639, 4689, 4724, 4822, 4958, 111, 249, 264, 313, 377, 394, 415, 440, 564, 619, 627, 650, 734, 740, 751, 935, 1089, 1379, 1552, 1727, 1966, 2131, 2247, 2288]
RKP_05000_01000_4_01.txt|698.0|0.903757799999994|[2422]
RKP_05000_01000_4_02.txt|639.0|0.9456479999999914|[2471]
RKP_05000_01000_4_03.txt|395.0|0.9149561999999918|[2410]
RKP_05000_01000_4_04.txt|731.0|0.9322482999999977|[2410]
RKP_05000_01000_4_05.txt|520.0|0.8913370000000072|[2201]
RKP_05000_01000_4_06.txt|524.0|0.9462845000000044|[2188]
RKP_05000_01000_4_07.txt|267.0|0.925900200000001|[1993]
RKP_05000_01000_4_08.txt|294.0|0.9218083999999891|[2336]
RKP_05000_01000_4_09.txt|336.0|0.9076054000000084|[2213]
RKP_05000_01000_4_10.txt|428.0|0.9344013999999987|[2280]
RKP_05000_01000_5_01.txt|311.0|0.9123923000000076|[2465]
RKP_05000_01000_5_02.txt|63.0|0.8960912000000008|[2461]
RKP_05000_01000_5_03.txt|771.0|0.923625599999994|[2465]
RKP_05000_01000_5_04.txt|743.0|0.9199538000000018|[2451]
RKP_05000_01000_5_05.txt|392.0|0.9163446999999962|[2469]
RKP_05000_01000_5_06.txt|459.0|0.8974356999999884|[2452]
RKP_05000_01000_5_07.txt|812.0|0.9443485000000038|[2493]
RKP_05000_01000_5_08.txt|115.0|0.9214496999999966|[2476]
RKP_05000_01000_5_09.txt|11.0|0.9097557999999992|[2495]
RKP_05000_01000_5_10.txt|489.0|0.8964368999999976|[2490]
RKP_05000_05000_1_01.txt|200969.0|1.2024655999999965|[2502, 2503, 2504, 2508, 2521, 2530, 2533, 2536, 2540, 2541, 2547, 2550, 2574, 2575, 2578, 2594, 2596, 2600, 2627, 2634, 2649, 2668, 2674, 2706, 2726, 2734, 2739, 2748, 2754, 2755, 2763, 2774, 2779, 2790, 2858, 2949, 2977, 2996, 2998, 3022, 3062, 3101, 3104, 3188, 3247, 3298, 3309, 3326, 3440, 3534, 3583, 3700, 3701, 3731, 3746, 3747, 3760, 3770, 3805, 3916, 3937, 4043, 4095, 4174, 4185, 4439, 4695, 4821, 185, 187, 396, 445, 497, 613, 766, 1221, 1313, 1577, 1808, 2277, 2310]
RKP_05000_05000_1_02.txt|237492.0|1.2509648999999996|[2501, 2502, 2504, 2508, 2509, 2510, 2514, 2518, 2520, 2521, 2524, 2538, 2545, 2555, 2557, 2559, 2589, 2604, 2613, 2617, 2626, 2641, 2713, 2731, 2738, 2740, 2758, 2769, 2797, 2810, 2834, 2841, 2849, 2861, 2878, 2896, 2944, 2970, 2974, 3037, 3168, 3169, 3212, 3285, 3287, 3305, 3376, 3403, 3505, 3541, 3544, 3569, 3575, 3589, 3607, 3615, 3652, 3703, 3766, 3809, 3874, 3879, 3934, 3959, 4056, 4222, 4286, 4355, 4370, 4479, 4539, 4674, 4677, 4806, 4822, 1, 167, 206, 559, 1088, 1196, 1254, 1342, 1386, 1421, 1440, 1513, 1574, 1697, 1882, 1902, 2212, 2332]
RKP_05000_05000_1_03.txt|208290.0|1.2485292000000072|[2501, 2505, 2507, 2508, 2518, 2522, 2525, 2539, 2546, 2562, 2578, 2580, 2586, 2610, 2615, 2633, 2706, 2731, 2733, 2746, 2749, 2797, 2818, 2839, 2853, 2893, 2926, 2929, 2935, 2951, 2981, 2982, 2988, 3004, 3057, 3082, 3086, 3145, 3151, 3192, 3279, 3311, 3408, 3460, 3583, 3598, 3599, 3608, 3615, 3712, 3735, 3736, 3761, 3765, 3790, 3809, 3874, 3914, 3941, 3977, 4094, 4275, 4624, 4764, 4926, 4938, 115, 130, 260, 359, 654, 747, 914, 917, 943, 990, 993, 1012, 1093, 1343, 1784, 1874, 1914]
RKP_05000_05000_1_04.txt|191701.0|1.2568569000000025|[2501, 2503, 2505, 2509, 2512, 2518, 2524, 2525, 2534, 2538, 2548, 2568, 2575, 2576, 2581, 2585, 2590, 2596, 2605, 2635, 2645, 2648, 2669, 2673, 2689, 2697, 2702, 2722, 2726, 2740, 2791, 2799, 2818, 2826, 2832, 2833, 2868, 2876, 2887, 2890, 2908, 2922, 2984, 3057, 3059, 3175, 3210, 3278, 3287, 3309, 3314, 3331, 3435, 3572, 3889, 3917, 3918, 4175, 4177, 4253, 4258, 4359, 4375, 4438, 4503, 4513, 4517, 4551, 4561, 4828, 4872, 53, 81, 84, 313, 491, 559, 760, 805, 910, 931, 1047, 1068, 1151, 1152, 1302, 1313, 1350, 1672, 1760, 1786, 1884, 2168, 2215]
RKP_05000_05000_1_05.txt|217801.0|1.1768490000000043|[2501, 2502, 2503, 2507, 2508, 2512, 2520, 2522, 2523, 2526, 2532, 2533, 2538, 2546, 2555, 2562, 2627, 2630, 2639, 2643, 2646, 2648, 2653, 2667, 2710, 2714, 2727, 2745, 2761, 2801, 2848, 2878, 2903, 2959, 2963, 3018, 3059, 3082, 3163, 3177, 3194, 3338, 3423, 3450, 3492, 3503, 3516, 3588, 3598, 3721, 3781, 3872, 3932, 3960, 3983, 3992, 4021, 4142, 4162, 4168, 4190, 4192, 4387, 4429, 4493, 4525, 4545, 4618, 4638, 4723, 4809, 4852, 4911, 4927, 4967, 79, 157, 203, 304, 410, 524, 675, 686, 1222, 1313, 1373, 1608, 1708, 1854, 1874, 2289, 2346]
RKP_05000_05000_1_06.txt|213578.0|1.2865668999999968|[2502, 2507, 2508, 2518, 2520, 2523, 2540, 2543, 2564, 2566, 2571, 2576, 2582, 2585, 2587, 2606, 2613, 2620, 2622, 2736, 2743, 2774, 2775, 2799, 2833, 2838, 2847, 2863, 2878, 2907, 2927, 2945, 2962, 3014, 3023, 3038, 3068, 3081, 3108, 3113, 3121, 3149, 3151, 3193, 3207, 3215, 3254, 3313, 3325, 3330, 3350, 3425, 3456, 3541, 3554, 3565, 3654, 3727, 3780, 3805, 3808, 3874, 3928, 4078, 4141, 4171, 4230, 4355, 4427, 4481, 4548, 4632, 4704, 4710, 4728, 4740, 4809, 4886, 9, 146, 201, 229, 449, 604, 861, 1113, 1438, 1478, 1576, 2040, 2061, 2192]
RKP_05000_05000_1_07.txt|223675.0|1.1872323999999992|[2501, 2502, 2503, 2504, 2507, 2508, 2515, 2516, 2529, 2530, 2531, 2544, 2579, 2583, 2609, 2619, 2621, 2637, 2653, 2675, 2682, 2687, 2690, 2715, 2730, 2733, 2748, 2749, 2766, 2787, 2794, 2803, 2846, 2880, 2881, 2957, 2963, 2978, 3007, 3029, 3036, 3075, 3167, 3190, 3230, 3239, 3245, 3268, 3285, 3329, 3364, 3416, 3519, 3728, 3746, 3763, 3767, 3815, 3875, 3906, 4020, 4025, 4116, 4304, 4320, 4349, 4394, 4397, 4662, 4773, 29, 188, 225, 346, 354, 545, 1375, 1388, 1465, 1649, 1725, 1760, 2164, 2251]
RKP_05000_05000_1_08.txt|234520.0|1.2040635999999836|[2502, 2503, 2505, 2507, 2516, 2530, 2538, 2551, 2591, 2595, 2597, 2615, 2622, 2624, 2637, 2638, 2640, 2656, 2671, 2692, 2732, 2753, 2762, 2775, 2780, 2803, 2814, 2842, 2867, 2871, 2902, 2951, 2953, 2971, 2978, 3012, 3023, 3028, 3060, 3096, 3169, 3174, 3206, 3264, 3336, 3350, 3378, 3402, 3449, 3484, 3667, 3679, 3747, 3921, 3939, 4046, 4049, 4062, 4178, 4237, 4441, 4542, 4547, 4785, 4812, 4928, 25, 36, 100, 143, 181, 305, 313, 1099, 1166, 1244, 1292, 1333, 1498, 1580, 1686, 1695, 1893, 2027, 2434]
RKP_05000_05000_1_09.txt|228195.0|1.3618012000000022|[2501, 2502, 2503, 2505, 2506, 2512, 2517, 2542, 2552, 2555, 2566, 2576, 2577, 2599, 2604, 2613, 2614, 2626, 2639, 2651, 2656, 2660, 2670, 2676, 2679, 2696, 2721, 2734, 2743, 2782, 2799, 2812, 2825, 2839, 2855, 2876, 2880, 2882, 2885, 2904, 2938, 2948, 2960, 2992, 3037, 3042, 3044, 3063, 3065, 3132, 3182, 3201, 3226, 3320, 3371, 3421, 3506, 3564, 3614, 3626, 3727, 3745, 3754, 3814, 3850, 3916, 3958, 3966, 3980, 4004, 4092, 4094, 4096, 4135, 4288, 4308, 4417, 4479, 4516, 4643, 4950, 4997, 57, 93, 136, 334, 697, 1748, 1986, 1989, 2115]
RKP_05000_05000_1_10.txt|185351.0|1.2416722999999763|[2502, 2507, 2510, 2514, 2518, 2524, 2538, 2560, 2589, 2592, 2598, 2644, 2653, 2685, 2778, 2786, 2822, 2880, 2914, 2928, 2954, 2967, 2972, 3159, 3224, 3246, 3256, 3303, 3313, 3362, 3363, 3367, 3409, 3459, 3481, 3515, 3709, 3902, 3979, 4004, 4109, 4152, 4225, 4266, 4430, 4486, 4550, 4582, 4651, 4781, 4806, 4998, 4, 80, 107, 108, 129, 141, 286, 310, 370, 442, 567, 578, 601, 698, 761, 950, 971, 1196, 1880, 2032]
RKP_05000_05000_2_01.txt|153105.0|1.4886900000000196|[2501, 2508, 2518, 2519, 2520, 2521, 2532, 2549, 2565, 2570, 2593, 2657, 2735, 2750, 2779, 2793, 2819, 2835, 2883, 2911, 2975, 3015, 3079, 3190, 3248, 3250, 3366, 3437, 3453, 3486, 3545, 3559, 3792, 3808, 3867, 3935, 3982, 3997, 4005, 4135, 4165, 4284, 4385, 4437, 4613, 4736, 4751, 4958, 187, 437, 903, 1167, 1222, 1308, 1383, 2044, 2344]
RKP_05000_05000_2_02.txt|145354.0|1.5911464000000137|[2505, 2514, 2515, 2528, 2556, 2579, 2591, 2596, 2605, 2606, 2631, 2661, 2691, 2703, 2708, 2720, 2794, 3030, 3063, 3082, 3177, 3196, 3207, 3210, 3222, 3262, 3336, 3558, 3569, 3671, 3672, 3787, 4149, 4214, 4560, 4569, 4642, 4662, 4744, 4929, 314, 339, 600, 855, 1015, 1141, 1296, 1313, 1484, 1507, 2064]
RKP_05000_05000_2_03.txt|138150.0|1.4104670000000112|[2501, 2504, 2513, 2521, 2538, 2541, 2544, 2545, 2549, 2550, 2564, 2572, 2594, 2628, 2677, 2716, 2806, 2838, 2875, 2894, 2911, 2941, 2965, 2977, 3002, 3044, 3082, 3083, 3159, 3283, 3312, 3466, 3483, 3707, 3712, 3769, 3789, 3922, 3929, 3932, 3981, 4724, 4772, 12, 290, 368, 590, 868, 928, 1130, 1339, 1457, 1735, 2065, 2439]
RKP_05000_05000_2_04.txt|198625.0|1.4617619999999931|[2501, 2502, 2503, 2504, 2519, 2520, 2521, 2523, 2537, 2547, 2549, 2560, 2571, 2577, 2578, 2582, 2615, 2622, 2626, 2631, 2647, 2654, 2665, 2687, 2738, 2762, 2764, 2807, 2814, 2822, 2846, 2872, 2906, 2922, 2955, 2991, 3054, 3083, 3125, 3137, 3155, 3303, 3332, 3362, 3393, 3568, 3624, 3687, 3723, 3829, 3835, 3912, 3978, 4008, 4019, 4086, 4106, 4248, 4270, 4593, 4808, 4818, 4819, 4843, 4882, 132, 205, 273, 712, 757, 788, 1093, 1204]
RKP_05000_05000_2_05.txt|162699.0|1.37400820000002|[2504, 2505, 2508, 2509, 2513, 2534, 2566, 2570, 2603, 2613, 2628, 2645, 2663, 2667, 2720, 2817, 2850, 2870, 2981, 3001, 3013, 3051, 3095, 3106, 3126, 3162, 3234, 3356, 3358, 3374, 3432, 3462, 3476, 3511, 3522, 3534, 3603, 3653, 3675, 3732, 3742, 3760, 3894, 3989, 4003, 4088, 4268, 4313, 4557, 4993, 69, 178, 194, 1123, 1298, 1592, 1682, 1830, 1910, 2402]
RKP_05000_05000_2_06.txt|117195.0|1.4224297000000092|[2508, 2516, 2517, 2530, 2543, 2574, 2606, 2636, 2781, 2803, 2826, 2856, 2870, 2873, 2911, 2937, 2949, 3023, 3026, 3074, 3129, 3137, 3189, 3226, 3231, 3248, 3332, 3366, 3372, 3412, 3485, 3570, 3573, 3842, 4042, 4256, 4305, 4314, 4539, 4745, 4857, 153, 564, 605, 748, 871, 1080, 1264]
RKP_05000_05000_2_07.txt|149955.0|1.4782134000000156|[2507, 2516, 2526, 2530, 2536, 2572, 2629, 2652, 2669, 2699, 2712, 2732, 2773, 2883, 2909, 2911, 2921, 2928, 2952, 2961, 3028, 3124, 3131, 3167, 3213, 3225, 3227, 3372, 3403, 3426, 3432, 3457, 3489, 3615, 3637, 3653, 3826, 3935, 3938, 3960, 4081, 4114, 4230, 4234, 4319, 4488, 4545, 4618, 164, 338, 505, 560, 680, 689, 896, 1204, 1435, 1495, 1566, 1739, 2279]
RKP_05000_05000_2_08.txt|157398.0|1.4665496000000076|[2502, 2509, 2517, 2520, 2527, 2530, 2534, 2583, 2593, 2612, 2616, 2655, 2660, 2679, 2692, 2742, 2759, 2774, 2786, 2791, 2815, 2832, 2909, 2949, 2961, 3051, 3103, 3159, 3224, 3246, 3260, 3282, 3311, 3399, 3419, 3444, 3453, 3564, 3739, 3762, 3964, 3973, 4020, 4097, 4192, 4214, 4334, 4335, 4524, 4578, 4719, 4850, 4890, 98, 314, 356, 407, 539, 619, 774, 835, 856, 1117, 1191]
RKP_05000_05000_2_09.txt|181281.0|1.3750459999999975|[2501, 2502, 2503, 2504, 2507, 2519, 2526, 2536, 2544, 2560, 2561, 2582, 2583, 2584, 2605, 2628, 2629, 2637, 2652, 2657, 2664, 2673, 2678, 2680, 2681, 2684, 2721, 2751, 2779, 2827, 2860, 2885, 2894, 2913, 2923, 3019, 3134, 3329, 3393, 3399, 3420, 3473, 3512, 3586, 3677, 3679, 3684, 3713, 3731, 3808, 3878, 3962, 3978, 3982, 4055, 4187, 4271, 4302, 4312, 4629, 4868, 55, 389, 1241, 1730, 2459]
RKP_05000_05000_2_10.txt|139393.0|1.4648157999999967|[2501, 2502, 2514, 2523, 2524, 2535, 2542, 2570, 2582, 2597, 2617, 2653, 2675, 2685, 2705, 2733, 2761, 2768, 2811, 2830, 2851, 2952, 2965, 2981, 3057, 3086, 3157, 3166, 3223, 3225, 3228, 3356, 3399, 3515, 3560, 3578, 3636, 3730, 4030, 4101, 4120, 4242, 4257, 4408, 4602, 4764, 24, 94, 105, 232, 354, 384, 518, 685, 771, 772, 967, 1068, 1118, 1867, 2170]
RKP_05000_05000_3_01.txt|348059.0|0.99623729999999|[2501, 2504, 2506, 2509, 2510, 2512, 2513, 2516, 2517, 2521, 2526, 2539, 2545, 2554, 2555, 2556, 2558, 2566, 2579, 2583, 2588, 2594, 2596, 2602, 2606, 2622, 2632, 2637, 2657, 2664, 2669, 2671, 2698, 2784, 2836, 2949, 2952, 2965, 2980, 2999, 3010, 3028, 3030, 3063, 3095, 3125, 3128, 3134, 3138, 3146, 3231, 3236, 3287, 3300, 3314, 3333, 3370, 3426, 3504, 3575, 3580, 3632, 3658, 3680, 3790, 3791, 3828, 3909, 3910, 3930, 4039, 4164, 4258, 4346, 4350, 4387, 4524, 4525, 4600, 4622, 4645, 4766, 4812, 4954, 44, 238, 281, 331, 487, 710, 861, 1215, 1441, 1585, 1617, 1643, 1983, 2023]
RKP_05000_05000_3_02.txt|275516.0|0.9754255000000001|[2501, 2502, 2505, 2508, 2509, 2510, 2523, 2525, 2530, 2532, 2533, 2538, 2547, 2550, 2551, 2555, 2558, 2559, 2585, 2592, 2599, 2606, 2615, 2617, 2633, 2651, 2655, 2705, 2712, 2717, 2721, 2727, 2803, 2884, 2889, 2905, 2907, 2909, 2993, 3007, 3009, 3058, 3068, 3097, 3101, 3107, 3269, 3273, 3369, 3385, 3467, 3469, 3485, 3593, 3632, 3651, 3698, 3699, 3720, 3729, 3732, 3957, 4009, 4175, 4263, 4293, 4414, 4470, 4525, 4538, 4618, 4759, 4845, 4892, 1, 29, 56, 89, 326, 592, 596, 730, 782, 978, 1217, 1243, 1279, 1422, 1634, 1675, 1721, 1838, 1988, 2053, 2089]
RKP_05000_05000_3_03.txt|337509.0|1.0092187000000195|[2501, 2502, 2503, 2504, 2505, 2506, 2508, 2509, 2512, 2513, 2515, 2521, 2525, 2538, 2546, 2558, 2567, 2579, 2588, 2590, 2616, 2627, 2628, 2640, 2683, 2685, 2686, 2694, 2719, 2723, 2781, 2823, 2866, 2872, 2873, 2933, 2971, 2989, 3023, 3042, 3053, 3054, 3118, 3136, 3182, 3203, 3263, 3277, 3326, 3353, 3356, 3437, 3450, 3463, 3470, 3511, 3529, 3561, 3599, 3629, 3687, 3738, 3755, 3778, 3784, 3995, 4005, 4016, 4047, 4177, 4191, 4196, 4203, 4215, 4229, 4277, 4300, 4355, 4375, 4411, 4460, 4643, 4647, 4774, 4797, 4920, 4930, 85, 213, 250, 268, 612, 713, 885, 889, 952, 1319, 1409, 1532]
RKP_05000_05000_3_04.txt|308692.0|0.9786951000000101|[2501, 2504, 2506, 2511, 2512, 2514, 2519, 2527, 2531, 2547, 2551, 2561, 2571, 2593, 2594, 2601, 2602, 2609, 2641, 2655, 2656, 2669, 2673, 2677, 2683, 2698, 2705, 2708, 2715, 2729, 2741, 2749, 2756, 2774, 2782, 2784, 2804, 2843, 2904, 2912, 2954, 2955, 2976, 2979, 3005, 3047, 3085, 3099, 3140, 3142, 3148, 3218, 3220, 3279, 3343, 3368, 3388, 3407, 3436, 3533, 3619, 3630, 3708, 3776, 3804, 3933, 4064, 4089, 4246, 4293, 4300, 4304, 4518, 4581, 4646, 4843, 4928, 4941, 188, 204, 227, 354, 415, 565, 643, 891, 954, 997, 1023, 1043, 1125, 1341, 1356, 1370, 1372, 1604, 1607, 1670, 1843, 2178, 2213]
RKP_05000_05000_3_05.txt|321176.0|1.016395999999986|[2501, 2502, 2504, 2505, 2512, 2513, 2515, 2517, 2520, 2524, 2525, 2528, 2532, 2534, 2542, 2544, 2550, 2558, 2562, 2570, 2572, 2575, 2581, 2595, 2597, 2615, 2638, 2639, 2641, 2650, 2666, 2702, 2707, 2742, 2759, 2768, 2809, 2817, 2831, 2868, 2872, 2875, 2906, 2941, 3003, 3033, 3037, 3055, 3116, 3117, 3120, 3128, 3243, 3279, 3314, 3339, 3445, 3458, 3469, 3484, 3504, 3544, 3573, 3682, 3813, 3878, 4006, 4019, 4140, 4155, 4164, 4180, 4186, 4196, 4258, 4271, 4343, 4451, 4460, 4482, 4886, 4928, 106, 410, 494, 619, 638, 942, 1009, 1066, 1069, 1233, 1638, 1767, 2118, 2207]
RKP_05000_05000_3_06.txt|321085.0|0.9797215000000108|[2501, 2502, 2503, 2506, 2507, 2508, 2510, 2518, 2522, 2523, 2528, 2530, 2543, 2544, 2548, 2555, 2578, 2593, 2597, 2615, 2625, 2630, 2632, 2665, 2690, 2703, 2719, 2733, 2734, 2739, 2742, 2762, 2785, 2813, 2818, 2877, 2882, 2886, 2930, 2980, 3042, 3107, 3116, 3117, 3123, 3145, 3171, 3192, 3237, 3317, 3339, 3345, 3409, 3424, 3434, 3477, 3485, 3505, 3615, 3623, 3691, 3823, 3879, 4178, 4245, 4439, 4467, 4489, 4535, 4600, 4615, 4669, 4800, 4834, 4838, 4912, 37, 40, 126, 197, 224, 293, 368, 565, 714, 751, 825, 827, 859, 941, 948, 1190, 1357, 1371, 1446, 1629, 1680, 1800, 1883]
RKP_05000_05000_3_07.txt|308200.0|1.0235661000000107|[2501, 2502, 2503, 2504, 2512, 2513, 2546, 2561, 2582, 2588, 2619, 2624, 2630, 2643, 2692, 2717, 2720, 2731, 2732, 2783, 2804, 2848, 2895, 2912, 2959, 2962, 2987, 2990, 3025, 3044, 3098, 3099, 3109, 3119, 3152, 3156, 3184, 3217, 3218, 3223, 3239, 3266, 3296, 3313, 3317, 3335, 3366, 3397, 3424, 3505, 3549, 3560, 3590, 3627, 3713, 3779, 3823, 3875, 3903, 3905, 3920, 3997, 4079, 4164, 4221, 4228, 4318, 4354, 4414, 4439, 4464, 4593, 4701, 4787, 4845, 4879, 4899, 11, 51, 143, 155, 247, 324, 536, 795, 847, 1003, 1487, 1788, 2156, 2250, 2296]
RKP_05000_05000_3_08.txt|300768.0|1.0061467000000164|[2501, 2502, 2503, 2504, 2506, 2509, 2514, 2516, 2518, 2522, 2528, 2538, 2539, 2543, 2553, 2554, 2560, 2573, 2578, 2589, 2591, 2605, 2610, 2622, 2628, 2647, 2650, 2652, 2692, 2705, 2737, 2741, 2751, 2754, 2780, 2789, 2794, 2851, 2891, 2930, 2933, 2954, 2984, 3024, 3047, 3063, 3140, 3192, 3231, 3242, 3252, 3262, 3284, 3328, 3357, 3376, 3438, 3542, 3605, 3645, 3685, 3724, 3811, 3871, 3905, 3950, 4020, 4113, 4333, 4356, 4469, 4650, 4721, 4750, 4893, 4913, 4946, 28, 136, 197, 250, 359, 445, 572, 1012, 1467, 1522, 1969, 2231, 2305]
RKP_05000_05000_3_09.txt|337140.0|0.9973928000000001|[2501, 2502, 2504, 2507, 2510, 2513, 2517, 2519, 2525, 2535, 2542, 2543, 2554, 2575, 2596, 2611, 2612, 2623, 2633, 2640, 2650, 2665, 2684, 2733, 2752, 2759, 2781, 2799, 2813, 2817, 2838, 2844, 2845, 2854, 2856, 2887, 2906, 2931, 3012, 3032, 3034, 3093, 3109, 3129, 3143, 3160, 3179, 3193, 3267, 3289, 3293, 3330, 3351, 3377, 3413, 3429, 3432, 3646, 3782, 3828, 3843, 3969, 3979, 3989, 4049, 4055, 4062, 4063, 4167, 4227, 4246, 4313, 4433, 4445, 4611, 4666, 4747, 4927, 4935, 4984, 25, 246, 273, 338, 385, 426, 494, 509, 838, 953, 1177, 1184, 1364, 1552, 1577, 1692, 1740, 1746, 1813, 1838, 2289, 2325, 2339]
RKP_05000_05000_3_10.txt|284645.0|1.0109468999999933|[2501, 2502, 2503, 2504, 2505, 2509, 2510, 2513, 2514, 2518, 2523, 2525, 2526, 2528, 2544, 2548, 2551, 2557, 2559, 2560, 2567, 2577, 2598, 2601, 2602, 2620, 2637, 2672, 2681, 2690, 2727, 2743, 2761, 2776, 2778, 2809, 2813, 2819, 2855, 2894, 2902, 2905, 2981, 2990, 3035, 3076, 3077, 3105, 3107, 3116, 3164, 3165, 3168, 3175, 3216, 3348, 3393, 3488, 3562, 3575, 3599, 3635, 3659, 3702, 3724, 3758, 3784, 3807, 3858, 3905, 3944, 4067, 4139, 4153, 4214, 4286, 4391, 4469, 21, 36, 73, 143, 198, 248, 423, 478, 546, 718, 722, 801, 954, 959, 968, 1031, 1140, 1259, 1437, 1881, 1891, 2308]
RKP_05000_05000_4_01.txt|1875.0|0.9355910999999821|[2158]
RKP_05000_05000_4_02.txt|3283.0|0.9254704000000231|[2478]
RKP_05000_05000_4_03.txt|3437.0|0.9374076999999943|[2214]
RKP_05000_05000_4_04.txt|2418.0|0.9356420999999955|[2097]
RKP_05000_05000_4_05.txt|1929.0|0.9276969999999949|[2283]
RKP_05000_05000_4_06.txt|1534.0|0.9327509999999961|[2125]
RKP_05000_05000_4_07.txt|2698.0|0.9177188999999828|[2278]
RKP_05000_05000_4_08.txt|1400.0|0.93508589999999|[2410]
RKP_05000_05000_4_09.txt|3518.0|0.9259078999999986|[2270]
RKP_05000_05000_4_10.txt|2159.0|0.9214177000000063|[2286]
RKP_05000_05000_5_01.txt|3020.0|0.9091707999999983|[2490]
RKP_05000_05000_5_02.txt|3516.0|0.937326100000007|[2486]
RKP_05000_05000_5_03.txt|3737.0|0.913675000000012|[2485]
RKP_05000_05000_5_04.txt|1131.0|0.9144443999999794|[2493]
RKP_05000_05000_5_05.txt|1552.0|0.9095429999999851|[2493]
RKP_05000_05000_5_06.txt|24455.0|1.0326665000000048|[2501, 2566, 2582, 3287, 3500, 3730, 4161]
RKP_05000_05000_5_07.txt|1666.0|0.9172324000000174|[2487]
RKP_05000_05000_5_08.txt|1503.0|0.9180808999999783|[2487]
RKP_05000_05000_5_09.txt|3986.0|0.9294198999999992|[2497]
RKP_05000_05000_5_10.txt|1836.0|0.9536423000000127|[2491]
