RKP_00100_00100_1_01.txt|657.0|0.29572410000000005|[21, 23, 30, 36, 37, 42, 44, 48, 49, 51, 87]
RKP_00100_00100_1_02.txt|649.0|0.12475370000000008|[21, 22, 29, 35, 36, 57, 64, 67, 68, 70, 76, 11]
RKP_00100_00100_1_03.txt|477.0|0.10789670000000007|[21, 22, 24, 25, 26, 30, 32, 34, 35, 54, 83, 90]
RKP_00100_00100_1_04.txt|485.0|0.11561099999999991|[22, 23, 24, 25, 27, 29, 30, 35, 63, 94]
RKP_00100_00100_1_05.txt|541.0|0.09046869999999996|[23, 31, 34, 36, 40, 42, 50, 64, 86, 99]
RKP_00100_00100_1_06.txt|648.0|0.09267580000000009|[25, 32, 36, 37, 40, 51, 54, 67, 68, 70, 75, 77, 17]
RKP_00100_00100_1_07.txt|325.0|0.07121540000000004|[25, 29, 33, 59, 66, 71, 80, 91]
RKP_00100_00100_1_08.txt|851.0|0.2350947000000001|[21, 22, 25, 26, 27, 29, 33, 38, 44, 49, 50, 96, 7, 8, 12]
RKP_00100_00100_1_09.txt|350.0|0.10833660000000012|[22, 25, 36, 38, 43, 44, 49, 62, 72, 97]
RKP_00100_00100_1_10.txt|617.0|0.08218199999999998|[21, 22, 23, 24, 25, 31, 33, 35, 38, 40, 44, 47, 53]
RKP_00100_00100_2_01.txt|645.0|0.09503139999999988|[21, 22, 26, 33, 40, 42, 47, 61, 63, 79]
RKP_00100_00100_2_02.txt|517.0|0.09191229999999995|[21, 24, 25, 28, 31, 48, 50, 60, 67, 100]
RKP_00100_00100_2_03.txt|585.0|0.07700709999999988|[21, 23, 25, 36, 51, 67, 68, 71, 79, 95]
RKP_00100_00100_2_04.txt|530.0|0.08400099999999977|[22, 28, 29, 31, 32, 38, 46, 48, 70]
RKP_00100_00100_2_05.txt|512.0|0.12779889999999972|[23, 33, 49, 50, 52, 54, 84, 16]
RKP_00100_00100_2_06.txt|184.0|0.10444819999999977|[22, 28, 43, 67, 87, 99]
RKP_00100_00100_2_07.txt|379.0|0.09197149999999965|[23, 24, 27, 33, 35, 41, 42, 48]
RKP_00100_00100_2_08.txt|343.0|0.09889310000000018|[21, 22, 24, 26, 34, 36, 48, 49]
RKP_00100_00100_2_09.txt|366.0|0.08627479999999998|[24, 27, 29, 40, 47, 57, 95]
RKP_00100_00100_2_10.txt|333.0|0.0790801000000001|[21, 22, 34, 48, 60, 84, 85, 96, 5]
RKP_00100_00100_3_01.txt|538.0|0.08369399999999994|[21, 22, 23, 26, 28, 30, 36, 41, 49, 64, 67]
RKP_00100_00100_3_02.txt|763.0|0.09140989999999993|[21, 22, 23, 28, 37, 45, 61, 68, 72, 76, 79, 88]
RKP_00100_00100_3_03.txt|829.0|0.08979930000000014|[21, 22, 23, 24, 26, 32, 34, 35, 43, 65, 66, 84, 86, 95, 1]
RKP_00100_00100_3_04.txt|808.0|0.07455580000000017|[22, 24, 26, 28, 29, 34, 41, 46, 54, 62, 68, 70, 92]
RKP_00100_00100_3_05.txt|661.0|0.08499120000000016|[21, 22, 26, 27, 32, 35, 42, 45, 53, 72, 90, 92]
RKP_00100_00100_3_06.txt|906.0|0.08419850000000029|[22, 23, 24, 26, 28, 30, 31, 32, 36, 47, 51, 59, 60, 86, 92]
RKP_00100_00100_3_07.txt|723.0|0.08294390000000007|[22, 24, 26, 33, 34, 47, 70, 87, 92, 3, 8, 9]
RKP_00100_00100_3_08.txt|783.0|0.09241110000000008|[21, 22, 23, 26, 27, 29, 32, 35, 38, 53, 82, 90]
RKP_00100_00100_3_09.txt|608.0|0.08975599999999995|[21, 23, 28, 36, 52, 62, 64, 68, 77, 9]
RKP_00100_00100_3_10.txt|909.0|0.07502150000000007|[21, 25, 26, 40, 54, 65, 66, 74, 80, 81, 82, 86, 87, 89, 13]
RKP_00100_00100_4_01.txt|36.0|0.06475059999999999|[17]
RKP_00100_00100_4_02.txt|10.0|0.06481020000000015|[8]
RKP_00100_00100_4_03.txt|19.0|0.06361090000000003|[4]
RKP_00100_00100_4_04.txt|38.0|0.06194670000000002|[15]
RKP_00100_00100_4_05.txt|35.0|0.06342429999999988|[15]
RKP_00100_00100_4_06.txt|4.0|0.06555630000000034|[13]
RKP_00100_00100_4_07.txt|43.0|0.06348310000000001|[18]
RKP_00100_00100_4_08.txt|25.0|0.06130970000000069|[17]
RKP_00100_00100_4_09.txt|11.0|0.06333529999999943|[9]
RKP_00100_00100_4_10.txt|29.0|0.06400839999999963|[8]
RKP_00100_00100_5_01.txt|27.0|0.06325389999999942|[18]
RKP_00100_00100_5_02.txt|39.0|0.06330360000000024|[15]
RKP_00100_00100_5_03.txt|3.0|0.0631813999999995|[20]
RKP_00100_00100_5_04.txt|48.0|0.06427340000000026|[12]
RKP_00100_00100_5_05.txt|4.0|0.06309559999999959|[18]
RKP_00100_00100_5_06.txt|60.0|0.06264829999999932|[20]
RKP_00100_00100_5_07.txt|32.0|0.06376839999999984|[17]
RKP_00100_00100_5_08.txt|11.0|0.06311599999999995|[16]
RKP_00100_00100_5_09.txt|10.0|0.06663890000000006|[16]
RKP_00100_00100_5_10.txt|80.0|0.06473929999999939|[21, 26, 6]
RKP_00500_00100_1_01.txt|1194.0|0.15818110000000019|[102, 103, 104, 105, 106, 125, 127, 138, 140, 163, 175, 220, 231, 240, 248, 258, 268, 273, 311, 322, 369, 374, 380, 384, 404, 100]
RKP_00500_00100_1_02.txt|1040.0|0.14702079999999995|[104, 113, 114, 130, 177, 187, 188, 189, 202, 209, 232, 270, 275, 305, 388, 389, 425, 451, 475, 488, 494, 33]
RKP_00500_00100_1_03.txt|1378.0|0.16851960000000066|[101, 105, 111, 115, 116, 130, 140, 144, 173, 211, 213, 223, 239, 240, 247, 258, 264, 327, 328, 426, 460, 77, 96]
RKP_00500_00100_1_04.txt|937.0|0.14268340000000013|[105, 111, 123, 141, 148, 159, 162, 164, 165, 193, 194, 221, 256, 297, 312, 345, 354, 415, 459, 67]
RKP_00500_00100_1_05.txt|1256.0|0.14861250000000048|[101, 102, 103, 105, 106, 110, 111, 113, 117, 118, 123, 124, 126, 172, 176, 204, 216, 236, 292, 303, 315, 392, 420, 463, 2]
RKP_00500_00100_1_06.txt|1503.0|0.1424903000000004|[102, 103, 105, 113, 122, 130, 134, 135, 150, 152, 153, 155, 183, 189, 207, 231, 265, 282, 289, 290, 311, 325, 330, 340, 344, 381, 11, 90]
RKP_00500_00100_1_07.txt|1452.0|0.1434325000000003|[102, 107, 116, 121, 122, 131, 140, 147, 149, 180, 189, 194, 197, 226, 233, 247, 265, 283, 292, 297, 306, 357, 422, 459, 10, 61, 69, 92]
RKP_00500_00100_1_08.txt|1238.0|0.14172659999999926|[101, 102, 103, 104, 110, 116, 129, 135, 163, 206, 222, 246, 249, 250, 256, 265, 267, 285, 325, 358, 426, 432, 457, 478]
RKP_00500_00100_1_09.txt|1427.0|0.15078389999999953|[111, 116, 119, 139, 148, 154, 156, 168, 177, 208, 248, 250, 251, 253, 263, 273, 280, 310, 314, 321, 329, 357, 407, 424, 444, 96]
RKP_00500_00100_1_10.txt|1164.0|0.11725180000000002|[101, 103, 104, 105, 106, 108, 114, 115, 121, 130, 131, 133, 149, 159, 162, 175, 184, 210, 262, 314, 334, 377, 442, 13]
RKP_00500_00100_2_01.txt|951.0|0.14522119999999994|[103, 111, 116, 132, 139, 140, 150, 160, 188, 200, 201, 202, 237, 248, 250, 268, 318, 326, 352, 359, 41, 47]
RKP_00500_00100_2_02.txt|1011.0|0.13430549999999997|[104, 106, 113, 121, 136, 159, 165, 172, 197, 200, 212, 231, 242, 256, 267, 286, 295, 399, 414, 436, 41]
RKP_00500_00100_2_03.txt|817.0|0.1404956000000004|[102, 103, 113, 118, 121, 124, 131, 137, 138, 160, 164, 171, 200, 204, 207, 235, 242, 254, 255, 264, 266, 418, 482, 36]
RKP_00500_00100_2_04.txt|844.0|0.10750130000000002|[107, 109, 111, 114, 116, 119, 120, 122, 126, 138, 155, 158, 180, 205, 212, 225, 263, 304, 316, 406, 29]
RKP_00500_00100_2_05.txt|936.0|0.13487500000000008|[102, 104, 105, 110, 116, 134, 138, 148, 152, 158, 177, 187, 282, 318, 360, 375, 394, 422, 17, 23, 26]
RKP_00500_00100_2_06.txt|736.0|0.13748990000000028|[101, 103, 105, 109, 115, 118, 124, 127, 135, 150, 153, 157, 170, 217, 250, 255, 303, 402]
RKP_00500_00100_2_07.txt|943.0|0.11995100000000036|[101, 103, 104, 105, 106, 109, 117, 153, 175, 183, 214, 223, 229, 262, 360, 378, 392, 408, 467, 472, 52]
RKP_00500_00100_2_08.txt|752.0|0.10886120000000066|[101, 103, 106, 107, 115, 123, 142, 145, 146, 150, 187, 196, 223, 284, 450, 95]
RKP_00500_00100_2_09.txt|679.0|0.11856880000000025|[102, 116, 138, 139, 152, 170, 187, 208, 215, 377, 404, 412, 435, 26, 33]
RKP_00500_00100_2_10.txt|828.0|0.1391087999999998|[102, 109, 114, 119, 120, 121, 140, 176, 183, 216, 218, 254, 266, 316, 376, 472, 41, 98]
RKP_00500_00100_3_01.txt|1340.0|0.12390020000000046|[101, 102, 103, 105, 108, 111, 124, 131, 133, 138, 143, 164, 177, 196, 243, 248, 258, 323, 325, 340, 348, 360, 393, 444, 1]
RKP_00500_00100_3_02.txt|1634.0|0.12413660000000082|[101, 103, 104, 105, 107, 120, 126, 132, 138, 139, 156, 164, 173, 203, 210, 211, 252, 260, 267, 272, 279, 289, 295, 302, 303, 321, 431, 436, 451, 498, 13]
RKP_00500_00100_3_03.txt|1677.0|0.09952209999999972|[101, 105, 109, 111, 114, 122, 140, 145, 152, 171, 193, 211, 213, 218, 223, 226, 239, 242, 248, 291, 293, 298, 358, 364, 366, 392, 451, 44, 54]
RKP_00500_00100_3_04.txt|1794.0|0.12394839999999974|[101, 102, 103, 109, 111, 117, 120, 127, 131, 166, 168, 172, 203, 204, 219, 225, 242, 246, 256, 263, 268, 309, 317, 378, 380, 382, 412, 428, 445, 450]
RKP_00500_00100_3_05.txt|1629.0000000000016|0.12545180000000045|[101, 105, 107, 108, 109, 112, 130, 132, 133, 174, 184, 187, 192, 202, 206, 208, 243, 289, 296, 299, 311, 325, 352, 363, 394, 419, 440, 477, 481, 482, 492, 497, 17]
RKP_00500_00100_3_06.txt|1551.0|0.12584000000000017|[101, 102, 105, 107, 111, 112, 116, 119, 124, 145, 152, 156, 168, 173, 190, 191, 237, 286, 289, 304, 342, 381, 383, 384, 411, 33]
RKP_00500_00100_3_07.txt|1667.0|0.12173500000000104|[101, 102, 103, 104, 105, 117, 124, 130, 133, 137, 176, 199, 202, 211, 241, 257, 291, 296, 300, 316, 344, 387, 402, 408, 426, 30]
RKP_00500_00100_3_08.txt|1795.0|0.12005590000000055|[101, 104, 108, 110, 114, 119, 125, 126, 131, 132, 135, 149, 157, 158, 162, 163, 184, 190, 214, 233, 241, 244, 250, 259, 272, 314, 375, 380, 401, 402, 423, 51, 70, 84]
RKP_00500_00100_3_09.txt|1620.0|0.0984026999999994|[101, 102, 103, 104, 112, 114, 124, 154, 158, 163, 170, 183, 204, 208, 215, 222, 236, 248, 254, 269, 271, 273, 308, 321, 331, 369, 394, 415, 447, 34]
RKP_00500_00100_3_10.txt|1607.0|0.1265351999999993|[101, 103, 107, 110, 113, 114, 118, 125, 128, 138, 140, 157, 186, 199, 223, 253, 259, 265, 283, 289, 293, 317, 382, 405, 422, 425, 488, 492]
RKP_00500_00100_4_01.txt|18.0|0.10013089999999991|[34]
RKP_00500_00100_4_02.txt|25.0|0.0983110000000007|[23]
RKP_00500_00100_4_03.txt|20.0|0.09766910000000095|[34]
RKP_00500_00100_4_04.txt|19.0|0.09754260000000059|[19]
RKP_00500_00100_4_05.txt|18.0|0.12381199999999914|[21]
RKP_00500_00100_4_06.txt|1.0|0.0996762000000011|[31]
RKP_00500_00100_4_07.txt|15.0|0.09734259999999928|[67]
RKP_00500_00100_4_08.txt|16.0|0.0975811999999987|[30]
RKP_00500_00100_4_09.txt|9.0|0.09999509999999923|[40]
RKP_00500_00100_4_10.txt|40.0|0.09749829999999982|[73]
RKP_00500_00100_5_01.txt|26.0|0.09943280000000065|[72]
RKP_00500_00100_5_02.txt|5.0|0.09843520000000083|[67]
RKP_00500_00100_5_03.txt|37.0|0.09752439999999929|[81]
RKP_00500_00100_5_04.txt|38.0|0.09833929999999924|[86]
RKP_00500_00100_5_05.txt|26.0|0.1005199999999995|[79]
RKP_00500_00100_5_06.txt|32.0|0.10239229999999999|[65]
RKP_00500_00100_5_07.txt|38.0|0.10023939999999953|[77]
RKP_00500_00100_5_08.txt|45.0|0.09681430000000013|[79]
RKP_00500_00100_5_09.txt|39.0|0.09872790000000009|[78]
RKP_00500_00100_5_10.txt|10.0|0.09861070000000005|[93]
RKP_01000_00100_1_01.txt|1600.0|0.217333|[202, 208, 210, 213, 227, 236, 239, 240, 242, 247, 248, 250, 251, 264, 267, 291, 297, 316, 323, 351, 460, 461, 514, 576, 632, 665, 731, 760, 804, 846]
RKP_01000_00100_1_02.txt|1500.0|0.20709770000000027|[201, 202, 208, 209, 216, 218, 230, 238, 249, 250, 264, 272, 289, 308, 371, 382, 393, 395, 492, 494, 559, 686, 715, 719, 727, 757, 784, 894, 896, 954, 72]
RKP_01000_00100_1_03.txt|1392.0|0.20008209999999949|[201, 202, 203, 204, 216, 219, 232, 248, 250, 256, 314, 316, 321, 328, 345, 372, 374, 382, 399, 452, 526, 566, 580, 698, 735, 925, 954, 1000, 13, 69]
RKP_01000_00100_1_04.txt|1723.0|0.3154969999999988|[201, 202, 203, 205, 206, 212, 214, 220, 242, 244, 253, 263, 269, 275, 291, 351, 363, 365, 372, 384, 447, 455, 466, 477, 483, 576, 629, 766, 792, 926, 932, 933, 990, 57]
RKP_01000_00100_1_05.txt|1762.0|0.21460339999999967|[201, 212, 216, 226, 229, 237, 239, 241, 249, 274, 275, 289, 301, 321, 323, 351, 359, 388, 398, 407, 422, 499, 507, 753, 782, 835, 873, 896, 976, 65, 115, 200]
RKP_01000_00100_1_06.txt|1990.0|0.19155239999999907|[201, 204, 206, 208, 210, 233, 237, 238, 244, 252, 255, 257, 258, 278, 299, 317, 320, 368, 376, 377, 410, 433, 442, 444, 450, 455, 465, 483, 549, 583, 642, 746, 832, 845, 990, 193]
RKP_01000_00100_1_07.txt|1873.0|0.19174040000000048|[202, 203, 207, 208, 218, 219, 237, 242, 249, 280, 286, 288, 290, 327, 328, 329, 330, 370, 390, 404, 426, 542, 572, 582, 636, 640, 676, 684, 756, 827, 841, 978, 74]
RKP_01000_00100_1_08.txt|1650.0|0.2240726000000013|[201, 204, 205, 206, 207, 210, 215, 216, 222, 226, 229, 268, 280, 301, 311, 318, 345, 349, 412, 423, 442, 474, 478, 494, 503, 556, 566, 590, 621, 622, 916, 980, 122]
RKP_01000_00100_1_09.txt|1796.0|0.2079159999999991|[201, 202, 214, 215, 217, 227, 231, 232, 236, 239, 248, 303, 308, 333, 368, 370, 396, 413, 448, 462, 490, 627, 713, 779, 872, 891, 982, 98, 125, 142]
RKP_01000_00100_1_10.txt|1681.0|0.19974250000000104|[201, 204, 208, 211, 219, 237, 243, 250, 255, 276, 304, 311, 358, 359, 388, 398, 421, 453, 486, 495, 531, 568, 599, 639, 666, 680, 691, 734, 818, 863, 869, 948, 954, 985, 5, 13, 131, 168]
RKP_01000_00100_2_01.txt|1069.0|0.19927089999999836|[203, 207, 212, 213, 216, 221, 224, 233, 241, 247, 273, 276, 311, 385, 386, 407, 409, 452, 453, 464, 566, 574, 575, 580, 814, 890]
RKP_01000_00100_2_02.txt|1238.0|0.16486119999999893|[208, 223, 263, 269, 273, 277, 284, 379, 383, 402, 413, 511, 557, 575, 576, 585, 597, 610, 747, 783, 825, 982, 101, 154]
RKP_01000_00100_2_03.txt|1205.0|0.16957300000000153|[205, 213, 233, 255, 258, 264, 281, 284, 287, 297, 323, 324, 341, 371, 386, 456, 482, 530, 535, 547, 594, 604, 616, 617, 620, 946, 54, 97, 128]
RKP_01000_00100_2_04.txt|909.0|0.19326290000000057|[208, 221, 224, 235, 237, 249, 258, 260, 274, 294, 311, 323, 330, 347, 384, 407, 444, 628, 643, 704, 898, 982]
RKP_01000_00100_2_05.txt|1375.0|0.2027348|[202, 205, 207, 211, 212, 226, 230, 273, 284, 352, 362, 372, 414, 422, 436, 455, 499, 551, 580, 609, 620, 628, 662, 701, 712, 942, 23, 46]
RKP_01000_00100_2_06.txt|1347.0|0.1887761000000001|[201, 206, 208, 209, 216, 224, 233, 248, 252, 257, 322, 338, 352, 354, 385, 387, 433, 455, 459, 490, 503, 522, 583, 599, 790, 802, 847, 5, 27, 58, 76]
RKP_01000_00100_2_07.txt|1177.0|0.16918330000000026|[201, 202, 203, 207, 220, 261, 281, 338, 373, 408, 484, 505, 537, 578, 596, 633, 644, 657, 680, 720, 731, 882, 983, 996, 21, 150]
RKP_01000_00100_2_08.txt|1458.0|0.19374089999999988|[201, 203, 207, 209, 210, 211, 216, 221, 226, 239, 241, 244, 249, 321, 329, 331, 375, 423, 428, 450, 478, 494, 606, 611, 749, 773, 809, 861, 62]
RKP_01000_00100_2_09.txt|1004.0|0.163332500000001|[206, 209, 213, 218, 225, 230, 231, 318, 327, 376, 391, 405, 425, 435, 548, 582, 617, 636, 670, 773, 851, 856, 104, 182]
RKP_01000_00100_2_10.txt|1909.0|0.1751687000000004|[201, 204, 205, 215, 230, 256, 258, 271, 278, 289, 322, 363, 364, 384, 391, 452, 473, 482, 509, 514, 541, 609, 643, 721, 722, 748, 764, 779, 900, 910, 955]
RKP_01000_00100_3_01.txt|2548.0|0.14283230000000025|[201, 202, 211, 215, 221, 222, 232, 249, 251, 255, 265, 269, 277, 283, 294, 319, 333, 334, 357, 379, 386, 408, 440, 449, 522, 526, 537, 540, 548, 641, 656, 664, 737, 765, 767, 805, 859, 904, 940, 963, 995, 57, 162]
RKP_01000_00100_3_02.txt|1988.0|0.1652723999999992|[201, 202, 203, 207, 209, 216, 218, 219, 224, 225, 231, 237, 253, 256, 269, 270, 279, 294, 310, 320, 321, 326, 337, 338, 376, 378, 416, 486, 495, 500, 518, 577, 581, 586, 733, 786, 800, 844, 854, 178]
RKP_01000_00100_3_03.txt|2337.0|0.17342929999999868|[201, 203, 213, 217, 222, 231, 244, 246, 254, 262, 274, 284, 289, 293, 299, 342, 343, 370, 375, 380, 381, 404, 422, 456, 470, 521, 525, 578, 592, 631, 643, 730, 780, 829, 852, 892, 938, 997, 22, 36, 194]
RKP_01000_00100_3_04.txt|2552.0|0.19170650000000045|[201, 202, 203, 204, 205, 209, 210, 215, 216, 229, 231, 234, 241, 242, 244, 262, 265, 283, 342, 349, 361, 432, 435, 474, 477, 493, 505, 589, 633, 649, 680, 692, 735, 750, 758, 839, 845, 857, 940, 986]
RKP_01000_00100_3_05.txt|1911.0|0.1743237999999998|[201, 202, 205, 210, 223, 224, 229, 231, 237, 246, 257, 276, 285, 286, 300, 307, 308, 328, 341, 344, 351, 363, 372, 383, 392, 404, 508, 515, 660, 680, 750, 830, 861, 76, 110]
RKP_01000_00100_3_06.txt|1889.0|0.20984580000000008|[201, 205, 206, 207, 213, 214, 215, 216, 218, 222, 225, 228, 236, 237, 263, 266, 271, 312, 329, 353, 358, 404, 407, 417, 424, 427, 439, 442, 449, 478, 547, 671, 743, 86, 101, 170]
RKP_01000_00100_3_07.txt|2247.0|0.1461277999999986|[201, 203, 204, 205, 206, 208, 212, 216, 220, 223, 227, 231, 234, 238, 253, 256, 262, 263, 312, 324, 329, 331, 361, 369, 390, 404, 431, 482, 537, 554, 602, 607, 633, 683, 783, 791, 805, 895, 950, 22, 67, 88, 142]
RKP_01000_00100_3_08.txt|1951.0|0.1842700999999991|[201, 202, 207, 209, 211, 233, 235, 271, 289, 297, 318, 329, 330, 331, 345, 352, 354, 379, 398, 433, 450, 452, 457, 466, 492, 503, 540, 542, 672, 724, 791, 836, 855, 903, 83]
RKP_01000_00100_3_09.txt|1562.0|0.16782030000000248|[201, 202, 203, 204, 206, 209, 216, 217, 223, 226, 240, 247, 248, 277, 283, 326, 327, 341, 385, 402, 411, 416, 457, 518, 585, 603, 646, 671, 680, 778, 847, 958, 71, 85, 130]
RKP_01000_00100_3_10.txt|2206.0|0.1742606000000002|[201, 203, 210, 212, 216, 218, 222, 226, 235, 237, 241, 246, 256, 261, 272, 303, 304, 306, 313, 322, 356, 369, 387, 427, 445, 447, 464, 514, 519, 534, 639, 667, 724, 832, 877, 887, 964, 999, 164]
RKP_01000_00100_4_01.txt|23.0|0.14186120000000102|[66]
RKP_01000_00100_4_02.txt|14.0|0.1392755000000001|[58]
RKP_01000_00100_4_03.txt|21.0|0.14274130000000085|[56]
RKP_01000_00100_4_04.txt|13.0|0.14170149999999992|[28]
RKP_01000_00100_4_05.txt|18.0|0.14082549999999827|[51]
RKP_01000_00100_4_06.txt|29.0|0.14097819999999928|[78]
RKP_01000_00100_4_07.txt|25.0|0.18878169999999983|[87]
RKP_01000_00100_4_08.txt|4.0|0.1430846999999993|[47]
RKP_01000_00100_4_09.txt|23.0|0.14025120000000157|[77]
RKP_01000_00100_4_10.txt|8.0|0.1527339000000012|[43]
RKP_01000_00100_5_01.txt|41.0|0.14688830000000053|[200]
RKP_01000_00100_5_02.txt|42.0|0.1467881999999996|[147]
RKP_01000_00100_5_03.txt|42.0|0.14528490000000005|[145]
RKP_01000_00100_5_04.txt|9.0|0.14584810000000203|[147]
RKP_01000_00100_5_05.txt|34.0|0.141719700000003|[200]
RKP_01000_00100_5_06.txt|20.0|0.1429165999999995|[133]
RKP_01000_00100_5_07.txt|33.0|0.14291190000000142|[200]
RKP_01000_00100_5_08.txt|26.0|0.1908247000000003|[152]
RKP_01000_00100_5_09.txt|27.0|0.14718910000000207|[155]
RKP_01000_00100_5_10.txt|20.0|0.1414634000000028|[139]
RKP_05000_00100_1_01.txt|3132.0|0.5928129999999996|[1001, 1003, 1004, 1005, 1007, 1008, 1009, 1013, 1016, 1020, 1021, 1022, 1024, 1031, 1049, 1051, 1059, 1068, 1089, 1099, 1115, 1116, 1150, 1155, 1213, 1302, 1363, 1465, 1540, 1553, 1589, 1642, 1801, 1847, 1852, 1904, 2181, 2207, 2213, 2268, 2275, 2277, 2366, 2373, 2406, 2482, 2485, 2568, 2700, 2723, 2839, 3003, 3091, 3106, 3398, 3478, 3505, 3548, 3556, 3692, 4411, 4645, 4733, 536, 545]
RKP_05000_00100_1_02.txt|2894.0|0.631866800000001|[1001, 1002, 1016, 1018, 1028, 1031, 1042, 1044, 1051, 1060, 1073, 1075, 1099, 1104, 1130, 1135, 1151, 1171, 1174, 1235, 1262, 1275, 1277, 1301, 1304, 1338, 1347, 1350, 1374, 1420, 1437, 1448, 1463, 1501, 1601, 1716, 1794, 1892, 2201, 2210, 2432, 2557, 2585, 2720, 2821, 2929, 3337, 3669, 3809, 3939, 4013, 4107, 4158, 4415, 4648, 4739, 66, 71, 311, 339, 439, 651]
RKP_05000_00100_1_03.txt|3247.0|0.6676672000000003|[1001, 1002, 1005, 1006, 1007, 1010, 1022, 1026, 1027, 1052, 1081, 1114, 1136, 1156, 1193, 1203, 1207, 1219, 1304, 1326, 1350, 1401, 1591, 1612, 1656, 1793, 1929, 1961, 2020, 2035, 2044, 2066, 2069, 2154, 2171, 2237, 2283, 2355, 2417, 2550, 2588, 2634, 2880, 3382, 3442, 3646, 3797, 3939, 3992, 4005, 4036, 4127, 4261, 4382, 4471, 4686, 4801, 53, 396, 436, 798]
RKP_05000_00100_1_04.txt|3821.0|0.634798700000001|[1002, 1005, 1007, 1016, 1020, 1023, 1026, 1038, 1041, 1069, 1078, 1131, 1135, 1147, 1205, 1233, 1378, 1416, 1444, 1455, 1557, 1579, 1651, 1713, 1792, 1795, 1868, 1936, 1979, 2048, 2173, 2210, 2367, 2521, 2527, 2633, 2675, 2764, 2931, 3030, 3255, 3304, 3528, 3565, 3594, 3831, 3859, 3940, 4006, 4053, 4064, 4085, 4198, 4225, 4336, 4338, 4474, 4484, 4503, 4605, 4644, 4703, 248, 280, 320, 470, 914]
RKP_05000_00100_1_05.txt|3391.0|0.6343106000000027|[1002, 1004, 1008, 1014, 1016, 1020, 1023, 1030, 1033, 1038, 1044, 1053, 1060, 1064, 1092, 1096, 1101, 1119, 1158, 1174, 1230, 1270, 1288, 1306, 1317, 1356, 1427, 1428, 1507, 1527, 1541, 1542, 1608, 1644, 1660, 1907, 1977, 2088, 2169, 2249, 2309, 2432, 2433, 2759, 3347, 3447, 3537, 3549, 3850, 3886, 3922, 3995, 4160, 4454, 4856, 179, 251, 588, 630, 969]
RKP_05000_00100_1_06.txt|3292.0|0.6205435999999978|[1002, 1003, 1007, 1008, 1009, 1011, 1014, 1017, 1018, 1021, 1025, 1041, 1044, 1045, 1055, 1062, 1071, 1073, 1108, 1111, 1115, 1122, 1131, 1133, 1139, 1147, 1152, 1208, 1219, 1329, 1377, 1435, 1457, 1569, 1645, 1652, 1694, 1701, 1745, 1747, 1807, 1860, 1866, 1896, 1912, 1920, 2031, 2259, 2279, 2319, 2512, 2542, 2606, 2799, 3510, 3608, 3842, 4167, 4239, 4571, 4825, 655]
RKP_05000_00100_1_07.txt|3851.0|0.6263483000000001|[1001, 1003, 1004, 1005, 1011, 1013, 1030, 1032, 1054, 1055, 1079, 1090, 1097, 1104, 1118, 1124, 1155, 1180, 1188, 1192, 1204, 1219, 1244, 1362, 1451, 1453, 1457, 1494, 1582, 1646, 1811, 1876, 1880, 1930, 1931, 1991, 2149, 2187, 2199, 2222, 2299, 2401, 2437, 2477, 2674, 2758, 2762, 2827, 3037, 3041, 3085, 3207, 3367, 3438, 3591, 3883, 4111, 4162, 4167, 4320, 4370, 4419, 4473, 4484, 4566, 252, 639]
RKP_05000_00100_1_08.txt|3452.0|0.6241628999999982|[1001, 1006, 1025, 1029, 1048, 1052, 1054, 1072, 1082, 1120, 1137, 1148, 1154, 1179, 1183, 1186, 1215, 1234, 1260, 1264, 1266, 1275, 1276, 1288, 1300, 1341, 1345, 1441, 1502, 1538, 1687, 1739, 1745, 1777, 1779, 1816, 1820, 1865, 1906, 1985, 2029, 2079, 2267, 2318, 2358, 2632, 2717, 2781, 3054, 3248, 3399, 3535, 3780, 3845, 4137, 4226, 4259, 4876, 4911, 344, 473, 638, 811, 998]
RKP_05000_00100_1_09.txt|2514.0|0.6426554000000024|[1002, 1003, 1006, 1010, 1030, 1042, 1043, 1070, 1074, 1083, 1090, 1121, 1178, 1190, 1230, 1270, 1307, 1325, 1329, 1383, 1423, 1447, 1463, 1533, 1588, 1729, 1747, 1786, 1796, 1816, 1853, 1987, 2184, 2260, 2309, 2363, 2387, 2427, 2441, 2736, 2769, 2856, 2869, 2945, 3349, 3596, 3807, 3965, 4051, 4556, 4572, 4697, 4759, 135, 156, 220, 341, 424]
RKP_05000_00100_1_10.txt|3416.0|0.6661847999999999|[1001, 1002, 1008, 1013, 1020, 1021, 1025, 1026, 1043, 1048, 1060, 1083, 1090, 1111, 1134, 1143, 1153, 1176, 1180, 1189, 1230, 1304, 1321, 1352, 1363, 1385, 1429, 1437, 1445, 1482, 1484, 1564, 1629, 1654, 1662, 1714, 1780, 1795, 1805, 1930, 1952, 1956, 2091, 2221, 2342, 2350, 2395, 2422, 2517, 2804, 3061, 3120, 3616, 3958, 4065, 4086, 4176, 4373, 4734, 185, 369, 572, 883]
RKP_05000_00100_2_01.txt|2175.0|0.5706156|[1005, 1025, 1040, 1044, 1068, 1077, 1110, 1142, 1144, 1148, 1220, 1246, 1315, 1540, 1551, 1626, 1648, 1736, 1848, 1868, 2057, 2078, 2187, 2238, 2292, 2647, 2715, 2741, 2835, 3000, 3019, 3120, 3210, 3218, 3295, 3729, 3735, 3913, 3948, 4020, 4518, 4573, 39, 620]
RKP_05000_00100_2_02.txt|2468.0|0.5905147999999976|[1003, 1004, 1008, 1010, 1014, 1015, 1022, 1029, 1035, 1040, 1073, 1101, 1103, 1152, 1242, 1275, 1298, 1407, 1455, 1532, 1536, 1578, 1656, 1677, 1763, 1778, 1871, 1929, 2014, 2178, 2194, 2493, 2570, 2714, 2770, 2793, 2800, 2838, 3263, 3360, 3412, 3437, 3439, 3501, 3707, 3984, 3992, 4004, 4178, 4238, 4654, 4848, 63, 347, 384, 978]
RKP_05000_00100_2_03.txt|2406.0|0.6150695000000006|[1001, 1004, 1005, 1006, 1009, 1017, 1022, 1039, 1054, 1082, 1113, 1185, 1202, 1242, 1314, 1388, 1442, 1524, 1543, 1592, 1610, 1710, 1711, 1769, 1798, 1826, 1840, 1842, 1895, 2122, 2234, 2332, 2463, 2469, 2749, 2867, 2925, 3550, 3606, 3844, 3973, 4166, 4332, 4625, 4890, 4969, 28, 206, 547, 655, 806, 989]
RKP_05000_00100_2_04.txt|2321.0|0.5745903000000006|[1001, 1005, 1012, 1031, 1035, 1045, 1054, 1067, 1072, 1087, 1099, 1109, 1156, 1168, 1225, 1283, 1325, 1355, 1387, 1483, 1491, 1506, 1531, 1637, 1674, 1687, 1752, 1917, 1950, 2107, 2138, 2415, 2551, 2565, 2566, 2633, 2671, 2864, 3042, 3052, 3100, 3126, 3299, 4108, 4153, 4585, 4838, 139]
RKP_05000_00100_2_05.txt|2614.0|0.5587422000000011|[1005, 1022, 1029, 1052, 1069, 1099, 1167, 1274, 1355, 1366, 1370, 1413, 1426, 1452, 1522, 1612, 1693, 1752, 1797, 1829, 1879, 1942, 1984, 1991, 2029, 2076, 2224, 2654, 2741, 2823, 2903, 3083, 3206, 3208, 3261, 3332, 3365, 3545, 3614, 3703, 3785, 3815, 4226, 4238, 4241, 4374, 4383, 4406, 4555, 4573, 4758]
RKP_05000_00100_2_06.txt|2196.0|0.6139849999999996|[1001, 1003, 1006, 1008, 1023, 1033, 1062, 1129, 1135, 1136, 1182, 1210, 1222, 1324, 1326, 1356, 1369, 1437, 1466, 1602, 1639, 1758, 1816, 1853, 2025, 2109, 2193, 2208, 2288, 2383, 2433, 2581, 2688, 2917, 3040, 3044, 3075, 3118, 3148, 3322, 3408, 3422, 3453, 3974, 4081, 4347, 4682, 405, 478]
RKP_05000_00100_2_07.txt|2380.0|0.6074669999999998|[1001, 1002, 1003, 1007, 1015, 1043, 1049, 1055, 1058, 1071, 1074, 1079, 1103, 1105, 1141, 1177, 1180, 1183, 1194, 1216, 1235, 1244, 1260, 1261, 1333, 1373, 1396, 1429, 1516, 1595, 1649, 1689, 1744, 1938, 2063, 2103, 2389, 2949, 3108, 3164, 3246, 3323, 3332, 3419, 3528, 3641, 3751, 4229, 4555, 4866, 183, 327, 507]
RKP_05000_00100_2_08.txt|2014.0|0.5722364999999989|[1001, 1002, 1007, 1009, 1011, 1014, 1015, 1023, 1024, 1025, 1041, 1048, 1079, 1098, 1099, 1152, 1199, 1291, 1342, 1367, 1464, 1524, 1560, 1621, 1636, 1671, 1672, 1735, 1792, 1869, 1953, 1967, 2204, 2301, 2387, 2415, 2492, 2617, 2638, 2700, 3068, 3149, 3312, 3584, 3915, 4246, 4421, 4696, 332, 543, 658]
RKP_05000_00100_2_09.txt|2364.0|0.5981798000000005|[1005, 1006, 1015, 1018, 1020, 1061, 1075, 1086, 1088, 1110, 1112, 1142, 1151, 1218, 1238, 1244, 1293, 1294, 1315, 1355, 1362, 1392, 1433, 1558, 1678, 1755, 1796, 1846, 1955, 2008, 2149, 2203, 2331, 2335, 2338, 2397, 2679, 2818, 2873, 2919, 3179, 3196, 3213, 3318, 3352, 3365, 3520, 3692, 3953, 4113, 70, 171, 778]
RKP_05000_00100_2_10.txt|2238.0|0.6358205000000012|[1019, 1066, 1072, 1074, 1078, 1113, 1120, 1136, 1163, 1184, 1210, 1250, 1253, 1275, 1291, 1302, 1315, 1326, 1373, 1477, 1502, 1660, 1918, 1935, 1978, 2253, 2313, 2459, 2547, 2773, 2932, 3022, 3133, 3283, 3318, 3345, 3435, 3755, 3768, 3802, 4005, 4077, 4300, 4321, 12, 424, 994]
RKP_05000_00100_3_01.txt|3722.0|0.5191568999999987|[1001, 1002, 1003, 1004, 1008, 1010, 1011, 1026, 1044, 1048, 1055, 1067, 1077, 1080, 1083, 1097, 1135, 1145, 1224, 1231, 1242, 1279, 1288, 1297, 1312, 1334, 1349, 1361, 1383, 1395, 1465, 1471, 1506, 1530, 1533, 1534, 1588, 1610, 1661, 1692, 1900, 2006, 2096, 2187, 2192, 2232, 2272, 2286, 2335, 2363, 2702, 2725, 2751, 2768, 2994, 3035, 3039, 3090, 3321, 3608, 3908, 4252, 4272, 4292, 4323, 4674, 4675, 4683, 195, 471, 562]
RKP_05000_00100_3_02.txt|4505.0|0.5448576000000003|[1001, 1009, 1011, 1017, 1019, 1022, 1036, 1038, 1055, 1074, 1093, 1094, 1097, 1098, 1132, 1135, 1145, 1148, 1167, 1203, 1219, 1242, 1254, 1272, 1280, 1301, 1312, 1313, 1330, 1351, 1356, 1365, 1373, 1392, 1415, 1434, 1453, 1472, 1496, 1512, 1542, 1776, 1856, 1973, 1989, 1993, 2047, 2092, 2093, 2119, 2136, 2147, 2267, 2271, 2326, 2335, 2664, 2727, 2834, 2876, 3005, 3362, 3367, 3409, 3674, 3689, 3722, 3762, 3772, 3848, 4287, 4318, 4344, 4615, 4623, 4645, 4676, 55, 114, 494, 912]
RKP_05000_00100_3_03.txt|4291.0|0.5509141|[1001, 1003, 1005, 1006, 1014, 1015, 1018, 1020, 1021, 1027, 1052, 1073, 1076, 1086, 1096, 1129, 1140, 1156, 1159, 1165, 1191, 1205, 1258, 1283, 1341, 1351, 1387, 1403, 1520, 1647, 1656, 1690, 1698, 1714, 1820, 1894, 1901, 1914, 1945, 1977, 1979, 1996, 2051, 2058, 2086, 2109, 2226, 2256, 2304, 2305, 2347, 2409, 2459, 2487, 2558, 2571, 2672, 2712, 2732, 2847, 2888, 2890, 2941, 3659, 3662, 3676, 3793, 3858, 3962, 3984, 3989, 4115, 254, 440, 520, 528, 547, 563, 874]
RKP_05000_00100_3_04.txt|4044.0|0.5478616999999986|[1001, 1002, 1003, 1005, 1009, 1011, 1014, 1016, 1048, 1056, 1059, 1068, 1099, 1100, 1103, 1133, 1136, 1205, 1266, 1282, 1298, 1309, 1315, 1318, 1320, 1325, 1335, 1365, 1375, 1377, 1403, 1446, 1578, 1688, 1708, 1759, 1769, 1770, 1808, 1898, 1984, 1991, 2024, 2182, 2193, 2227, 2264, 2283, 2338, 2347, 2348, 2433, 2570, 2739, 2757, 2788, 2817, 2905, 3156, 3231, 3274, 3340, 3386, 3433, 3600, 3634, 3764, 3810, 4111, 4384, 4399, 4639, 4783, 4851, 136, 679, 996]
RKP_05000_00100_3_05.txt|3352.0|0.5190031000000062|[1001, 1007, 1024, 1025, 1032, 1047, 1052, 1060, 1079, 1081, 1113, 1122, 1206, 1220, 1230, 1238, 1292, 1295, 1304, 1345, 1362, 1435, 1448, 1480, 1485, 1486, 1513, 1542, 1563, 1573, 1583, 1588, 1614, 1638, 1656, 1669, 1905, 1909, 1936, 1950, 1973, 1994, 2526, 2668, 2760, 2810, 2858, 3040, 3337, 3456, 3596, 3671, 3714, 3837, 3859, 3877, 3928, 4114, 4135, 4492, 4753, 63, 73, 207, 398, 423]
RKP_05000_00100_3_06.txt|4212.0|0.564734399999999|[1001, 1002, 1003, 1004, 1005, 1010, 1015, 1024, 1025, 1026, 1027, 1029, 1032, 1035, 1045, 1058, 1068, 1079, 1103, 1104, 1108, 1113, 1119, 1121, 1179, 1203, 1221, 1244, 1248, 1270, 1290, 1352, 1413, 1452, 1492, 1551, 1564, 1638, 1683, 1755, 1765, 1787, 1796, 1838, 1956, 2046, 2081, 2130, 2148, 2227, 2347, 2366, 2376, 2451, 2474, 2477, 2657, 2698, 2735, 2860, 2884, 3159, 3205, 3299, 3412, 3457, 3528, 3710, 3738, 3878, 3889, 3978, 4082, 4112, 4151, 151, 211, 282]
RKP_05000_00100_3_07.txt|4183.0|0.5410091000000037|[1001, 1002, 1010, 1014, 1016, 1018, 1020, 1026, 1030, 1032, 1077, 1089, 1093, 1096, 1098, 1099, 1114, 1119, 1169, 1178, 1185, 1189, 1206, 1211, 1213, 1222, 1281, 1304, 1355, 1356, 1362, 1372, 1416, 1495, 1500, 1507, 1523, 1549, 1550, 1570, 1583, 1699, 1729, 1750, 1799, 1812, 1817, 1865, 1876, 1883, 1890, 1894, 1913, 1980, 1985, 2030, 2060, 2095, 2109, 2453, 2577, 2615, 2663, 2833, 2892, 2960, 3113, 3510, 3632, 3667, 3701, 3869, 4232, 4416, 4542, 4653, 38, 185, 835]
RKP_05000_00100_3_08.txt|4132.0|0.534998299999998|[1001, 1005, 1006, 1013, 1017, 1021, 1036, 1044, 1047, 1059, 1060, 1092, 1097, 1100, 1101, 1124, 1129, 1161, 1169, 1215, 1227, 1238, 1296, 1328, 1343, 1346, 1382, 1426, 1428, 1491, 1525, 1557, 1563, 1572, 1611, 1645, 1685, 1700, 1807, 1888, 1925, 1969, 2027, 2076, 2208, 2238, 2240, 2244, 2355, 2414, 2478, 2497, 2502, 2517, 2589, 2802, 2973, 3091, 3154, 3276, 3313, 3430, 3572, 3702, 4001, 4330, 4335, 4410, 4689, 4716, 4794, 4821, 49, 62, 178, 225, 353, 604, 708, 735]
RKP_05000_00100_3_09.txt|4467.0|0.549176199999998|[1001, 1002, 1004, 1010, 1018, 1024, 1025, 1040, 1055, 1057, 1063, 1094, 1101, 1110, 1111, 1116, 1137, 1205, 1217, 1262, 1271, 1277, 1288, 1307, 1355, 1409, 1419, 1424, 1466, 1585, 1600, 1636, 1662, 1696, 1789, 1827, 1839, 1981, 1986, 2067, 2074, 2161, 2210, 2328, 2499, 2532, 2558, 2683, 2913, 3032, 3033, 3048, 3227, 3372, 3453, 3595, 3609, 3618, 3846, 3862, 3897, 3925, 4071, 4120, 4127, 4500, 4562, 4596, 4603, 4727, 4987, 348, 459, 609, 681, 813, 902, 948]
RKP_05000_00100_3_10.txt|4271.0|0.594831499999998|[1003, 1004, 1005, 1008, 1010, 1019, 1021, 1022, 1027, 1030, 1047, 1050, 1052, 1057, 1063, 1110, 1119, 1138, 1141, 1142, 1166, 1173, 1216, 1227, 1236, 1252, 1283, 1383, 1438, 1526, 1540, 1627, 1666, 1775, 1787, 1798, 1860, 1881, 2040, 2046, 2075, 2132, 2166, 2259, 2419, 2426, 2430, 2457, 2463, 2547, 2938, 2946, 3051, 3107, 3181, 3195, 3235, 3244, 3280, 3312, 3477, 3567, 3720, 3858, 3929, 3988, 3990, 4361, 4869, 4877, 4997, 16, 218, 448, 628, 783]
RKP_05000_00100_4_01.txt|27.0|0.5157139000000015|[702]
RKP_05000_00100_4_02.txt|15.0|0.5420958999999996|[722]
RKP_05000_00100_4_03.txt|44.0|0.5630263000000042|[716]
RKP_05000_00100_4_04.txt|19.0|0.5490557000000038|[700]
RKP_05000_00100_4_05.txt|32.0|0.5468073999999987|[687]
RKP_05000_00100_4_06.txt|28.0|0.5581340000000026|[704]
RKP_05000_00100_4_07.txt|20.0|0.5525462000000019|[705]
RKP_05000_00100_4_08.txt|32.0|0.5085179000000011|[728]
RKP_05000_00100_4_09.txt|40.0|0.5429791000000037|[700]
RKP_05000_00100_4_10.txt|5.0|0.5755467000000039|[691]
RKP_05000_00100_5_01.txt|37.0|0.5127067999999966|[733]
RKP_05000_00100_5_02.txt|10.0|0.5561032999999966|[687]
RKP_05000_00100_5_03.txt|35.0|0.5531594000000055|[722]
RKP_05000_00100_5_04.txt|36.0|0.5476156000000003|[693]
RKP_05000_00100_5_05.txt|29.0|0.5046514000000002|[692]
RKP_05000_00100_5_06.txt|16.0|0.5843695999999952|[710]
RKP_05000_00100_5_07.txt|17.0|0.5730994999999979|[693]
RKP_05000_00100_5_08.txt|12.0|0.5246475000000004|[721]
RKP_05000_00100_5_09.txt|38.0|0.5448839000000021|[696]
RKP_05000_00100_5_10.txt|27.0|0.5684439999999995|[646]
RKP_05000_01000_1_01.txt|45153.0|0.8720442999999989|[1001, 1002, 1005, 1008, 1010, 1013, 1015, 1016, 1017, 1018, 1022, 1023, 1030, 1033, 1035, 1053, 1078, 1082, 1086, 1096, 1118, 1151, 1164, 1212, 1226, 1252, 1271, 1328, 1334, 1368, 1379, 1399, 1424, 1491, 1511, 1551, 1661, 1684, 1700, 1726, 1732, 1751, 1778, 1800, 1866, 1921, 1969, 1991, 2034, 2145, 2196, 2214, 2232, 2233, 2387, 2431, 2591, 2724, 2742, 2756, 2775, 2810, 2841, 2858, 2919, 2928, 2979, 3077, 3187, 3254, 3266, 3481, 3567, 3629, 3777, 3874, 4144, 4187, 4256, 4282, 4485, 4534, 4791, 4799, 129, 223, 479, 971]
RKP_05000_01000_1_02.txt|42846.0|0.9394478999999976|[1003, 1007, 1010, 1017, 1022, 1036, 1039, 1041, 1078, 1084, 1089, 1096, 1109, 1155, 1165, 1203, 1207, 1222, 1235, 1236, 1282, 1304, 1337, 1368, 1406, 1425, 1464, 1471, 1506, 1539, 1588, 1622, 1646, 1675, 1694, 1728, 1772, 1790, 1837, 1917, 1918, 1928, 1965, 1988, 2055, 2205, 2261, 2277, 2329, 2337, 2343, 2403, 2414, 2455, 2590, 2604, 2677, 2683, 2860, 2999, 3011, 3041, 3093, 3120, 3198, 3229, 3379, 3594, 3727, 3745, 3750, 3769, 3800, 3825, 3832, 3973, 4095, 4349, 4565, 4585, 4628, 4668, 4795, 4875, 489, 961]
RKP_05000_01000_1_03.txt|40757.00000000007|0.8835663999999994|[1001, 1003, 1013, 1022, 1024, 1033, 1060, 1062, 1067, 1072, 1076, 1094, 1114, 1129, 1135, 1165, 1174, 1176, 1186, 1192, 1248, 1272, 1339, 1344, 1441, 1446, 1479, 1515, 1533, 1649, 1749, 1810, 1852, 1875, 1882, 1933, 1940, 1988, 2006, 2027, 2039, 2146, 2150, 2219, 2339, 2364, 2415, 2475, 2478, 2483, 2534, 2605, 2614, 2719, 2815, 2822, 2854, 2979, 3016, 3080, 3110, 3125, 3161, 3201, 3314, 3468, 3471, 3682, 3688, 3848, 4194, 4232, 4276, 4392, 4682, 4835, 4920, 104, 191, 193, 216, 283, 640]
RKP_05000_01000_1_04.txt|43305.0|0.8998680999999991|[1001, 1002, 1005, 1006, 1007, 1008, 1009, 1010, 1016, 1024, 1025, 1033, 1035, 1049, 1050, 1052, 1061, 1064, 1071, 1114, 1132, 1133, 1135, 1181, 1189, 1191, 1210, 1223, 1238, 1248, 1270, 1318, 1351, 1395, 1413, 1421, 1465, 1482, 1498, 1522, 1533, 1546, 1594, 1670, 1687, 1716, 1724, 1792, 1794, 1886, 1952, 2021, 2107, 2142, 2174, 2218, 2275, 2311, 2395, 2416, 2450, 2546, 2597, 2689, 2901, 2916, 3023, 3047, 3060, 3177, 3320, 3470, 3550, 3580, 3649, 3922, 3999, 4023, 4051, 4055, 4271, 4926, 232, 277, 329, 397, 624, 775]
RKP_05000_01000_1_05.txt|44688.0|0.8758476000000002|[1002, 1004, 1005, 1008, 1009, 1014, 1016, 1019, 1025, 1027, 1046, 1048, 1065, 1067, 1069, 1073, 1085, 1091, 1093, 1094, 1097, 1119, 1120, 1130, 1132, 1157, 1168, 1201, 1208, 1231, 1254, 1259, 1267, 1279, 1330, 1339, 1349, 1352, 1385, 1430, 1467, 1580, 1584, 1592, 1593, 1651, 1667, 1711, 1816, 1903, 1943, 1985, 2012, 2023, 2049, 2093, 2142, 2150, 2155, 2162, 2227, 2316, 2320, 2321, 2411, 2418, 2474, 2588, 2606, 2607, 2649, 2883, 2893, 3004, 3069, 3256, 3263, 3271, 3360, 3397, 3547, 3819, 3834, 4067, 4468, 53, 96, 118, 204, 385]
RKP_05000_01000_1_06.txt|45723.0|0.795214399999999|[1001, 1002, 1003, 1004, 1006, 1008, 1009, 1010, 1013, 1037, 1042, 1048, 1051, 1052, 1060, 1080, 1090, 1107, 1150, 1157, 1159, 1163, 1188, 1192, 1217, 1224, 1269, 1288, 1292, 1297, 1336, 1337, 1343, 1399, 1429, 1498, 1503, 1601, 1612, 1616, 1646, 1656, 1684, 1687, 1688, 1691, 1697, 1721, 1736, 1894, 1943, 1998, 2002, 2040, 2062, 2097, 2145, 2192, 2242, 2305, 2368, 2494, 2511, 2530, 2662, 2689, 2720, 2879, 2910, 2916, 3012, 3025, 3048, 3050, 3168, 3195, 3442, 3483, 3517, 3633, 3857, 3861, 3865, 3925, 3967, 4076, 4109, 4846, 196, 603, 793]
RKP_05000_01000_1_07.txt|37957.0|0.927236299999997|[1001, 1002, 1008, 1015, 1021, 1023, 1027, 1038, 1044, 1046, 1065, 1077, 1084, 1091, 1094, 1119, 1130, 1161, 1188, 1198, 1204, 1213, 1226, 1241, 1363, 1386, 1393, 1421, 1424, 1453, 1522, 1523, 1568, 1569, 1577, 1608, 1616, 1628, 1640, 1651, 1731, 1753, 1795, 1848, 1957, 1985, 1993, 2047, 2052, 2175, 2178, 2346, 2359, 2378, 2449, 2489, 2607, 2645, 2666, 2697, 2741, 2764, 2865, 2904, 3001, 3087, 3145, 3235, 3245, 3593, 3669, 3984, 4438, 4455, 4964, 9, 78, 242, 471]
RKP_05000_01000_1_08.txt|37001.0|0.7808071999999981|[1003, 1007, 1010, 1012, 1015, 1020, 1024, 1026, 1029, 1032, 1039, 1040, 1043, 1052, 1066, 1075, 1079, 1081, 1089, 1109, 1115, 1117, 1118, 1140, 1151, 1190, 1207, 1217, 1235, 1244, 1257, 1279, 1389, 1411, 1419, 1427, 1430, 1488, 1527, 1529, 1531, 1548, 1575, 1651, 1670, 1738, 1785, 1849, 1890, 1892, 1952, 2088, 2138, 2275, 2344, 2391, 2485, 2487, 2574, 3070, 3099, 3110, 3356, 3382, 3528, 3585, 3723, 3841, 4288, 4318, 4323, 4437, 4788, 4908, 4925, 4937, 70, 497, 666]
RKP_05000_01000_1_09.txt|45134.0|0.9160281999999995|[1001, 1002, 1003, 1004, 1006, 1007, 1008, 1017, 1018, 1025, 1027, 1029, 1032, 1039, 1047, 1049, 1051, 1073, 1091, 1094, 1101, 1104, 1106, 1128, 1136, 1153, 1157, 1163, 1190, 1191, 1302, 1320, 1342, 1359, 1364, 1390, 1427, 1473, 1499, 1562, 1563, 1684, 1714, 1844, 1883, 1996, 1998, 2113, 2242, 2337, 2362, 2366, 2401, 2414, 2434, 2481, 2495, 2509, 2579, 2679, 2699, 2714, 2761, 2788, 2854, 2911, 3012, 3034, 3121, 3239, 3246, 3328, 3364, 3381, 3399, 3845, 4156, 4179, 4245, 4448, 4556, 4644, 4744, 4900, 4964, 115]
RKP_05000_01000_1_10.txt|50619.0|0.8866915999999989|[1001, 1002, 1004, 1009, 1011, 1017, 1028, 1033, 1038, 1043, 1047, 1049, 1080, 1100, 1103, 1104, 1129, 1161, 1180, 1187, 1193, 1198, 1212, 1220, 1245, 1255, 1261, 1286, 1359, 1384, 1445, 1461, 1464, 1472, 1486, 1495, 1500, 1528, 1582, 1604, 1634, 1740, 1785, 1807, 1813, 1839, 1844, 1888, 2044, 2076, 2095, 2253, 2284, 2313, 2350, 2361, 2413, 2423, 2430, 2436, 2476, 2479, 2553, 2554, 2640, 2641, 2680, 2686, 2731, 2817, 2914, 2934, 3153, 3184, 3216, 3309, 3541, 3544, 3560, 3608, 3671, 3698, 3753, 3768, 3867, 4137, 4309, 4687, 4836, 36, 698, 815]
RKP_05000_01000_2_01.txt|25687.0|1.112652600000004|[1002, 1007, 1012, 1022, 1028, 1032, 1038, 1081, 1088, 1103, 1115, 1147, 1153, 1176, 1265, 1309, 1339, 1352, 1395, 1413, 1483, 1541, 1604, 1687, 1724, 1761, 1947, 1951, 1997, 2011, 2046, 2100, 2173, 2473, 2487, 2641, 2730, 2844, 2898, 3000, 3057, 3168, 3281, 3351, 3400, 3569, 3581, 3671, 4060, 4395, 4764, 4919, 166, 493, 598]
RKP_05000_01000_2_02.txt|29992.0|1.104284199999995|[1001, 1002, 1003, 1020, 1044, 1062, 1076, 1078, 1088, 1094, 1121, 1126, 1139, 1199, 1214, 1279, 1311, 1317, 1338, 1365, 1379, 1462, 1471, 1491, 1545, 1653, 1667, 1820, 1862, 1946, 1964, 2000, 2045, 2049, 2068, 2189, 2196, 2294, 2503, 2577, 2693, 2739, 2812, 2856, 2964, 3213, 3259, 3308, 3419, 3515, 3537, 3581, 3682, 3933, 3983, 4024, 4342, 4711, 977]
RKP_05000_01000_2_03.txt|26313.0|1.1242799999999988|[1051, 1063, 1069, 1086, 1088, 1104, 1106, 1118, 1131, 1177, 1185, 1217, 1235, 1286, 1305, 1308, 1341, 1350, 1375, 1414, 1465, 1477, 1507, 1518, 1589, 1655, 1726, 1858, 1862, 1942, 2002, 2132, 2354, 2483, 2550, 2676, 2684, 2732, 2958, 3164, 3182, 3340, 3548, 3601, 3610, 3930, 4087, 4180, 4343, 4351, 4416, 4540, 4822, 4938, 457, 964]
RKP_05000_01000_2_04.txt|25725.0|1.1446258|[1001, 1003, 1007, 1017, 1019, 1022, 1023, 1051, 1054, 1057, 1059, 1063, 1082, 1084, 1153, 1163, 1183, 1247, 1302, 1348, 1371, 1400, 1509, 1545, 1547, 1557, 1567, 1585, 1662, 1667, 1703, 1758, 1768, 1916, 2065, 2086, 2136, 2209, 2210, 2319, 2398, 2539, 2672, 2740, 2799, 2906, 2989, 3237, 3245, 3249, 3408, 3518, 3928, 3989, 4183, 4498, 4530, 4872, 236, 424, 454]
RKP_05000_01000_2_05.txt|22826.0|1.0664714999999987|[1003, 1004, 1005, 1008, 1009, 1012, 1016, 1023, 1030, 1033, 1034, 1043, 1070, 1080, 1156, 1187, 1201, 1204, 1260, 1273, 1290, 1324, 1344, 1360, 1390, 1420, 1427, 1453, 1526, 1734, 1737, 1775, 1876, 1957, 2052, 2064, 2132, 2158, 2269, 2335, 2424, 2576, 2622, 2672, 2680, 2762, 2925, 3008, 3033, 3513, 3548, 3686, 3943, 4321, 215, 333, 485]
RKP_05000_01000_2_06.txt|27077.0|1.3137933000000004|[1001, 1002, 1005, 1010, 1027, 1030, 1036, 1059, 1061, 1094, 1105, 1109, 1138, 1152, 1154, 1159, 1184, 1242, 1252, 1282, 1328, 1336, 1344, 1386, 1403, 1464, 1473, 1481, 1670, 1672, 1683, 1707, 1714, 1739, 1793, 1862, 1900, 1925, 2064, 2134, 2369, 2477, 2569, 2619, 2746, 2852, 2898, 2933, 2948, 2991, 3201, 3282, 3287, 3328, 3446, 3476, 3484, 3638, 3690, 4111, 131, 545, 951]
RKP_05000_01000_2_07.txt|28447.0|1.160859600000002|[1001, 1005, 1011, 1012, 1033, 1044, 1105, 1157, 1199, 1207, 1212, 1228, 1238, 1257, 1294, 1368, 1387, 1516, 1751, 1759, 1771, 1772, 1909, 1997, 2123, 2139, 2231, 2265, 2425, 2437, 2461, 2552, 2593, 2625, 2643, 2702, 2811, 2886, 2902, 2935, 2945, 2976, 3206, 3233, 3241, 3282, 3341, 3446, 3461, 3608, 3843, 4085, 4129, 4147, 4196, 4275, 4507, 4882, 279, 429, 453, 495]
RKP_05000_01000_2_08.txt|26764.0|1.1989121999999952|[1004, 1006, 1014, 1017, 1030, 1038, 1044, 1059, 1078, 1108, 1114, 1174, 1200, 1201, 1213, 1236, 1242, 1264, 1278, 1298, 1312, 1362, 1371, 1385, 1397, 1473, 1580, 1634, 1658, 1660, 1677, 1747, 1846, 1901, 1955, 1972, 2016, 2067, 2114, 2156, 2184, 2314, 2499, 2664, 2783, 2802, 2924, 3133, 3399, 3632, 3808, 3941, 4148, 4191, 4385, 4857, 129]
RKP_05000_01000_2_09.txt|25047.0|1.1817106999999965|[1002, 1003, 1004, 1010, 1013, 1015, 1022, 1025, 1036, 1044, 1063, 1077, 1118, 1128, 1175, 1247, 1270, 1310, 1377, 1379, 1408, 1419, 1536, 1561, 1579, 1677, 1784, 1821, 1897, 1935, 1997, 2132, 2226, 2259, 2428, 2556, 2583, 2627, 2786, 2967, 2992, 3005, 3037, 3094, 3140, 3317, 3637, 3789, 3887, 4113, 4297, 4478, 4583, 4974, 669, 691]
RKP_05000_01000_2_10.txt|24176.0|1.1231788000000051|[1009, 1015, 1018, 1019, 1025, 1029, 1036, 1074, 1082, 1095, 1099, 1137, 1149, 1191, 1206, 1227, 1294, 1305, 1337, 1351, 1420, 1555, 1587, 1749, 1880, 1922, 1941, 2011, 2049, 2175, 2176, 2303, 2314, 2416, 2491, 2494, 2502, 2523, 2619, 2686, 2745, 2858, 2926, 3034, 3318, 3559, 3998, 4163, 4584, 4674, 4712, 4887, 15, 50, 84, 267, 809]
RKP_05000_01000_3_01.txt|48601.0|0.6085312000000016|[1001, 1002, 1009, 1012, 1015, 1016, 1021, 1023, 1034, 1037, 1040, 1045, 1046, 1047, 1053, 1060, 1072, 1077, 1087, 1097, 1108, 1109, 1112, 1114, 1119, 1132, 1150, 1176, 1193, 1207, 1237, 1241, 1274, 1276, 1284, 1305, 1372, 1381, 1384, 1387, 1398, 1400, 1455, 1539, 1550, 1553, 1560, 1562, 1604, 1623, 1632, 1688, 1728, 1749, 1757, 1917, 1951, 1996, 2038, 2047, 2081, 2087, 2139, 2140, 2190, 2198, 2365, 2382, 2600, 2615, 2698, 2779, 2894, 2958, 3056, 3178, 3241, 3250, 3416, 3429, 3461, 3748, 3783, 3851, 3874, 4246, 4421, 4591, 4683, 101, 452]
RKP_05000_01000_3_02.txt|54722.0|0.5661484999999971|[1001, 1002, 1004, 1013, 1025, 1028, 1033, 1038, 1039, 1040, 1041, 1066, 1068, 1071, 1090, 1107, 1116, 1129, 1130, 1140, 1169, 1209, 1214, 1230, 1235, 1263, 1295, 1304, 1305, 1345, 1379, 1425, 1436, 1445, 1446, 1448, 1512, 1542, 1562, 1595, 1609, 1646, 1718, 1730, 1759, 1801, 1849, 1878, 1883, 1892, 1931, 1953, 2020, 2022, 2041, 2046, 2087, 2117, 2161, 2174, 2193, 2240, 2334, 2436, 2484, 2486, 2488, 2499, 2885, 2908, 3067, 3080, 3113, 3136, 3215, 3330, 3425, 3565, 3667, 3704, 3772, 3808, 3853, 3933, 3953, 3978, 3989, 3998, 4041, 4171, 4308, 4393, 4546, 4750, 4832, 134, 419, 507, 719]
RKP_05000_01000_3_03.txt|52694.0|0.6172346999999974|[1001, 1002, 1003, 1004, 1005, 1006, 1011, 1022, 1026, 1036, 1038, 1097, 1115, 1129, 1153, 1156, 1158, 1163, 1190, 1199, 1200, 1214, 1215, 1221, 1239, 1246, 1286, 1308, 1330, 1339, 1360, 1377, 1399, 1439, 1465, 1480, 1544, 1568, 1609, 1621, 1652, 1669, 1709, 1710, 1763, 1765, 1770, 1794, 1839, 1856, 1879, 1881, 1896, 1952, 1975, 1989, 2022, 2041, 2082, 2157, 2164, 2169, 2222, 2231, 2465, 2498, 2523, 2533, 2559, 2597, 2605, 2663, 2733, 2767, 2926, 3034, 3087, 3202, 3298, 3319, 3386, 3439, 3529, 3957, 4166, 4239, 4273, 4477, 4545, 4697, 4722, 4910, 4928, 41, 84, 149, 215, 329, 338, 529, 671, 695, 813]
RKP_05000_01000_3_04.txt|62238.0|0.5968167999999991|[1001, 1003, 1004, 1005, 1006, 1007, 1009, 1013, 1015, 1017, 1018, 1027, 1029, 1039, 1045, 1058, 1063, 1070, 1082, 1089, 1094, 1111, 1132, 1142, 1175, 1198, 1205, 1206, 1225, 1258, 1261, 1263, 1277, 1306, 1321, 1337, 1360, 1400, 1448, 1472, 1495, 1548, 1568, 1574, 1610, 1619, 1648, 1657, 1680, 1709, 1730, 1747, 1769, 1784, 1827, 1864, 1962, 1977, 1989, 2048, 2049, 2064, 2080, 2165, 2226, 2276, 2309, 2322, 2396, 2398, 2493, 2557, 2589, 2768, 2786, 2872, 2907, 2912, 2996, 3115, 3150, 3372, 3516, 3541, 3568, 3575, 3593, 3601, 3747, 3857, 3865, 3868, 3871, 4197, 4274, 4330, 4448, 4523, 4612, 42, 440, 880]
RKP_05000_01000_3_05.txt|50721.0|0.5688411999999943|[1001, 1002, 1003, 1004, 1007, 1008, 1010, 1011, 1016, 1019, 1025, 1026, 1029, 1032, 1034, 1037, 1048, 1049, 1056, 1070, 1112, 1122, 1143, 1162, 1169, 1172, 1183, 1184, 1212, 1219, 1256, 1285, 1296, 1335, 1344, 1348, 1358, 1386, 1486, 1501, 1513, 1555, 1620, 1638, 1708, 1748, 1768, 1777, 1814, 1912, 1985, 1998, 2033, 2060, 2069, 2090, 2259, 2263, 2292, 2305, 2500, 2516, 2552, 2588, 2619, 2759, 2770, 2859, 2909, 3077, 3123, 3298, 3447, 3460, 3615, 3634, 3723, 3744, 3920, 3970, 4055, 4068, 4106, 4167, 4258, 4370, 4439, 4440, 4469, 4558, 4584, 4635, 338, 405]
RKP_05000_01000_3_06.txt|58049.0|0.6170753999999903|[1001, 1002, 1003, 1004, 1006, 1007, 1012, 1016, 1039, 1041, 1045, 1046, 1055, 1071, 1076, 1082, 1085, 1086, 1094, 1102, 1106, 1124, 1126, 1135, 1141, 1184, 1193, 1206, 1213, 1214, 1219, 1227, 1249, 1265, 1276, 1286, 1287, 1288, 1368, 1404, 1418, 1431, 1469, 1488, 1490, 1573, 1603, 1623, 1665, 1686, 1702, 1734, 1760, 1767, 1801, 1813, 1859, 1889, 1931, 1946, 2030, 2035, 2119, 2212, 2221, 2281, 2296, 2359, 2466, 2522, 2551, 2610, 2640, 2697, 2917, 2978, 2991, 3026, 3138, 3251, 3623, 3741, 3756, 3799, 4214, 4264, 4324, 4390, 4433, 4533, 4851, 5000, 258, 315, 322, 424, 582, 808, 911]
RKP_05000_01000_3_07.txt|54769.0|0.6279837999999955|[1001, 1002, 1003, 1005, 1006, 1008, 1011, 1013, 1018, 1031, 1036, 1060, 1073, 1075, 1076, 1079, 1084, 1094, 1100, 1113, 1125, 1194, 1214, 1216, 1218, 1220, 1221, 1291, 1293, 1295, 1360, 1370, 1393, 1398, 1413, 1417, 1422, 1427, 1462, 1477, 1487, 1527, 1539, 1593, 1608, 1640, 1658, 1714, 1762, 1827, 1849, 1883, 1884, 1891, 1896, 1991, 2003, 2044, 2055, 2090, 2123, 2173, 2179, 2262, 2368, 2407, 2470, 2544, 2564, 2709, 2783, 2789, 2792, 2998, 3043, 3104, 3111, 3357, 3360, 3448, 3587, 3716, 3900, 3966, 4085, 4135, 4146, 4402, 4438, 4609, 4628, 4716, 4731, 4854, 131, 233, 456, 659]
RKP_05000_01000_3_08.txt|53143.0|0.5706368000000026|[1001, 1002, 1003, 1004, 1006, 1007, 1014, 1020, 1022, 1028, 1030, 1035, 1036, 1073, 1077, 1080, 1082, 1118, 1122, 1126, 1134, 1152, 1154, 1162, 1213, 1217, 1226, 1250, 1260, 1264, 1270, 1279, 1295, 1301, 1331, 1394, 1474, 1489, 1525, 1556, 1654, 1656, 1660, 1675, 1686, 1707, 1725, 1883, 1895, 1901, 1911, 1944, 1953, 2009, 2014, 2036, 2050, 2077, 2117, 2134, 2135, 2159, 2273, 2364, 2395, 2513, 2588, 2636, 2733, 2770, 2810, 2967, 2970, 2976, 3019, 3025, 3088, 3364, 3402, 3484, 3858, 3977, 4017, 4087, 4214, 4237, 4284, 4346, 4396, 4445, 4557, 4571, 4808, 22, 192, 463, 487, 700, 767, 779]
RKP_05000_01000_3_09.txt|48411.0|0.6131194000000022|[1001, 1002, 1004, 1007, 1008, 1009, 1013, 1014, 1026, 1040, 1042, 1051, 1057, 1061, 1073, 1077, 1081, 1083, 1086, 1087, 1099, 1106, 1111, 1136, 1152, 1159, 1207, 1237, 1242, 1252, 1281, 1290, 1310, 1354, 1376, 1384, 1412, 1426, 1453, 1462, 1492, 1494, 1556, 1564, 1655, 1661, 1664, 1671, 1673, 1751, 1760, 1786, 1797, 1852, 1886, 1921, 1931, 1995, 2003, 2040, 2148, 2189, 2313, 2322, 2420, 2471, 2488, 2684, 2978, 3024, 3051, 3055, 3287, 3401, 3486, 3497, 3511, 3577, 3621, 3657, 3706, 3941, 4020, 4256, 4392, 4443, 4538, 4572, 4618, 4868, 136, 292]
RKP_05000_01000_3_10.txt|56572.0|0.6293234000000041|[1001, 1002, 1003, 1005, 1006, 1010, 1014, 1016, 1025, 1033, 1050, 1052, 1062, 1066, 1069, 1073, 1112, 1119, 1145, 1194, 1196, 1218, 1219, 1223, 1235, 1270, 1272, 1287, 1305, 1308, 1312, 1343, 1344, 1360, 1369, 1393, 1400, 1413, 1417, 1434, 1446, 1458, 1490, 1502, 1627, 1692, 1781, 1789, 1808, 1811, 1876, 1907, 1944, 2019, 2093, 2097, 2125, 2184, 2279, 2329, 2343, 2498, 2530, 2621, 2635, 2785, 2803, 2847, 2854, 3139, 3189, 3224, 3322, 3458, 3611, 3749, 3764, 3813, 3877, 3894, 3915, 3940, 4064, 4119, 4127, 4150, 4234, 4240, 4251, 4435, 4589, 4879, 52, 227, 466, 631, 747, 788]
RKP_05000_01000_4_01.txt|361.0|0.5570610999999985|[922]
RKP_05000_01000_4_02.txt|412.0|0.5307816000000116|[971]
RKP_05000_01000_4_03.txt|180.0|0.5771237000000013|[910]
RKP_05000_01000_4_04.txt|49.0|0.5785008999999945|[910]
RKP_05000_01000_4_05.txt|89.0|0.5341675000000095|[701]
RKP_05000_01000_4_06.txt|27.0|0.5669421999999997|[688]
RKP_05000_01000_4_07.txt|63.0|0.6627980999999892|[493]
RKP_05000_01000_4_08.txt|368.0|0.5472778999999974|[836]
RKP_05000_01000_4_09.txt|245.0|0.5854140999999942|[713]
RKP_05000_01000_4_10.txt|457.0|0.5862880999999902|[780]
RKP_05000_01000_5_01.txt|234.0|0.5710195000000056|[965]
RKP_05000_01000_5_02.txt|86.0|0.5349021999999906|[961]
RKP_05000_01000_5_03.txt|476.0|0.5710667000000029|[965]
RKP_05000_01000_5_04.txt|80.0|0.5795944999999989|[951]
RKP_05000_01000_5_05.txt|143.0|0.6187553999999977|[969]
RKP_05000_01000_5_06.txt|547.0|0.5885514999999941|[952]
RKP_05000_01000_5_07.txt|204.0|0.5815492999999918|[993]
RKP_05000_01000_5_08.txt|62.0|0.5576712999999955|[976]
RKP_05000_01000_5_09.txt|78.0|0.5388362999999998|[995]
RKP_05000_01000_5_10.txt|285.0|0.5854042999999933|[990]
RKP_05000_05000_1_01.txt|212454.0|0.8398726000000067|[1002, 1003, 1004, 1008, 1021, 1030, 1033, 1036, 1040, 1041, 1047, 1050, 1074, 1075, 1078, 1094, 1096, 1100, 1127, 1134, 1149, 1168, 1174, 1206, 1226, 1234, 1239, 1248, 1254, 1255, 1263, 1274, 1279, 1290, 1358, 1449, 1477, 1496, 1498, 1522, 1562, 1601, 1604, 1688, 1747, 1798, 1809, 1826, 1940, 2034, 2083, 2200, 2201, 2231, 2246, 2247, 2260, 2270, 2305, 2416, 2437, 2543, 2595, 2674, 2685, 2939, 3195, 3321, 3685, 3687, 3896, 3945, 3997, 4113, 4266, 4721, 4813, 77, 308, 777, 810]
RKP_05000_05000_1_02.txt|225155.99999995262|0.8712043000000023|[1001, 1002, 1004, 1008, 1009, 1010, 1014, 1018, 1020, 1021, 1024, 1038, 1045, 1055, 1057, 1059, 1089, 1104, 1113, 1117, 1126, 1141, 1213, 1231, 1238, 1240, 1258, 1269, 1297, 1310, 1334, 1341, 1349, 1361, 1378, 1396, 1444, 1470, 1474, 1537, 1668, 1669, 1712, 1785, 1787, 1805, 1876, 1903, 2005, 2041, 2044, 2069, 2075, 2089, 2107, 2115, 2152, 2203, 2266, 2309, 2374, 2379, 2434, 2459, 2556, 2722, 2786, 2855, 2870, 2979, 3039, 3174, 3177, 3306, 3322, 3501, 3667, 3706, 4059, 4588, 4696, 4754, 4842, 4886, 4921, 4940, 13, 74, 197, 382, 402, 712, 832]
RKP_05000_05000_1_03.txt|195109.0|0.8770884000000052|[1001, 1005, 1007, 1008, 1018, 1022, 1025, 1039, 1046, 1062, 1078, 1080, 1086, 1110, 1115, 1133, 1206, 1231, 1233, 1246, 1249, 1297, 1318, 1339, 1353, 1393, 1426, 1429, 1435, 1451, 1481, 1482, 1488, 1504, 1557, 1582, 1586, 1645, 1651, 1692, 1779, 1811, 1908, 1960, 2083, 2098, 2099, 2108, 2115, 2212, 2235, 2236, 2261, 2265, 2290, 2309, 2374, 2414, 2441, 2477, 2594, 2775, 3124, 3264, 3426, 3438, 3615, 3630, 3760, 3859, 4154, 4247, 4414, 4417, 4443, 4490, 4493, 4512, 4593, 4843, 284, 374, 414]
RKP_05000_05000_1_04.txt|261182.0|0.9596152000000018|[1001, 1003, 1005, 1009, 1012, 1018, 1024, 1025, 1034, 1038, 1048, 1068, 1075, 1076, 1081, 1085, 1090, 1096, 1105, 1135, 1145, 1148, 1169, 1173, 1189, 1197, 1202, 1222, 1226, 1240, 1291, 1299, 1318, 1326, 1332, 1333, 1368, 1376, 1387, 1390, 1408, 1422, 1484, 1557, 1559, 1675, 1710, 1778, 1787, 1809, 1814, 1831, 1935, 2072, 2389, 2417, 2418, 2675, 2677, 2753, 2758, 2859, 2875, 2938, 3003, 3013, 3017, 3051, 3061, 3328, 3372, 3553, 3581, 3584, 3813, 3991, 4059, 4260, 4305, 4410, 4431, 4547, 4568, 4651, 4652, 4802, 4813, 4850, 172, 260, 286, 384, 668, 715]
RKP_05000_05000_1_05.txt|229502.0|0.8597466000000082|[1001, 1002, 1003, 1007, 1008, 1012, 1020, 1022, 1023, 1026, 1032, 1033, 1038, 1046, 1055, 1062, 1127, 1130, 1139, 1143, 1146, 1148, 1153, 1167, 1210, 1214, 1227, 1245, 1261, 1301, 1348, 1378, 1403, 1459, 1463, 1518, 1559, 1582, 1663, 1677, 1694, 1838, 1923, 1950, 1992, 2003, 2016, 2088, 2098, 2221, 2281, 2372, 2432, 2460, 2483, 2492, 2521, 2642, 2662, 2668, 2690, 2692, 2887, 2929, 2993, 3025, 3045, 3118, 3138, 3223, 3309, 3352, 3411, 3427, 3467, 3579, 3657, 3703, 3804, 3910, 4024, 4175, 4186, 4722, 4813, 4873, 108, 208, 354, 374, 789, 846]
RKP_05000_05000_1_06.txt|227336.0|1.0010075|[1002, 1007, 1008, 1018, 1020, 1023, 1040, 1043, 1064, 1066, 1071, 1076, 1082, 1085, 1087, 1106, 1113, 1120, 1122, 1236, 1243, 1274, 1275, 1299, 1333, 1338, 1347, 1363, 1378, 1407, 1427, 1445, 1462, 1514, 1523, 1538, 1568, 1581, 1608, 1613, 1621, 1649, 1651, 1693, 1707, 1715, 1754, 1813, 1825, 1830, 1850, 1925, 1956, 2041, 2054, 2065, 2154, 2227, 2280, 2305, 2308, 2374, 2428, 2578, 2641, 2671, 2730, 2855, 2927, 2981, 3048, 3132, 3204, 3210, 3228, 3240, 3309, 3386, 3509, 3646, 3701, 3729, 3949, 4104, 4361, 4613, 4938, 4978, 76, 540, 561, 692]
RKP_05000_05000_1_07.txt|212265.0|0.8564958999999988|[1001, 1002, 1003, 1004, 1007, 1008, 1015, 1016, 1029, 1030, 1031, 1044, 1079, 1083, 1109, 1119, 1121, 1137, 1153, 1175, 1182, 1187, 1190, 1215, 1230, 1233, 1248, 1249, 1266, 1287, 1294, 1303, 1346, 1380, 1381, 1457, 1463, 1478, 1507, 1529, 1536, 1575, 1667, 1690, 1730, 1739, 1745, 1768, 1785, 1829, 1864, 1916, 2019, 2228, 2246, 2263, 2267, 2315, 2375, 2406, 2520, 2525, 2616, 2804, 2820, 2849, 2894, 2897, 3162, 3273, 3529, 3688, 3725, 3846, 3854, 4045, 4875, 4888, 4965, 149, 225, 260, 664, 751]
RKP_05000_05000_1_08.txt|206784.0|0.8274710000000027|[1002, 1003, 1005, 1007, 1016, 1030, 1038, 1051, 1091, 1095, 1097, 1115, 1122, 1124, 1137, 1138, 1140, 1156, 1171, 1192, 1232, 1253, 1262, 1275, 1280, 1303, 1314, 1342, 1367, 1371, 1402, 1451, 1453, 1471, 1478, 1512, 1523, 1528, 1560, 1596, 1669, 1674, 1706, 1764, 1836, 1850, 1878, 1902, 1949, 1984, 2167, 2179, 2247, 2421, 2439, 2546, 2549, 2562, 2678, 2737, 2941, 3042, 3047, 3285, 3312, 3428, 3525, 3536, 3600, 3643, 3681, 3805, 3813, 4599, 4666, 4744, 4792, 4833, 4998, 80, 186, 195, 393, 527, 934]
RKP_05000_05000_1_09.txt|235094.0|1.0465670000000102|[1001, 1002, 1003, 1005, 1006, 1012, 1017, 1042, 1052, 1055, 1066, 1076, 1077, 1099, 1104, 1113, 1114, 1126, 1139, 1151, 1156, 1160, 1170, 1176, 1179, 1196, 1221, 1234, 1243, 1282, 1299, 1312, 1325, 1339, 1355, 1376, 1380, 1382, 1385, 1404, 1438, 1448, 1460, 1492, 1537, 1542, 1544, 1563, 1565, 1632, 1682, 1701, 1726, 1820, 1871, 1921, 2006, 2064, 2114, 2126, 2227, 2245, 2254, 2314, 2350, 2416, 2458, 2466, 2480, 2504, 2592, 2594, 2596, 2635, 2788, 2808, 2917, 2979, 3016, 3143, 3450, 3497, 3557, 3593, 3636, 3834, 4197, 248, 486, 489, 615]
RKP_05000_05000_1_10.txt|178577.0|0.9293773999999928|[1002, 1007, 1010, 1014, 1018, 1024, 1038, 1060, 1089, 1092, 1098, 1144, 1153, 1185, 1278, 1286, 1322, 1380, 1414, 1428, 1454, 1467, 1472, 1659, 1724, 1746, 1756, 1803, 1813, 1862, 1863, 1867, 1909, 1959, 1981, 2015, 2209, 2402, 2479, 2504, 2609, 2652, 2725, 2766, 2930, 2986, 3050, 3082, 3151, 3281, 3306, 3498, 3504, 3580, 3607, 3608, 3629, 3641, 3786, 3810, 3870, 3942, 4067, 4078, 4101, 4198, 4261, 4450, 4471, 4696, 380, 532]
RKP_05000_05000_2_01.txt|137089.0|1.2094364999999954|[1001, 1008, 1018, 1019, 1020, 1021, 1032, 1049, 1065, 1070, 1093, 1157, 1235, 1250, 1279, 1293, 1319, 1335, 1383, 1411, 1475, 1515, 1579, 1690, 1748, 1750, 1866, 1937, 1953, 1986, 2045, 2059, 2292, 2308, 2367, 2435, 2482, 2497, 2505, 2635, 2665, 2784, 2885, 2937, 3113, 3236, 3251, 3458, 3687, 3937, 4403, 4667, 4722, 4808, 4883, 544, 844]
RKP_05000_05000_2_02.txt|114054.0|1.1422656999999958|[1005, 1014, 1015, 1028, 1056, 1079, 1091, 1096, 1105, 1106, 1131, 1161, 1191, 1203, 1208, 1220, 1294, 1530, 1563, 1582, 1677, 1696, 1707, 1710, 1722, 1762, 1836, 2058, 2069, 2171, 2172, 2287, 2649, 2714, 3060, 3069, 3142, 3162, 3244, 3429, 3814, 3839, 4100, 4355, 4515, 4641, 4796, 4813, 4984, 7, 564]
RKP_05000_05000_2_03.txt|128156.0|1.0724287999999973|[1001, 1004, 1013, 1021, 1038, 1041, 1044, 1045, 1049, 1050, 1064, 1072, 1094, 1128, 1177, 1216, 1306, 1338, 1375, 1394, 1411, 1441, 1465, 1477, 1502, 1544, 1582, 1583, 1659, 1783, 1812, 1966, 1983, 2207, 2212, 2269, 2289, 2422, 2429, 2432, 2481, 3224, 3272, 3512, 3790, 3868, 4090, 4368, 4428, 4630, 4839, 4957, 235, 565, 939]
RKP_05000_05000_2_04.txt|178787.0|1.1620881999999995|[1001, 1002, 1003, 1004, 1019, 1020, 1021, 1023, 1037, 1047, 1049, 1060, 1071, 1077, 1078, 1082, 1115, 1122, 1126, 1131, 1147, 1154, 1165, 1187, 1238, 1262, 1264, 1307, 1314, 1322, 1346, 1372, 1406, 1422, 1455, 1491, 1554, 1583, 1625, 1637, 1655, 1803, 1832, 1862, 1893, 2068, 2124, 2187, 2223, 2329, 2335, 2412, 2478, 2508, 2519, 2586, 2606, 2748, 2770, 3093, 3308, 3318, 3319, 3343, 3382, 3632, 3705, 3773, 4212, 4257, 4288, 4593, 4704]
RKP_05000_05000_2_05.txt|126011.0|1.0449564000000038|[1004, 1005, 1008, 1009, 1013, 1034, 1066, 1070, 1103, 1113, 1128, 1145, 1163, 1167, 1220, 1317, 1350, 1370, 1481, 1501, 1513, 1551, 1595, 1606, 1626, 1662, 1734, 1856, 1858, 1874, 1932, 1962, 1976, 2011, 2022, 2034, 2103, 2153, 2175, 2232, 2242, 2260, 2394, 2489, 2503, 2588, 2768, 2813, 3057, 3493, 3569, 3678, 3694, 4623, 4798, 92, 182, 330, 410, 902]
RKP_05000_05000_2_06.txt|112371.0|1.0402602000000059|[1008, 1016, 1017, 1030, 1043, 1074, 1106, 1136, 1281, 1303, 1326, 1356, 1370, 1373, 1411, 1437, 1449, 1523, 1526, 1574, 1629, 1637, 1689, 1726, 1731, 1748, 1832, 1866, 1872, 1912, 1985, 2070, 2073, 2342, 2542, 2756, 2805, 2814, 3039, 3245, 3357, 3653, 4064, 4105, 4248, 4371, 4580, 4764]
RKP_05000_05000_2_07.txt|139459.0|1.1410358000000116|[1007, 1016, 1026, 1030, 1036, 1072, 1129, 1152, 1169, 1199, 1212, 1232, 1273, 1383, 1409, 1411, 1421, 1428, 1452, 1461, 1528, 1624, 1631, 1667, 1713, 1725, 1727, 1872, 1903, 1926, 1932, 1957, 1989, 2115, 2137, 2153, 2326, 2435, 2438, 2460, 2581, 2614, 2730, 2734, 2819, 2988, 3045, 3118, 3664, 3838, 4005, 4060, 4180, 4189, 4396, 4704, 4935, 4995, 66, 239, 779]
RKP_05000_05000_2_08.txt|161832.0|1.1131677000000053|[1002, 1009, 1017, 1020, 1027, 1030, 1034, 1083, 1093, 1112, 1116, 1155, 1160, 1179, 1192, 1242, 1259, 1274, 1286, 1291, 1315, 1332, 1409, 1449, 1461, 1551, 1603, 1659, 1724, 1746, 1760, 1782, 1811, 1899, 1919, 1944, 1953, 2064, 2239, 2262, 2464, 2473, 2520, 2597, 2692, 2714, 2834, 2835, 3024, 3078, 3219, 3350, 3390, 3598, 3814, 3856, 3907, 4039, 4119, 4274, 4335, 4356, 4617, 4691]
RKP_05000_05000_2_09.txt|146674.0|1.0465009000000123|[1001, 1002, 1003, 1004, 1007, 1019, 1026, 1036, 1044, 1060, 1061, 1082, 1083, 1084, 1105, 1128, 1129, 1137, 1152, 1157, 1164, 1173, 1178, 1180, 1181, 1184, 1221, 1251, 1279, 1327, 1360, 1385, 1394, 1413, 1423, 1519, 1634, 1829, 1893, 1899, 1920, 1973, 2012, 2086, 2177, 2179, 2184, 2213, 2231, 2308, 2378, 2462, 2478, 2482, 2555, 2687, 2771, 2802, 2812, 3129, 3368, 3555, 3889, 4741, 230, 959]
RKP_05000_05000_2_10.txt|146464.0|1.1817101000000036|[1001, 1002, 1014, 1023, 1024, 1035, 1042, 1070, 1082, 1097, 1117, 1153, 1175, 1185, 1205, 1233, 1261, 1268, 1311, 1330, 1351, 1452, 1465, 1481, 1557, 1586, 1657, 1666, 1723, 1725, 1728, 1856, 1899, 2015, 2060, 2078, 2136, 2230, 2530, 2601, 2620, 2742, 2757, 2908, 3102, 3264, 3524, 3594, 3605, 3732, 3854, 3884, 4018, 4185, 4271, 4272, 4467, 4568, 4618, 367, 670]
RKP_05000_05000_3_01.txt|252232.0|0.6701963999999947|[1001, 1004, 1006, 1009, 1010, 1012, 1013, 1016, 1017, 1021, 1026, 1039, 1045, 1054, 1055, 1056, 1058, 1066, 1079, 1083, 1088, 1094, 1096, 1102, 1106, 1122, 1132, 1137, 1157, 1164, 1169, 1171, 1198, 1284, 1336, 1449, 1452, 1465, 1480, 1499, 1510, 1528, 1530, 1563, 1595, 1625, 1628, 1634, 1638, 1646, 1731, 1736, 1787, 1800, 1814, 1833, 1870, 1926, 2004, 2075, 2080, 2132, 2158, 2180, 2290, 2291, 2328, 2409, 2410, 2430, 2539, 2664, 2758, 2846, 2850, 2887, 3024, 3025, 3100, 3122, 3145, 3266, 3312, 3454, 3544, 3738, 3781, 3831, 3987, 4210, 4361, 4715, 4941, 85, 117, 143, 483, 523]
RKP_05000_05000_3_02.txt|240806.0|0.6564601000000039|[1001, 1002, 1005, 1008, 1009, 1010, 1023, 1025, 1030, 1032, 1033, 1038, 1047, 1050, 1051, 1055, 1058, 1059, 1085, 1092, 1099, 1106, 1115, 1117, 1133, 1151, 1155, 1205, 1212, 1217, 1221, 1227, 1303, 1384, 1389, 1405, 1407, 1409, 1493, 1507, 1509, 1558, 1568, 1597, 1601, 1607, 1769, 1773, 1869, 1885, 1967, 1969, 1985, 2093, 2132, 2151, 2198, 2199, 2220, 2229, 2232, 2457, 2509, 2675, 2763, 2793, 2914, 2970, 3025, 3038, 3118, 3259, 3345, 3392, 3501, 3529, 3556, 3589, 3826, 4092, 4096, 4230, 4282, 4478, 4717, 4743, 4779, 4922, 134, 175, 221, 338, 488, 553, 589]
RKP_05000_05000_3_03.txt|267090.0|0.6498514000000029|[1001, 1002, 1003, 1004, 1005, 1006, 1008, 1009, 1012, 1013, 1015, 1021, 1025, 1038, 1046, 1058, 1067, 1079, 1088, 1090, 1116, 1127, 1128, 1140, 1183, 1185, 1186, 1194, 1219, 1223, 1281, 1323, 1366, 1372, 1373, 1433, 1471, 1489, 1523, 1542, 1553, 1554, 1618, 1636, 1682, 1703, 1763, 1777, 1826, 1853, 1856, 1937, 1950, 1963, 1970, 2011, 2029, 2061, 2099, 2129, 2187, 2238, 2255, 2278, 2284, 2495, 2505, 2516, 2547, 2677, 2691, 2696, 2703, 2715, 2729, 2777, 2800, 2855, 2875, 2911, 2960, 3143, 3147, 3274, 3297, 3420, 3430, 3585, 3713, 3750, 3768, 4112, 4213, 4385, 4389, 4452, 4819, 4909, 32]
RKP_05000_05000_3_04.txt|276938.0|0.6606367999999918|[1001, 1004, 1006, 1011, 1012, 1014, 1019, 1027, 1031, 1047, 1051, 1061, 1071, 1093, 1094, 1101, 1102, 1109, 1141, 1155, 1156, 1169, 1173, 1177, 1183, 1198, 1205, 1208, 1215, 1229, 1241, 1249, 1256, 1274, 1282, 1284, 1304, 1343, 1404, 1412, 1454, 1455, 1476, 1479, 1505, 1547, 1585, 1599, 1640, 1642, 1648, 1718, 1720, 1779, 1843, 1868, 1888, 1907, 1936, 2033, 2119, 2130, 2208, 2276, 2304, 2433, 2564, 2589, 2746, 2793, 2800, 2804, 3018, 3081, 3146, 3343, 3428, 3441, 3688, 3704, 3727, 3854, 3915, 4065, 4143, 4391, 4454, 4497, 4523, 4543, 4625, 4841, 4856, 4870, 4872, 104, 107, 170, 343, 678, 713]
RKP_05000_05000_3_05.txt|231708.0|0.6180159000000032|[1001, 1002, 1004, 1005, 1012, 1013, 1015, 1017, 1020, 1024, 1025, 1028, 1032, 1034, 1042, 1044, 1050, 1058, 1062, 1070, 1072, 1075, 1081, 1095, 1097, 1115, 1138, 1139, 1141, 1150, 1166, 1202, 1207, 1242, 1259, 1268, 1309, 1317, 1331, 1368, 1372, 1375, 1406, 1441, 1503, 1533, 1537, 1555, 1616, 1617, 1620, 1628, 1743, 1779, 1814, 1839, 1945, 1958, 1969, 1984, 2004, 2044, 2073, 2182, 2313, 2378, 2506, 2519, 2640, 2655, 2664, 2680, 2686, 2696, 2758, 2771, 2843, 2951, 2960, 2982, 3386, 3428, 3606, 3910, 3994, 4119, 4138, 4442, 4509, 4566, 4569, 4733, 138, 267, 618, 707]
RKP_05000_05000_3_06.txt|275951.0|0.6408615999999938|[1001, 1002, 1003, 1006, 1007, 1008, 1010, 1018, 1022, 1023, 1028, 1030, 1043, 1044, 1048, 1055, 1078, 1093, 1097, 1115, 1125, 1130, 1132, 1165, 1190, 1203, 1219, 1233, 1234, 1239, 1242, 1262, 1285, 1313, 1318, 1377, 1382, 1386, 1430, 1480, 1542, 1607, 1616, 1617, 1623, 1645, 1671, 1692, 1737, 1817, 1839, 1845, 1909, 1924, 1934, 1977, 1985, 2005, 2115, 2123, 2191, 2323, 2379, 2678, 2745, 2939, 2967, 2989, 3035, 3100, 3115, 3169, 3300, 3334, 3338, 3412, 3537, 3540, 3626, 3697, 3724, 3793, 3868, 4065, 4214, 4251, 4325, 4327, 4359, 4441, 4448, 4690, 4857, 4871, 4946, 129, 180, 300, 383]
RKP_05000_05000_3_07.txt|265869.0|0.6615668000000028|[1001, 1002, 1003, 1004, 1012, 1013, 1046, 1061, 1082, 1088, 1119, 1124, 1130, 1143, 1192, 1217, 1220, 1231, 1232, 1283, 1304, 1348, 1395, 1412, 1459, 1462, 1487, 1490, 1525, 1544, 1598, 1599, 1609, 1619, 1652, 1656, 1684, 1717, 1718, 1723, 1739, 1766, 1796, 1813, 1817, 1835, 1866, 1897, 1924, 2005, 2049, 2060, 2090, 2127, 2213, 2279, 2323, 2375, 2403, 2405, 2420, 2497, 2579, 2664, 2721, 2728, 2818, 2854, 2914, 2939, 2964, 3093, 3201, 3287, 3345, 3379, 3399, 3511, 3551, 3643, 3655, 3747, 3824, 4036, 4295, 4347, 4503, 4987, 288, 656, 750, 796]
RKP_05000_05000_3_08.txt|244258.0|0.6564789999999903|[1001, 1002, 1003, 1004, 1006, 1009, 1014, 1016, 1018, 1022, 1028, 1038, 1039, 1043, 1053, 1054, 1060, 1073, 1078, 1089, 1091, 1105, 1110, 1122, 1128, 1147, 1150, 1152, 1192, 1205, 1237, 1241, 1251, 1254, 1280, 1289, 1294, 1351, 1391, 1430, 1433, 1454, 1484, 1524, 1547, 1563, 1640, 1692, 1731, 1742, 1752, 1762, 1784, 1828, 1857, 1876, 1938, 2042, 2105, 2145, 2185, 2224, 2311, 2371, 2405, 2450, 2520, 2613, 2833, 2856, 2969, 3150, 3221, 3250, 3393, 3413, 3446, 3528, 3636, 3697, 3750, 3859, 3945, 4072, 4512, 4967, 22, 469, 731, 805]
RKP_05000_05000_3_09.txt|267020.0|0.6335258999999951|[1001, 1002, 1004, 1007, 1010, 1013, 1017, 1019, 1025, 1035, 1042, 1043, 1054, 1075, 1096, 1111, 1112, 1123, 1133, 1140, 1150, 1165, 1184, 1233, 1252, 1259, 1281, 1299, 1313, 1317, 1338, 1344, 1345, 1354, 1356, 1387, 1406, 1431, 1512, 1532, 1534, 1593, 1609, 1629, 1643, 1660, 1679, 1693, 1767, 1789, 1793, 1830, 1851, 1877, 1913, 1929, 1932, 2146, 2282, 2328, 2343, 2469, 2479, 2489, 2549, 2555, 2562, 2563, 2667, 2727, 2746, 2813, 2933, 2945, 3111, 3166, 3247, 3427, 3435, 3484, 3525, 3746, 3773, 3838, 3885, 3926, 3994, 4009, 4338, 4453, 4677, 4684, 4864, 52, 77, 192, 240, 246, 313, 338, 789, 825, 839]
RKP_05000_05000_3_10.txt|286037.0|0.6736765999999932|[1001, 1002, 1003, 1004, 1005, 1009, 1010, 1013, 1014, 1018, 1023, 1025, 1026, 1028, 1044, 1048, 1051, 1057, 1059, 1060, 1067, 1077, 1098, 1101, 1102, 1120, 1137, 1172, 1181, 1190, 1227, 1243, 1261, 1276, 1278, 1309, 1313, 1319, 1355, 1394, 1402, 1405, 1481, 1490, 1535, 1576, 1577, 1605, 1607, 1616, 1664, 1665, 1668, 1675, 1716, 1848, 1893, 1988, 2062, 2075, 2099, 2135, 2159, 2202, 2224, 2258, 2284, 2307, 2358, 2405, 2444, 2567, 2639, 2653, 2714, 2786, 2891, 2969, 3521, 3536, 3573, 3643, 3698, 3748, 3923, 3978, 4046, 4218, 4222, 4301, 4454, 4459, 4468, 4531, 4640, 4759, 4937, 381, 391, 808]
RKP_05000_05000_4_01.txt|709.0|0.5759338000000014|[658]
RKP_05000_05000_4_02.txt|436.0|0.5472867000000008|[978]
RKP_05000_05000_4_03.txt|1794.0|0.5862041999999974|[714]
RKP_05000_05000_4_04.txt|569.0|0.6061775000000011|[597]
RKP_05000_05000_4_05.txt|1586.0|0.5439724000000012|[783]
RKP_05000_05000_4_06.txt|482.0|0.5736643999999984|[625]
RKP_05000_05000_4_07.txt|1536.0|0.5952419999999989|[778]
RKP_05000_05000_4_08.txt|742.0|0.5808866999999935|[910]
RKP_05000_05000_4_09.txt|151.0|0.5400022000000035|[770]
RKP_05000_05000_4_10.txt|57.0|0.5875992999999937|[786]
RKP_05000_05000_5_01.txt|541.0|0.5905604000000011|[990]
RKP_05000_05000_5_02.txt|2368.0|0.5496789999999976|[986]
RKP_05000_05000_5_03.txt|1845.0|0.588040399999997|[985]
RKP_05000_05000_5_04.txt|632.0|0.6012541000000056|[993]
RKP_05000_05000_5_05.txt|1577.0|0.5827301000000062|[993]
RKP_05000_05000_5_06.txt|14695.0|0.6081949000000009|[1001, 1066, 1082, 1787, 2000, 2230, 2661]
RKP_05000_05000_5_07.txt|924.0|0.6030238999999966|[987]
RKP_05000_05000_5_08.txt|690.0|0.6339503999999891|[987]
RKP_05000_05000_5_09.txt|1078.0|0.5482070999999991|[997]
RKP_05000_05000_5_10.txt|1464.0|0.5848875000000078|[991]
