RKP_00100_00100_1_01.txt|751.0|0.27019780000000004|[1, 3, 10, 16, 17, 22, 24, 28, 29, 31, 67]
RKP_00100_00100_1_02.txt|864.0|0.09919960000000005|[1, 2, 9, 15, 16, 37, 44, 47, 48, 50, 56, 91]
RKP_00100_00100_1_03.txt|775.0|0.0874047|[1, 2, 4, 5, 6, 10, 12, 14, 15, 34, 63, 70]
RKP_00100_00100_1_04.txt|708.0|0.08837380000000006|[2, 3, 4, 5, 7, 9, 10, 15, 43, 74]
RKP_00100_00100_1_05.txt|730.0|0.12538329999999998|[3, 11, 14, 16, 20, 22, 30, 44, 66, 79]
RKP_00100_00100_1_06.txt|1002.0|0.10369070000000002|[5, 12, 16, 17, 20, 31, 34, 47, 48, 50, 55, 57, 97]
RKP_00100_00100_1_07.txt|529.0|0.0839837000000001|[5, 9, 13, 39, 46, 51, 60, 71]
RKP_00100_00100_1_08.txt|886.0|0.10399079999999983|[1, 2, 5, 6, 7, 9, 13, 18, 24, 29, 30, 76, 87, 88, 92]
RKP_00100_00100_1_09.txt|626.0|0.10179899999999997|[2, 5, 16, 18, 23, 24, 29, 42, 52, 77]
RKP_00100_00100_1_10.txt|740.0|0.09152950000000004|[1, 2, 3, 4, 5, 11, 13, 15, 18, 20, 24, 27, 33]
RKP_00100_00100_2_01.txt|170.0|0.10669400000000007|[1, 2, 6, 13, 20, 22, 27, 41, 43, 59]
RKP_00100_00100_2_02.txt|170.0|0.09837919999999989|[1, 4, 5, 8, 11, 28, 30, 40, 47, 80]
RKP_00100_00100_2_03.txt|172.0|0.08506760000000013|[1, 3, 5, 16, 31, 47, 48, 51, 59, 75]
RKP_00100_00100_2_04.txt|163.0|0.08346429999999971|[2, 8, 9, 11, 12, 18, 26, 28, 50]
RKP_00100_00100_2_05.txt|146.0|0.12779970000000018|[3, 13, 29, 30, 32, 34, 64, 96]
RKP_00100_00100_2_06.txt|136.0|0.10517520000000014|[2, 8, 23, 47, 67, 79]
RKP_00100_00100_2_07.txt|154.0|0.10029919999999981|[3, 4, 7, 13, 15, 21, 22, 28]
RKP_00100_00100_2_08.txt|151.0|0.10808559999999989|[1, 2, 4, 6, 14, 16, 28, 29]
RKP_00100_00100_2_09.txt|146.0|0.09525279999999992|[4, 7, 9, 20, 27, 37, 75]
RKP_00100_00100_2_10.txt|158.0|0.09073960000000003|[1, 2, 14, 28, 40, 64, 65, 76, 85]
RKP_00100_00100_3_01.txt|210.0|0.1357031000000002|[1, 2, 3, 6, 8, 10, 16, 21, 29, 44, 47]
RKP_00100_00100_3_02.txt|220.0|0.09980030000000006|[1, 2, 3, 8, 17, 25, 41, 48, 52, 56, 59, 68]
RKP_00100_00100_3_03.txt|250.0|0.09889490000000034|[1, 2, 3, 4, 6, 12, 14, 15, 23, 45, 46, 64, 66, 75, 81]
RKP_00100_00100_3_04.txt|230.0|0.08514899999999992|[2, 4, 6, 8, 9, 14, 21, 26, 34, 42, 48, 50, 72]
RKP_00100_00100_3_05.txt|220.0|0.0991023000000002|[1, 2, 6, 7, 12, 15, 22, 25, 33, 52, 70, 72]
RKP_00100_00100_3_06.txt|250.0|0.10206189999999982|[2, 3, 4, 6, 8, 10, 11, 12, 16, 27, 31, 39, 40, 66, 72]
RKP_00100_00100_3_07.txt|220.0|0.09856450000000017|[2, 4, 6, 13, 14, 27, 50, 67, 72, 83, 88, 89]
RKP_00100_00100_3_08.txt|220.0|0.10149160000000013|[1, 2, 3, 6, 7, 9, 12, 15, 18, 33, 62, 70]
RKP_00100_00100_3_09.txt|200.0|0.09790710000000002|[1, 3, 8, 16, 32, 42, 44, 48, 57, 89]
RKP_00100_00100_3_10.txt|250.0|0.08295010000000014|[1, 5, 6, 20, 34, 45, 46, 54, 60, 61, 62, 66, 67, 69, 93]
RKP_00100_00100_4_01.txt|100.0|0.07199229999999979|[97]
RKP_00100_00100_4_02.txt|100.0|0.07699949999999989|[88]
RKP_00100_00100_4_03.txt|100.0|0.07417160000000012|[84]
RKP_00100_00100_4_04.txt|100.0|0.0737849000000006|[95]
RKP_00100_00100_4_05.txt|100.0|0.09242110000000014|[95]
RKP_00100_00100_4_06.txt|98.0|0.07342100000000062|[93]
RKP_00100_00100_4_07.txt|98.0|0.07297279999999962|[98]
RKP_00100_00100_4_08.txt|100.0|0.07118149999999979|[97]
RKP_00100_00100_4_09.txt|99.0|0.07440809999999942|[89]
RKP_00100_00100_4_10.txt|98.0|0.07396499999999939|[88]
RKP_00100_00100_5_01.txt|100.0|0.07147460000000017|[98]
RKP_00100_00100_5_02.txt|100.0|0.07344509999999982|[95]
RKP_00100_00100_5_03.txt|100.0|0.07432019999999984|[100]
RKP_00100_00100_5_04.txt|100.0|0.07321809999999918|[92]
RKP_00100_00100_5_05.txt|100.0|0.07416300000000042|[98]
RKP_00100_00100_5_06.txt|100.0|0.07419810000000027|[100]
RKP_00100_00100_5_07.txt|100.0|0.07375059999999944|[97]
RKP_00100_00100_5_08.txt|100.0|0.07187870000000007|[96]
RKP_00100_00100_5_09.txt|100.0|0.07282630000000001|[96]
RKP_00100_00100_5_10.txt|100.0|0.07641699999999929|[1, 6, 86]
RKP_00500_00100_1_01.txt|1721.0|0.24276359999999997|[2, 3, 4, 5, 6, 25, 27, 38, 40, 63, 75, 120, 131, 140, 148, 158, 168, 173, 211, 222, 269, 274, 280, 284, 304, 500]
RKP_00500_00100_1_02.txt|1503.0|0.22120879999999943|[4, 13, 14, 30, 77, 87, 88, 89, 102, 109, 132, 170, 175, 205, 288, 289, 325, 351, 375, 388, 394, 433]
RKP_00500_00100_1_03.txt|1391.0|0.29180720000000004|[1, 5, 11, 15, 16, 30, 40, 44, 73, 111, 113, 123, 139, 140, 147, 158, 164, 227, 228, 326, 360, 477, 496]
RKP_00500_00100_1_04.txt|1643.0|0.21851310000000002|[5, 11, 23, 41, 48, 59, 62, 64, 65, 93, 94, 121, 156, 197, 212, 245, 254, 315, 359, 467]
RKP_00500_00100_1_05.txt|1747.0|0.22111530000000013|[1, 2, 3, 5, 6, 10, 11, 13, 17, 18, 23, 24, 26, 72, 76, 104, 116, 136, 192, 203, 215, 292, 320, 363, 402]
RKP_00500_00100_1_06.txt|2003.0|0.2378442999999999|[2, 3, 5, 13, 22, 30, 34, 35, 50, 52, 53, 55, 83, 89, 107, 131, 165, 182, 189, 190, 211, 225, 230, 240, 244, 281, 411, 490]
RKP_00500_00100_1_07.txt|1981.0|0.22803479999999965|[2, 7, 16, 21, 22, 31, 40, 47, 49, 80, 89, 94, 97, 126, 133, 147, 165, 183, 192, 197, 206, 257, 322, 359, 410, 461, 469, 492]
RKP_00500_00100_1_08.txt|1710.0|0.2613040999999994|[1, 2, 3, 4, 10, 16, 29, 35, 63, 106, 122, 146, 149, 150, 156, 165, 167, 185, 225, 258, 326, 332, 357, 378]
RKP_00500_00100_1_09.txt|1647.0|0.2236267000000005|[11, 16, 19, 39, 48, 54, 56, 68, 77, 108, 148, 150, 151, 153, 163, 173, 180, 210, 214, 221, 229, 257, 307, 324, 344, 496]
RKP_00500_00100_1_10.txt|1582.0|0.1945673000000001|[1, 3, 4, 5, 6, 8, 14, 15, 21, 30, 31, 33, 49, 59, 62, 75, 84, 110, 162, 214, 234, 277, 342, 413]
RKP_00500_00100_2_01.txt|256.0|0.22524049999999995|[3, 11, 16, 32, 39, 40, 50, 60, 88, 100, 101, 102, 137, 148, 150, 168, 218, 226, 252, 259, 441, 447]
RKP_00500_00100_2_02.txt|253.0|0.21782970000000024|[4, 6, 13, 21, 36, 59, 65, 72, 97, 100, 112, 131, 142, 156, 167, 186, 195, 299, 314, 336, 441]
RKP_00500_00100_2_03.txt|251.0|0.2003900000000005|[2, 3, 13, 18, 21, 24, 31, 37, 38, 60, 64, 71, 100, 104, 107, 135, 142, 154, 155, 164, 166, 318, 382, 436]
RKP_00500_00100_2_04.txt|243.0|0.23470889999999933|[7, 9, 11, 14, 16, 19, 20, 22, 26, 38, 55, 58, 80, 105, 112, 125, 163, 204, 216, 306, 429]
RKP_00500_00100_2_05.txt|238.0|0.2255679999999991|[2, 4, 5, 10, 16, 34, 38, 48, 52, 58, 77, 87, 182, 218, 260, 275, 294, 322, 417, 423, 426]
RKP_00500_00100_2_06.txt|235.0|0.21333279999999988|[1, 3, 5, 9, 15, 18, 24, 27, 35, 50, 53, 57, 70, 117, 150, 155, 203, 302]
RKP_00500_00100_2_07.txt|224.0|0.21638290000000104|[1, 3, 4, 5, 6, 9, 17, 53, 75, 83, 114, 123, 129, 162, 260, 278, 292, 308, 367, 372, 452]
RKP_00500_00100_2_08.txt|210.0|0.18804420000000022|[1, 3, 6, 7, 15, 23, 42, 45, 46, 50, 87, 96, 123, 184, 350, 495]
RKP_00500_00100_2_09.txt|192.0|0.24493790000000004|[2, 16, 38, 39, 52, 70, 87, 108, 115, 277, 304, 312, 335, 426, 433]
RKP_00500_00100_2_10.txt|222.0|0.22073050000000016|[2, 9, 14, 19, 20, 21, 40, 76, 83, 116, 118, 154, 166, 216, 276, 372, 441, 498]
RKP_00500_00100_3_01.txt|350.0|0.20763079999999867|[1, 2, 3, 5, 8, 11, 24, 31, 33, 38, 43, 64, 77, 96, 143, 148, 158, 223, 225, 240, 248, 260, 293, 344, 401]
RKP_00500_00100_3_02.txt|410.0|0.2036408999999999|[1, 3, 4, 5, 7, 20, 26, 32, 38, 39, 56, 64, 73, 103, 110, 111, 152, 160, 167, 172, 179, 189, 195, 202, 203, 221, 331, 336, 351, 398, 413]
RKP_00500_00100_3_03.txt|390.0|0.17966100000000118|[1, 5, 9, 11, 14, 22, 40, 45, 52, 71, 93, 111, 113, 118, 123, 126, 139, 142, 148, 191, 193, 198, 258, 264, 266, 292, 351, 444, 454]
RKP_00500_00100_3_04.txt|400.0|0.2522333000000003|[1, 2, 3, 9, 11, 17, 20, 27, 31, 66, 68, 72, 103, 104, 119, 125, 142, 146, 156, 163, 168, 209, 217, 278, 280, 282, 312, 328, 345, 350]
RKP_00500_00100_3_05.txt|420.0000000000002|0.20243190000000055|[1, 5, 7, 8, 9, 12, 30, 32, 33, 74, 84, 87, 92, 102, 106, 108, 143, 189, 196, 199, 211, 225, 252, 263, 294, 319, 340, 377, 381, 382, 392, 397, 417]
RKP_00500_00100_3_06.txt|360.0|0.20898009999999978|[1, 2, 5, 7, 11, 12, 16, 19, 24, 45, 52, 56, 68, 73, 90, 91, 137, 186, 189, 204, 242, 281, 283, 284, 311, 433]
RKP_00500_00100_3_07.txt|360.0|0.20723309999999984|[1, 2, 3, 4, 5, 17, 24, 30, 33, 37, 76, 99, 102, 111, 141, 157, 191, 196, 200, 216, 244, 287, 302, 308, 326, 430]
RKP_00500_00100_3_08.txt|440.0|0.20373419999999953|[1, 4, 8, 10, 14, 19, 25, 26, 31, 32, 35, 49, 57, 58, 62, 63, 84, 90, 114, 133, 141, 144, 150, 159, 172, 214, 275, 280, 301, 302, 323, 451, 470, 484]
RKP_00500_00100_3_09.txt|400.0|0.2178166000000008|[1, 2, 3, 4, 12, 14, 24, 54, 58, 63, 70, 83, 104, 108, 115, 122, 136, 148, 154, 169, 171, 173, 208, 221, 231, 269, 294, 315, 347, 434]
RKP_00500_00100_3_10.txt|380.0|0.20323980000000041|[1, 3, 7, 10, 13, 14, 18, 25, 28, 38, 40, 57, 86, 99, 123, 153, 159, 165, 183, 189, 193, 217, 282, 305, 322, 325, 388, 392]
RKP_00500_00100_4_01.txt|100.0|0.1774981000000011|[434]
RKP_00500_00100_4_02.txt|100.0|0.18104229999999966|[423]
RKP_00500_00100_4_03.txt|100.0|0.17589609999999922|[434]
RKP_00500_00100_4_04.txt|100.0|0.18303470000000033|[419]
RKP_00500_00100_4_05.txt|100.0|0.23326840000000004|[421]
RKP_00500_00100_4_06.txt|100.0|0.1825922999999996|[431]
RKP_00500_00100_4_07.txt|100.0|0.1801818000000015|[467]
RKP_00500_00100_4_08.txt|100.0|0.1779358000000002|[430]
RKP_00500_00100_4_09.txt|100.0|0.1788734999999999|[440]
RKP_00500_00100_4_10.txt|100.0|0.22416570000000036|[473]
RKP_00500_00100_5_01.txt|100.0|0.17678880000000063|[472]
RKP_00500_00100_5_02.txt|100.0|0.18529199999999868|[467]
RKP_00500_00100_5_03.txt|100.0|0.17765870000000028|[481]
RKP_00500_00100_5_04.txt|100.0|0.17675280000000093|[486]
RKP_00500_00100_5_05.txt|100.0|0.21795410000000004|[479]
RKP_00500_00100_5_06.txt|100.0|0.1790326000000011|[465]
RKP_00500_00100_5_07.txt|100.0|0.17982680000000073|[477]
RKP_00500_00100_5_08.txt|100.0|0.18273890000000037|[479]
RKP_00500_00100_5_09.txt|100.0|0.17753380000000085|[478]
RKP_00500_00100_5_10.txt|100.0|0.1826433999999999|[493]
RKP_01000_00100_1_01.txt|2227.0|0.4391946999999998|[2, 8, 10, 13, 27, 36, 39, 40, 42, 47, 48, 50, 51, 64, 67, 91, 97, 116, 123, 151, 260, 261, 314, 376, 432, 465, 531, 560, 604, 646]
RKP_01000_00100_1_02.txt|2119.0|0.3424356000000017|[1, 2, 8, 9, 16, 18, 30, 38, 49, 50, 64, 72, 89, 108, 171, 182, 193, 195, 292, 294, 359, 486, 515, 519, 527, 557, 584, 694, 696, 754, 872]
RKP_01000_00100_1_03.txt|2109.0|0.4197835999999988|[1, 2, 3, 4, 16, 19, 32, 48, 50, 56, 114, 116, 121, 128, 145, 172, 174, 182, 199, 252, 326, 366, 380, 498, 535, 725, 754, 800, 813, 869]
RKP_01000_00100_1_04.txt|2367.0|0.36565609999999893|[1, 2, 3, 5, 6, 12, 14, 20, 42, 44, 53, 63, 69, 75, 91, 151, 163, 165, 172, 184, 247, 255, 266, 277, 283, 376, 429, 566, 592, 726, 732, 733, 790, 857]
RKP_01000_00100_1_05.txt|2245.0|0.4123158999999994|[1, 12, 16, 26, 29, 37, 39, 41, 49, 74, 75, 89, 101, 121, 123, 151, 159, 188, 198, 207, 222, 299, 307, 553, 582, 635, 673, 696, 776, 865, 915, 1000]
RKP_01000_00100_1_06.txt|2521.0|0.35234880000000146|[1, 4, 6, 8, 10, 33, 37, 38, 44, 52, 55, 57, 58, 78, 99, 117, 120, 168, 176, 177, 210, 233, 242, 244, 250, 255, 265, 283, 349, 383, 442, 546, 632, 645, 790, 993]
RKP_01000_00100_1_07.txt|2564.0|0.35161640000000105|[2, 3, 7, 8, 18, 19, 37, 42, 49, 80, 86, 88, 90, 127, 128, 129, 130, 170, 190, 204, 226, 342, 372, 382, 436, 440, 476, 484, 556, 627, 641, 778, 874]
RKP_01000_00100_1_08.txt|2273.0|0.4158742999999987|[1, 4, 5, 6, 7, 10, 15, 16, 22, 26, 29, 68, 80, 101, 111, 118, 145, 149, 212, 223, 242, 274, 278, 294, 303, 356, 366, 390, 421, 422, 716, 780, 922]
RKP_01000_00100_1_09.txt|2199.0|0.3710734000000002|[1, 2, 14, 15, 17, 27, 31, 32, 36, 39, 48, 103, 108, 133, 168, 170, 196, 213, 248, 262, 290, 427, 513, 579, 672, 691, 782, 898, 925, 942]
RKP_01000_00100_1_10.txt|2542.0|0.3995441999999976|[1, 4, 8, 11, 19, 37, 43, 50, 55, 76, 104, 111, 158, 159, 188, 198, 221, 253, 286, 295, 331, 368, 399, 439, 466, 480, 491, 534, 618, 663, 669, 748, 754, 785, 805, 813, 931, 968]
RKP_01000_00100_2_01.txt|274.0|0.3702885000000009|[3, 7, 12, 13, 16, 21, 24, 33, 41, 47, 73, 76, 111, 185, 186, 207, 209, 252, 253, 264, 366, 374, 375, 380, 614, 690]
RKP_01000_00100_2_02.txt|268.0|0.3259812999999987|[8, 23, 63, 69, 73, 77, 84, 179, 183, 202, 213, 311, 357, 375, 376, 385, 397, 410, 547, 583, 625, 782, 901, 954]
RKP_01000_00100_2_03.txt|321.0|0.38810570000000055|[5, 13, 33, 55, 58, 64, 81, 84, 87, 97, 123, 124, 141, 171, 186, 256, 282, 330, 335, 347, 394, 404, 416, 417, 420, 746, 854, 897, 928]
RKP_01000_00100_2_04.txt|275.0|0.3882324999999973|[8, 21, 24, 35, 37, 49, 58, 60, 74, 94, 111, 123, 130, 147, 184, 207, 244, 428, 443, 504, 698, 782]
RKP_01000_00100_2_05.txt|272.0|0.3534261000000001|[2, 5, 7, 11, 12, 26, 30, 73, 84, 152, 162, 172, 214, 222, 236, 255, 299, 351, 380, 409, 420, 428, 462, 501, 512, 742, 823, 846]
RKP_01000_00100_2_06.txt|320.0|0.3531425999999982|[1, 6, 8, 9, 16, 24, 33, 48, 52, 57, 122, 138, 152, 154, 185, 187, 233, 255, 259, 290, 303, 322, 383, 399, 590, 602, 647, 805, 827, 858, 876]
RKP_01000_00100_2_07.txt|276.0|0.3466692999999985|[1, 2, 3, 7, 20, 61, 81, 138, 173, 208, 284, 305, 337, 378, 396, 433, 444, 457, 480, 520, 531, 682, 783, 796, 821, 950]
RKP_01000_00100_2_08.txt|308.0|0.43742200000000153|[1, 3, 7, 9, 10, 11, 16, 21, 26, 39, 41, 44, 49, 121, 129, 131, 175, 223, 228, 250, 278, 294, 406, 411, 549, 573, 609, 661, 862]
RKP_01000_00100_2_09.txt|276.0|0.3257046999999993|[6, 9, 13, 18, 25, 30, 31, 118, 127, 176, 191, 205, 225, 235, 348, 382, 417, 436, 470, 573, 651, 656, 904, 982]
RKP_01000_00100_2_10.txt|296.0|0.36729700000000065|[1, 4, 5, 15, 30, 56, 58, 71, 78, 89, 122, 163, 164, 184, 191, 252, 273, 282, 309, 314, 341, 409, 443, 521, 522, 548, 564, 579, 700, 710, 755]
RKP_01000_00100_3_01.txt|530.0|0.3053564999999985|[1, 2, 11, 15, 21, 22, 32, 49, 51, 55, 65, 69, 77, 83, 94, 119, 133, 134, 157, 179, 186, 208, 240, 249, 322, 326, 337, 340, 348, 441, 456, 464, 537, 565, 567, 605, 659, 704, 740, 763, 795, 857, 962]
RKP_01000_00100_3_02.txt|500.0|0.3311944999999987|[1, 2, 3, 7, 9, 16, 18, 19, 24, 25, 31, 37, 53, 56, 69, 70, 79, 94, 110, 120, 121, 126, 137, 138, 176, 178, 216, 286, 295, 300, 318, 377, 381, 386, 533, 586, 600, 644, 654, 978]
RKP_01000_00100_3_03.txt|510.0|0.384977199999998|[1, 3, 13, 17, 22, 31, 44, 46, 54, 62, 74, 84, 89, 93, 99, 142, 143, 170, 175, 180, 181, 204, 222, 256, 270, 321, 325, 378, 392, 431, 443, 530, 580, 629, 652, 692, 738, 797, 822, 836, 994]
RKP_01000_00100_3_04.txt|500.0|0.33732740000000305|[1, 2, 3, 4, 5, 9, 10, 15, 16, 29, 31, 34, 41, 42, 44, 62, 65, 83, 142, 149, 161, 232, 235, 274, 277, 293, 305, 389, 433, 449, 480, 492, 535, 550, 558, 639, 645, 657, 740, 786]
RKP_01000_00100_3_05.txt|450.0|0.36781939999999835|[1, 2, 5, 10, 23, 24, 29, 31, 37, 46, 57, 76, 85, 86, 100, 107, 108, 128, 141, 144, 151, 163, 172, 183, 192, 204, 308, 315, 460, 480, 550, 630, 661, 876, 910]
RKP_01000_00100_3_06.txt|460.0|0.35402290000000036|[1, 5, 6, 7, 13, 14, 15, 16, 18, 22, 25, 28, 36, 37, 63, 66, 71, 112, 129, 153, 158, 204, 207, 217, 224, 227, 239, 242, 249, 278, 347, 471, 543, 886, 901, 970]
RKP_01000_00100_3_07.txt|530.0|0.316180499999998|[1, 3, 4, 5, 6, 8, 12, 16, 20, 23, 27, 31, 34, 38, 53, 56, 62, 63, 112, 124, 129, 131, 161, 169, 190, 204, 231, 282, 337, 354, 402, 407, 433, 483, 583, 591, 605, 695, 750, 822, 867, 888, 942]
RKP_01000_00100_3_08.txt|450.0|0.4136749999999978|[1, 2, 7, 9, 11, 33, 35, 71, 89, 97, 118, 129, 130, 131, 145, 152, 154, 179, 198, 233, 250, 252, 257, 266, 292, 303, 340, 342, 472, 524, 591, 636, 655, 703, 883]
RKP_01000_00100_3_09.txt|450.0|0.3341904999999983|[1, 2, 3, 4, 6, 9, 16, 17, 23, 26, 40, 47, 48, 77, 83, 126, 127, 141, 185, 202, 211, 216, 257, 318, 385, 403, 446, 471, 480, 578, 647, 758, 871, 885, 930]
RKP_01000_00100_3_10.txt|490.0|0.3980253999999981|[1, 3, 10, 12, 16, 18, 22, 26, 35, 37, 41, 46, 56, 61, 72, 103, 104, 106, 113, 122, 156, 169, 187, 227, 245, 247, 264, 314, 319, 334, 439, 467, 524, 632, 677, 687, 764, 799, 964]
RKP_01000_00100_4_01.txt|100.0|0.3163240999999992|[866]
RKP_01000_00100_4_02.txt|100.0|0.3441465000000008|[858]
RKP_01000_00100_4_03.txt|100.0|0.3043313999999988|[856]
RKP_01000_00100_4_04.txt|100.0|0.3020776999999981|[828]
RKP_01000_00100_4_05.txt|100.0|0.3624028000000017|[851]
RKP_01000_00100_4_06.txt|100.0|0.32188209999999984|[878]
RKP_01000_00100_4_07.txt|100.0|0.3445436999999991|[887]
RKP_01000_00100_4_08.txt|100.0|0.3127361000000022|[847]
RKP_01000_00100_4_09.txt|100.0|0.30569019999999725|[877]
RKP_01000_00100_4_10.txt|100.0|0.3585113999999976|[843]
RKP_01000_00100_5_01.txt|100.0|0.3060001999999997|[1000]
RKP_01000_00100_5_02.txt|100.0|0.34697010000000006|[947]
RKP_01000_00100_5_03.txt|100.0|0.3070768000000008|[945]
RKP_01000_00100_5_04.txt|100.0|0.31723189999999946|[947]
RKP_01000_00100_5_05.txt|100.0|0.3652553999999988|[1000]
RKP_01000_00100_5_06.txt|100.0|0.30322410000000133|[933]
RKP_01000_00100_5_07.txt|100.0|0.34099700000000155|[1000]
RKP_01000_00100_5_08.txt|100.0|0.30810000000000315|[952]
RKP_01000_00100_5_09.txt|100.0|0.312949500000002|[955]
RKP_01000_00100_5_10.txt|100.0|0.3555965999999984|[939]
RKP_05000_00100_1_01.txt|4876.0|1.4730623000000023|[1, 3, 4, 5, 7, 8, 9, 13, 16, 20, 21, 22, 24, 31, 49, 51, 59, 68, 89, 99, 115, 116, 150, 155, 213, 302, 363, 465, 540, 553, 589, 642, 801, 847, 852, 904, 1181, 1207, 1213, 1268, 1275, 1277, 1366, 1373, 1406, 1482, 1485, 1568, 1700, 1723, 1839, 2003, 2091, 2106, 2398, 2478, 2505, 2548, 2556, 2692, 3411, 3645, 3733, 4536, 4545]
RKP_05000_00100_1_02.txt|4721.0|1.5714718999999988|[1, 2, 16, 18, 28, 31, 42, 44, 51, 60, 73, 75, 99, 104, 130, 135, 151, 171, 174, 235, 262, 275, 277, 301, 304, 338, 347, 350, 374, 420, 437, 448, 463, 501, 601, 716, 794, 892, 1201, 1210, 1432, 1557, 1585, 1720, 1821, 1929, 2337, 2669, 2809, 2939, 3013, 3107, 3158, 3415, 3648, 3739, 4066, 4071, 4311, 4339, 4439, 4651]
RKP_05000_00100_1_03.txt|4699.0|1.647972700000004|[1, 2, 5, 6, 7, 10, 22, 26, 27, 52, 81, 114, 136, 156, 193, 203, 207, 219, 304, 326, 350, 401, 591, 612, 656, 793, 929, 961, 1020, 1035, 1044, 1066, 1069, 1154, 1171, 1237, 1283, 1355, 1417, 1550, 1588, 1634, 1880, 2382, 2442, 2646, 2797, 2939, 2992, 3005, 3036, 3127, 3261, 3382, 3471, 3686, 3801, 4053, 4396, 4436, 4798]
RKP_05000_00100_1_04.txt|4482.0|1.5771861999999999|[2, 5, 7, 16, 20, 23, 26, 38, 41, 69, 78, 131, 135, 147, 205, 233, 378, 416, 444, 455, 557, 579, 651, 713, 792, 795, 868, 936, 979, 1048, 1173, 1210, 1367, 1521, 1527, 1633, 1675, 1764, 1931, 2030, 2255, 2304, 2528, 2565, 2594, 2831, 2859, 2940, 3006, 3053, 3064, 3085, 3198, 3225, 3336, 3338, 3474, 3484, 3503, 3605, 3644, 3703, 4248, 4280, 4320, 4470, 4914]
RKP_05000_00100_1_05.txt|4413.0|1.5903737999999947|[2, 4, 8, 14, 16, 20, 23, 30, 33, 38, 44, 53, 60, 64, 92, 96, 101, 119, 158, 174, 230, 270, 288, 306, 317, 356, 427, 428, 507, 527, 541, 542, 608, 644, 660, 907, 977, 1088, 1169, 1249, 1309, 1432, 1433, 1759, 2347, 2447, 2537, 2549, 2850, 2886, 2922, 2995, 3160, 3454, 3856, 4179, 4251, 4588, 4630, 4969]
RKP_05000_00100_1_06.txt|4588.0|1.5766087000000013|[2, 3, 7, 8, 9, 11, 14, 17, 18, 21, 25, 41, 44, 45, 55, 62, 71, 73, 108, 111, 115, 122, 131, 133, 139, 147, 152, 208, 219, 329, 377, 435, 457, 569, 645, 652, 694, 701, 745, 747, 807, 860, 866, 896, 912, 920, 1031, 1259, 1279, 1319, 1512, 1542, 1606, 1799, 2510, 2608, 2842, 3167, 3239, 3571, 3825, 4655]
RKP_05000_00100_1_07.txt|4984.0|1.5819590000000048|[1, 3, 4, 5, 11, 13, 30, 32, 54, 55, 79, 90, 97, 104, 118, 124, 155, 180, 188, 192, 204, 219, 244, 362, 451, 453, 457, 494, 582, 646, 811, 876, 880, 930, 931, 991, 1149, 1187, 1199, 1222, 1299, 1401, 1437, 1477, 1674, 1758, 1762, 1827, 2037, 2041, 2085, 2207, 2367, 2438, 2591, 2883, 3111, 3162, 3167, 3320, 3370, 3419, 3473, 3484, 3566, 4252, 4639]
RKP_05000_00100_1_08.txt|4604.0|1.606702399999996|[1, 6, 25, 29, 48, 52, 54, 72, 82, 120, 137, 148, 154, 179, 183, 186, 215, 234, 260, 264, 266, 275, 276, 288, 300, 341, 345, 441, 502, 538, 687, 739, 745, 777, 779, 816, 820, 865, 906, 985, 1029, 1079, 1267, 1318, 1358, 1632, 1717, 1781, 2054, 2248, 2399, 2535, 2780, 2845, 3137, 3226, 3259, 3876, 3911, 4344, 4473, 4638, 4811, 4998]
RKP_05000_00100_1_09.txt|4272.0|1.5714897999999948|[2, 3, 6, 10, 30, 42, 43, 70, 74, 83, 90, 121, 178, 190, 230, 270, 307, 325, 329, 383, 423, 447, 463, 533, 588, 729, 747, 786, 796, 816, 853, 987, 1184, 1260, 1309, 1363, 1387, 1427, 1441, 1736, 1769, 1856, 1869, 1945, 2349, 2596, 2807, 2965, 3051, 3556, 3572, 3697, 3759, 4135, 4156, 4220, 4341, 4424]
RKP_05000_00100_1_10.txt|4703.0|1.660036599999998|[1, 2, 8, 13, 20, 21, 25, 26, 43, 48, 60, 83, 90, 111, 134, 143, 153, 176, 180, 189, 230, 304, 321, 352, 363, 385, 429, 437, 445, 482, 484, 564, 629, 654, 662, 714, 780, 795, 805, 930, 952, 956, 1091, 1221, 1342, 1350, 1395, 1422, 1517, 1804, 2061, 2120, 2616, 2958, 3065, 3086, 3176, 3373, 3734, 4185, 4369, 4572, 4883]
RKP_05000_00100_2_01.txt|455.0|1.5996111999999982|[5, 25, 40, 44, 68, 77, 110, 142, 144, 148, 220, 246, 315, 540, 551, 626, 648, 736, 848, 868, 1057, 1078, 1187, 1238, 1292, 1647, 1715, 1741, 1835, 2000, 2019, 2120, 2210, 2218, 2295, 2729, 2735, 2913, 2948, 3020, 3518, 3573, 4039, 4620]
RKP_05000_00100_2_02.txt|506.0|1.5561217000000056|[3, 4, 8, 10, 14, 15, 22, 29, 35, 40, 73, 101, 103, 152, 242, 275, 298, 407, 455, 532, 536, 578, 656, 677, 763, 778, 871, 929, 1014, 1178, 1194, 1493, 1570, 1714, 1770, 1793, 1800, 1838, 2263, 2360, 2412, 2437, 2439, 2501, 2707, 2984, 2992, 3004, 3178, 3238, 3654, 3848, 4063, 4347, 4384, 4978]
RKP_05000_00100_2_03.txt|488.0|1.534859400000002|[1, 4, 5, 6, 9, 17, 22, 39, 54, 82, 113, 185, 202, 242, 314, 388, 442, 524, 543, 592, 610, 710, 711, 769, 798, 826, 840, 842, 895, 1122, 1234, 1332, 1463, 1469, 1749, 1867, 1925, 2550, 2606, 2844, 2973, 3166, 3332, 3625, 3890, 3969, 4028, 4206, 4547, 4655, 4806, 4989]
RKP_05000_00100_2_04.txt|475.0|1.5867912000000004|[1, 5, 12, 31, 35, 45, 54, 67, 72, 87, 99, 109, 156, 168, 225, 283, 325, 355, 387, 483, 491, 506, 531, 637, 674, 687, 752, 917, 950, 1107, 1138, 1415, 1551, 1565, 1566, 1633, 1671, 1864, 2042, 2052, 2100, 2126, 2299, 3108, 3153, 3585, 3838, 4139]
RKP_05000_00100_2_05.txt|503.0|1.585870700000001|[5, 22, 29, 52, 69, 99, 167, 274, 355, 366, 370, 413, 426, 452, 522, 612, 693, 752, 797, 829, 879, 942, 984, 991, 1029, 1076, 1224, 1654, 1741, 1823, 1903, 2083, 2206, 2208, 2261, 2332, 2365, 2545, 2614, 2703, 2785, 2815, 3226, 3238, 3241, 3374, 3383, 3406, 3555, 3573, 3758]
RKP_05000_00100_2_06.txt|477.0|1.5460696000000027|[1, 3, 6, 8, 23, 33, 62, 129, 135, 136, 182, 210, 222, 324, 326, 356, 369, 437, 466, 602, 639, 758, 816, 853, 1025, 1109, 1193, 1208, 1288, 1383, 1433, 1581, 1688, 1917, 2040, 2044, 2075, 2118, 2148, 2322, 2408, 2422, 2453, 2974, 3081, 3347, 3682, 4405, 4478]
RKP_05000_00100_2_07.txt|499.0|1.5255240999999984|[1, 2, 3, 7, 15, 43, 49, 55, 58, 71, 74, 79, 103, 105, 141, 177, 180, 183, 194, 216, 235, 244, 260, 261, 333, 373, 396, 429, 516, 595, 649, 689, 744, 938, 1063, 1103, 1389, 1949, 2108, 2164, 2246, 2323, 2332, 2419, 2528, 2641, 2751, 3229, 3555, 3866, 4183, 4327, 4507]
RKP_05000_00100_2_08.txt|469.0|1.630386300000005|[1, 2, 7, 9, 11, 14, 15, 23, 24, 25, 41, 48, 79, 98, 99, 152, 199, 291, 342, 367, 464, 524, 560, 621, 636, 671, 672, 735, 792, 869, 953, 967, 1204, 1301, 1387, 1415, 1492, 1617, 1638, 1700, 2068, 2149, 2312, 2584, 2915, 3246, 3421, 3696, 4332, 4543, 4658]
RKP_05000_00100_2_09.txt|504.0|1.559995800000003|[5, 6, 15, 18, 20, 61, 75, 86, 88, 110, 112, 142, 151, 218, 238, 244, 293, 294, 315, 355, 362, 392, 433, 558, 678, 755, 796, 846, 955, 1008, 1149, 1203, 1331, 1335, 1338, 1397, 1679, 1818, 1873, 1919, 2179, 2196, 2213, 2318, 2352, 2365, 2520, 2692, 2953, 3113, 4070, 4171, 4778]
RKP_05000_00100_2_10.txt|476.0|1.5626535999999973|[19, 66, 72, 74, 78, 113, 120, 136, 163, 184, 210, 250, 253, 275, 291, 302, 315, 326, 373, 477, 502, 660, 918, 935, 978, 1253, 1313, 1459, 1547, 1773, 1932, 2022, 2133, 2283, 2318, 2345, 2435, 2755, 2768, 2802, 3005, 3077, 3300, 3321, 4012, 4424, 4994]
RKP_05000_00100_3_01.txt|810.0|1.4607744000000054|[1, 2, 3, 4, 8, 10, 11, 26, 44, 48, 55, 67, 77, 80, 83, 97, 135, 145, 224, 231, 242, 279, 288, 297, 312, 334, 349, 361, 383, 395, 465, 471, 506, 530, 533, 534, 588, 610, 661, 692, 900, 1006, 1096, 1187, 1192, 1232, 1272, 1286, 1335, 1363, 1702, 1725, 1751, 1768, 1994, 2035, 2039, 2090, 2321, 2608, 2908, 3252, 3272, 3292, 3323, 3674, 3675, 3683, 4195, 4471, 4562]
RKP_05000_00100_3_02.txt|910.0|1.551536800000008|[1, 9, 11, 17, 19, 22, 36, 38, 55, 74, 93, 94, 97, 98, 132, 135, 145, 148, 167, 203, 219, 242, 254, 272, 280, 301, 312, 313, 330, 351, 356, 365, 373, 392, 415, 434, 453, 472, 496, 512, 542, 776, 856, 973, 989, 993, 1047, 1092, 1093, 1119, 1136, 1147, 1267, 1271, 1326, 1335, 1664, 1727, 1834, 1876, 2005, 2362, 2367, 2409, 2674, 2689, 2722, 2762, 2772, 2848, 3287, 3318, 3344, 3615, 3623, 3645, 3676, 4055, 4114, 4494, 4912]
RKP_05000_00100_3_03.txt|890.0|1.493174599999989|[1, 3, 5, 6, 14, 15, 18, 20, 21, 27, 52, 73, 76, 86, 96, 129, 140, 156, 159, 165, 191, 205, 258, 283, 341, 351, 387, 403, 520, 647, 656, 690, 698, 714, 820, 894, 901, 914, 945, 977, 979, 996, 1051, 1058, 1086, 1109, 1226, 1256, 1304, 1305, 1347, 1409, 1459, 1487, 1558, 1571, 1672, 1712, 1732, 1847, 1888, 1890, 1941, 2659, 2662, 2676, 2793, 2858, 2962, 2984, 2989, 3115, 4254, 4440, 4520, 4528, 4547, 4563, 4874]
RKP_05000_00100_3_04.txt|870.0|1.4845559999999978|[1, 2, 3, 5, 9, 11, 14, 16, 48, 56, 59, 68, 99, 100, 103, 133, 136, 205, 266, 282, 298, 309, 315, 318, 320, 325, 335, 365, 375, 377, 403, 446, 578, 688, 708, 759, 769, 770, 808, 898, 984, 991, 1024, 1182, 1193, 1227, 1264, 1283, 1338, 1347, 1348, 1433, 1570, 1739, 1757, 1788, 1817, 1905, 2156, 2231, 2274, 2340, 2386, 2433, 2600, 2634, 2764, 2810, 3111, 3384, 3399, 3639, 3783, 3851, 4136, 4679, 4996]
RKP_05000_00100_3_05.txt|760.0|1.5481736999999924|[1, 7, 24, 25, 32, 47, 52, 60, 79, 81, 113, 122, 206, 220, 230, 238, 292, 295, 304, 345, 362, 435, 448, 480, 485, 486, 513, 542, 563, 573, 583, 588, 614, 638, 656, 669, 905, 909, 936, 950, 973, 994, 1526, 1668, 1760, 1810, 1858, 2040, 2337, 2456, 2596, 2671, 2714, 2837, 2859, 2877, 2928, 3114, 3135, 3492, 3753, 4063, 4073, 4207, 4398, 4423]
RKP_05000_00100_3_06.txt|880.0|1.5098078000000044|[1, 2, 3, 4, 5, 10, 15, 24, 25, 26, 27, 29, 32, 35, 45, 58, 68, 79, 103, 104, 108, 113, 119, 121, 179, 203, 221, 244, 248, 270, 290, 352, 413, 452, 492, 551, 564, 638, 683, 755, 765, 787, 796, 838, 956, 1046, 1081, 1130, 1148, 1227, 1347, 1366, 1376, 1451, 1474, 1477, 1657, 1698, 1735, 1860, 1884, 2159, 2205, 2299, 2412, 2457, 2528, 2710, 2738, 2878, 2889, 2978, 3082, 3112, 3151, 4151, 4211, 4282]
RKP_05000_00100_3_07.txt|890.0|1.506616099999988|[1, 2, 10, 14, 16, 18, 20, 26, 30, 32, 77, 89, 93, 96, 98, 99, 114, 119, 169, 178, 185, 189, 206, 211, 213, 222, 281, 304, 355, 356, 362, 372, 416, 495, 500, 507, 523, 549, 550, 570, 583, 699, 729, 750, 799, 812, 817, 865, 876, 883, 890, 894, 913, 980, 985, 1030, 1060, 1095, 1109, 1453, 1577, 1615, 1663, 1833, 1892, 1960, 2113, 2510, 2632, 2667, 2701, 2869, 3232, 3416, 3542, 3653, 4038, 4185, 4835]
RKP_05000_00100_3_08.txt|900.0|1.5193009999999987|[1, 5, 6, 13, 17, 21, 36, 44, 47, 59, 60, 92, 97, 100, 101, 124, 129, 161, 169, 215, 227, 238, 296, 328, 343, 346, 382, 426, 428, 491, 525, 557, 563, 572, 611, 645, 685, 700, 807, 888, 925, 969, 1027, 1076, 1208, 1238, 1240, 1244, 1355, 1414, 1478, 1497, 1502, 1517, 1589, 1802, 1973, 2091, 2154, 2276, 2313, 2430, 2572, 2702, 3001, 3330, 3335, 3410, 3689, 3716, 3794, 3821, 4049, 4062, 4178, 4225, 4353, 4604, 4708, 4735]
RKP_05000_00100_3_09.txt|880.0|1.5493618999999939|[1, 2, 4, 10, 18, 24, 25, 40, 55, 57, 63, 94, 101, 110, 111, 116, 137, 205, 217, 262, 271, 277, 288, 307, 355, 409, 419, 424, 466, 585, 600, 636, 662, 696, 789, 827, 839, 981, 986, 1067, 1074, 1161, 1210, 1328, 1499, 1532, 1558, 1683, 1913, 2032, 2033, 2048, 2227, 2372, 2453, 2595, 2609, 2618, 2846, 2862, 2897, 2925, 3071, 3120, 3127, 3500, 3562, 3596, 3603, 3727, 3987, 4348, 4459, 4609, 4681, 4813, 4902, 4948]
RKP_05000_00100_3_10.txt|860.0|1.5297720000000083|[3, 4, 5, 8, 10, 19, 21, 22, 27, 30, 47, 50, 52, 57, 63, 110, 119, 138, 141, 142, 166, 173, 216, 227, 236, 252, 283, 383, 438, 526, 540, 627, 666, 775, 787, 798, 860, 881, 1040, 1046, 1075, 1132, 1166, 1259, 1419, 1426, 1430, 1457, 1463, 1547, 1938, 1946, 2051, 2107, 2181, 2195, 2235, 2244, 2280, 2312, 2477, 2567, 2720, 2858, 2929, 2988, 2990, 3361, 3869, 3877, 3997, 4016, 4218, 4448, 4628, 4783]
RKP_05000_00100_4_01.txt|100.0|1.4806662000000017|[4702]
RKP_05000_00100_4_02.txt|100.0|1.5392348999999967|[4722]
RKP_05000_00100_4_03.txt|100.0|1.5287779000000086|[4716]
RKP_05000_00100_4_04.txt|100.0|1.4985613999999998|[4700]
RKP_05000_00100_4_05.txt|100.0|1.471699199999989|[4687]
RKP_05000_00100_4_06.txt|100.0|1.542045900000005|[4704]
RKP_05000_00100_4_07.txt|100.0|1.5028271000000046|[4705]
RKP_05000_00100_4_08.txt|100.0|1.4977262999999965|[4728]
RKP_05000_00100_4_09.txt|100.0|1.4775473999999917|[4700]
RKP_05000_00100_4_10.txt|100.0|1.5238628000000034|[4691]
RKP_05000_00100_5_01.txt|100.0|1.4856417999999962|[4733]
RKP_05000_00100_5_02.txt|100.0|1.495787799999988|[4687]
RKP_05000_00100_5_03.txt|100.0|1.4576119999999975|[4722]
RKP_05000_00100_5_04.txt|100.0|1.5184796000000063|[4693]
RKP_05000_00100_5_05.txt|100.0|1.5120731000000092|[4692]
RKP_05000_00100_5_06.txt|100.0|1.4774804000000046|[4710]
RKP_05000_00100_5_07.txt|100.0|1.5311346999999955|[4693]
RKP_05000_00100_5_08.txt|100.0|1.5051585000000074|[4721]
RKP_05000_00100_5_09.txt|100.0|1.4883593999999931|[4696]
RKP_05000_00100_5_10.txt|100.0|1.4794964000000022|[4646]
RKP_05000_01000_1_01.txt|59345.0|1.866627600000001|[1, 2, 5, 8, 10, 13, 15, 16, 17, 18, 22, 23, 30, 33, 35, 53, 78, 82, 86, 96, 118, 151, 164, 212, 226, 252, 271, 328, 334, 368, 379, 399, 424, 491, 511, 551, 661, 684, 700, 726, 732, 751, 778, 800, 866, 921, 969, 991, 1034, 1145, 1196, 1214, 1232, 1233, 1387, 1431, 1591, 1724, 1742, 1756, 1775, 1810, 1841, 1858, 1919, 1928, 1979, 2077, 2187, 2254, 2266, 2481, 2567, 2629, 2777, 2874, 3144, 3187, 3256, 3282, 3485, 3534, 3791, 3799, 4129, 4223, 4479, 4971]
RKP_05000_01000_1_02.txt|61894.0|1.9226812999999936|[3, 7, 10, 17, 22, 36, 39, 41, 78, 84, 89, 96, 109, 155, 165, 203, 207, 222, 235, 236, 282, 304, 337, 368, 406, 425, 464, 471, 506, 539, 588, 622, 646, 675, 694, 728, 772, 790, 837, 917, 918, 928, 965, 988, 1055, 1205, 1261, 1277, 1329, 1337, 1343, 1403, 1414, 1455, 1590, 1604, 1677, 1683, 1860, 1999, 2011, 2041, 2093, 2120, 2198, 2229, 2379, 2594, 2727, 2745, 2750, 2769, 2800, 2825, 2832, 2973, 3095, 3349, 3565, 3585, 3628, 3668, 3795, 3875, 4489, 4961]
RKP_05000_01000_1_03.txt|56828.000000000175|1.8143200000000093|[1, 3, 13, 22, 24, 33, 60, 62, 67, 72, 76, 94, 114, 129, 135, 165, 174, 176, 186, 192, 248, 272, 339, 344, 441, 446, 479, 515, 533, 649, 749, 810, 852, 875, 882, 933, 940, 988, 1006, 1027, 1039, 1146, 1150, 1219, 1339, 1364, 1415, 1475, 1478, 1483, 1534, 1605, 1614, 1719, 1815, 1822, 1854, 1979, 2016, 2080, 2110, 2125, 2161, 2201, 2314, 2468, 2471, 2682, 2688, 2848, 3194, 3232, 3276, 3392, 3682, 3835, 3920, 4104, 4191, 4193, 4216, 4283, 4640]
RKP_05000_01000_1_04.txt|59374.0|1.9395219000000026|[1, 2, 5, 6, 7, 8, 9, 10, 16, 24, 25, 33, 35, 49, 50, 52, 61, 64, 71, 114, 132, 133, 135, 181, 189, 191, 210, 223, 238, 248, 270, 318, 351, 395, 413, 421, 465, 482, 498, 522, 533, 546, 594, 670, 687, 716, 724, 792, 794, 886, 952, 1021, 1107, 1142, 1174, 1218, 1275, 1311, 1395, 1416, 1450, 1546, 1597, 1689, 1901, 1916, 2023, 2047, 2060, 2177, 2320, 2470, 2550, 2580, 2649, 2922, 2999, 3023, 3051, 3055, 3271, 3926, 4232, 4277, 4329, 4397, 4624, 4775]
RKP_05000_01000_1_05.txt|58223.0|1.9205329999999918|[2, 4, 5, 8, 9, 14, 16, 19, 25, 27, 46, 48, 65, 67, 69, 73, 85, 91, 93, 94, 97, 119, 120, 130, 132, 157, 168, 201, 208, 231, 254, 259, 267, 279, 330, 339, 349, 352, 385, 430, 467, 580, 584, 592, 593, 651, 667, 711, 816, 903, 943, 985, 1012, 1023, 1049, 1093, 1142, 1150, 1155, 1162, 1227, 1316, 1320, 1321, 1411, 1418, 1474, 1588, 1606, 1607, 1649, 1883, 1893, 2004, 2069, 2256, 2263, 2271, 2360, 2397, 2547, 2819, 2834, 3067, 3468, 4053, 4096, 4118, 4204, 4385]
RKP_05000_01000_1_06.txt|57259.0|1.7872155999999961|[1, 2, 3, 4, 6, 8, 9, 10, 13, 37, 42, 48, 51, 52, 60, 80, 90, 107, 150, 157, 159, 163, 188, 192, 217, 224, 269, 288, 292, 297, 336, 337, 343, 399, 429, 498, 503, 601, 612, 616, 646, 656, 684, 687, 688, 691, 697, 721, 736, 894, 943, 998, 1002, 1040, 1062, 1097, 1145, 1192, 1242, 1305, 1368, 1494, 1511, 1530, 1662, 1689, 1720, 1879, 1910, 1916, 2012, 2025, 2048, 2050, 2168, 2195, 2442, 2483, 2517, 2633, 2857, 2861, 2865, 2925, 2967, 3076, 3109, 3846, 4196, 4603, 4793]
RKP_05000_01000_1_07.txt|53200.0|1.8612899999999968|[1, 2, 8, 15, 21, 23, 27, 38, 44, 46, 65, 77, 84, 91, 94, 119, 130, 161, 188, 198, 204, 213, 226, 241, 363, 386, 393, 421, 424, 453, 522, 523, 568, 569, 577, 608, 616, 628, 640, 651, 731, 753, 795, 848, 957, 985, 993, 1047, 1052, 1175, 1178, 1346, 1359, 1378, 1449, 1489, 1607, 1645, 1666, 1697, 1741, 1764, 1865, 1904, 2001, 2087, 2145, 2235, 2245, 2593, 2669, 2984, 3438, 3455, 3964, 4009, 4078, 4242, 4471]
RKP_05000_01000_1_08.txt|55421.0|1.857760099999993|[3, 7, 10, 12, 15, 20, 24, 26, 29, 32, 39, 40, 43, 52, 66, 75, 79, 81, 89, 109, 115, 117, 118, 140, 151, 190, 207, 217, 235, 244, 257, 279, 389, 411, 419, 427, 430, 488, 527, 529, 531, 548, 575, 651, 670, 738, 785, 849, 890, 892, 952, 1088, 1138, 1275, 1344, 1391, 1485, 1487, 1574, 2070, 2099, 2110, 2356, 2382, 2528, 2585, 2723, 2841, 3288, 3318, 3323, 3437, 3788, 3908, 3925, 3937, 4070, 4497, 4666]
RKP_05000_01000_1_09.txt|58251.0|1.898145999999997|[1, 2, 3, 4, 6, 7, 8, 17, 18, 25, 27, 29, 32, 39, 47, 49, 51, 73, 91, 94, 101, 104, 106, 128, 136, 153, 157, 163, 190, 191, 302, 320, 342, 359, 364, 390, 427, 473, 499, 562, 563, 684, 714, 844, 883, 996, 998, 1113, 1242, 1337, 1362, 1366, 1401, 1414, 1434, 1481, 1495, 1509, 1579, 1679, 1699, 1714, 1761, 1788, 1854, 1911, 2012, 2034, 2121, 2239, 2246, 2328, 2364, 2381, 2399, 2845, 3156, 3179, 3245, 3448, 3556, 3644, 3744, 3900, 3964, 4115]
RKP_05000_01000_1_10.txt|62847.0|1.805419999999998|[1, 2, 4, 9, 11, 17, 28, 33, 38, 43, 47, 49, 80, 100, 103, 104, 129, 161, 180, 187, 193, 198, 212, 220, 245, 255, 261, 286, 359, 384, 445, 461, 464, 472, 486, 495, 500, 528, 582, 604, 634, 740, 785, 807, 813, 839, 844, 888, 1044, 1076, 1095, 1253, 1284, 1313, 1350, 1361, 1413, 1423, 1430, 1436, 1476, 1479, 1553, 1554, 1640, 1641, 1680, 1686, 1731, 1817, 1914, 1934, 2153, 2184, 2216, 2309, 2541, 2544, 2560, 2608, 2671, 2698, 2753, 2768, 2867, 3137, 3309, 3687, 3836, 4036, 4698, 4815]
RKP_05000_01000_2_01.txt|4570.0|2.068985800000007|[2, 7, 12, 22, 28, 32, 38, 81, 88, 103, 115, 147, 153, 176, 265, 309, 339, 352, 395, 413, 483, 541, 604, 687, 724, 761, 947, 951, 997, 1011, 1046, 1100, 1173, 1473, 1487, 1641, 1730, 1844, 1898, 2000, 2057, 2168, 2281, 2351, 2400, 2569, 2581, 2671, 3060, 3395, 3764, 3919, 4166, 4493, 4598]
RKP_05000_01000_2_02.txt|4855.0|2.1489295000000084|[1, 2, 3, 20, 44, 62, 76, 78, 88, 94, 121, 126, 139, 199, 214, 279, 311, 317, 338, 365, 379, 462, 471, 491, 545, 653, 667, 820, 862, 946, 964, 1000, 1045, 1049, 1068, 1189, 1196, 1294, 1503, 1577, 1693, 1739, 1812, 1856, 1964, 2213, 2259, 2308, 2419, 2515, 2537, 2581, 2682, 2933, 2983, 3024, 3342, 3711, 4977]
RKP_05000_01000_2_03.txt|4976.0|2.09026080000001|[51, 63, 69, 86, 88, 104, 106, 118, 131, 177, 185, 217, 235, 286, 305, 308, 341, 350, 375, 414, 465, 477, 507, 518, 589, 655, 726, 858, 862, 942, 1002, 1132, 1354, 1483, 1550, 1676, 1684, 1732, 1958, 2164, 2182, 2340, 2548, 2601, 2610, 2930, 3087, 3180, 3343, 3351, 3416, 3540, 3822, 3938, 4457, 4964]
RKP_05000_01000_2_04.txt|5306.0|2.1004050000000234|[1, 3, 7, 17, 19, 22, 23, 51, 54, 57, 59, 63, 82, 84, 153, 163, 183, 247, 302, 348, 371, 400, 509, 545, 547, 557, 567, 585, 662, 667, 703, 758, 768, 916, 1065, 1086, 1136, 1209, 1210, 1319, 1398, 1539, 1672, 1740, 1799, 1906, 1989, 2237, 2245, 2249, 2408, 2518, 2928, 2989, 3183, 3498, 3530, 3872, 4236, 4424, 4454]
RKP_05000_01000_2_05.txt|4840.0|2.0137808000000064|[3, 4, 5, 8, 9, 12, 16, 23, 30, 33, 34, 43, 70, 80, 156, 187, 201, 204, 260, 273, 290, 324, 344, 360, 390, 420, 427, 453, 526, 734, 737, 775, 876, 957, 1052, 1064, 1132, 1158, 1269, 1335, 1424, 1576, 1622, 1672, 1680, 1762, 1925, 2008, 2033, 2513, 2548, 2686, 2943, 3321, 4215, 4333, 4485]
RKP_05000_01000_2_06.txt|5034.0|2.213398699999999|[1, 2, 5, 10, 27, 30, 36, 59, 61, 94, 105, 109, 138, 152, 154, 159, 184, 242, 252, 282, 328, 336, 344, 386, 403, 464, 473, 481, 670, 672, 683, 707, 714, 739, 793, 862, 900, 925, 1064, 1134, 1369, 1477, 1569, 1619, 1746, 1852, 1898, 1933, 1948, 1991, 2201, 2282, 2287, 2328, 2446, 2476, 2484, 2638, 2690, 3111, 4131, 4545, 4951]
RKP_05000_01000_2_07.txt|5173.0|2.1041859000000045|[1, 5, 11, 12, 33, 44, 105, 157, 199, 207, 212, 228, 238, 257, 294, 368, 387, 516, 751, 759, 771, 772, 909, 997, 1123, 1139, 1231, 1265, 1425, 1437, 1461, 1552, 1593, 1625, 1643, 1702, 1811, 1886, 1902, 1935, 1945, 1976, 2206, 2233, 2241, 2282, 2341, 2446, 2461, 2608, 2843, 3085, 3129, 3147, 3196, 3275, 3507, 3882, 4279, 4429, 4453, 4495]
RKP_05000_01000_2_08.txt|5137.0|2.1747324000000106|[4, 6, 14, 17, 30, 38, 44, 59, 78, 108, 114, 174, 200, 201, 213, 236, 242, 264, 278, 298, 312, 362, 371, 385, 397, 473, 580, 634, 658, 660, 677, 747, 846, 901, 955, 972, 1016, 1067, 1114, 1156, 1184, 1314, 1499, 1664, 1783, 1802, 1924, 2133, 2399, 2632, 2808, 2941, 3148, 3191, 3385, 3857, 4129]
RKP_05000_01000_2_09.txt|4903.999999999584|2.173118099999982|[2, 3, 4, 10, 13, 15, 22, 25, 36, 44, 63, 77, 118, 128, 175, 247, 270, 310, 377, 379, 408, 419, 536, 561, 579, 677, 784, 821, 897, 935, 997, 1132, 1226, 1259, 1428, 1556, 1583, 1594, 1627, 1786, 1967, 1992, 2005, 2037, 2094, 2140, 2317, 2637, 2789, 2887, 3113, 3297, 3478, 3583, 3974, 4669, 4691]
RKP_05000_01000_2_10.txt|4750.0|2.100279400000005|[9, 15, 18, 19, 25, 29, 36, 74, 82, 95, 99, 137, 149, 191, 206, 227, 294, 305, 337, 351, 420, 555, 587, 749, 880, 922, 941, 1011, 1049, 1175, 1176, 1303, 1314, 1416, 1491, 1494, 1502, 1523, 1619, 1686, 1745, 1858, 1926, 2034, 2318, 2559, 2998, 3163, 3584, 3674, 3712, 3887, 4015, 4050, 4084, 4267, 4809]
RKP_05000_01000_3_01.txt|10100.0|1.5595235000000116|[1, 2, 9, 12, 15, 16, 21, 23, 34, 37, 40, 45, 46, 47, 53, 60, 72, 77, 87, 97, 108, 109, 112, 114, 119, 132, 150, 176, 193, 207, 237, 241, 274, 276, 284, 305, 372, 381, 384, 387, 398, 400, 455, 539, 550, 553, 560, 562, 604, 623, 632, 688, 728, 749, 757, 917, 951, 996, 1038, 1047, 1081, 1087, 1139, 1140, 1190, 1198, 1365, 1382, 1600, 1615, 1698, 1779, 1894, 1958, 2056, 2178, 2241, 2250, 2416, 2429, 2461, 2748, 2783, 2851, 2874, 3246, 3421, 3591, 3683, 4101, 4452]
RKP_05000_01000_3_02.txt|10900.0|1.5397644000000241|[1, 2, 4, 13, 25, 28, 33, 38, 39, 40, 41, 66, 68, 71, 90, 107, 116, 129, 130, 140, 169, 209, 214, 230, 235, 263, 295, 304, 305, 345, 379, 425, 436, 445, 446, 448, 512, 542, 562, 595, 609, 646, 718, 730, 759, 801, 849, 878, 883, 892, 931, 953, 1020, 1022, 1041, 1046, 1087, 1117, 1161, 1174, 1193, 1240, 1334, 1436, 1484, 1486, 1488, 1499, 1885, 1908, 2067, 2080, 2113, 2136, 2215, 2330, 2425, 2565, 2667, 2704, 2772, 2808, 2853, 2933, 2953, 2978, 2989, 2998, 3041, 3171, 3308, 3393, 3546, 3750, 3832, 4134, 4419, 4507, 4719]
RKP_05000_01000_3_03.txt|11300.0|1.6127311999999847|[1, 2, 3, 4, 5, 6, 11, 22, 26, 36, 38, 97, 115, 129, 153, 156, 158, 163, 190, 199, 200, 214, 215, 221, 239, 246, 286, 308, 330, 339, 360, 377, 399, 439, 465, 480, 544, 568, 609, 621, 652, 669, 709, 710, 763, 765, 770, 794, 839, 856, 879, 881, 896, 952, 975, 989, 1022, 1041, 1082, 1157, 1164, 1169, 1222, 1231, 1465, 1498, 1523, 1533, 1559, 1597, 1605, 1663, 1733, 1767, 1926, 2034, 2087, 2202, 2298, 2319, 2386, 2439, 2529, 2957, 3166, 3239, 3273, 3477, 3545, 3697, 3722, 3910, 3928, 4041, 4084, 4149, 4215, 4329, 4338, 4529, 4671, 4695, 4813]
RKP_05000_01000_3_04.txt|11200.0|1.576998599999996|[1, 3, 4, 5, 6, 7, 9, 13, 15, 17, 18, 27, 29, 39, 45, 58, 63, 70, 82, 89, 94, 111, 132, 142, 175, 198, 205, 206, 225, 258, 261, 263, 277, 306, 321, 337, 360, 400, 448, 472, 495, 548, 568, 574, 610, 619, 648, 657, 680, 709, 730, 747, 769, 784, 827, 864, 962, 977, 989, 1048, 1049, 1064, 1080, 1165, 1226, 1276, 1309, 1322, 1396, 1398, 1493, 1557, 1589, 1768, 1786, 1872, 1907, 1912, 1996, 2115, 2150, 2372, 2516, 2541, 2568, 2575, 2593, 2601, 2747, 2857, 2865, 2868, 2871, 3197, 3274, 3330, 3448, 3523, 3612, 4042, 4440, 4880]
RKP_05000_01000_3_05.txt|10400.0|1.5372324999999876|[1, 2, 3, 4, 7, 8, 10, 11, 16, 19, 25, 26, 29, 32, 34, 37, 48, 49, 56, 70, 112, 122, 143, 162, 169, 172, 183, 184, 212, 219, 256, 285, 296, 335, 344, 348, 358, 386, 486, 501, 513, 555, 620, 638, 708, 748, 768, 777, 814, 912, 985, 998, 1033, 1060, 1069, 1090, 1259, 1263, 1292, 1305, 1500, 1516, 1552, 1588, 1619, 1759, 1770, 1859, 1909, 2077, 2123, 2298, 2447, 2460, 2615, 2634, 2723, 2744, 2920, 2970, 3055, 3068, 3106, 3167, 3258, 3370, 3439, 3440, 3469, 3558, 3584, 3635, 4338, 4405]
RKP_05000_01000_3_06.txt|10900.0|1.628965600000015|[1, 2, 3, 4, 6, 7, 12, 16, 39, 41, 45, 46, 55, 71, 76, 82, 85, 86, 94, 102, 106, 124, 126, 135, 141, 184, 193, 206, 213, 214, 219, 227, 249, 265, 276, 286, 287, 288, 368, 404, 418, 431, 469, 488, 490, 573, 603, 623, 665, 686, 702, 734, 760, 767, 801, 813, 859, 889, 931, 946, 1030, 1035, 1119, 1212, 1221, 1281, 1296, 1359, 1466, 1522, 1551, 1610, 1640, 1697, 1917, 1978, 1991, 2026, 2138, 2251, 2623, 2741, 2756, 2799, 3214, 3264, 3324, 3390, 3433, 3533, 3851, 4000, 4258, 4315, 4322, 4424, 4582, 4808, 4911]
RKP_05000_01000_3_07.txt|10800.0|1.571216800000002|[1, 2, 3, 5, 6, 8, 11, 13, 18, 31, 36, 60, 73, 75, 76, 79, 84, 94, 100, 113, 125, 194, 214, 216, 218, 220, 221, 291, 293, 295, 360, 370, 393, 398, 413, 417, 422, 427, 462, 477, 487, 527, 539, 593, 608, 640, 658, 714, 762, 827, 849, 883, 884, 891, 896, 991, 1003, 1044, 1055, 1090, 1123, 1173, 1179, 1262, 1368, 1407, 1470, 1544, 1564, 1709, 1783, 1789, 1792, 1998, 2043, 2104, 2111, 2357, 2360, 2448, 2587, 2716, 2900, 2966, 3085, 3135, 3146, 3402, 3438, 3609, 3628, 3716, 3731, 3854, 4131, 4233, 4456, 4659]
RKP_05000_01000_3_08.txt|10900.0|1.5818329000000233|[1, 2, 3, 4, 6, 7, 14, 20, 22, 28, 30, 35, 36, 73, 77, 80, 82, 118, 122, 126, 134, 152, 154, 162, 213, 217, 226, 250, 260, 264, 270, 279, 295, 301, 331, 394, 474, 489, 525, 556, 654, 656, 660, 675, 686, 707, 725, 883, 895, 901, 911, 944, 953, 1009, 1014, 1036, 1050, 1077, 1117, 1134, 1135, 1159, 1273, 1364, 1395, 1513, 1588, 1636, 1733, 1770, 1810, 1967, 1970, 1976, 2019, 2025, 2088, 2364, 2402, 2484, 2858, 2977, 3017, 3087, 3214, 3237, 3284, 3346, 3396, 3445, 3557, 3571, 3808, 4022, 4192, 4463, 4487, 4700, 4767, 4779]
RKP_05000_01000_3_09.txt|10200.0|1.5446198999999865|[1, 2, 4, 7, 8, 9, 13, 14, 26, 40, 42, 51, 57, 61, 73, 77, 81, 83, 86, 87, 99, 106, 111, 136, 152, 159, 207, 237, 242, 252, 281, 290, 310, 354, 376, 384, 412, 426, 453, 462, 492, 494, 556, 564, 655, 661, 664, 671, 673, 751, 760, 786, 797, 852, 886, 921, 931, 995, 1003, 1040, 1148, 1189, 1313, 1322, 1420, 1471, 1488, 1684, 1978, 2024, 2051, 2055, 2287, 2401, 2486, 2497, 2511, 2577, 2621, 2657, 2706, 2941, 3020, 3256, 3392, 3443, 3538, 3572, 3618, 3868, 4136, 4292]
RKP_05000_01000_3_10.txt|10800.0|1.6274257000000034|[1, 2, 3, 5, 6, 10, 14, 16, 25, 33, 50, 52, 62, 66, 69, 73, 112, 119, 145, 194, 196, 218, 219, 223, 235, 270, 272, 287, 305, 308, 312, 343, 344, 360, 369, 393, 400, 413, 417, 434, 446, 458, 490, 502, 627, 692, 781, 789, 808, 811, 876, 907, 944, 1019, 1093, 1097, 1125, 1184, 1279, 1329, 1343, 1498, 1530, 1621, 1635, 1785, 1803, 1847, 1854, 2139, 2189, 2224, 2322, 2458, 2611, 2749, 2764, 2813, 2877, 2894, 2915, 2940, 3064, 3119, 3127, 3150, 3234, 3240, 3251, 3435, 3589, 3879, 4052, 4227, 4466, 4631, 4747, 4788]
RKP_05000_01000_4_01.txt|1000.0|1.5608328999999799|[4922]
RKP_05000_01000_4_02.txt|1000.0|1.523155299999985|[4971]
RKP_05000_01000_4_03.txt|1000.0|1.51667470000001|[4910]
RKP_05000_01000_4_04.txt|1000.0|1.5725180999999964|[4910]
RKP_05000_01000_4_05.txt|1000.0|1.547445099999976|[4701]
RKP_05000_01000_4_06.txt|1000.0|1.5157068000000038|[4688]
RKP_05000_01000_4_07.txt|1000.0|1.4830076000000076|[4493]
RKP_05000_01000_4_08.txt|1000.0|1.5537652999999807|[4836]
RKP_05000_01000_4_09.txt|1000.0|1.5226295999999877|[4713]
RKP_05000_01000_4_10.txt|1000.0|1.5332300999999973|[4780]
RKP_05000_01000_5_01.txt|1000.0|1.5943447999999876|[4965]
RKP_05000_01000_5_02.txt|1000.0|1.5390950999999973|[4961]
RKP_05000_01000_5_03.txt|1000.0|1.5241537999999935|[4965]
RKP_05000_01000_5_04.txt|1000.0|1.4823399999999936|[4951]
RKP_05000_01000_5_05.txt|1000.0|1.5932755999999983|[4969]
RKP_05000_01000_5_06.txt|1000.0|1.5152441999999837|[4952]
RKP_05000_01000_5_07.txt|1000.0|1.497467300000011|[4993]
RKP_05000_01000_5_08.txt|1000.0|1.565095599999978|[4976]
RKP_05000_01000_5_09.txt|1000.0|1.5421843999999965|[4995]
RKP_05000_01000_5_10.txt|1000.0|1.5299082000000226|[4990]
RKP_05000_05000_1_01.txt|276039.0|1.7769517999999778|[2, 3, 4, 8, 21, 30, 33, 36, 40, 41, 47, 50, 74, 75, 78, 94, 96, 100, 127, 134, 149, 168, 174, 206, 226, 234, 239, 248, 254, 255, 263, 274, 279, 290, 358, 449, 477, 496, 498, 522, 562, 601, 604, 688, 747, 798, 809, 826, 940, 1034, 1083, 1200, 1201, 1231, 1246, 1247, 1260, 1270, 1305, 1416, 1437, 1543, 1595, 1674, 1685, 1939, 2195, 2321, 2685, 2687, 2896, 2945, 2997, 3113, 3266, 3721, 3813, 4077, 4308, 4777, 4810]
RKP_05000_05000_1_02.txt|331147.9999999965|1.9176429000000041|[1, 2, 4, 8, 9, 10, 14, 18, 20, 21, 24, 38, 45, 55, 57, 59, 89, 104, 113, 117, 126, 141, 213, 231, 238, 240, 258, 269, 297, 310, 334, 341, 349, 361, 378, 396, 444, 470, 474, 537, 668, 669, 712, 785, 787, 805, 876, 903, 1005, 1041, 1044, 1069, 1075, 1089, 1107, 1115, 1152, 1203, 1266, 1309, 1374, 1379, 1434, 1459, 1556, 1722, 1786, 1855, 1870, 1979, 2039, 2174, 2177, 2306, 2322, 2501, 2667, 2706, 3059, 3588, 3696, 3754, 3842, 3886, 3921, 3940, 4013, 4074, 4197, 4382, 4402, 4712, 4832]
RKP_05000_05000_1_03.txt|299631.0|1.8808284000000128|[1, 5, 7, 8, 18, 22, 25, 39, 46, 62, 78, 80, 86, 110, 115, 133, 206, 231, 233, 246, 249, 297, 318, 339, 353, 393, 426, 429, 435, 451, 481, 482, 488, 504, 557, 582, 586, 645, 651, 692, 779, 811, 908, 960, 1083, 1098, 1099, 1108, 1115, 1212, 1235, 1236, 1261, 1265, 1290, 1309, 1374, 1414, 1441, 1477, 1594, 1775, 2124, 2264, 2426, 2438, 2615, 2630, 2760, 2859, 3154, 3247, 3414, 3417, 3443, 3490, 3493, 3512, 3593, 3843, 4284, 4374, 4414]
RKP_05000_05000_1_04.txt|313790.0|1.8535439999999994|[1, 3, 5, 9, 12, 18, 24, 25, 34, 38, 48, 68, 75, 76, 81, 85, 90, 96, 105, 135, 145, 148, 169, 173, 189, 197, 202, 222, 226, 240, 291, 299, 318, 326, 332, 333, 368, 376, 387, 390, 408, 422, 484, 557, 559, 675, 710, 778, 787, 809, 814, 831, 935, 1072, 1389, 1417, 1418, 1675, 1677, 1753, 1758, 1859, 1875, 1938, 2003, 2013, 2017, 2051, 2061, 2328, 2372, 2553, 2581, 2584, 2813, 2991, 3059, 3260, 3305, 3410, 3431, 3547, 3568, 3651, 3652, 3802, 3813, 3850, 4172, 4260, 4286, 4384, 4668, 4715]
RKP_05000_05000_1_05.txt|313759.0|1.7820104000000185|[1, 2, 3, 7, 8, 12, 20, 22, 23, 26, 32, 33, 38, 46, 55, 62, 127, 130, 139, 143, 146, 148, 153, 167, 210, 214, 227, 245, 261, 301, 348, 378, 403, 459, 463, 518, 559, 582, 663, 677, 694, 838, 923, 950, 992, 1003, 1016, 1088, 1098, 1221, 1281, 1372, 1432, 1460, 1483, 1492, 1521, 1642, 1662, 1668, 1690, 1692, 1887, 1929, 1993, 2025, 2045, 2118, 2138, 2223, 2309, 2352, 2411, 2427, 2467, 2579, 2657, 2703, 2804, 2910, 3024, 3175, 3186, 3722, 3813, 3873, 4108, 4208, 4354, 4374, 4789, 4846]
RKP_05000_05000_1_06.txt|289793.0|1.9543587999999943|[2, 7, 8, 18, 20, 23, 40, 43, 64, 66, 71, 76, 82, 85, 87, 106, 113, 120, 122, 236, 243, 274, 275, 299, 333, 338, 347, 363, 378, 407, 427, 445, 462, 514, 523, 538, 568, 581, 608, 613, 621, 649, 651, 693, 707, 715, 754, 813, 825, 830, 850, 925, 956, 1041, 1054, 1065, 1154, 1227, 1280, 1305, 1308, 1374, 1428, 1578, 1641, 1671, 1730, 1855, 1927, 1981, 2048, 2132, 2204, 2210, 2228, 2240, 2309, 2386, 2509, 2646, 2701, 2729, 2949, 3104, 3361, 3613, 3938, 3978, 4076, 4540, 4561, 4692]
RKP_05000_05000_1_07.txt|266489.0|1.8104025999999749|[1, 2, 3, 4, 7, 8, 15, 16, 29, 30, 31, 44, 79, 83, 109, 119, 121, 137, 153, 175, 182, 187, 190, 215, 230, 233, 248, 249, 266, 287, 294, 303, 346, 380, 381, 457, 463, 478, 507, 529, 536, 575, 667, 690, 730, 739, 745, 768, 785, 829, 864, 916, 1019, 1228, 1246, 1263, 1267, 1315, 1375, 1406, 1520, 1525, 1616, 1804, 1820, 1849, 1894, 1897, 2162, 2273, 2529, 2688, 2725, 2846, 2854, 3045, 3875, 3888, 3965, 4149, 4225, 4260, 4664, 4751]
RKP_05000_05000_1_08.txt|273589.0|1.791054800000012|[2, 3, 5, 7, 16, 30, 38, 51, 91, 95, 97, 115, 122, 124, 137, 138, 140, 156, 171, 192, 232, 253, 262, 275, 280, 303, 314, 342, 367, 371, 402, 451, 453, 471, 478, 512, 523, 528, 560, 596, 669, 674, 706, 764, 836, 850, 878, 902, 949, 984, 1167, 1179, 1247, 1421, 1439, 1546, 1549, 1562, 1678, 1737, 1941, 2042, 2047, 2285, 2312, 2428, 2525, 2536, 2600, 2643, 2681, 2805, 2813, 3599, 3666, 3744, 3792, 3833, 3998, 4080, 4186, 4195, 4393, 4527, 4934]
RKP_05000_05000_1_09.txt|293510.0|1.961955400000022|[1, 2, 3, 5, 6, 12, 17, 42, 52, 55, 66, 76, 77, 99, 104, 113, 114, 126, 139, 151, 156, 160, 170, 176, 179, 196, 221, 234, 243, 282, 299, 312, 325, 339, 355, 376, 380, 382, 385, 404, 438, 448, 460, 492, 537, 542, 544, 563, 565, 632, 682, 701, 726, 820, 871, 921, 1006, 1064, 1114, 1126, 1227, 1245, 1254, 1314, 1350, 1416, 1458, 1466, 1480, 1504, 1592, 1594, 1596, 1635, 1788, 1808, 1917, 1979, 2016, 2143, 2450, 2497, 2557, 2593, 2636, 2834, 3197, 4248, 4486, 4489, 4615]
RKP_05000_05000_1_10.txt|259962.0|1.9236640999999963|[2, 7, 10, 14, 18, 24, 38, 60, 89, 92, 98, 144, 153, 185, 278, 286, 322, 380, 414, 428, 454, 467, 472, 659, 724, 746, 756, 803, 813, 862, 863, 867, 909, 959, 981, 1015, 1209, 1402, 1479, 1504, 1609, 1652, 1725, 1766, 1930, 1986, 2050, 2082, 2151, 2281, 2306, 2498, 2504, 2580, 2607, 2608, 2629, 2641, 2786, 2810, 2870, 2942, 3067, 3078, 3101, 3198, 3261, 3450, 3471, 3696, 4380, 4532]
RKP_05000_05000_2_01.txt|25007.0|2.1300807000000077|[1, 8, 18, 19, 20, 21, 32, 49, 65, 70, 93, 157, 235, 250, 279, 293, 319, 335, 383, 411, 475, 515, 579, 690, 748, 750, 866, 937, 953, 986, 1045, 1059, 1292, 1308, 1367, 1435, 1482, 1497, 1505, 1635, 1665, 1784, 1885, 1937, 2113, 2236, 2251, 2458, 2687, 2937, 3403, 3667, 3722, 3808, 3883, 4544, 4844]
RKP_05000_05000_2_02.txt|22250.0|2.1604633999999976|[5, 14, 15, 28, 56, 79, 91, 96, 105, 106, 131, 161, 191, 203, 208, 220, 294, 530, 563, 582, 677, 696, 707, 710, 722, 762, 836, 1058, 1069, 1171, 1172, 1287, 1649, 1714, 2060, 2069, 2142, 2162, 2244, 2429, 2814, 2839, 3100, 3355, 3515, 3641, 3796, 3813, 3984, 4007, 4564]
RKP_05000_05000_2_03.txt|21900.0|2.0681610000000035|[1, 4, 13, 21, 38, 41, 44, 45, 49, 50, 64, 72, 94, 128, 177, 216, 306, 338, 375, 394, 411, 441, 465, 477, 502, 544, 582, 583, 659, 783, 812, 966, 983, 1207, 1212, 1269, 1289, 1422, 1429, 1432, 1481, 2224, 2272, 2512, 2790, 2868, 3090, 3368, 3428, 3630, 3839, 3957, 4235, 4565, 4939]
RKP_05000_05000_2_04.txt|28473.0|2.157724900000005|[1, 2, 3, 4, 19, 20, 21, 23, 37, 47, 49, 60, 71, 77, 78, 82, 115, 122, 126, 131, 147, 154, 165, 187, 238, 262, 264, 307, 314, 322, 346, 372, 406, 422, 455, 491, 554, 583, 625, 637, 655, 803, 832, 862, 893, 1068, 1124, 1187, 1223, 1329, 1335, 1412, 1478, 1508, 1519, 1586, 1606, 1748, 1770, 2093, 2308, 2318, 2319, 2343, 2382, 2632, 2705, 2773, 3212, 3257, 3288, 3593, 3704]
RKP_05000_05000_2_05.txt|24848.0|2.001137600000021|[4, 5, 8, 9, 13, 34, 66, 70, 103, 113, 128, 145, 163, 167, 220, 317, 350, 370, 481, 501, 513, 551, 595, 606, 626, 662, 734, 856, 858, 874, 932, 962, 976, 1011, 1022, 1034, 1103, 1153, 1175, 1232, 1242, 1260, 1394, 1489, 1503, 1588, 1768, 1813, 2057, 2493, 2569, 2678, 2694, 3623, 3798, 4092, 4182, 4330, 4410, 4902]
RKP_05000_05000_2_06.txt|21825.0|1.978228400000006|[8, 16, 17, 30, 43, 74, 106, 136, 281, 303, 326, 356, 370, 373, 411, 437, 449, 523, 526, 574, 629, 637, 689, 726, 731, 748, 832, 866, 872, 912, 985, 1070, 1073, 1342, 1542, 1756, 1805, 1814, 2039, 2245, 2357, 2653, 3064, 3105, 3248, 3371, 3580, 3764]
RKP_05000_05000_2_07.txt|25013.0|2.144814999999994|[7, 16, 26, 30, 36, 72, 129, 152, 169, 199, 212, 232, 273, 383, 409, 411, 421, 428, 452, 461, 528, 624, 631, 667, 713, 725, 727, 872, 903, 926, 932, 957, 989, 1115, 1137, 1153, 1326, 1435, 1438, 1460, 1581, 1614, 1730, 1734, 1819, 1988, 2045, 2118, 2664, 2838, 3005, 3060, 3180, 3189, 3396, 3704, 3935, 3995, 4066, 4239, 4779]
RKP_05000_05000_2_08.txt|25694.0|2.068667099999999|[2, 9, 17, 20, 27, 30, 34, 83, 93, 112, 116, 155, 160, 179, 192, 242, 259, 274, 286, 291, 315, 332, 409, 449, 461, 551, 603, 659, 724, 746, 760, 782, 811, 899, 919, 944, 953, 1064, 1239, 1262, 1464, 1473, 1520, 1597, 1692, 1714, 1834, 1835, 2024, 2078, 2219, 2350, 2390, 2598, 2814, 2856, 2907, 3039, 3119, 3274, 3335, 3356, 3617, 3691]
RKP_05000_05000_2_09.txt|27019.0|1.9885756000000185|[1, 2, 3, 4, 7, 19, 26, 36, 44, 60, 61, 82, 83, 84, 105, 128, 129, 137, 152, 157, 164, 173, 178, 180, 181, 184, 221, 251, 279, 327, 360, 385, 394, 413, 423, 519, 634, 829, 893, 899, 920, 973, 1012, 1086, 1177, 1179, 1184, 1213, 1231, 1308, 1378, 1462, 1478, 1482, 1555, 1687, 1771, 1802, 1812, 2129, 2368, 2555, 2889, 3741, 4230, 4959]
RKP_05000_05000_2_10.txt|25272.0|2.117129300000016|[1, 2, 14, 23, 24, 35, 42, 70, 82, 97, 117, 153, 175, 185, 205, 233, 261, 268, 311, 330, 351, 452, 465, 481, 557, 586, 657, 666, 723, 725, 728, 856, 899, 1015, 1060, 1078, 1136, 1230, 1530, 1601, 1620, 1742, 1757, 1908, 2102, 2264, 2524, 2594, 2605, 2732, 2854, 2884, 3018, 3185, 3271, 3272, 3467, 3568, 3618, 4367, 4670]
RKP_05000_05000_3_01.txt|53999.0|1.6567172999999968|[1, 4, 6, 9, 10, 12, 13, 16, 17, 21, 26, 39, 45, 54, 55, 56, 58, 66, 79, 83, 88, 94, 96, 102, 106, 122, 132, 137, 157, 164, 169, 171, 198, 284, 336, 449, 452, 465, 480, 499, 510, 528, 530, 563, 595, 625, 628, 634, 638, 646, 731, 736, 787, 800, 814, 833, 870, 926, 1004, 1075, 1080, 1132, 1158, 1180, 1290, 1291, 1328, 1409, 1410, 1430, 1539, 1664, 1758, 1846, 1850, 1887, 2024, 2025, 2100, 2122, 2145, 2266, 2312, 2454, 2544, 2738, 2781, 2831, 2987, 3210, 3361, 3715, 3941, 4085, 4117, 4143, 4483, 4523]
RKP_05000_05000_3_02.txt|52500.0|1.6131506000000115|[1, 2, 5, 8, 9, 10, 23, 25, 30, 32, 33, 38, 47, 50, 51, 55, 58, 59, 85, 92, 99, 106, 115, 117, 133, 151, 155, 205, 212, 217, 221, 227, 303, 384, 389, 405, 407, 409, 493, 507, 509, 558, 568, 597, 601, 607, 769, 773, 869, 885, 967, 969, 985, 1093, 1132, 1151, 1198, 1199, 1220, 1229, 1232, 1457, 1509, 1675, 1763, 1793, 1914, 1970, 2025, 2038, 2118, 2259, 2345, 2392, 2501, 2529, 2556, 2589, 2826, 3092, 3096, 3230, 3282, 3478, 3717, 3743, 3779, 3922, 4134, 4175, 4221, 4338, 4488, 4553, 4589]
RKP_05000_05000_3_03.txt|54500.0|1.6070546000000263|[1, 2, 3, 4, 5, 6, 8, 9, 12, 13, 15, 21, 25, 38, 46, 58, 67, 79, 88, 90, 116, 127, 128, 140, 183, 185, 186, 194, 219, 223, 281, 323, 366, 372, 373, 433, 471, 489, 523, 542, 553, 554, 618, 636, 682, 703, 763, 777, 826, 853, 856, 937, 950, 963, 970, 1011, 1029, 1061, 1099, 1129, 1187, 1238, 1255, 1278, 1284, 1495, 1505, 1516, 1547, 1677, 1691, 1696, 1703, 1715, 1729, 1777, 1800, 1855, 1875, 1911, 1960, 2143, 2147, 2274, 2297, 2420, 2430, 2585, 2713, 2750, 2768, 3112, 3213, 3385, 3389, 3452, 3819, 3909, 4032]
RKP_05000_05000_3_04.txt|55500.0|1.6577216000000021|[1, 4, 6, 11, 12, 14, 19, 27, 31, 47, 51, 61, 71, 93, 94, 101, 102, 109, 141, 155, 156, 169, 173, 177, 183, 198, 205, 208, 215, 229, 241, 249, 256, 274, 282, 284, 304, 343, 404, 412, 454, 455, 476, 479, 505, 547, 585, 599, 640, 642, 648, 718, 720, 779, 843, 868, 888, 907, 936, 1033, 1119, 1130, 1208, 1276, 1304, 1433, 1564, 1589, 1746, 1793, 1800, 1804, 2018, 2081, 2146, 2343, 2428, 2441, 2688, 2704, 2727, 2854, 2915, 3065, 3143, 3391, 3454, 3497, 3523, 3543, 3625, 3841, 3856, 3870, 3872, 4104, 4107, 4170, 4343, 4678, 4713]
RKP_05000_05000_3_05.txt|53000.0|1.6122780000000034|[1, 2, 4, 5, 12, 13, 15, 17, 20, 24, 25, 28, 32, 34, 42, 44, 50, 58, 62, 70, 72, 75, 81, 95, 97, 115, 138, 139, 141, 150, 166, 202, 207, 242, 259, 268, 309, 317, 331, 368, 372, 375, 406, 441, 503, 533, 537, 555, 616, 617, 620, 628, 743, 779, 814, 839, 945, 958, 969, 984, 1004, 1044, 1073, 1182, 1313, 1378, 1506, 1519, 1640, 1655, 1664, 1680, 1686, 1696, 1758, 1771, 1843, 1951, 1960, 1982, 2386, 2428, 2606, 2910, 2994, 3119, 3138, 3442, 3509, 3566, 3569, 3733, 4138, 4267, 4618, 4707]
RKP_05000_05000_3_06.txt|54500.0|1.6027059999999835|[1, 2, 3, 6, 7, 8, 10, 18, 22, 23, 28, 30, 43, 44, 48, 55, 78, 93, 97, 115, 125, 130, 132, 165, 190, 203, 219, 233, 234, 239, 242, 262, 285, 313, 318, 377, 382, 386, 430, 480, 542, 607, 616, 617, 623, 645, 671, 692, 737, 817, 839, 845, 909, 924, 934, 977, 985, 1005, 1115, 1123, 1191, 1323, 1379, 1678, 1745, 1939, 1967, 1989, 2035, 2100, 2115, 2169, 2300, 2334, 2338, 2412, 2537, 2540, 2626, 2697, 2724, 2793, 2868, 3065, 3214, 3251, 3325, 3327, 3359, 3441, 3448, 3690, 3857, 3871, 3946, 4129, 4180, 4300, 4383]
RKP_05000_05000_3_07.txt|51000.0|1.583582899999982|[1, 2, 3, 4, 12, 13, 46, 61, 82, 88, 119, 124, 130, 143, 192, 217, 220, 231, 232, 283, 304, 348, 395, 412, 459, 462, 487, 490, 525, 544, 598, 599, 609, 619, 652, 656, 684, 717, 718, 723, 739, 766, 796, 813, 817, 835, 866, 897, 924, 1005, 1049, 1060, 1090, 1127, 1213, 1279, 1323, 1375, 1403, 1405, 1420, 1497, 1579, 1664, 1721, 1728, 1818, 1854, 1914, 1939, 1964, 2093, 2201, 2287, 2345, 2379, 2399, 2511, 2551, 2643, 2655, 2747, 2824, 3036, 3295, 3347, 3503, 3987, 4288, 4656, 4750, 4796]
RKP_05000_05000_3_08.txt|50000.0|1.6839338999999995|[1, 2, 3, 4, 6, 9, 14, 16, 18, 22, 28, 38, 39, 43, 53, 54, 60, 73, 78, 89, 91, 105, 110, 122, 128, 147, 150, 152, 192, 205, 237, 241, 251, 254, 280, 289, 294, 351, 391, 430, 433, 454, 484, 524, 547, 563, 640, 692, 731, 742, 752, 762, 784, 828, 857, 876, 938, 1042, 1105, 1145, 1185, 1224, 1311, 1371, 1405, 1450, 1520, 1613, 1833, 1856, 1969, 2150, 2221, 2250, 2393, 2413, 2446, 2528, 2636, 2697, 2750, 2859, 2945, 3072, 3512, 3967, 4022, 4469, 4731, 4805]
RKP_05000_05000_3_09.txt|56500.0|1.6486745999999926|[1, 2, 4, 7, 10, 13, 17, 19, 25, 35, 42, 43, 54, 75, 96, 111, 112, 123, 133, 140, 150, 165, 184, 233, 252, 259, 281, 299, 313, 317, 338, 344, 345, 354, 356, 387, 406, 431, 512, 532, 534, 593, 609, 629, 643, 660, 679, 693, 767, 789, 793, 830, 851, 877, 913, 929, 932, 1146, 1282, 1328, 1343, 1469, 1479, 1489, 1549, 1555, 1562, 1563, 1667, 1727, 1746, 1813, 1933, 1945, 2111, 2166, 2247, 2427, 2435, 2484, 2525, 2746, 2773, 2838, 2885, 2926, 2994, 3009, 3338, 3453, 3677, 3684, 3864, 4052, 4077, 4192, 4240, 4246, 4313, 4338, 4789, 4825, 4839]
RKP_05000_05000_3_10.txt|55000.0|1.5904093999999986|[1, 2, 3, 4, 5, 9, 10, 13, 14, 18, 23, 25, 26, 28, 44, 48, 51, 57, 59, 60, 67, 77, 98, 101, 102, 120, 137, 172, 181, 190, 227, 243, 261, 276, 278, 309, 313, 319, 355, 394, 402, 405, 481, 490, 535, 576, 577, 605, 607, 616, 664, 665, 668, 675, 716, 848, 893, 988, 1062, 1075, 1099, 1135, 1159, 1202, 1224, 1258, 1284, 1307, 1358, 1405, 1444, 1567, 1639, 1653, 1714, 1786, 1891, 1969, 2521, 2536, 2573, 2643, 2698, 2748, 2923, 2978, 3046, 3218, 3222, 3301, 3454, 3459, 3468, 3531, 3640, 3759, 3937, 4381, 4391, 4808]
RKP_05000_05000_4_01.txt|5000.0|1.4968829000000028|[4658]
RKP_05000_05000_4_02.txt|5000.0|1.5701431999999897|[4978]
RKP_05000_05000_4_03.txt|5000.0|1.5257296999999994|[4714]
RKP_05000_05000_4_04.txt|5000.0|1.518660900000043|[4597]
RKP_05000_05000_4_05.txt|5000.0|1.5757447999999954|[4783]
RKP_05000_05000_4_06.txt|5000.0|1.550017300000036|[4625]
RKP_05000_05000_4_07.txt|5000.0|1.5145225999999639|[4778]
RKP_05000_05000_4_08.txt|5000.0|1.4998426999999879|[4910]
RKP_05000_05000_4_09.txt|5000.0|1.5710904999999684|[4770]
RKP_05000_05000_4_10.txt|4999.0|1.5282708999999954|[4786]
RKP_05000_05000_5_01.txt|5000.0|1.531162199999983|[4990]
RKP_05000_05000_5_02.txt|5000.0|1.6242132999999512|[4986]
RKP_05000_05000_5_03.txt|5000.0|1.5629782999999975|[4985]
RKP_05000_05000_5_04.txt|5000.0|1.5646168000000102|[4993]
RKP_05000_05000_5_05.txt|5000.0|1.5643402000000037|[4993]
RKP_05000_05000_5_06.txt|5000.0|1.671860699999968|[1, 66, 82, 787, 1000, 1230, 1661]
RKP_05000_05000_5_07.txt|5000.0|1.539205299999992|[4987]
RKP_05000_05000_5_08.txt|5000.0|1.536049299999945|[4987]
RKP_05000_05000_5_09.txt|5000.0|1.5060133000000064|[4997]
RKP_05000_05000_5_10.txt|5000.0|1.5873636000000033|[4991]
